<!DOCTYPE html PUBLIC "-//W3C//DTD HTML 4.01 Transitional//EN" "http://www.w3.org/TR/html4/loose.dtd">
<html><head>
<title>Sun or Moon Rise/Set Table for One Year</title>
<meta http-equiv="Content-Type" content="text/html; charset=UTF-8">
</head>
<body>
<pre>             o  ,    o  ,                               ALBUQUERQUE, NEW MEXICO                        Astronomical Applications Dept.
Location: W106 35, N35 06                          Rise and Set for the Sun for 2013                   U. S. Naval Observatory        
                                                                                                       Washington, DC  20392-5420     
                                                        Mountain Standard Time                                                        
                                                                                                                                      
                                                                                                                                      
       Jan.       Feb.       Mar.       Apr.       May        June       July       Aug.       Sept.      Oct.       Nov.       Dec.  
Day Rise  Set  Rise  Set  Rise  Set  Rise  Set  Rise  Set  Rise  Set  Rise  Set  Rise  Set  Rise  Set  Rise  Set  Rise  Set  Rise  Set
     h m  h m   h m  h m   h m  h m   h m  h m   h m  h m   h m  h m   h m  h m   h m  h m   h m  h m   h m  h m   h m  h m   h m  h m
01  0715 1706  0705 1735  0635 1802  0553 1828  0515 1852  0453 1915  0456 1924  0516 1909  0539 1833  0601 1750  0628 1712  0656 1654
02  0715 1707  0704 1736  0634 1803  0551 1829  0514 1853  0453 1916  0456 1924  0517 1908  0540 1831  0602 1748  0629 1711  0657 1654
03  0715 1707  0703 1737  0633 1804  0550 1830  0513 1854  0453 1917  0457 1924  0517 1907  0541 1830  0603 1747  0630 1710  0658 1654
04  0715 1708  0703 1738  0632 1805  0549 1830  0512 1855  0452 1917  0457 1924  0518 1906  0541 1828  0604 1746  0631 1709  0659 1654
05  0715 1709  0702 1739  0630 1806  0547 1831  0511 1856  0452 1918  0458 1924  0519 1905  0542 1827  0604 1744  0632 1708  0700 1654
06  0715 1710  0701 1740  0629 1807  0546 1832  0510 1856  0452 1918  0458 1924  0520 1904  0543 1826  0605 1743  0633 1707  0701 1654
07  0715 1711  0700 1741  0628 1807  0545 1833  0509 1857  0452 1919  0459 1924  0520 1903  0544 1824  0606 1742  0634 1706  0702 1654
08  0715 1712  0659 1742  0626 1808  0543 1834  0508 1858  0452 1919  0459 1923  0521 1902  0544 1823  0607 1740  0635 1705  0702 1654
09  0715 1713  0658 1743  0625 1809  0542 1834  0507 1859  0452 1920  0500 1923  0522 1901  0545 1821  0608 1739  0636 1705  0703 1655
10  0715 1713  0657 1744  0623 1810  0540 1835  0506 1900  0452 1920  0501 1923  0523 1900  0546 1820  0609 1737  0636 1704  0704 1655
11  0715 1714  0656 1745  0622 1811  0539 1836  0506 1900  0452 1921  0501 1922  0523 1859  0547 1819  0609 1736  0637 1703  0705 1655
12  0715 1715  0655 1746  0621 1812  0538 1837  0505 1901  0452 1921  0502 1922  0524 1858  0547 1817  0610 1735  0638 1702  0705 1655
13  0714 1716  0654 1747  0619 1813  0537 1838  0504 1902  0452 1922  0502 1922  0525 1857  0548 1816  0611 1734  0639 1702  0706 1655
14  0714 1717  0653 1748  0618 1813  0535 1838  0503 1903  0452 1922  0503 1921  0526 1856  0549 1814  0612 1732  0640 1701  0707 1656
15  0714 1718  0652 1749  0617 1814  0534 1839  0502 1903  0452 1922  0504 1921  0526 1854  0549 1813  0613 1731  0641 1700  0707 1656
16  0714 1719  0651 1750  0615 1815  0533 1840  0502 1904  0452 1923  0504 1920  0527 1853  0550 1811  0613 1730  0642 1700  0708 1656
17  0713 1720  0650 1751  0614 1816  0531 1841  0501 1905  0452 1923  0505 1920  0528 1852  0551 1810  0614 1728  0643 1659  0709 1657
18  0713 1721  0649 1752  0612 1817  0530 1842  0500 1906  0452 1923  0506 1919  0529 1851  0552 1808  0615 1727  0644 1659  0709 1657
19  0713 1722  0648 1753  0611 1818  0529 1842  0500 1907  0452 1923  0506 1919  0530 1850  0552 1807  0616 1726  0645 1658  0710 1658
20  0712 1723  0646 1754  0610 1818  0528 1843  0459 1907  0452 1924  0507 1918  0530 1848  0553 1806  0617 1725  0646 1658  0710 1658
21  0712 1724  0645 1755  0608 1819  0526 1844  0458 1908  0453 1924  0508 1917  0531 1847  0554 1804  0618 1724  0647 1657  0711 1658
22  0711 1725  0644 1756  0607 1820  0525 1845  0458 1909  0453 1924  0508 1917  0532 1846  0555 1803  0619 1722  0648 1657  0711 1659
23  0711 1726  0643 1757  0605 1821  0524 1846  0457 1909  0453 1924  0509 1916  0533 1845  0555 1801  0620 1721  0649 1656  0712 1700
24  0710 1727  0642 1758  0604 1822  0523 1847  0457 1910  0453 1924  0510 1915  0533 1843  0556 1800  0620 1720  0650 1656  0712 1700
25  0710 1728  0640 1759  0603 1822  0522 1847  0456 1911  0454 1924  0511 1915  0534 1842  0557 1758  0621 1719  0651 1656  0713 1701
26  0709 1729  0639 1800  0601 1823  0521 1848  0456 1912  0454 1925  0511 1914  0535 1841  0558 1757  0622 1718  0652 1655  0713 1701
27  0709 1730  0638 1800  0600 1824  0519 1849  0455 1912  0454 1925  0512 1913  0536 1839  0558 1755  0623 1717  0653 1655  0713 1702
28  0708 1731  0637 1801  0558 1825  0518 1850  0455 1913  0455 1925  0513 1912  0536 1838  0559 1754  0624 1716  0654 1655  0714 1703
29  0707 1732             0557 1826  0517 1851  0454 1914  0455 1925  0514 1912  0537 1837  0600 1753  0625 1715  0655 1655  0714 1703
30  0707 1733             0556 1826  0516 1851  0454 1914  0456 1925  0514 1911  0538 1835  0601 1751  0626 1714  0656 1655  0714 1704
31  0706 1734             0554 1827             0454 1915             0515 1910  0538 1834             0627 1713             0714 1705

                                             Add one hour for daylight time, if and when in use.

</pre>
<p><a href="javascript:history.go(-1)">Back to form</a></p>


</body></html>