2455562.500000000  -2.5954606 0.0701781015245614
2455602.620833333   0.3201368 0.0903251315122675
2455705.225000000   9.4878845 0.0664851844304414
2455747.541666667  12.2013506 0.0364589011630136
2455783.812500000  13.4237553 0.00285501947667923
2455817.625000000  13.4203263 -0.0309117049951506
2455858.116666667  12.0686691 -0.0379467957621959
2455902.591666667  10.4809830 -0.00245677092605371
2455933.558333333  10.5048994 0.0342190835318036
2455968.520833333  11.8012622 0.0628160433331565
2456036.087500000  16.1455295 0.0602669475245138
2456094.050000000  19.5387581 0.0371651980565992
2456142.766666667  21.2493285 0.0138350291050534
2456196.900000000  21.8982678 -0.0061181159006767
2456258.366666667  21.4222092 -0.0127352597105125
2456320.012500000  20.7371081 0.0127649746281326
2456370.908333333  21.4867726 0.0217711797652645
2456449.750000000  23.1032731 0.000885058260686785
2456504.725000000  23.0519388 -0.0132229483579095
2456599.925000000  21.8930976 0.010198773764982
2456655.875000000  22.5637036 0.0126099003544054
2456720.795833333  23.2823534 -0.00545172927520924
2456783.229166667  22.8419960 -0.0261934249649796
2456836.483333333  21.3470900 -0.0474063063719564
2456906.208333333  17.9416859 -0.0480201181963682
2456962.491666667  15.3389386 -0.0193944934856362
2456997.691666667  14.7562400 0.0155922905436654
2457031.912500000  15.3898165 0.0378981043470991
2457097.737500000  17.7844912 0.00659673493185307
2457133.554166667  17.9207947 -0.0251167401560159
2457172.591666667  16.8403016 -0.0530295090590279
2457218.850000000  14.2872632 -0.0741426615352933
2457334.262500000   5.8302454 -0.047033536360293
2457370.341666667   4.2332962 -0.0112895128596435
2457401.112500000   3.9858678 0.0269024861937026
2457433.950000000   4.9692596 0.0472721949106299
2457491.720833333   7.6002137 0.0126198356308107
2457523.154166667   7.8969303 -0.0241979493102009
2457556.529166667   6.9893498 -0.0565903481518968
2457597.245833333   4.5852013 -0.0810552135749138
2457716.262500000  -4.9617264 -0.0551657793777097
2457754.587500000  -6.9759859 -0.02167808949417
2457787.237500000  -7.5837772 0.0149722248978474
2457819.845833333  -6.9955889 0.042949746733828
2457890.416666667  -4.0645666 0.0083690828920472
2457921.979166667  -3.9004003 -0.028079042184175
2457956.066666667  -4.9575170 -0.0591517532181685
2458001.304166667  -7.7333902 -0.0735354265975599
2458093.691666667 -14.4271516 -0.0505067500849953
2458137.845833333 -16.5572375 -0.0222614446525467
2458177.400000000 -17.3378018 0.00771591476993895
2458217.075000000 -16.9316738 0.0293138020192448
2458292.425000000 -14.8228424 -0.00153795090424733
2458328.458333333 -14.9782391 -0.0324237304549139
2458372.195833333 -16.4963597 -0.048120622282814
2458467.687500000 -20.9915029 -0.0268905573742867
2458520.225000000 -22.3042688 -0.00624564041644166
2458593.866666667 -22.6642225 0.00489341882293967
2458717.808333333 -22.1577100 -0.011397124077288
2458827.350000000 -23.3061773 0.0096033126502659
2458882.916666667 -22.6725550 0.0213369687522888
2458967.512500000 -20.9675188 -0.00350563628672788
2459011.683333333 -21.2223372 -0.0198681619136059
2459091.220833333 -22.7026029 0.00235538565493643
2459143.350000000 -22.4798248 0.0253649631151514