2455562.500000000 -23.1800245 0.129856732647208
2455579.170833333 -20.9152079 0.197490396100739
2455597.337500000 -17.2274948 0.257461519766852
2455619.020833333 -11.5449210 0.304280566153461
2455655.808333333  -0.2512205 0.304736329575193
2455689.454166667   9.9019051 0.259666250721889
2455712.183333333  15.7039546 0.204150364124891
2455731.962500000  19.6418930 0.143031105142021
2455750.495833333  22.1927609 0.079247556725084
2455768.683333333  23.5341023 0.0154866336315986
2455787.291666667  23.7223173 -0.0455699413807562
2455807.241666667  22.7132639 -0.100805185756987
2455830.250000000  20.2939578 -0.145913158393653
2455863.416666667  15.3545353 -0.155992907386368
2455903.866666667   9.1446212 -0.111460089950178
2455925.445833333   6.8393979 -0.0505438996074355
2455942.883333333   6.0580231 0.0211424956637544
2455958.491666667   6.4879985 0.0955887989202347
2455975.195833333   8.1846642 0.136753355868832
2456004.066666667  12.0328973 0.065534415781235
2456019.091666667  12.9176146 -0.0116941389973669
2456034.941666667  12.6322878 -0.0812458989538838
2456053.141666667  11.0536779 -0.140108288868422
2456074.737500000   7.9279769 -0.189734474655019
2456100.995833333   2.8458899 -0.229311836694356
2456139.016666667  -5.9727352 -0.237492111410217
2456182.495833333 -16.1987172 -0.196095656772157
2456205.845833333 -20.6775901 -0.140118437694999
2456224.883333333 -23.2451630 -0.0750000161755452
2456241.916666667 -24.4226790 -0.00436847814984898
2456258.062500000 -24.3932979 0.0684275039601845
2456274.091666667 -23.1964966 0.140222538327624
2456290.791666667 -20.7548294 0.207533053152222
2456309.150000000 -16.8449412 0.266458478760396
2456331.475000000 -10.7962998 0.309647148609411
2456396.629166667   9.2785328 0.266039616740241
2456419.812500000  15.3462499 0.211395579604904
2456439.800000000  19.4715643 0.150673403044245
2456458.387500000  22.1722062 0.0867538331995853
2456476.433333333  23.6377690 0.0221191665625936
2456494.629166667  23.9402618 -0.0409100927620327
2456513.666666667  23.0614851 -0.0998881139344182
2456534.537500000  20.8767417 -0.152302529120443
2456559.154166667  17.0275822 -0.194396227427717
2456594.916666667   9.9755092 -0.205348359818497
2456643.787500000   0.0399296 -0.168257306420823
2456670.133333333  -4.2929966 -0.119138062283707
2456691.720833333  -6.7649247 -0.0610894652829129
2456710.579166667  -7.8169880 0.00418458601943685
2456727.775000000  -7.6450768 0.071988596880128
2456746.012500000  -6.2322516 0.107906810310177
2456775.629166667  -3.1363584 0.0390101320571311
2456791.075000000  -2.6337996 -0.0366550337028959
2456807.037500000  -3.3188791 -0.105915883651954
2456825.566666667  -5.3813630 -0.162407623521987
2456849.870833333  -9.4285358 -0.19361486999484
2456905.108333333 -20.0233403 -0.148338850850955
2456926.783333333 -23.1386430 -0.0888716795605058
2456944.920833333 -24.6505746 -0.0213505896520327
2456961.566666667 -24.9060304 0.0500144529516339
2456977.754166667 -23.9964595 0.121751634560372
2456994.304166667 -21.8815135 0.190141878603503
2457012.170833333 -18.3843812 0.25158007704714
2457033.166666667 -13.0022732 0.300682938312661
2457064.670833333  -3.4295390 0.310675863236571
2457104.600000000   8.8755271 0.268276580081857
2457128.254166667  15.1214364 0.214632124281676
2457148.558333333  19.3793722 0.154696635976788
2457167.358333333  22.1876833 0.0913256359192598
2457185.500000000  23.7445251 0.0268574600397034
2457203.658333333  24.1322359 -0.0365857091006009
2457222.454166667  23.3446097 -0.0967847042214817
2457242.679166667  21.2871770 -0.151630575183212
2457265.591666667  17.7129721 -0.198546742633996
2457294.025000000  11.9676279 -0.231753241666444
2457375.612500000  -6.8405773 -0.197150927979065
2457404.929166667 -12.5203865 -0.154173884553644
2457430.879166667 -16.4212339 -0.108400120921855
2457456.770833333 -19.1279265 -0.0650748012846207
2457486.375000000 -20.9544294 -0.0286062227090004
2457516.979166667 -21.7299325 0.0154308081133781
2457547.541666667 -21.1583441 0.0103344718804197
2457570.750000000 -21.0184590 -0.0449437862208466
2457593.291666667 -22.1315382 -0.0764881976631114
2457638.150000000 -25.4626718 -0.0264515621101749
2457658.250000000 -25.8943931 0.0360157516631931
2457676.066666667 -25.1527779 0.10282938175452
2457693.412500000 -23.2691678 0.169225915375206
2457711.541666667 -20.1012450 0.230800503933909
2457731.925000000 -15.2967716 0.282688080239781
2457758.725000000  -7.6207660 0.306775880124407
2457811.816666667   8.5665220 0.266197405488172
2457836.291666667  14.9817202 0.214203301946359
2457857.170833333  19.3541508 0.155734225967793
2457876.400000000  22.2488279 0.0936045057078037
2457894.845833333  23.8755020 0.0300481188831023
2457913.195833333  24.3269065 -0.0329418611284526
2457932.045833333  23.6060140 -0.093253840537856
2457952.104166667  21.6355577 -0.14894584971692
2457974.395833333  18.2153366 -0.19782411646237
2458000.837500000  12.8845719 -0.236889478811224
2458038.862500000   3.7768620 -0.248084562115185
2458092.895833333  -9.5280012 -0.213619719379923
2458121.404166667 -15.5179545 -0.168578860473201
2458145.408333333 -19.4645975 -0.117715579497618
2458167.641666667 -21.9818320 -0.0644790160251596
2458189.666666667 -23.3020009 -0.0127893169734043
2458213.600000000 -23.5081210 0.0307557171912307
2458273.512500000 -21.7654090 -0.0223850381467257
2458292.579166667 -22.2921451 -0.0851521013701893
2458313.516666667 -24.1750167 -0.0980652252320257
2458335.416666667 -26.2227219 -0.0261504086928695
2458350.662500000 -26.5214645 0.0478188166504736
2458367.837500000 -25.6002213 0.110361510589571
2458388.104166667 -23.2636015 0.165109852896697
2458409.966666667 -19.5539102 0.216779002830205
2458433.820833333 -14.2828435 0.262261549211115
2458464.145833333  -6.2297649 0.283543702414721
2458520.920833333   9.7684395 0.245382076903966
2458546.712500000  15.9972907 0.195852968546826
2458568.508333333  20.1661352 0.139676985112179
2458588.466666667  22.8538575 0.0796177874322105
2458607.529166667  24.2715788 0.0179909463294943
2458626.416666667  24.5113907 -0.0432538797776265
2458645.775000000  23.5741341 -0.102072433520562
2458666.312500000  21.3778513 -0.156562652199056
2458689.037500000  17.7199964 -0.204682079442052
2458715.795833333  12.1430603 -0.243609641828236
2458753.354166667   2.8935000 -0.25591504311981
2458807.808333333 -10.9421467 -0.220178701131744
2458834.862500000 -16.7988984 -0.172093048227807
2458856.979166667 -20.5050811 -0.116102328223222
2458876.770833333 -22.7029943 -0.0550760151185178
2458895.400000000 -23.6290551 0.00829573744906888
2458913.712500000 -23.3771579 0.0714961726790439
2458932.508333333 -21.9333384 0.131699344265668
2458952.862500000 -19.1527444 0.185551280952307
2458977.125000000 -14.5508432 0.224472374789446
2459040.966666667  -0.3201174 0.180039450353143
2459063.162500000   3.5760544 0.123028850411104
2459082.037500000   5.7982357 0.0579550192617963
2459099.545833333   6.7129810 -0.00949689087168253
2459117.441666667   6.4430667 -0.053399454557079
2459151.250000000   4.7377021 0.0136330119781815
2459167.691666667   5.0617944 0.0839683069793504
2459185.379166667   6.6469295 0.142959496626692