2455562.500000000 289.8802973 0.821544584975881
2455592.708333333 314.5978154 0.777696087763603
2455618.441666667 334.5105568 0.73473111674883
2455649.245833333 357.0433382 0.714404108809573
2455653.383333333 359.9991852 -86399.2726780556
2455653.387500000 0.0021567 0.712581914651429
2455714.912500000 43.9437544 0.739006980600486
2455789.116666667 98.6811673 0.698029813808802
2455813.591666667 115.6654968 0.646800907415331
2455835.312500000 129.6145930 0.590908394291045
2455855.795833333 141.6183961 0.53254096052108
2455875.025000000 151.7587186 0.470352807097353
2455892.841666667 160.0389082 0.400924779400252
2455908.695833333 166.2952430 0.322824210406084
2455922.512500000 170.6556201 0.232786189102412
2455934.700000000 173.3927246 0.131947942817794
2455945.608333333 174.7321285 0.0199459837327606
2455955.633333333 174.8320966 -0.0986869442361671
2455965.362500000 173.7720872 -0.217866943769875
2455975.400000000 171.4853583 -0.327007747404629
2455988.195833333 167.2010320 -0.362489652724039
2456006.683333333 160.5994764 -0.263481958758057
2456017.037500000 157.9713072 -0.145176903687002
2456026.733333333 156.6636082 -0.0258021581805569
2456036.670833333 156.5071340 0.0885156614272901
2456047.304166667 157.5482213 0.192732170656417
2456059.300000000 159.9601644 0.284062778985103
2456073.016666667 163.9564711 0.363062203880662
2456089.287500000 169.9637573 0.429611645477843
2456108.137500000 178.1619279 0.487308494669037
2456129.283333333 188.5664652 0.541647748381517
2456151.004166667 200.4314941 0.596594212998519
2456171.733333333 212.8983649 0.653822821003747
2456191.466666667 225.9004520 0.713313450033075
2456211.145833333 240.0378313 0.771942606863228
2456232.245833333 256.4257572 0.822260965330626
2456262.283333333 281.2244175 0.830277739551521
2456297.508333333 310.3709537 0.787205622033866
2456322.783333333 330.1675971 0.742065786530107
2456351.062500000 351.0526083 0.714727382134083
2456363.579166667 359.9986127 -86399.3044776746
2456363.583333333 0.0015724 0.709582139945761
2456424.187500000 43.1051997 0.739146376052172
2456469.766666667 76.8948644 0.740328627987032
2456507.475000000 104.7114585 0.699944878887347
2456533.037500000 122.5038305 0.652498670041847
2456556.858333333 137.9469195 0.604037232983319
2456581.133333333 152.5099436 0.556971899763848
2456606.470833333 166.5222540 0.510865921191423
2456631.525000000 179.2215928 0.461522139870648
2456653.612500000 189.3155190 0.403529273319375
2456671.662500000 196.4992477 0.333259670238037
2456686.679166667 201.4037732 0.248322514013883
2456699.370833333 204.4555162 0.150740240086468
2456710.570833333 206.0438789 0.0409664691468513
2456720.700000000 206.3589684 -0.0769695938064523
2456730.454166667 205.5082564 -0.196288360970358
2456740.429166667 203.4503293 -0.307619759117842
2456752.470833333 199.6461249 -0.35598182038013
2456772.962500000 192.4513591 -0.258133749094652
2456783.375000000 189.8634296 -0.14020531971597
2456793.075000000 188.6034064 -0.0206114188518949
2456802.975000000 188.4992216 0.0947271872538124
2456813.425000000 189.5890767 0.201771974784937
2456824.945833333 192.0135442 0.297926253271646
2456837.687500000 195.9095865 0.38527438411894
2456851.858333333 201.4692359 0.4635371892959
2456867.283333333 208.7192732 0.537060280886448
2456883.720833333 217.6471428 0.606568322041875
2456900.612500000 227.9930734 0.674286623111644
2456918.341666667 240.0475566 0.73876033304087
2456937.366666667 254.2024083 0.79506440687187
2456961.337500000 273.3607509 0.820434028442047
2457006.637500000 310.4264456 0.778068105499394
2457032.150000000 330.1769327 0.733151339811671
2457060.604166667 350.9381494 0.705814699128782
2457073.441666667 359.9990456 -86399.3133816761
2457073.445833333 0.0019682 0.700836900554547
2457133.579166667 42.2456172 0.731002891939056
2457174.875000000 72.5329656 0.73894298233725
2457219.466666667 105.3836925 0.700921483075744
2457246.562500000 124.2757479 0.656214947403784
2457272.325000000 141.0815021 0.612394380392428
2457300.220833333 158.0647740 0.574076106727049
2457334.575000000 177.6867056 0.544907265548424
2457381.987500000 203.4221285 0.519138652800098
2457416.687500000 221.3362636 0.476414345872588
2457438.608333333 231.6797084 0.415166569260604
2457455.179166667 238.4594319 0.336093124445847
2457468.608333333 242.8728961 0.242669278106598
2457480.137500000 245.5707913 0.134737188864607
2457490.325000000 246.8435552 0.0161965444841381
2457499.858333333 246.8980590 -0.108580308687983
2457509.087500000 245.7960858 -0.233967461580932
2457518.787500000 243.4266414 -0.343798983574813
2457532.445833333 238.6309550 -0.362705282188068
2457547.666666667 233.2102078 -0.254678866913
2457557.287500000 230.8599460 -0.127851438756644
2457566.287500000 229.8092139 0.00221150942780348
2457575.279166667 229.9290740 0.130169777918311
2457584.654166667 231.2493972 0.250295438397064
2457594.795833333 233.8877546 0.360994008560386
2457605.733333333 237.9360350 0.463430354263749
2457617.758333333 243.6087038 0.555284235205141
2457631.162500000 251.1518075 0.638338476918185
2457646.308333333 260.9198897 0.708620203615854
2457664.966666667 274.2415391 0.762090186208602
2457726.954166667 321.3816192 0.72221226113937
2457755.866666667 342.1626104 0.688612191272968
2457781.795833333 359.9983500 -86399.3162459245
2457781.800000000 0.0011802 0.680588938392634
2457838.862500000 38.9372501 0.711616267766781
2457876.275000000 65.6605799 0.728870557623955
2457933.116666667 106.9908282 0.692300836584719
2457961.541666667 126.5694839 0.649653793830103
2457989.275000000 144.4865492 0.609490649300879
2458021.900000000 164.2711833 0.583569550604748
2458102.262500000 211.2682690 0.613327609683566
2458139.137500000 233.9846947 0.636900654868736
2458203.066666667 274.6012636 0.593414717279538
2458225.245833333 287.6627626 0.532522000374038
2458242.650000000 296.8309128 0.45932032734844
2458257.058333333 303.3490524 0.372470033529509
2458269.670833333 307.9468356 0.274001171628894
2458280.708333333 310.8711699 0.162453494516661
2458290.729166667 312.3992312 0.0432339790940627
2458300.270833333 312.7117644 -0.0806722981713975
2458309.695833333 311.8514755 -0.200554486849587
2458320.483333333 309.5880800 -0.272410167109309
2458343.050000000 303.5406054 -0.164911295730182
2458352.604166667 302.0648957 -0.0373207850201407
2458361.595833333 301.8292904 0.0918410583621047
2458370.750000000 302.7700009 0.216526478507846
2458380.504166667 304.9819125 0.329477027538301
2458391.679166667 308.7637790 0.426152556580459
2458404.870833333 314.4853938 0.506075356451231
2458422.145833333 323.3278184 0.563590489325123
2458447.779166667 337.8745164 0.596408219766403
2458484.795833333 359.9997055 -86399.3880299208
2458484.800000000 0.0022366 0.618464346518185
2458525.183333333 25.0778746 0.651886892771719
2458557.454166667 46.2147822 0.688195313007254
2458591.870833333 70.0001409 0.706994577362058
2458650.575000000 111.4036988 0.671595499376531
2458680.558333333 131.4404132 0.63181437211253
2458711.329166667 150.7818694 0.59737383648545
2458758.116666667 178.6315135 0.596108792434911
2458800.645833333 204.0835222 0.632284718606832
2458829.079166667 222.1614547 0.67600686076124
2458855.129166667 239.8713831 0.719920386522675
2458883.837500000 260.6390710 0.747411291403508
2458944.745833333 306.0626631 0.709517806022136
2458972.183333333 325.4300843 0.665154696180319
2458997.650000000 342.2694106 0.617464160007205
2459021.170833333 356.6927053 0.578744962810306
2459026.883333333 359.9987859 -86399.4149980323
2459026.887500000 0.0011644 0.546651927352018
2459045.670833333 10.1691196 0.477058828368736
2459060.712500000 17.2449695 0.393361692891205
2459073.445833333 22.1538768 0.29400708260172
2459084.320833333 25.2512653 0.1812084863931
2459094.200000000 26.9414907 0.0587263892029043
2459103.395833333 27.3815670 -0.0704010352965513
2459112.420833333 26.6462973 -0.19590547150494
2459122.395833333 24.5921891 -0.300179761669739
2459140.929166667 18.9288590 -0.271549176882867
2459152.637500000 15.8493913 -0.159069118068387
2459162.429166667 14.3917786 -0.0375367599322826
2459171.975000000 14.1334442 0.0828969053291152
2459182.016666667 15.0657576 0.193851405597503
2459193.141666667 17.3223065 0.293483781966791