2455562.500000000 -20.2054980 -0.164393530329382
2455579.587500000 -22.9146254 -0.0296057667816174
2455587.500000000 -23.0489713 0.123990870448974
2455594.875000000 -22.0345670 0.284663591611236
2455602.037500000 -19.8957071 0.448630833558786
2455609.108333333 -16.6235362 0.613665177262479
2455616.208333333 -12.1665353 0.775135279209641
2455623.787500000  -6.1918289 0.892055031487566
2455638.141666667   6.5129032 0.69736459771651
2455643.229166667   9.9610333 0.448093729772104
2455647.629166667  11.8329365 0.174307505677842
2455651.791666667  12.4586649 -0.106374301425695
2455656.025000000  11.9085277 -0.368121874998058
2455661.100000000   9.9403788 -0.496057225419721
2455670.820833333   5.2182675 -0.292077864438037
2455676.075000000   3.7834971 -0.0671914555031887
2455681.350000000   3.5290387 0.146214556226078
2455687.120833333   4.4728144 0.336731227112124
2455693.737500000   6.8007052 0.49926426831278
2455701.808333333  10.9300461 0.609353441652615
2455719.370833333  21.5318170 0.438370026226978
2455725.083333333  23.9360960 0.215823761090557
2455730.100000000  24.9188220 -0.0173471491856805
2455735.237500000  24.7299495 -0.232863940730257
2455741.137500000  23.2560597 -0.410986919656473
2455748.929166667  19.9539287 -0.510525207367232
2455767.516666667  10.5644318 -0.370703156992718
2455774.366666667   8.1250704 -0.177460726178026
2455779.837500000   7.2541467 0.0485083113697599
2455784.841666667   7.5966362 0.277841438493882
2455790.420833333   9.2465927 0.398786781457955
2455800.620833333  13.2144345 0.191871966269606
2455805.579166667  14.0660322 -0.0568997160213283
2455810.125000000  13.7076226 -0.3131510694776
2455814.804166667  12.1423745 -0.548813122824194
2455820.329166667   9.0101857 -0.730358009460923
2455829.362500000   2.3126750 -0.768828838346399
2455844.162500000  -8.9660140 -0.663487886115527
2455854.158333333 -15.4981811 -0.539302954206556
2455862.995833333 -20.1643954 -0.400534062743801
2455870.945833333 -23.2487702 -0.24684234344023
2455878.154166667 -24.9281597 -0.0778611298787399
2455884.720833333 -25.3394919 0.108368284922777
2455890.612500000 -24.6011373 0.317367247348438
2455896.037500000 -22.7796042 0.465923437227676
2455904.608333333 -18.8860649 0.203943875423418
2455908.804166667 -18.1301541 -0.0627871781275453
2455913.766666667 -18.5416324 -0.253871427769664
2455931.920833333 -23.0505943 -0.118516677645608
2455939.816666667 -23.8864220 0.035765540586753
2455947.129166667 -23.5249813 0.198389371371663
2455954.170833333 -22.0281485 0.365677341814399
2455961.070833333 -19.4051165 0.535174713380014
2455967.962500000 -15.6168961 0.702013163864873
2455975.258333333 -10.3952610 0.829181557875327
2455989.479166667   1.2965476 0.621843464002019
2455994.208333333   4.1375896 0.351243617749028
2455998.245833333   5.4558375 0.0531113254292765
2456002.112500000   5.5613867 -0.242801986872329
2456006.312500000   4.4416236 -0.486054434965082
2456018.587500000  -1.4247373 -0.275377754421562
2456023.812500000  -2.7638020 -0.0523117895522352
2456029.175000000  -2.9444336 0.156771053210559
2456035.058333333  -1.9221739 0.344560037593003
2456041.683333333   0.4604062 0.51003875427506
2456049.287500000   4.4387892 0.65169649829427
2456058.725000000  10.6891358 0.71561644837399
2456072.375000000  20.3573088 0.547174142310142
2456078.133333333  23.4082990 0.326576011315978
2456083.195833333  24.9618566 0.095961669324323
2456088.387500000  25.3601078 -0.118038021682025
2456094.295833333  24.5628233 -0.297036208678548
2456101.962500000  22.1856252 -0.398502675503918
2456119.650000000  15.2370366 -0.253962349485329
2456126.433333333  13.6141677 -0.0656164470872105
2456132.325000000  13.3274308 0.131422068438395
2456138.716666667  14.2674005 0.254584165396315
2456152.320833333  17.6309170 0.0787829176283478
2456158.008333333  17.9791329 -0.143593966916187
2456163.000000000  17.1624174 -0.379658768696687
2456168.058333333  15.1421715 -0.596704405645083
2456174.133333333  11.4173788 -0.75799007492582
2456185.558333333   2.6574074 -0.76762402992016
2456199.295833333  -7.7878532 -0.663693079490074
2456209.429166667 -14.4133381 -0.54014419550385
2456218.195833333 -19.0487312 -0.398015755958095
2456225.791666667 -21.9721317 -0.232885319986986
2456232.266666667 -23.3800880 -0.0368194118786209
2456237.662500000 -23.4789553 0.1985395347198
2456242.233333333 -22.4717761 0.463884832008766
2456246.745833333 -20.2786042 0.61429559304786
2456253.866666667 -16.0041478 0.324656623555865
2456257.583333333 -14.8974026 0.0144038835921798
2456261.616666667 -14.9390544 -0.243983521885497
2456267.195833333 -16.4001604 -0.37077770594204
2456282.804166667 -22.0874498 -0.239891120794684
2456290.875000000 -23.9235902 -0.0879226854250564
2456298.254166667 -24.4724099 0.0742087053979348
2456305.279166667 -23.8511774 0.242766596813233
2456312.095833333 -22.0964337 0.415029816277488
2456318.841666667 -19.1969205 0.586181895210558
2456325.879166667 -14.9717439 0.731700904979032
2456340.625000000  -4.2820705 0.511495081381849
2456345.075000000  -2.1056244 0.224449000696132
2456348.908333333  -1.3450454 -0.0847589380969028
2456352.754166667  -1.7709901 -0.368755501742512
2456357.695833333  -3.6931896 -0.46865328997563
2456366.054166667  -7.5105749 -0.266528452374149
2456371.491666667  -8.8600845 -0.0530485221826767
2456377.112500000  -9.0582787 0.146649593682948
2456383.241666667  -8.0595117 0.328385997558757
2456389.995833333  -5.7415989 0.493303459220039
2456397.433333333  -1.9727890 0.642746500068498
2456405.737500000   3.4646498 0.772604358528402
2456416.862500000  12.1598569 0.786851678469808
2456426.433333333  19.5906838 0.609317320083302
2456432.070833333  22.9259071 0.388454315694933
2456437.212500000  24.8233132 0.163723920076364
2456442.591666667  25.6040950 -0.0415735533170711
2456448.787500000  25.2465653 -0.211312956714106
2456457.020833333  23.4068676 -0.291732336589952
2456473.375000000  18.7357645 -0.156932160326852
2456480.916666667  17.6521058 0.00503022660962867
2456488.200000000  17.7887252 0.153059231258378
2456499.175000000  19.5685055 0.145344385610883
2456507.595833333  20.6924971 -0.0362290344771301
2456513.195833333  20.3898431 -0.258276856730299
2456518.312500000  18.9685155 -0.482065022465553
2456523.866666667  16.1912348 -0.671356190722616
2456531.408333333  11.0281613 -0.767073862916977
2456552.745833333  -5.2393118 -0.667850125095096
2456563.045833333 -12.0182428 -0.543395625609576
2456571.529166667 -16.5281772 -0.392537736059206
2456578.470833333 -19.1532524 -0.206568041557645
2456584.070833333 -20.2101727 0.0235703756805343
2456588.654166667 -20.0024523 0.29712921411911
2456592.695833333 -18.7016775 0.586660162713157
2456597.116666667 -16.0084166 0.700526821046555
2456603.195833333 -11.8496110 0.399240796482417
2456606.720833333 -10.5420370 0.0665505150914556
2456610.379166667 -10.3984689 -0.228298981810031
2456614.929166667 -11.5371410 -0.443066074357496
2456623.037500000 -15.2295560 -0.473727087038721
2456634.595833333 -20.6051645 -0.344573544896708
2456642.812500000 -23.3364400 -0.195225054011974
2456650.295833333 -24.6975117 -0.0348381585348874
2456657.362500000 -24.8437794 0.133450854416335
2456664.162500000 -23.8364073 0.306683625532585
2456670.862500000 -21.6816667 0.47910886156833
2456677.883333333 -18.2180141 0.614231855152637
2456691.529166667  -9.9360753 0.390212319152828
2456695.904166667  -8.3288862 0.100257111469187
2456699.779166667  -8.0402414 -0.195728419273237
2456704.091666667  -8.9842698 -0.384971815812009
2456715.150000000 -13.1414952 -0.197214860991131
2456721.141666667 -14.2232544 -0.00513395231292083
2456727.391666667 -14.1554854 0.175475684295962
2456734.075000000 -12.8828930 0.344580168368171
2456741.191666667 -10.3306395 0.503981494878297
2456748.729166667  -6.4318964 0.654404020253896
2456756.758333333  -1.0777098 0.793283232682479
2456765.979166667   6.3369412 0.862640168883023
2456779.275000000  17.7064986 0.690333263337097
2456785.029166667  21.5790466 0.473967125593906
2456790.283333333  23.9693970 0.253979569022444
2456795.762500000  25.2611608 0.0513822458196154
2456801.954166667  25.4794694 -0.121939542033554
2456809.566666667  24.4513172 -0.253561991698123
2456830.312500000  19.2908978 -0.102046909145328
2456837.191666667  18.6887033 0.0699721646762317
2456844.383333333  19.2918502 0.192845748172159
2456860.204166667  22.2428514 0.0184074224337856
2456865.904166667  22.2478843 -0.201841886873021
2456871.037500000  21.1119346 -0.425820620648054
2456876.554166667  18.6628322 -0.618571091680526
2456883.741666667  14.1169637 -0.739107981257294
2456907.920833333  -3.6541488 -0.635834417777946
2456917.570833333  -9.6899855 -0.499138219575257
2456925.083333333 -13.3398644 -0.324718562117796
2456930.995833333 -15.1597837 -0.104884726164402
2456935.762500000 -15.5598872 0.160848456860752
2456939.850000000 -14.8026962 0.456042642313309
2456943.820833333 -12.8919889 0.70890857832947
2456952.758333333  -6.6557969 0.405074225022805
2456956.262500000  -5.3361113 0.0681073691535648
2456959.825000000  -5.1933867 -0.239872793982564
2456964.045833333  -6.3055841 -0.480679906207315
2456970.283333333  -9.4037268 -0.577572396018213
2456985.525000000 -18.1069797 -0.454770010437575
2456994.095833333 -21.9047451 -0.310968044582234
2457001.833333333 -24.2110005 -0.155140495474777
2457009.066666667 -25.2332859 0.0100755580208536
2457015.954166667 -25.0640689 0.181706595228377
2457022.691666667 -23.7399724 0.35321584581327
2457029.770833333 -21.1396787 0.47849551476136
2457042.750000000 -15.0289582 0.258730051178973
2457047.283333333 -13.9558043 -0.0119028075880991
2457051.691666667 -14.1079873 -0.247633531384078
2457060.091666667 -16.2880888 -0.223442100645617
2457067.958333333 -17.9458439 -0.0637340448176623
2457075.112500000 -18.3018142 0.0995302032758381
2457082.275000000 -17.4890937 0.261135959813209
2457089.550000000 -15.4893428 0.419891349816878
2457096.975000000 -12.2717083 0.575074668829372
2457104.595833333  -7.7892357 0.72543457274486
2457112.575000000  -1.9008748 0.864750855884167
2457122.233333333   6.5511064 0.9028494080211
2457132.625000000  15.8333930 0.7264786767523
2457138.337500000  19.8835989 0.510345767805779
2457143.612500000  22.4758613 0.2907773256336
2457149.041666667  23.9546432 0.0824586016940984
2457154.858333333  24.3343567 -0.110509439341139
2457161.195833333  23.5341877 -0.283508025883347
2457169.020833333  21.2158081 -0.341089955052431
2457179.291666667  17.8123628 -0.166151206764333
2457185.308333333  16.9125439 0.0308067054781145
2457191.412500000  17.2004244 0.209071159477314
2457198.975000000  18.8813850 0.297104102295593
2457212.562500000  22.8184738 0.1258975219438
2457218.295833333  23.4403634 -0.0948336596965168
2457223.379166667  22.8584675 -0.322870224191356
2457228.725000000  21.0324698 -0.525301194560806
2457235.308333333  17.4744251 -0.675104016416874
2457246.466666667   9.8414187 -0.701351923596449
2457261.729166667  -0.7629812 -0.590717971741421
2457270.466666667  -5.8244880 -0.436591652074592
2457277.050000000  -8.5988864 -0.237277573772496
2457282.262500000  -9.7357767 0.00801809396013461
2457286.637500000  -9.6008817 0.288984749120262
2457290.666666667  -8.3366589 0.573563156878276
2457295.245833333  -5.6104820 0.687700005177031
2457301.875000000  -1.1512812 0.404204894678127
2457305.554166667   0.2360653 0.0781075884148559
2457309.162500000   0.4181600 -0.231835140680231
2457313.233333333  -0.6254667 -0.490153127851124
2457318.629166667  -3.3701250 -0.651489842619034
2457337.916666667 -15.8357444 -0.53144526720565
2457346.762500000 -20.4369166 -0.392366137346657
2457354.750000000 -23.4710854 -0.241018709564009
2457362.166666667 -25.1588313 -0.0793583596069822
2457369.183333333 -25.6157491 0.0894713779908956
2457376.050000000 -24.9013888 0.256555077879816
2457383.541666667 -22.8794421 0.345351617939927
2457394.800000000 -19.0911600 0.14925106053289
2457400.229166667 -18.3806207 -0.0552449177726981
2457407.241666667 -18.8679486 -0.139633638960749
2457422.037500000 -20.8339875 -0.00905529949291364
2457430.095833333 -20.8070862 0.14189730683305
2457437.620833333 -19.6393778 0.29860836191507
2457445.004166667 -17.3348287 0.456641996739778
2457452.379166667 -13.8672614 0.614040088785626
2457459.837500000  -9.1876284 0.76820532887404
2457467.637500000  -3.0956794 0.908457409707648
2457478.691666667   7.0465244 0.895698542252471
2457486.445833333  13.8920293 0.703466437346438
2457491.870833333  17.6085131 0.478002168687789
2457496.912500000  19.9184682 0.24501137593985
2457501.908333333  21.0426092 0.0125425770126513
2457506.966666667  21.0061248 -0.213479684407838
2457512.383333333  19.7499102 -0.408609965416668
2457526.770833333  13.9707040 -0.213620345270476
2457532.295833333  12.8902980 -0.000251909177880125
2457537.887500000  12.9887349 0.19859711417246
2457544.245833333  14.3514602 0.364400457205134
2457552.791666667  17.5655550 0.423149338234748
2457564.987500000  22.6262414 0.25389314369239
2457570.741666667  23.9872529 0.0325250038042449
2457575.779166667  24.0511604 -0.199371927519998
2457580.975000000  22.9153636 -0.410618167451156
2457587.112500000  20.2952390 -0.577596034903363
2457595.912500000  15.1124541 -0.647903270314167
2457614.316666667   3.2882972 -0.527729101734069
2457622.200000000  -0.7720484 -0.355930093100555
2457628.137500000  -2.7855401 -0.137834117288108
2457633.000000000  -3.3557875 0.118573117004918
2457637.333333333  -2.7419787 0.391133139500156
2457641.775000000  -0.9047254 0.594463579388067
2457651.433333333   4.7370619 0.331604860477025
2457655.416666667   5.9580155 0.0287125747119668
2457659.266666667   5.9686177 -0.265613699295989
2457663.479166667   4.7498490 -0.519881672727273
2457668.791666667   1.8881225 -0.701391450642267
2457679.650000000  -5.8278026 -0.700538438371879
2457691.287500000 -13.8804572 -0.582810810304585
2457700.404166667 -19.0938803 -0.448131793918591
2457708.641666667 -22.6854760 -0.300937285776594
2457716.245833333 -24.8738947 -0.142666412592788
2457723.395833333 -25.7941484 0.0229108396787402
2457730.429166667 -25.5330507 0.183968544522666
2457738.537500000 -23.9413865 0.251942040718288
2457751.579166667 -20.7556354 0.10082117666813
2457757.987500000 -20.2093635 -0.0824508275858116
2457765.812500000 -20.9544236 -0.131588167854089
2457777.854166667 -22.4390829 0.00166526484290053
2457785.825000000 -22.3258517 0.154126891966801
2457793.262500000 -21.0796732 0.313103769509441
2457800.512500000 -18.7097587 0.474734963033867
2457807.695833333 -15.1997495 0.63677177657809
2457814.937500000 -10.4884795 0.794987713561856
2457822.666666667  -4.2439849 0.911555854762744
2457837.525000000   9.2003023 0.722796341056918
2457842.820833333  12.9281620 0.48499871103736
2457847.475000000  15.0855220 0.227147304130342
2457851.904166667  15.9916211 -0.0379119095606112
2457856.333333333  15.7238822 -0.293274522916485
2457861.275000000  14.1748143 -0.470782528946185
2457873.145833333   8.6861324 -0.268622619716669
2457878.462500000   7.3578487 -0.0463323113109051
2457883.795833333   7.2105037 0.164191791124558
2457889.666666667   8.2743440 0.350000417026345
2457896.562500000  10.7877183 0.501813522228597
2457906.000000000  15.6234889 0.546967859744721
2457917.750000000  21.9505341 0.378461893846293
2457923.504166667  24.0285012 0.156780127658975
2457928.520833333  24.7150910 -0.0767721442402621
2457933.645833333  24.2218809 -0.292576400255294
2457939.554166667  22.3934021 -0.469511726050685
2457947.466666667  18.5784168 -0.566756245438173
2457966.737500000   7.7564685 -0.432663725891772
2457973.833333333   4.7861479 -0.24423619843711
2457979.354166667   3.5376867 -0.0156358751094799
2457984.158333333   3.5625123 0.233062622451754
2457988.916666667   4.7712839 0.459445243529972
2457996.637500000   8.4185141 0.423970973679334
2458002.233333333  10.6909969 0.177760669353422
2458006.620833333  11.3710028 -0.0952462406829213
2458010.883333333  10.8653002 -0.361867058069367
2458015.512500000   9.0902176 -0.593540197366185
2458021.379166667   5.5083173 -0.750392013814825
2458043.129166667 -10.7128103 -0.640660128256966
2458052.800000000 -16.8086298 -0.512913517419656
2458061.437500000 -21.1389421 -0.371653074000876
2458069.304166667 -23.9627426 -0.217570301553809
2458076.575000000 -25.4448137 -0.0527425780824555
2458083.487500000 -25.7095546 0.117370207257486
2458090.320833333 -24.8075906 0.288170207767374
2458097.279166667 -22.7025729 0.36614193079957
2458105.195833333 -19.9038625 0.129938019599262
2458109.895833333 -19.3929739 -0.102500111992084
2458115.979166667 -20.1164668 -0.206917348593234
2458130.408333333 -23.0021427 -0.074061618520449
2458138.370833333 -23.4919136 0.0791867222406773
2458145.737500000 -22.8086331 0.240432518174045
2458152.850000000 -20.9987560 0.405781604626674
2458159.841666667 -18.0617900 0.572873804648439
2458166.837500000 -13.9541182 0.737233984009517
2458174.229166667  -8.4047468 0.867217394152229
2458189.150000000   4.4349205 0.666006160646835
2458194.066666667   7.6094760 0.406759878182548
2458198.291666667   9.2281136 0.121265023394474
2458202.295833333   9.6140078 -0.168207260924504
2458206.466666667   8.8124761 -0.427534943758795
2458212.004166667   6.3450524 -0.500293304356944
2458219.975000000   2.4571812 -0.293808027403414
2458225.204166667   1.0206375 -0.0688273300291671
2458230.487500000   0.7568373 0.143959489093091
2458236.262500000   1.6881043 0.334896607666773
2458242.816666667   3.9829343 0.5006251559608
2458250.554166667   7.9564495 0.635722995837282
2458261.787500000  15.1976831 0.646978446490704
2458271.425000000  21.3329447 0.471149170241786
2458277.054166667  23.8853141 0.247314548562625
2458282.070833333  25.0261668 0.0153373928326489
2458287.254166667  25.0058046 -0.197937669790013
2458293.225000000  23.7240303 -0.373697471151192
2458301.154166667  20.6610141 -0.465809941214493
2458318.583333333  12.6422139 -0.323292540244354
2458325.345833333  10.5559465 -0.12977231441128
2458330.900000000   9.9350721 0.0881609508880449
2458336.262500000  10.5077059 0.292709162087806
2458343.462500000  12.7151568 0.327616176961562
2458351.658333333  15.3003736 0.131653936962877
2458356.904166667  15.8910290 -0.10507699017969
2458361.654166667  15.2921334 -0.35126123432802
2458366.516666667  13.4842835 -0.577418936870784
2458372.312500000  10.0377893 -0.748215341224216
2458382.508333333   2.3091906 -0.770076555046883
2458396.612500000  -8.4521934 -0.6654859367545
2458406.687500000 -15.0569774 -0.541871640079169
2458415.533333333 -19.7503236 -0.402533663351548
2458423.400000000 -22.8170692 -0.245923625435765
2458430.379166667 -24.4336174 -0.0685211013543192
2458436.483333333 -24.7519623 0.136918789595704
2458441.716666667 -23.9354579 0.373317841125462
2458446.587500000 -22.0171807 0.534481106166758
2458454.616666667 -17.8256240 0.258175908087306
2458458.558333333 -16.9076257 -0.0295090518702518
2458463.025000000 -17.1392141 -0.25464342870916
2458470.200000000 -19.0662013 -0.307467893932843
2458482.291666667 -22.6840719 -0.175236280386481
2458490.287500000 -23.9853283 -0.0222139735318691
2458497.633333333 -24.0485841 0.140162532315484
2458504.666666667 -22.9628814 0.308117638020701
2458511.525000000 -20.7497571 0.479070781740742
2458518.337500000 -17.3862658 0.648273787233864
2458525.470833333 -12.6620887 0.789773034627937
2458540.350000000  -1.0107499 0.575710148211999
2458544.937500000   1.5303946 0.296628521550881
2458548.862500000   2.5947852 -0.00840215410032166
2458552.679166667   2.4630754 -0.303135336832673
2458557.045833333   1.0394945 -0.488762202165968
2458567.591666667  -4.0149993 -0.28150078513707
2458572.879166667  -5.4035711 -0.0610627195473046
2458578.308333333  -5.6353001 0.145407396065384
2458584.254166667  -4.6707772 0.331866250322151
2458590.887500000  -2.3694692 0.498445724550211
2458598.345833333   1.4480844 0.645333599960948
2458607.045833333   7.1623686 0.748097343001378
2458624.404166667  20.0482847 0.575804971936562
2458630.104166667  23.2306273 0.35486984786105
2458635.191666667  24.9363052 0.126463498233508
2458640.454166667  25.5018701 -0.0841379751387811
2458646.475000000  24.8953259 -0.259397487202446
2458654.370833333  22.7472441 -0.350548578517047
2458671.154166667  16.9637492 -0.208281070090785
2458678.150000000  15.6066123 -0.0294513735874005
2458684.558333333  15.5178094 0.144706281659236
2458692.425000000  16.7560911 0.207900160527762
2458704.112500000  19.0860681 0.0398137629984051
2458709.962500000  19.2190476 -0.178060530207119
2458715.045833333  18.2141624 -0.409025348842116
2458720.250000000  15.9856809 -0.618175080332506
2458726.662500000  11.9216525 -0.767725538529839
2458751.254166667  -6.8579999 -0.665676147318116
2458761.466666667 -13.5562334 -0.541905150050528
2458770.137500000 -18.1550581 -0.396697064556061
2458777.479166667 -20.9676721 -0.223571269514286
2458783.562500000 -22.2279285 -0.0126699628634036
2458788.550000000 -22.1912190 0.24159737758774
2458792.825000000 -21.0586212 0.521058543012629
2458797.225000000 -18.6661774 0.659963111920997
2458803.875000000 -14.3774181 0.363448525984243
2458807.483333333 -13.1659346 0.0410167036246109
2458811.312500000 -13.1086913 -0.235920525681661
2458816.320833333 -14.3902414 -0.41140485769527
2458834.179166667 -21.6373240 -0.279974614336094
2458842.262500000 -23.8005705 -0.128457644779334
2458849.658333333 -24.6506498 0.0334655660680508
2458856.679166667 -24.3158596 0.20230613915949
2458863.470833333 -22.8420515 0.375343822269312
2458870.187500000 -20.2210230 0.547246154119941
2458877.225000000 -16.2698257 0.685487948965399
2458891.275000000  -6.7385533 0.463496431367326
2458895.679166667  -4.7970597 0.173644021603203
2458899.500000000  -4.2335692 -0.13368553306878
2458903.450000000  -4.8614754 -0.400723339162755
2458909.558333333  -7.4091435 -0.420873736753963
2458916.433333333 -10.2027012 -0.21933754289117
2458922.037500000 -11.3319577 -0.0141741311387391
2458927.920833333 -11.3153501 0.176484830329873
2458934.320833333 -10.0860178 0.351267618562657
2458941.287500000  -7.5389640 0.51235197955334
2458948.825000000  -3.5772849 0.661105013948174
2458957.070833333   1.9739194 0.793344570741682
2458967.533333333  10.3742775 0.822370427754867
2458977.912500000  18.8098678 0.647698147670601
2458983.612500000  22.4018448 0.428959248864443
2458988.804166667  24.5290089 0.206437905278464
2458994.229166667  25.5491301 0.00266261974555117
2459000.441666667  25.4658862 -0.167491893873553
2459008.512500000  24.0141896 -0.260954049812653
2459026.716666667  19.3636260 -0.128492966361863
2459034.366666667  18.4806035 0.0313419348517939
2459041.812500000  18.8138187 0.162254260097396
2459058.758333333  21.4634776 -0.012022875027491
2459064.475000000  21.2947820 -0.231817955042214
2459069.616666667  20.0029137 -0.4556952891053
2459075.141666667  17.3851990 -0.647531040664344
2459082.454166667  12.5501718 -0.75665075003044
2459105.325000000  -4.6551249 -0.656512286393802
2459115.420833333 -11.1831768 -0.527806703347936
2459123.520833333 -15.3584809 -0.367898024950299
2459130.012500000 -17.6467751 -0.167654422115154
2459135.212500000 -18.4186060 0.0792029116189888
2459139.529166667 -17.9770569 0.365421645748677
2459143.475000000 -16.4353360 0.653402605420915
2459148.337500000 -13.1582481 0.702810722658782
2459153.458333333  -9.6590024 0.39535503724399
2459156.945833333  -8.3801129 0.0590152345434882
2459160.554166667  -8.2670654 -0.241511566731682
2459164.966666667  -9.4325115 -0.466310344686918
2459172.187500000 -12.8995332 -0.52212203509067
2459185.066666667 -19.5240659 -0.396431455959106
2459193.450000000 -22.7476415 -0.249689160467858
2459201.041666667 -24.5433679 -0.0912445797227087
2459208.175000000 -25.0943884 0.0757992264446425