<!DOCTYPE html PUBLIC "-//W3C//DTD HTML 4.01 Transitional//EN" "http://www.w3.org/TR/html4/loose.dtd">
<html><head>
<title>Sun or Moon Rise/Set Table for One Year</title>
<meta http-equiv="Content-Type" content="text/html; charset=UTF-8">
</head>
<body>
<pre>             o  ,    o  ,                                   (NO NAME GIVEN)                            Astronomical Applications Dept.
Location:  000 00, N70 00                         Rise and Set for the Moon for 2013                   U. S. Naval Observatory        
                                                                                                       Washington, DC  20392-5420     
                                                            Universal Time                                                            
                                                                                                                                      
                                                                                                                                      
       Jan.       Feb.       Mar.       Apr.       May        June       July       Aug.       Sept.      Oct.       Nov.       Dec.  
Day Rise  Set  Rise  Set  Rise  Set  Rise  Set  Rise  Set  Rise  Set  Rise  Set  Rise  Set  Rise  Set  Rise  Set  Rise  Set  Rise  Set
     h m  h m   h m  h m   h m  h m   h m  h m   h m  h m   h m  h m   h m  h m   h m  h m   h m  h m   h m  h m   h m  h m   h m  h m
01  2012 1031       0822       0633  ---- ----  0245 0738  0039 1237  2237 1516  2044 1934       1832  0055 1636  0455 1438  0744 1245
02  2153 1024  0051 0815  0022 0626  ---- ----  0238 0937  0034 1418  2232 1657  2130 2027  0007 1830  0231 1633  0642 1435  0946 1246
03  2336 1018  0249 0806  0226 0617  0440 0758  0233 1129  0030 1557  2228 1840  2309 2027  0144 1827  0408 1630  0836 1433  1137 1303
04       1011  0501 0751  0455 0547  0431 1002  0228 1314  0025 1737  2222 2025       2024  0321 1824  0548 1627  1034 1433  1215 1436
05  0123 1004  ---- ----  ---- ----  0425 1158  0224 1456  0021 1919  **** ****  0050 2021  0458 1820  0732 1625  1232 1439  1219 1641
06  0319 0956  ---- ----  0701 0747  0420 1347  0220 1636  0016 2103  2342 2224  0229 2017  0636 1817  0920 1622  1349 1529  1218 1844
07  0526 0943  0841 1026  0630 1019  0415 1533  0215 1816  0010 2252       2216  0407 2013  0816 1814  1114 1621  1403 1719  1215 2040
08  0807 0905  0817 1253  0620 1224  0411 1715  0211 1957  0001       0128 2211  0543 2010  1000 1810  1310 1622  1404 1919  1213 2231
09  ---- ----  0807 1501  0613 1421  0406 1857  0206 2140  **** ****  0310 2207  0719 2006  1148 1808  1458 1635  1403 2115  1210     
10  ---- ----  0759 1659  0607 1613  0402 2039  0202 2325  0206 0007  0449 2202  0857 2002  1342 1805  1546 1750  1401 2306  1207 0016
11  1017 1327  0753 1851  0602 1800  0357 2222  0156       0350 0001  0626 2158  1037 1958  1538 1805  1552 1944  1358       1205 0158
11                                                              2356                                                                  
12  1000 1547  0747 2037  0557 1944  0352       0140 0122  0531 2351  0802 2154  1222 1954  1720 1824  1552 2142  1355 0052  1202 0339
13  0950 1751  0741 2221  0552 2127  0347 0007  0241 0201  0709 2346  0938 2150  1412 1950  1743 2004  1550 2336  1353 0236  1201 0520
14  0943 1946  0736       0547 2310  0340 0154  0431 0150  0845 2342  1116 2145  1610 1946  1743 2205  1547       1350 0418  1200 0701
15  0936 2134  0730 0004  0542       **** ****  0614 0145  1021 2338  1259 2141  1816 1939  1741       1545 0126  1348 0559  1203 0839
16  0930 2317  0723 0148  0536 0055  0511 0344  0753 0140  1159 2333  1447 2136  1954 2006  1738 0005  1542 0313  1347 0741  1216 1008
17  0924       0714 0334  0528 0242  0657 0336  0931 0135  1341 2328  1644 2130  1938 2229  1735 0202  1539 0458  1347 0923  1304 1101
18  0917 0059  0655 0532  **** ****  0839 0331  1109 0131  1529 2323  1853 2122  1934       1732 0355  1537 0642  1353 1100  1428 1117
19  0910 0240  **** ****  **** ****  1020 0326  1248 0127  1726 2318  ---- ----  1930 0039  1729 0544  1535 0826  1417 1219  1602 1120
20  0901 0425  **** ****  0735 0535  1159 0321  1430 0122  1933 2310  2143 2250  1926 0243  1726 0731  1535 1009  1522 1254  1737 1120
21  0846 0617  1002 0726  0924 0525  1340 0317  1617 0117  2210 2242  2127       1922 0442  1724 0916  1537 1150  1652 1304  1910 1118
22  **** ****  1153 0715  1108 0519  1523 0312  1813 0113  ---- ----  2121 0117  1918 0635  1722 1101  1548 1322  1826 1305  2042 1116
23  **** ****  1339 0707  1250 0514  1710 0308  2018 0107  2321       2115 0329  1915 0824  1721 1244  1627 1425  2000 1304  2214 1113
24  **** ****  1522 0701  1433 0509  1903 0303  2236 0101  2311 0157  2111 0532  1911 1010  1725 1422  1745 1446  2133 1302  2347 1110
25  1231 0913  1706 0656  1616 0504  2104 0258       0049  2305 0416  2107 0728  1908 1155  1742 1547  1918 1451  2306 1300       1107
26  1422 0902  1850 0650  1802 0459  2314 0252  ---- ----  2259 0622  2102 0918  1906 1338  1840 1629  2052 1452       1257  0124 1105
27  1607 0854  2036 0645  1952 0454       0245  0119 0231  2255 0819  2058 1104  1905 1520  2008 1640  2227 1450  0040 1254  0305 1102
28  1750 0847  2226 0639  2147 0449  0154 0213  0101 0458  2250 1009  2054 1248  1908 1657  2143 1642       1448  0217 1252  0454 1100
29  1932 0841             2350 0444  ---- ----  0054 0706  2246 1154  2051 1430  1935 1810  2319 1641  0001 1446  0359 1249  0650 1059
30  2115 0835                  0437  0254 0528  0048 0903  2241 1336  2047 1612  2053 1831       1639  0136 1443  0548 1246  0850 1104
31  2301 0829             0203 0425             0043 1053             2044 1754  2229 1834             0314 1440             1016 1148

(**** object continuously above horizon)                                                      (---- object continuously below horizon)

</pre>
<p>NOTE: BLANK SPACES IN THE TABLE INDICATE THAT A RISING OR A SETTING DID NOT OCCUR DURING THAT 24 HR INTERVAL.</p>
<p><a href="javascript:history.go(-1)">Back to form</a></p>


</body></html>