2455562.500000000  -4.2623838 -0.00109292237039514
2455604.108333333  -4.2078805 0.0250666456822395
2455705.250000000  -1.7725778 -0.00168306482686271
2455747.237500000  -1.9432367 -0.0282918022346095
2455797.095833333  -3.4538183 -0.04316601812976
2455903.270833333  -7.9369817 -0.0210986104451827
2455949.270833333  -8.8075497 0.00555425949717712
2455993.970833333  -8.4593030 0.0239778929784567
2456081.800000000  -6.4533368 -0.00153968947144499
2456125.312500000  -6.6203023 -0.0271823075558755
2456177.945833333  -8.1509906 -0.0394691337361394
2456278.687500000 -12.0271808 -0.0184652874051275
2456327.558333333 -12.8296100 0.00635085371800901
2456376.525000000 -12.4186319 0.0207939092367763
2456461.162500000 -10.7586675 -0.00336320789904586
2456507.391666667 -11.0141189 -0.0270932992815617
2456568.066666667 -12.7579923 -0.0339232512937213
2456655.537500000 -15.6252882 -0.0141842539923147
2456708.808333333 -16.2809201 0.0080560678644023
2456766.262500000 -15.7180775 0.0163456458974121
2456842.716666667 -14.5683717 -0.00609245524136662
2456893.637500000 -14.9786042 -0.0262827116916004
2457036.000000000 -18.6202884 -0.00809469840101529
2457097.075000000 -19.0146948 0.00999737946531444
2457230.487500000 -17.7809115 -0.0102043245723674
2457292.104166667 -18.5096646 -0.0200549857396435
2457405.712500000 -20.6880935 -0.00460739504900746
2457483.604166667 -20.9469877 0.00570852668738266
2457615.279166667 -20.2953034 -0.0106833980677801
2457725.200000000 -21.5696308 -0.00668908679482122
2457817.433333333 -22.0866004 0.000558758781437537
2458018.287500000 -22.0743668 -0.0043871575143698
2458140.037500000 -22.5085164 0.00193657214060926
2458271.391666667 -22.3541344 -0.00269944251768732
2458446.208333333 -22.7260452 0.00806182185952254
2458607.345833333 -21.5269727 -0.0073398232587355
2458759.562500000 -22.5442237 0.00688419327618045
2458838.787500000 -21.8988322 0.016999798214188
2458959.195833333 -19.9519045 -0.00229023655521166
2459017.170833333 -20.1846616 -0.0136650722365813
2459114.383333333 -21.4130827 0.00475852110025608