2455562.500000000 196.1334859 0.0248980313998294
2455589.275000000 196.7001692 -0.0190592701081926
2455616.575000000 196.0798706 -0.0586644379209708
2455654.350000000 193.7638443 -0.0648132659293288
2455696.441666667 191.1357094 -0.0275205300729073
2455724.850000000 190.4538490 0.0146959816611777
2455752.595833333 190.9615582 0.0554517277723262
2455782.970833333 192.7458766 0.0908092860266342
2455821.166666667 196.3144060 0.109848743648506
2455899.195833333 204.7858446 0.0789086383199726
2455931.016666667 207.1968022 0.0386339223473425
2455958.220833333 208.1478479 -0.00535945551388923
2455984.820833333 207.9053186 -0.0474187762969887
2456016.225000000 206.3161745 -0.0674628122977139
2456072.004166667 202.6531278 -0.0310349531372592
2456100.704166667 201.8624218 0.0111813718102247
2456128.341666667 202.2714190 0.0524517337901941
2456158.208333333 203.9379716 0.0888397294675248
2456194.775000000 207.2865177 0.111052474240005
2456277.054166667 216.3238568 0.079481254336558
2456308.420833333 218.7169260 0.0386683440650696
2456335.400000000 219.6601669 -0.00573287125690677
2456361.850000000 219.4085833 -0.0481115092906084
2456393.050000000 217.8075111 -0.0687544546874957
2456449.316666667 214.0389003 -0.0322645824445793
2456477.845833333 213.2183874 0.0101825235401112
2456505.191666667 213.5968073 0.0519273317456341
2456534.525000000 215.2199673 0.0891084749710339
2456569.987500000 218.4799731 0.113353625761364
2456653.979166667 227.9007375 0.0812811245924769
2456684.904166667 230.3143750 0.0400747197014548
2456711.608333333 231.2845405 -0.0046849418688455
2456737.762500000 231.0620345 -0.047565262412419
2456768.200000000 229.5142938 -0.0703438722965678
2456826.500000000 225.5132230 -0.0335792057890725
2456854.733333333 224.6651427 0.0092826055884899
2456881.670833333 225.0151699 0.0516631411496621
2456910.375000000 226.5980911 0.0897053997050305
2456944.650000000 229.7727152 0.116093964246543
2457030.391666667 239.6268160 0.0835386971260463
2457060.945833333 242.0793088 0.0420255497835078
2457087.400000000 243.0910831 -0.00302810324256418
2457113.258333333 242.9128155 -0.0464622227086163
2457142.870833333 241.4369875 -0.0718748115107529
2457203.704166667 237.1645873 -0.0346317443249425
2457231.629166667 236.2974943 0.00885546273912964
2457258.187500000 236.6326695 0.0520206971833383
2457286.362500000 238.1983144 0.0909365478370549
2457319.745833333 241.3340674 0.118859453409145
2457406.254166667 251.5164197 0.0859413542307944
2457436.658333333 254.0293988 0.0441673575915239
2457463.029166667 255.0941705 -0.00118612396790597
2457488.754166667 254.9636683 -0.0451879359091643
2457517.808333333 253.5507806 -0.0730784410134957
2457580.920833333 249.0385996 -0.0353345662352459
2457608.550000000 248.1623023 0.00879372484821951
2457634.766666667 248.4928293 0.0526946610010761
2457662.512500000 250.0548785 0.0923659016991688
2457695.337500000 253.1867679 0.121098331875162
2457781.733333333 263.5491843 0.0880914776821092
2457812.145833333 266.1282900 0.0463014448815715
2457838.570833333 267.2518261 0.000906422514030786
2457864.245833333 267.1751122 -0.0433849204795554
2457892.854166667 265.8339607 -0.0736137808098588
2457958.250000000 261.1199219 -0.0354895621902058
2457985.579166667 260.2500056 0.00908157414709679
2458011.479166667 260.5852114 0.0534527044188653
2458038.875000000 262.1495761 0.0935309357483947
2458071.379166667 265.2896963 0.12229700740573
2458157.100000000 275.6730995 0.0894846852524329
2458187.641666667 278.3061416 0.0480669488962682
2458214.191666667 279.4823547 0.0030199277008214
2458239.900000000 279.4599954 -0.0411928282628735
2458268.208333333 278.1939203 -0.0732862082379004
2458335.750000000 273.3440360 -0.0349194770941775
2458362.845833333 272.4978291 0.00986676224373998
2458388.541666667 272.8513119 0.054416404920827
2458415.783333333 274.4336948 0.094511303760823
2458448.345833333 277.6111860 0.122246782613473
2458532.525000000 287.8018341 0.0897997615542523
2458563.450000000 290.4789324 0.0488930842880887
2458590.308333333 291.6921722 0.0043384165461604
2458616.258333333 291.7047651 -0.0395877067179261
2458644.658333333 290.4804968 -0.0722801163302163
2458713.270833333 285.6211352 -0.0338122636279057
2458740.320833333 284.8064885 0.0110435262051499
2458766.016666667 285.1902235 0.05557446777356
2458793.395833333 286.8118061 0.0953556941001096
2458826.566666667 290.0748172 0.120986828628492
2458908.166666667 299.8473520 0.0891126365699464
2458939.687500000 302.5562632 0.0488031702777657
2458967.020833333 303.7902492 0.0048191454937857
2458993.370833333 303.8172565 -0.0386401458471844
2459022.158333333 302.6049046 -0.0707925656071514
2459090.783333333 297.8467636 -0.0323951781881315
2459117.954166667 297.0665131 0.012374701699721
2459143.820833333 297.4865938 0.0566494904644349
2459171.554166667 299.1576344 0.0957992858095828