<!DOCTYPE html PUBLIC "-//W3C//DTD HTML 4.01 Transitional//EN" "http://www.w3.org/TR/html4/loose.dtd">
<html><head>
<title>Sun or Moon Rise/Set Table for One Year</title>
<meta http-equiv="Content-Type" content="text/html; charset=UTF-8">
</head>
<body>
<pre>             o  ,    o  ,                                   (NO NAME GIVEN)                            Astronomical Applications Dept.
Location:  000 00, N65 00                          Rise and Set for the Sun for 2012                   U. S. Naval Observatory        
                                                                                                       Washington, DC  20392-5420     
                                                            Universal Time                                                            
                                                                                                                                      
                                                                                                                                      
       Jan.       Feb.       Mar.       Apr.       May        June       July       Aug.       Sept.      Oct.       Nov.       Dec.  
Day Rise  Set  Rise  Set  Rise  Set  Rise  Set  Rise  Set  Rise  Set  Rise  Set  Rise  Set  Rise  Set  Rise  Set  Rise  Set  Rise  Set
     h m  h m   h m  h m   h m  h m   h m  h m   h m  h m   h m  h m   h m  h m   h m  h m   h m  h m   h m  h m   h m  h m   h m  h m
01  1007 1400  0849 1539  0709 1717  0515 1854  0325 2032  0137 2221  0116 2250  0259 2111  0440 1917  0611 1727  0750 1536  0931 1407
02  1006 1402  0846 1542  0705 1720  0511 1857  0321 2035  0134 2224  0118 2248  0302 2108  0443 1914  0614 1723  0753 1533  0934 1404
03  1004 1404  0843 1546  0702 1724  0508 1900  0317 2039  0131 2228  0121 2245  0306 2104  0446 1910  0617 1720  0756 1530  0937 1402
04  1003 1407  0839 1549  0658 1727  0504 1904  0314 2042  0129 2231  0124 2243  0309 2100  0449 1906  0620 1716  0800 1526  0940 1400
05  1001 1409  0836 1553  0654 1730  0500 1907  0310 2046  0126 2234  0127 2240  0313 2057  0452 1903  0623 1712  0803 1523  0943 1358
06  1000 1412  0833 1556  0651 1733  0457 1910  0306 2049  0123 2237  0130 2237  0316 2053  0455 1859  0626 1709  0807 1520  0946 1357
07  0958 1415  0829 1600  0647 1736  0453 1913  0303 2053  0120 2240  0133 2235  0319 2049  0458 1855  0629 1705  0810 1516  0948 1355
08  0956 1418  0826 1603  0643 1740  0449 1916  0259 2056  0118 2243  0136 2232  0323 2046  0501 1852  0632 1701  0814 1513  0951 1353
09  0954 1421  0823 1607  0640 1743  0446 1919  0256 2100  0116 2245  0139 2229  0326 2042  0505 1848  0635 1658  0817 1510  0953 1352
10  0952 1424  0819 1610  0636 1746  0442 1923  0252 2103  0113 2248  0142 2226  0330 2039  0508 1844  0638 1654  0821 1506  0955 1350
11  0949 1427  0816 1614  0632 1749  0438 1926  0248 2107  0111 2250  0146 2223  0333 2035  0511 1841  0641 1651  0824 1503  0957 1349
12  0947 1430  0812 1617  0629 1752  0435 1929  0245 2110  0109 2253  0149 2220  0336 2031  0514 1837  0644 1647  0828 1500  0959 1348
13  0945 1433  0809 1621  0625 1755  0431 1932  0241 2114  0107 2255  0152 2216  0340 2028  0517 1833  0648 1643  0831 1457  1001 1347
14  0942 1436  0805 1624  0621 1758  0427 1935  0238 2118  0106 2256  0156 2213  0343 2024  0520 1829  0651 1640  0834 1454  1003 1347
15  0940 1439  0802 1627  0618 1801  0423 1939  0234 2121  0104 2258  0159 2210  0346 2020  0523 1826  0654 1636  0838 1451  1005 1346
16  0937 1443  0759 1631  0614 1805  0420 1942  0231 2125  0103 2300  0203 2207  0349 2017  0526 1822  0657 1633  0841 1447  1006 1345
17  0934 1446  0755 1634  0610 1808  0416 1945  0227 2128  0102 2301  0206 2203  0353 2013  0529 1818  0700 1629  0845 1444  1007 1345
18  0932 1449  0752 1638  0607 1811  0412 1948  0224 2132  0101 2302  0210 2200  0356 2009  0532 1815  0703 1625  0848 1441  1008 1345
19  0929 1453  0748 1641  0603 1814  0409 1952  0220 2136  0101 2302  0213 2157  0359 2005  0535 1811  0707 1622  0852 1438  1009 1345
20  0926 1456  0744 1644  0559 1817  0405 1955  0217 2139  0101 2303  0217 2153  0402 2002  0538 1807  0710 1618  0855 1435  1010 1345
21  0923 1500  0741 1648  0556 1820  0401 1958  0213 2143  0101 2303  0220 2150  0406 1958  0541 1804  0713 1615  0859 1433  1011 1346
22  0920 1503  0737 1651  0552 1823  0358 2002  0210 2146  0101 2302  0224 2146  0409 1954  0544 1800  0716 1611  0902 1430  1011 1346
23  0917 1507  0734 1654  0548 1826  0354 2005  0207 2150  0102 2302  0227 2143  0412 1951  0547 1756  0720 1608  0905 1427  1011 1347
24  0914 1510  0730 1658  0545 1829  0350 2008  0203 2153  0103 2301  0231 2139  0415 1947  0550 1753  0723 1604  0909 1424  1011 1348
25  0911 1514  0727 1701  0541 1832  0347 2012  0200 2157  0104 2300  0234 2136  0418 1943  0553 1749  0726 1601  0912 1421  1011 1349
26  0908 1517  0723 1704  0537 1836  0343 2015  0157 2201  0106 2259  0238 2132  0422 1940  0556 1745  0730 1557  0915 1419  1011 1351
27  0905 1521  0720 1707  0534 1839  0339 2018  0153 2204  0107 2258  0241 2129  0425 1936  0559 1742  0733 1554  0919 1416  1011 1352
28  0902 1524  0716 1711  0530 1842  0336 2022  0150 2208  0109 2256  0245 2125  0428 1932  0602 1738  0736 1550  0922 1414  1010 1354
29  0859 1528  0712 1714  0526 1845  0332 2025  0147 2211  0111 2254  0248 2122  0431 1929  0605 1734  0740 1547  0925 1411  1009 1355
30  0856 1532             0523 1848  0328 2029  0144 2214  0113 2252  0252 2118  0434 1925  0608 1731  0743 1543  0928 1409  1008 1357
31  0853 1535             0519 1851             0140 2218             0255 2115  0437 1921             0746 1540             1007 1359

</pre>
<p><a href="javascript:history.go(-1)">Back to form</a></p>


</body></html>