<!DOCTYPE html PUBLIC "-//W3C//DTD HTML 4.01 Transitional//EN" "http://www.w3.org/TR/html4/loose.dtd">
<html><head>
<title>Sun or Moon Rise/Set Table for One Year</title>
<meta http-equiv="Content-Type" content="text/html; charset=UTF-8">
</head>
<body>
<pre>             o  ,    o  ,                                   (NO NAME GIVEN)                            Astronomical Applications Dept.
Location:  000 00, N55 00                          Rise and Set for the Sun for 2012                   U. S. Naval Observatory        
                                                                                                       Washington, DC  20392-5420     
                                                            Universal Time                                                            
                                                                                                                                      
                                                                                                                                      
       Jan.       Feb.       Mar.       Apr.       May        June       July       Aug.       Sept.      Oct.       Nov.       Dec.  
Day Rise  Set  Rise  Set  Rise  Set  Rise  Set  Rise  Set  Rise  Set  Rise  Set  Rise  Set  Rise  Set  Rise  Set  Rise  Set  Rise  Set
     h m  h m   h m  h m   h m  h m   h m  h m   h m  h m   h m  h m   h m  h m   h m  h m   h m  h m   h m  h m   h m  h m   h m  h m
01  0825 1542  0752 1636  0649 1736  0531 1838  0419 1936  0328 2028  0326 2042  0409 2002  0507 1852  0603 1735  0704 1622  0802 1536
02  0825 1543  0750 1638  0647 1738  0528 1840  0417 1938  0327 2029  0327 2041  0411 2000  0509 1849  0605 1732  0706 1620  0803 1536
03  0824 1544  0748 1640  0644 1740  0526 1842  0415 1940  0327 2031  0328 2040  0413 1958  0511 1847  0607 1730  0708 1618  0805 1535
04  0824 1546  0746 1642  0642 1742  0523 1844  0413 1942  0326 2032  0329 2040  0415 1956  0512 1844  0609 1727  0710 1616  0806 1534
05  0824 1547  0745 1644  0639 1745  0521 1846  0411 1944  0325 2033  0330 2039  0417 1954  0514 1842  0611 1725  0713 1614  0807 1534
06  0823 1548  0743 1646  0637 1747  0518 1847  0409 1946  0324 2034  0331 2038  0418 1952  0516 1839  0613 1722  0715 1612  0809 1533
07  0823 1550  0741 1648  0634 1749  0516 1849  0407 1947  0324 2035  0332 2038  0420 1950  0518 1836  0614 1720  0717 1610  0810 1533
08  0822 1551  0739 1650  0632 1751  0513 1851  0405 1949  0323 2036  0333 2037  0422 1948  0520 1834  0616 1717  0719 1608  0811 1532
09  0821 1553  0737 1653  0629 1753  0511 1853  0403 1951  0322 2037  0334 2036  0424 1946  0522 1831  0618 1715  0721 1606  0813 1532
10  0821 1554  0735 1655  0627 1755  0508 1855  0401 1953  0322 2038  0335 2035  0426 1944  0524 1829  0620 1712  0723 1605  0814 1532
11  0820 1556  0732 1657  0624 1757  0506 1857  0359 1955  0321 2038  0336 2034  0428 1941  0525 1826  0622 1710  0725 1603  0815 1532
12  0819 1557  0730 1659  0622 1758  0503 1859  0357 1957  0321 2039  0338 2033  0430 1939  0527 1824  0624 1708  0727 1601  0816 1531
13  0818 1559  0728 1701  0619 1800  0501 1901  0355 1958  0321 2040  0339 2032  0431 1937  0529 1821  0626 1705  0729 1559  0817 1531
14  0817 1601  0726 1703  0617 1802  0459 1903  0354 2000  0321 2040  0340 2031  0433 1935  0531 1819  0628 1703  0731 1558  0818 1531
15  0816 1603  0724 1705  0614 1804  0456 1905  0352 2002  0320 2041  0342 2029  0435 1932  0533 1816  0630 1700  0733 1556  0819 1532
16  0815 1604  0722 1707  0612 1806  0454 1907  0350 2004  0320 2041  0343 2028  0437 1930  0535 1813  0632 1658  0735 1555  0820 1532
17  0814 1606  0719 1709  0609 1808  0451 1909  0348 2006  0320 2042  0345 2027  0439 1928  0537 1811  0634 1656  0737 1553  0821 1532
18  0813 1608  0717 1712  0607 1810  0449 1911  0347 2007  0320 2042  0346 2025  0441 1925  0539 1808  0636 1653  0739 1551  0821 1532
19  0812 1610  0715 1714  0604 1812  0447 1913  0345 2009  0320 2043  0348 2024  0443 1923  0540 1806  0638 1651  0740 1550  0822 1532
20  0811 1612  0713 1716  0602 1814  0444 1915  0344 2011  0320 2043  0349 2023  0444 1921  0542 1803  0640 1648  0742 1549  0823 1533
21  0809 1614  0710 1718  0559 1816  0442 1917  0342 2012  0321 2043  0351 2021  0446 1918  0544 1801  0642 1646  0744 1547  0823 1533
22  0808 1616  0708 1720  0556 1818  0440 1919  0341 2014  0321 2043  0352 2019  0448 1916  0546 1758  0644 1644  0746 1546  0824 1534
23  0806 1618  0706 1722  0554 1820  0437 1921  0339 2015  0321 2043  0354 2018  0450 1914  0548 1755  0646 1642  0748 1545  0824 1535
24  0805 1619  0703 1724  0551 1822  0435 1923  0338 2017  0322 2043  0356 2016  0452 1911  0550 1753  0648 1639  0750 1543  0824 1535
25  0803 1621  0701 1726  0549 1824  0433 1924  0336 2019  0322 2043  0357 2015  0454 1909  0552 1750  0650 1637  0752 1542  0825 1536
26  0802 1623  0659 1728  0546 1826  0430 1926  0335 2020  0323 2043  0359 2013  0456 1906  0554 1748  0652 1635  0753 1541  0825 1537
27  0800 1626  0656 1730  0544 1828  0428 1928  0334 2021  0323 2043  0401 2011  0458 1904  0555 1745  0654 1633  0755 1540  0825 1538
28  0759 1628  0654 1732  0541 1830  0426 1930  0333 2023  0324 2043  0402 2009  0459 1902  0557 1743  0656 1630  0757 1539  0825 1539
29  0757 1630  0652 1734  0539 1832  0424 1932  0332 2024  0324 2042  0404 2008  0501 1859  0559 1740  0658 1628  0758 1538  0825 1540
30  0755 1632             0536 1834  0421 1934  0330 2026  0325 2042  0406 2006  0503 1857  0601 1738  0700 1626  0800 1537  0825 1541
31  0754 1634             0534 1836             0329 2027             0408 2004  0505 1854             0702 1624             0825 1542

</pre>
<p><a href="javascript:history.go(-1)">Back to form</a></p>


</body></html>