<!DOCTYPE html PUBLIC "-//W3C//DTD HTML 4.01 Transitional//EN" "http://www.w3.org/TR/html4/loose.dtd">
<html><head>
<title>Sun or Moon Rise/Set Table for One Year</title>
<meta http-equiv="Content-Type" content="text/html; charset=UTF-8">
</head>
<body>
<pre>             o  ,    o  ,                                   (NO NAME GIVEN)                            Astronomical Applications Dept.
Location:  000 00, N45 00                          Rise and Set for the Sun for 2012                   U. S. Naval Observatory        
                                                                                                       Washington, DC  20392-5420     
                                                            Universal Time                                                            
                                                                                                                                      
                                                                                                                                      
       Jan.       Feb.       Mar.       Apr.       May        June       July       Aug.       Sept.      Oct.       Nov.       Dec.  
Day Rise  Set  Rise  Set  Rise  Set  Rise  Set  Rise  Set  Rise  Set  Rise  Set  Rise  Set  Rise  Set  Rise  Set  Rise  Set  Rise  Set
     h m  h m   h m  h m   h m  h m   h m  h m   h m  h m   h m  h m   h m  h m   h m  h m   h m  h m   h m  h m   h m  h m   h m  h m
01  0738 1629  0721 1707  0637 1748  0540 1828  0449 1906  0416 1940  0417 1950  0446 1926  0522 1837  0558 1740  0639 1648  0718 1620
02  0738 1629  0719 1708  0636 1749  0538 1829  0448 1907  0416 1941  0418 1950  0447 1925  0524 1835  0600 1738  0640 1646  0719 1619
03  0738 1630  0718 1710  0634 1751  0537 1831  0446 1908  0415 1941  0419 1950  0448 1924  0525 1833  0601 1736  0642 1645  0720 1619
04  0738 1631  0717 1711  0632 1752  0535 1832  0445 1910  0415 1942  0419 1950  0449 1922  0526 1831  0602 1734  0643 1644  0722 1619
05  0738 1632  0716 1713  0630 1753  0533 1833  0443 1911  0415 1943  0420 1949  0450 1921  0527 1829  0603 1733  0644 1642  0723 1619
06  0738 1633  0715 1714  0629 1755  0531 1834  0442 1912  0414 1944  0421 1949  0451 1919  0528 1827  0605 1731  0646 1641  0724 1619
07  0738 1634  0713 1716  0627 1756  0529 1836  0441 1913  0414 1944  0421 1948  0453 1918  0529 1825  0606 1729  0647 1640  0725 1618
08  0738 1636  0712 1717  0625 1757  0527 1837  0439 1914  0414 1945  0422 1948  0454 1917  0531 1824  0607 1727  0648 1639  0726 1618
09  0737 1637  0711 1718  0623 1759  0526 1838  0438 1916  0413 1946  0423 1947  0455 1915  0532 1822  0608 1725  0650 1637  0727 1618
10  0737 1638  0709 1720  0621 1800  0524 1840  0437 1917  0413 1946  0424 1947  0456 1914  0533 1820  0610 1723  0651 1636  0727 1618
11  0737 1639  0708 1721  0619 1801  0522 1841  0435 1918  0413 1947  0424 1946  0457 1912  0534 1818  0611 1722  0653 1635  0728 1618
12  0736 1640  0706 1723  0618 1802  0520 1842  0434 1919  0413 1947  0425 1946  0458 1911  0535 1816  0612 1720  0654 1634  0729 1618
13  0736 1641  0705 1724  0616 1804  0518 1843  0433 1920  0413 1948  0426 1945  0500 1909  0537 1814  0613 1718  0655 1633  0730 1619
14  0736 1643  0703 1726  0614 1805  0517 1845  0432 1922  0413 1948  0427 1944  0501 1907  0538 1812  0615 1716  0657 1632  0731 1619
15  0735 1644  0702 1727  0612 1806  0515 1846  0431 1923  0413 1949  0428 1944  0502 1906  0539 1810  0616 1715  0658 1631  0732 1619
16  0734 1645  0700 1728  0610 1808  0513 1847  0430 1924  0413 1949  0429 1943  0503 1904  0540 1808  0617 1713  0659 1630  0732 1619
17  0734 1646  0659 1730  0608 1809  0511 1848  0429 1925  0413 1949  0430 1942  0504 1903  0541 1806  0619 1711  0701 1629  0733 1620
18  0733 1648  0657 1731  0606 1810  0510 1850  0427 1926  0413 1950  0431 1941  0506 1901  0543 1805  0620 1709  0702 1628  0734 1620
19  0733 1649  0656 1733  0605 1812  0508 1851  0426 1927  0413 1950  0432 1940  0507 1859  0544 1803  0621 1708  0703 1627  0734 1620
20  0732 1650  0654 1734  0603 1813  0506 1852  0425 1928  0413 1950  0433 1939  0508 1858  0545 1801  0623 1706  0705 1626  0735 1621
21  0731 1652  0653 1735  0601 1814  0505 1853  0425 1929  0413 1950  0434 1939  0509 1856  0546 1759  0624 1705  0706 1626  0735 1621
22  0730 1653  0651 1737  0559 1815  0503 1855  0424 1930  0414 1951  0435 1938  0510 1854  0547 1757  0625 1703  0707 1625  0736 1622
23  0730 1654  0649 1738  0557 1817  0501 1856  0423 1931  0414 1951  0436 1937  0512 1853  0549 1755  0627 1701  0709 1624  0736 1622
24  0729 1656  0648 1740  0555 1818  0500 1857  0422 1932  0414 1951  0437 1936  0513 1851  0550 1753  0628 1700  0710 1623  0737 1623
25  0728 1657  0646 1741  0553 1819  0458 1858  0421 1933  0415 1951  0438 1934  0514 1849  0551 1751  0629 1658  0711 1623  0737 1624
26  0727 1658  0644 1742  0551 1820  0457 1900  0420 1934  0415 1951  0439 1933  0515 1847  0552 1749  0631 1657  0712 1622  0737 1624
27  0726 1700  0643 1744  0550 1822  0455 1901  0420 1935  0415 1951  0440 1932  0516 1846  0553 1747  0632 1655  0714 1622  0738 1625
28  0725 1701  0641 1745  0548 1823  0454 1902  0419 1936  0416 1951  0441 1931  0518 1844  0555 1746  0633 1654  0715 1621  0738 1626
29  0724 1703  0639 1746  0546 1824  0452 1903  0418 1937  0416 1951  0442 1930  0519 1842  0556 1744  0635 1652  0716 1621  0738 1627
30  0723 1704             0544 1826  0450 1905  0418 1938  0417 1951  0443 1929  0520 1840  0557 1742  0636 1651  0717 1620  0738 1627
31  0722 1705             0542 1827             0417 1939             0445 1927  0521 1838             0637 1649             0738 1628

</pre>
<p><a href="javascript:history.go(-1)">Back to form</a></p>


</body></html>