<!DOCTYPE html PUBLIC "-//W3C//DTD HTML 4.01 Transitional//EN" "http://www.w3.org/TR/html4/loose.dtd">
<html><head>
<title>Sun or Moon Rise/Set Table for One Year</title>
<meta http-equiv="Content-Type" content="text/html; charset=UTF-8">
</head>
<body>
<pre>             o  ,    o  ,                                   (NO NAME GIVEN)                            Astronomical Applications Dept.
Location:  000 00, N60 00                          Rise and Set for the Sun for 2012                   U. S. Naval Observatory        
                                                                                                       Washington, DC  20392-5420     
                                                            Universal Time                                                            
                                                                                                                                      
                                                                                                                                      
       Jan.       Feb.       Mar.       Apr.       May        June       July       Aug.       Sept.      Oct.       Nov.       Dec.  
Day Rise  Set  Rise  Set  Rise  Set  Rise  Set  Rise  Set  Rise  Set  Rise  Set  Rise  Set  Rise  Set  Rise  Set  Rise  Set  Rise  Set
     h m  h m   h m  h m   h m  h m   h m  h m   h m  h m   h m  h m   h m  h m   h m  h m   h m  h m   h m  h m   h m  h m   h m  h m
01  0902 1504  0815 1613  0657 1728  0524 1845  0357 1959  0249 2108  0243 2125  0342 2029  0456 1902  0606 1732  0723 1603  0836 1502
02  0902 1506  0813 1615  0655 1731  0521 1847  0354 2001  0247 2110  0244 2124  0344 2027  0458 1859  0609 1729  0726 1601  0838 1501
03  0901 1507  0810 1618  0652 1733  0518 1850  0352 2004  0246 2111  0245 2123  0346 2024  0500 1856  0611 1725  0728 1558  0840 1500
04  0901 1509  0808 1620  0649 1736  0515 1852  0349 2006  0245 2113  0246 2122  0349 2022  0503 1853  0613 1722  0731 1556  0841 1459
05  0900 1511  0806 1623  0646 1738  0512 1854  0346 2009  0244 2114  0248 2121  0351 2019  0505 1850  0616 1719  0733 1553  0843 1458
06  0859 1512  0803 1626  0643 1741  0509 1857  0344 2011  0243 2116  0249 2120  0353 2017  0507 1847  0618 1717  0736 1551  0845 1457
07  0858 1514  0801 1628  0640 1743  0506 1859  0341 2014  0241 2117  0250 2118  0356 2014  0510 1844  0621 1714  0739 1548  0847 1456
08  0857 1516  0758 1631  0637 1746  0503 1902  0339 2016  0241 2119  0252 2117  0358 2011  0512 1841  0623 1711  0741 1546  0848 1456
09  0856 1518  0756 1634  0634 1748  0500 1904  0336 2018  0240 2120  0254 2116  0401 2009  0514 1838  0625 1708  0744 1543  0850 1455
10  0855 1520  0753 1636  0631 1751  0457 1907  0334 2021  0239 2121  0255 2114  0403 2006  0517 1835  0628 1705  0746 1541  0851 1454
11  0854 1522  0750 1639  0628 1753  0454 1909  0331 2023  0238 2122  0257 2113  0405 2003  0519 1832  0630 1702  0749 1539  0853 1454
12  0853 1524  0748 1642  0625 1756  0451 1912  0329 2026  0238 2123  0259 2111  0408 2000  0522 1829  0633 1659  0751 1536  0854 1454
13  0851 1526  0745 1644  0622 1758  0448 1914  0326 2028  0237 2124  0301 2110  0410 1958  0524 1826  0635 1656  0754 1534  0855 1453
14  0850 1528  0743 1647  0619 1801  0445 1917  0324 2030  0237 2125  0302 2108  0413 1955  0526 1823  0638 1653  0756 1532  0856 1453
15  0849 1530  0740 1650  0616 1803  0443 1919  0322 2033  0236 2125  0304 2106  0415 1952  0529 1820  0640 1650  0759 1530  0858 1453
16  0847 1533  0737 1652  0613 1806  0440 1921  0319 2035  0236 2126  0306 2105  0417 1949  0531 1817  0643 1647  0801 1528  0858 1453
17  0845 1535  0734 1655  0610 1808  0437 1924  0317 2037  0236 2127  0308 2103  0420 1946  0533 1814  0645 1644  0804 1526  0859 1453
18  0844 1537  0732 1657  0607 1810  0434 1926  0315 2040  0236 2127  0310 2101  0422 1944  0536 1811  0648 1641  0806 1524  0900 1453
19  0842 1540  0729 1700  0604 1813  0431 1929  0313 2042  0236 2127  0312 2059  0425 1941  0538 1808  0650 1639  0809 1522  0901 1454
20  0840 1542  0726 1703  0601 1815  0428 1931  0310 2044  0236 2128  0314 2057  0427 1938  0540 1805  0653 1636  0811 1520  0902 1454
21  0838 1545  0723 1705  0558 1818  0425 1934  0308 2046  0236 2128  0317 2055  0430 1935  0543 1802  0655 1633  0813 1518  0902 1454
22  0837 1547  0720 1708  0555 1820  0422 1936  0306 2049  0236 2128  0319 2053  0432 1932  0545 1759  0658 1630  0816 1516  0903 1455
23  0835 1550  0718 1710  0552 1823  0419 1939  0304 2051  0237 2128  0321 2051  0434 1929  0547 1756  0700 1627  0818 1514  0903 1456
24  0833 1552  0715 1713  0549 1825  0416 1941  0302 2053  0237 2128  0323 2048  0437 1926  0550 1753  0703 1625  0821 1513  0903 1456
25  0831 1555  0712 1715  0546 1828  0414 1944  0301 2055  0238 2128  0325 2046  0439 1923  0552 1750  0705 1622  0823 1511  0903 1457
26  0829 1557  0709 1718  0543 1830  0411 1946  0259 2057  0238 2127  0328 2044  0441 1920  0554 1747  0708 1619  0825 1509  0904 1458
27  0826 1600  0706 1721  0539 1833  0408 1949  0257 2059  0239 2127  0330 2041  0444 1917  0557 1744  0710 1616  0827 1508  0904 1459
28  0824 1602  0703 1723  0536 1835  0405 1951  0255 2101  0240 2126  0332 2039  0446 1914  0559 1741  0713 1614  0829 1506  0903 1500
29  0822 1605  0700 1726  0533 1837  0403 1954  0253 2103  0241 2126  0335 2037  0449 1911  0602 1738  0715 1611  0832 1505  0903 1501
30  0820 1607             0530 1840  0400 1956  0252 2105  0242 2125  0337 2034  0451 1908  0604 1735  0718 1608  0834 1504  0903 1503
31  0818 1610             0527 1842             0250 2106             0339 2032  0453 1905             0720 1606             0903 1504

</pre>
<p><a href="javascript:history.go(-1)">Back to form</a></p>


</body></html>