2455562.500000000 -15.2368062 -0.210569867011331
2455582.108333333 -19.2657433 -0.130426674074974
2455594.879166667 -20.8314761 -0.0327338449482934
2455606.279166667 -21.1047463 0.071861174518629
2455617.295833333 -20.2132009 0.177211730497526
2455628.570833333 -18.1151702 0.277594131719965
2455640.745833333 -14.6355620 0.368030113028112
2455654.908333333  -9.3234262 0.440939421768163
2455675.675000000  -0.0666289 0.457178388176824
2455701.520833333  11.6495815 0.389047107371621
2455715.929166667  17.1551170 0.299157825236268
2455727.883333333  20.6313029 0.196044509527216
2455738.666666667  22.6454499 0.0846211777007552
2455748.887500000  23.4103953 -0.0306555610622622
2455758.966666667  23.0015287 -0.145561113505247
2455769.275000000  21.4011184 -0.255878132146863
2455780.266666667  18.4886985 -0.357028068722032
2455792.620833333  13.9779435 -0.444072963502405
2455807.987500000   7.0540437 -0.499567475185217
2455846.008333333 -11.8400044 -0.428690240935471
2455859.891666667 -17.6917450 -0.335415783968615
2455871.383333333 -21.4463601 -0.22809204059958
2455881.737500000 -23.7081353 -0.111937799662589
2455891.529166667 -24.7042872 0.00851476793591176
2455901.170833333 -24.5222080 0.128729362970448
2455911.020833333 -23.1542748 0.244358196150848
2455921.483333333 -20.4977606 0.350793891898453
2455933.208333333 -16.2848120 0.442766439110082
2455947.529166667  -9.8440487 0.511575799748646
2455990.225000000  11.8981316 0.442385319058571
2456004.787500000  18.2404207 0.355229459494735
2456017.308333333  22.5883052 0.258335153123061
2456029.008333333  25.5108887 0.157635839291609
2456040.575000000  27.2343109 0.0576806515094138
2456052.354166667  27.8137840 -0.0414390505208718
2456063.775000000  27.2405239 -0.148713289461782
2456074.066666667  25.6100203 -0.262971358903049
2456085.937500000  22.3884132 -0.282462866467382
2456098.337500000  18.9858600 -0.15965356493143
2456107.358333333  17.6456327 -0.0337868030358836
2456117.508333333  17.4026746 0.0660057423881557
2456134.308333333  18.6115194 0.0758255608184839
2456153.216666667  19.9452871 -0.00472443442322915
2456166.200000000  19.7840569 -0.0993984486737683
2456178.129166667  18.4983628 -0.197889498151889
2456190.075000000  16.0344804 -0.29321044234855
2456202.820833333  12.1972703 -0.379764163766876
2456217.691666667   6.4499340 -0.44810848386845
2456243.879166667  -5.3848845 -0.440300342955222
2456263.037500000 -13.7203713 -0.363247624199289
2456276.191666667 -18.3986930 -0.266441350412658
2456287.420833333 -21.2906569 -0.157697452483303
2456297.741666667 -22.8183274 -0.0422078892072134
2456307.691666667 -23.1383163 0.0752798418059038
2456317.675000000 -22.2868741 0.190263435058167
2456328.087500000 -20.2058758 0.298314371903694
2456339.479166667 -16.7075993 0.394422257235041
2456352.833333333 -11.3404265 0.472257781278963
2456371.825000000  -2.2714905 0.495012708288927
2456399.104166667  11.1320837 0.425937862402571
2456413.308333333  17.0821794 0.334806724794051
2456425.079166667  20.9231986 0.229952391392995
2456435.679166667  23.2607275 0.116485295592994
2456445.708333333  24.3289883 -0.001180645451409
2456455.570833333  24.2174643 -0.118689335007713
2456465.641666667  22.9222378 -0.231815730785948
2456476.316666667  20.3477285 -0.33638587105086
2456488.208333333  16.2475449 -0.427447792706039
2456502.566666667  10.0101181 -0.498075591383857
2456526.370833333  -1.9461299 -0.500931867475224
2456548.770833333 -13.0670562 -0.430647136678958
2456563.025000000 -19.1056669 -0.340900911875362
2456575.079166667 -23.1150169 -0.239232674225494
2456586.095833333 -25.6506153 -0.131001554346051
2456596.733333333 -26.9441754 -0.0215762174280244
2456607.562500000 -27.0779330 0.0827511215563503
2456619.395833333 -25.9988172 0.17360539386611
2456634.645833333 -23.2513847 0.210146803107441
2456660.850000000 -17.8446083 0.134454372614054
2456673.929166667 -16.1859953 0.0387383958956624
2456686.354166667 -15.8046678 -0.0324825412537163
2456715.791666667 -16.6609224 0.0488555808340522
2456728.729166667 -15.9289646 0.142818907151064
2456740.945833333 -14.0842860 0.2372331983663
2456753.725000000 -10.9526636 0.3241917547051
2456768.258333333  -6.1411614 0.396080215797602
2456789.162500000   2.2385136 0.412907223171681
2456815.462500000  12.9980287 0.344968654983451
2456829.958333333  17.8986697 0.255783801829702
2456842.016666667  20.8830273 0.153754529753675
2456852.945833333  22.4635684 0.0441365471963447
2456863.362500000  22.8234548 -0.0686124024812587
2456873.704166667  22.0140079 -0.180157412817743
2456884.370833333  19.9924264 -0.286305471393265
2456895.866666667  16.6012028 -0.382262673449422
2456909.087500000  11.4474312 -0.461992957726078
2456926.820833333   3.1547863 -0.493504801767149
2456956.633333333 -11.4578582 -0.423591815911693
2456970.587500000 -17.2687679 -0.330649841332164
2456982.116666667 -20.9809981 -0.223572287157523
2456992.487500000 -23.1997372 -0.107627539737944
2457002.304166667 -24.1562874 0.0125391258624718
2457011.970833333 -23.9350930 0.132407047349534
2457021.854166667 -22.5266091 0.24747550959078
2457032.375000000 -19.8230318 0.353368617926444
2457044.158333333 -15.5591788 0.444798099088645
2457058.654166667  -9.0114989 0.510693110444295
2457099.745833333  11.8737777 0.440180533564899
2457113.825000000  17.9711736 0.348882148732981
2457125.662500000  22.0010910 0.24525931925922
2457136.454166667  24.5478648 0.134385765567883
2457146.783333333  25.8360370 0.0209565292373313
2457157.108333333  25.9524512 -0.0902287276359364
2457167.912500000  24.8777280 -0.193762804869926
2457179.941666667  22.4470019 -0.282976125927166
2457195.229166667  18.0210755 -0.324310273850793
2457221.591666667   9.5713833 -0.235680662370791
2457232.283333333   7.1514565 -0.112724192023574
2457241.070833333   6.2608189 0.0231725317772521
2457249.891666667   6.5651136 0.143013466704397
2457264.387500000   8.7381965 0.13965305061822
2457278.179166667  10.5642721 0.0416669896294988
2457289.450000000  10.9339065 -0.063611346457252
2457300.508333333  10.1304969 -0.167435180511844
2457312.104166667   8.0890221 -0.263884225821883
2457324.979166667   4.5915183 -0.347701481897497
2457341.104166667  -1.1151375 -0.393268925879374
2457374.795833333 -14.2650233 -0.321552765254125
2457388.554166667 -18.5891008 -0.228015566729479
2457400.108333333 -21.1237129 -0.122109739739476
2457410.708333333 -22.3181233 -0.0097798888484236
2457420.954166667 -22.3184304 0.104043227909244
2457431.291666667 -21.1429713 0.214668740151758
2457442.170833333 -18.7076621 0.317567410336096
2457454.216666667 -14.7823961 0.407514087991925
2457468.800000000  -8.7395665 0.476315512781432
2457497.462500000   5.0128172 0.461288331056033
2457515.920833333  13.4274458 0.38386969767488
2457529.154166667  18.4074231 0.288135057190259
2457540.520833333  21.5826798 0.180673422488767
2457550.945833333  23.3662844 0.066100378277639
2457560.941666667  23.9271437 -0.0511885035714413
2457570.900000000  23.3174244 -0.166960178761064
2457581.191666667  21.4992454 -0.27689134907496
2457592.283333333  18.3280933 -0.376663190186235
2457604.920833333  13.4680684 -0.460765414159634
2457621.191666667   5.8710733 -0.506451857615036
2457656.391666667 -11.8560630 -0.43745108483149
2457670.562500000 -17.9552006 -0.345819059895185
2457682.250000000 -21.8970126 -0.240171433002858
2457692.762500000 -24.3218378 -0.125639699904305
2457702.687500000 -25.4689035 -0.0067508599891726
2457712.445833333 -25.4349205 0.111961978901208
2457722.425000000 -24.2176892 0.225902935834094
2457733.079166667 -21.7109094 0.330096841157885
2457745.125000000 -17.6347046 0.418782891963486
2457760.454166667 -11.1151430 0.467292709419152
2457793.112500000   4.0458911 0.388679613966483
2457805.145833333   8.6230114 0.276444986052092
2457814.270833333  11.0456800 0.134991468823277
2457821.804166667  11.9626659 -0.0292497377432887
2457828.645833333  11.6625496 -0.199880915730956
2457835.816666667  10.1292749 -0.340001301231743
2457855.412500000   3.5666010 -0.207940276942552
2457863.695833333   1.9441535 -0.0668638568210451
2457872.212500000   1.4746465 0.063753216816267
2457881.770833333   2.1839363 0.177037154908762
2457893.233333333   4.3131461 0.266924709613257
2457909.570833333   8.7739966 0.299682158862403
2457937.508333333  17.0463803 0.22843718670521
2457951.470833333  20.1359753 0.136915826204751
2457963.358333333  21.6636603 0.0346460757305994
2457974.404166667  21.9464706 -0.0725157750716499
2457985.212500000  21.0627424 -0.179798410064736
2457996.266666667  18.9752435 -0.282545150658691
2458008.104166667  15.5306602 -0.376033176767386
2458021.666666667  10.3307719 -0.453446276049104
2458040.183333333   1.8345201 -0.480227346688031
2458068.333333333 -11.5839459 -0.410314342180392
2458082.279166667 -17.2061660 -0.317248720038318
2458093.808333333 -20.7638513 -0.210361585158988
2458104.216666667 -22.8534507 -0.0949580231690567
2458114.091666667 -23.6912157 0.0242796924803197
2458123.850000000 -23.3543510 0.142806438115151
2458133.866666667 -21.8239224 0.256193804841174
2458144.583333333 -18.9784083 0.359777816262128
2458156.687500000 -14.5236720 0.448321181202401
2458171.850000000  -7.6260297 0.504393466950898
2458209.900000000  11.4661569 0.434135556372889
2458223.970833333  17.4748218 0.342355664212254
2458235.675000000  21.3819209 0.237123833298035
2458246.258333333  23.7915218 0.123676116227317
2458256.304166667  24.9339976 0.00638518005130536
2458266.212500000  24.8973837 -0.110403917760208
2458276.366666667  23.6763562 -0.222388413400635
2458287.191666667  21.1690667 -0.325140893069095
2458299.354166667  17.1146349 -0.413705818703902
2458314.254166667  10.8504614 -0.479782785417095
2458358.533333333 -10.2939902 -0.411358043363116
2458372.954166667 -16.1261724 -0.320112481435587
2458384.300000000 -19.6581235 -0.20629946439859
2458393.545833333 -21.4656485 -0.0689731241371823
2458401.366666667 -21.9051108 0.0894343448601414
2458408.404166667 -21.1758783 0.256553197624835
2458415.666666667 -19.2127543 0.388415129676069
2458433.754166667 -12.2871875 0.249785387512459
2458441.570833333 -10.4345589 0.0996931582836796
2458449.554166667  -9.7385232 -0.0390829818227767
2458458.712500000 -10.1963788 -0.153942757398399
2458470.725000000 -12.1455996 -0.222070486246148
2458502.108333333 -19.0149959 -0.143477104418025
2458515.041666667 -20.7706524 -0.0463592649229571
2458526.458333333 -21.1999933 0.0583393092881545
2458537.454166667 -20.4585276 0.164215053232041
2458548.629166667 -18.5234378 0.265848997135331
2458560.620833333 -15.2355429 0.357931849242571
2458574.404166667 -10.2020555 0.433938210417395
2458593.470833333  -1.8283126 0.459654483670506
2458622.516666667  11.4228038 0.392289409235789
2458637.041666667  17.0208707 0.302905407235475
2458649.029166667  20.5519974 0.200001231632267
2458659.837500000  22.6136918 0.0887262913500758
2458670.062500000  23.4210085 -0.0266091859011957
2458680.133333333  23.0530596 -0.141662716859101
2458690.425000000  21.4952418 -0.252229741695708
2458701.375000000  18.6334053 -0.353871257540467
2458713.666666667  14.1837473 -0.441467896352964
2458728.854166667   7.3789917 -0.499366422737358
2458767.679166667 -11.9089894 -0.42817050322446
2458781.533333333 -17.7409827 -0.334831121764217
2458793.020833333 -21.4873926 -0.227360873871329
2458803.366666667 -23.7396491 -0.111144598523022
2458813.162500000 -24.7284269 0.00930029371620082
2458822.800000000 -24.5388782 0.129524597162307
2458832.650000000 -23.1631781 0.245036066880161
2458843.125000000 -20.4965131 0.351402327459065
2458854.854166667 -16.2749398 0.443265189935317
2458869.229166667  -9.8030622 0.511464517471023
2458911.758333333  11.8491589 0.442487447710107
2458926.320833333  18.1929012 0.35552495200739
2458938.891666667  22.5622609 0.258935170736503
2458950.600000000  25.4940808 0.158276616978787
2458962.166666667  27.2248591 0.0578646787881114
2458973.754166667  27.7954818 -0.0443532034531492
2458984.683333333  27.2108160 -0.156880766099574
2458994.533333333  25.5656353 -0.275026525655435
2459006.270833333  22.2375901 -0.291428239752024
2459018.216666667  18.8562094 -0.166350888317746
2459027.100000000  17.4783737 -0.0385212110417376
2459037.016666667  17.1962437 0.0650163506693769
2459052.195833333  18.2830734 0.0863325039677762
2459073.066666667  19.9849421 0.00739915434694758
2459086.145833333  19.9818170 -0.0869015390943348
2459098.095833333  18.8433553 -0.185642843992645
2459109.950000000  16.5427478 -0.282035061187571
2459122.529166667  12.8950384 -0.370127937770509
2459136.954166667   7.4559596 -0.441942878127885
2459158.704166667  -2.2562882 -0.452034707529251
2459181.791666667 -12.5926478 -0.379834315498121
2459195.516666667 -17.7059295 -0.285860563710546