2455562.500000000 231.9278722 1.0103499474944
2455573.725000000 243.3689765 1.10890667672043
2455586.320833333 257.4364906 1.19445444401723
2455602.425000000 276.7721229 1.2365623697516
2455636.333333333 318.6018938 1.17787253499108
2455655.879166667 341.5244368 1.12865670869341
2455672.254166667 359.9965644 -86398.8973176048
2455672.258333333 0.0012206 1.12564252687663
2455700.575000000 31.9756417 1.18711493505517
2455717.233333333 51.8509619 1.259761691509
2455733.533333333 72.4850351 1.32279354849894
2455773.929166667 125.8204333 1.25573540874279
2455790.062500000 145.9797052 1.1846849667218
2455808.087500000 167.2337196 1.14163340780693
2455845.066666667 209.5503350 1.20553628652376
2455860.925000000 228.7680947 1.28262320320325
2455876.300000000 248.5884160 1.3515289615842
2455914.441666667 300.0379998 1.27749301905677
2455928.712500000 318.1689473 1.19337412635936
2455942.791666667 334.8707218 1.1148572773987
2455959.158333333 353.0172965 1.06643809030231
2455965.704166667 359.9980225 -86398.9572936151
2455965.708333333 0.0024288 1.03783143651377
2456003.283333333 38.8989762 1.00451717250655
2456022.537500000 58.1401978 0.917644092145832
2456033.462500000 68.0655743 0.794395339229141
2456041.795833333 74.5855898 0.639990638919278
2456048.691666667 78.8988950 0.458550622132032
2456054.712500000 81.5597882 0.255417628561835
2456060.208333333 82.8635855 0.0367578615591759
2456065.408333333 82.9548090 -0.189884865735503
2456070.562500000 81.8761565 -0.411405067428724
2456076.120833333 79.4895797 -0.601577233447146
2456084.541666667 74.3238369 -0.609039516210127
2456092.495833333 69.5793198 -0.422704113863781
2456098.175000000 67.2786174 -0.209476212844526
2456103.562500000 66.2498836 0.00567196121721455
2456109.075000000 66.3810001 0.211826088996521
2456114.933333333 67.7218475 0.403095929483105
2456121.350000000 70.4082375 0.575599977215329
2456128.545833333 74.6500729 0.72832926504694
2456136.716666667 80.7009776 0.862658135153572
2456146.025000000 88.8307800 0.979281904190177
2456157.075000000 99.7517932 1.07390059966403
2456171.641666667 115.4949004 1.13375257130814
2456226.125000000 177.1655343 1.13199006032766
2456251.966666667 206.5179773 1.19306435204569
2456268.479166667 226.3183871 1.26804994325154
2456284.012500000 246.1153467 1.33910415685271
2456304.283333333 273.3600656 1.35130823361305
2456326.933333333 303.8672587 1.28250011644723
2456342.462500000 323.6834585 1.20715533343651
2456359.016666667 343.5669733 1.15186327576161
2456373.287500000 359.9958239 -86398.8567899485
2456373.291666667 0.0005685 1.14496239214881
2456401.408333333 32.2930309 1.20738968150724
2456417.845833333 52.2394169 1.28095684870146
2456434.425000000 73.5765510 1.33166256709162
2456468.591666667 118.9750405 1.26101018235189
2456483.562500000 137.7534897 1.18106898873255
2456498.404166667 155.1825636 1.1074614143114
2456516.833333333 175.4922006 1.06984121801205
2456554.245833333 215.6176176 1.12432450637914
2456574.754166667 238.7755825 1.15142460526235
2456599.908333333 267.6387611 1.06559688854615
2456610.837500000 279.1849074 0.943725740420601
2456619.458333333 287.2207169 0.797696630492684
2456626.875000000 293.0370288 0.630724021666356
2456633.429166667 297.0709899 0.443144936163069
2456639.320833333 299.5819813 0.237118475345896
2456644.762500000 300.7725010 0.0172649363430899
2456649.954166667 300.7621531 -0.20905531358486
2456655.129166667 299.5805396 -0.428921805855545
2456660.737500000 297.0751243 -0.617308103170064
2456669.358333333 291.6534163 -0.618131456872347
2456676.991666667 287.0347999 -0.42525100540793
2456682.462500000 284.8082202 -0.203303297501184
2456687.633333333 283.8569701 0.0210746177190901
2456692.925000000 284.0683189 0.235592228170362
2456698.562500000 285.4963748 0.434162888571273
2456704.750000000 288.2825773 0.612552071777708
2456711.762500000 292.6780441 0.767248997247839
2456720.075000000 299.1557354 0.894438145745728
2456730.520833333 308.5988324 0.99200762034655
2456745.454166667 323.5127363 1.04822993860871
2456780.208333333 359.9962970 -86398.9361819443
2456780.212500000 0.0007108 1.07357887134463
2456805.458333333 27.2040402 1.13268740874661
2456822.762500000 46.9042210 1.20515353145208
2456838.537500000 66.0154402 1.27619767181894
2456857.291666667 90.0494048 1.3047505598318
2456886.341666667 127.8524131 1.24248038469188
2456903.608333333 149.2059672 1.1762622438818
2456923.995833333 173.0870424 1.14991149448943
2456954.966666667 208.8007258 1.21325476968849
2456971.062500000 228.4290079 1.28987943792582
2456986.320833333 248.2103931 1.36039162173825
2457011.170833333 282.1161241 1.3492803934731
2457028.975000000 306.0390135 1.27326968094906
2457043.616666667 324.5818466 1.19420523660028
2457059.220833333 343.1164397 1.13299048056506
2457074.137500000 359.9961506 -86398.8794939473
2457074.141666667 0.0008006 1.11872371854627
2457105.266666667 34.9210147 1.17741198342641
2457123.791666667 56.8325398 1.23158309884113
2457159.616666667 100.8540861 1.15149653306594
2457171.862500000 114.8552312 1.0464145375245
2457182.166666667 125.5377039 0.927491723622689
2457191.487500000 134.0827125 0.796339742566653
2457199.912500000 140.6919197 0.651176354687297
2457207.529166667 145.5518746 0.491132639140228
2457214.462500000 148.8571829 0.315562214808639
2457220.791666667 150.7544597 0.123838877887329
2457226.641666667 151.3789356 -0.0808523002478426
2457232.225000000 150.8277420 -0.290086937769328
2457237.895833333 149.0827219 -0.486675354677693
2457244.516666667 145.7605674 -0.597229187984895
2457257.550000000 138.0765922 -0.422746603120365
2457263.408333333 135.6998340 -0.211985787037311
2457268.779166667 134.6612135 0.00576060364422358
2457274.204166667 134.7923415 0.215279408711592
2457279.987500000 136.1373275 0.408326979103517
2457286.379166667 138.8470133 0.580364125339405
2457293.666666667 143.1762895 0.729244889591568
2457302.291666667 149.5659459 0.851596944475343
2457313.200000000 158.9554120 0.94567771980904
2457327.620833333 172.6928634 1.01743623729117
2457345.770833333 191.2592753 1.08080755518076
2457363.016666667 209.9986544 1.15226868175623
2457378.604166667 228.0596051 1.22932620090978
2457393.725000000 246.7479889 1.30225947554243
2457412.966666667 271.9056195 1.32407822192317
2457438.829166667 306.0496234 1.25832639067821
2457455.266666667 326.6334348 1.18753108605036
2457473.079166667 347.6863336 1.14253169374537
2457483.854166667 359.9971126 -86398.8797016018
2457483.858333333 0.0018422 1.14152915806096
2457512.187500000 32.4403815 1.20420148893534
2457528.741666667 52.4748911 1.27744313185476
2457545.054166667 73.4131394 1.33325846481737
2457581.862500000 122.3881896 1.26407870727007
2457597.358333333 141.8762139 1.18874605005262
2457613.620833333 161.1082413 1.12446893752972
2457643.845833333 194.9953262 1.13914134538534
2457663.312500000 217.2705821 1.20915055617285
2457679.020833333 236.3643136 1.28314585745158
2457696.354166667 258.7054784 1.31475855227262
2457722.250000000 292.6522511 1.23864726998652
2457735.458333333 308.9127834 1.14419591182293
2457747.391666667 322.4668645 1.04492241628518
2457758.945833333 334.4401535 0.942285521312275
2457770.050000000 344.8034873 0.834982678964135
2457780.500000000 353.4291393 0.717641490060695
2457789.754166667 359.9703684 0.639693823814413
2457789.800000000 359.9996877 -86399.3465260435
2457789.804166667 0.0023515 0.581561783016679
2457797.791666667 4.5476175 0.425945655200826
2457804.800000000 7.4328788 0.250108043328424
2457811.070833333 8.9013920 0.0562042251527314
2457816.858333333 9.1267743 -0.149505884040052
2457822.491666667 8.1846192 -0.352728553445868
2457828.579166667 5.9374401 -0.521737078977235
2457839.804166667 0.0016386 86399.4894457063
2457839.808333333 359.9994496 -0.466040452339117
2457846.770833333 356.8544450 -0.274836879094451
2457852.466666667 355.3887731 -0.0653176226443782
2457858.016666667 355.1262370 0.141453309916906
2457863.841666667 356.0501210 0.333489506400933
2457870.279166667 358.2968968 0.476311415563319
2457873.850000000 359.9996275 -86399.478941916
2457873.854166667 0.0017798 0.580254268369306
2457881.854166667 4.7437473 0.715228766794504
2457891.341666667 11.6294131 0.828072444886875
2457902.762500000 21.1866470 0.922680758312443
2457915.775000000 33.2929354 1.00980172449605
2457929.445833333 47.1977090 1.09345500545
2457943.550000000 62.7199146 1.1746750055147
2457958.725000000 80.6456075 1.24352687126606
2457981.887500000 109.5487674 1.24851902444215
2458005.775000000 139.2728103 1.19055234485182
2458025.929166667 163.1674264 1.15018647402735
2458065.237500000 208.4793200 1.21309938781068
2458081.420833333 228.2112315 1.28858073740532
2458096.904166667 248.2627305 1.35895171453538
2458121.166666667 281.3342861 1.35111356948917
2458139.866666667 306.5001167 1.27699512788916
2458154.808333333 325.4806223 1.20042649476536
2458171.220833333 345.0826748 1.14574766329267
2458184.241666667 359.9969669 -86398.880949602
2458184.245833333 0.0016913 1.13970378535502
2458212.962500000 32.8301306 1.2021234395934
2458229.566666667 52.8903144 1.27330098636148
2458247.179166667 75.4162725 1.31083069170422
2458276.120833333 113.2539107 1.23842100085186
2458290.258333333 130.6620891 1.15096089729565
2458303.325000000 145.6013668 1.06265215865823
2458316.895833333 159.9224866 0.978920363750255
2458331.275000000 173.8985996 0.90036453728066
2458346.300000000 187.3266298 0.819431327098163
2458359.483333333 198.0294996 0.721921140399138
2458370.162500000 205.6391494 0.600223018173602
2458378.700000000 210.6636036 0.45007711249744
2458385.808333333 213.7629423 0.274512182373872
2458392.045833333 215.3754421 0.0793702415055285
2458397.800000000 215.7322860 -0.127335476791571
2458403.400000000 214.9192495 -0.332317993618617
2458409.408333333 212.8227032 -0.503624858716416
2458425.287500000 204.9254243 -0.325197331118542
2458431.170833333 203.1120658 -0.118833494060888
2458436.729166667 202.5513218 0.089600407995901
2458442.433333333 203.1623027 0.288065203706538
2458448.558333333 205.0266629 0.469949327669549
2458455.366666667 208.3260894 0.631072894623617
2458463.150000000 213.3378709 0.771501844344575
2458472.054166667 220.3073401 0.895185477835602
2458482.045833333 229.3516047 1.00573127383905
2458493.266666667 240.7366306 1.10420309690816
2458505.854166667 254.7356924 1.19088852415179
2458521.275000000 273.2001081 1.24043773978836
2458557.650000000 318.2210311 1.18090171023
2458576.979166667 340.9469058 1.13052593823944
2458593.841666667 359.9965661 -86398.886821775
2458593.845833333 0.0012258 1.12642666335771
2458622.145833333 31.9790785 1.18778201345299
2458638.783333333 51.8407136 1.26054959480487
2458655.104166667 72.5139023 1.32334913809627
2458695.341666667 125.6621923 1.25637692557978
2458711.441666667 145.7899214 1.18502483306474
2458729.404166667 166.9759373 1.14121051894897
2458766.654166667 209.5860262 1.20511813118012
2458782.525000000 228.8121707 1.28227578988639
2458797.883333333 248.6057557 1.35093879538316
2458835.950000000 299.9315287 1.27672362161726
2458850.220833333 318.0514402 1.19248318231858
2458864.233333333 334.6611584 1.11343517270498
2458880.475000000 352.6452740 1.06374690776144
2458887.387500000 359.9984245 -86398.9415099441
2458887.391666667 0.0028161 1.03364107771407
2458920.862500000 34.4996728 0.999311645730116
2458941.537500000 55.0605104 0.91610302191516
2458952.720833333 65.2056312 0.795137660305819
2458961.204166667 71.8511510 0.643279624475441
2458968.195833333 76.2488973 0.463922075546746
2458974.262500000 78.9633778 0.261554469533169
2458979.762500000 80.3021329 0.0431523396479574
2458984.966666667 80.4269164 -0.183016186814557
2458990.129166667 79.3823391 -0.403864641775319
2458995.700000000 77.0326936 -0.593828669974647
2459003.983333333 72.0138874 -0.606915379749565
2459012.095833333 67.1902437 -0.421149838773583
2459017.775000000 64.8982431 -0.20793193953453
2459023.162500000 63.8777786 0.00689615714315589
2459028.691666667 64.0156866 0.211990999904435
2459034.583333333 65.3644782 0.402227783549727
2459041.020833333 68.0536676 0.57443350287442
2459048.220833333 72.2895413 0.727154243882493
2459056.408333333 78.3430052 0.86091965245254
2459065.754166667 86.4889068 0.977628698819716
2459076.700000000 97.2897637 1.07380505889675
2459090.987500000 112.7317415 1.13800749359908
2459144.833333333 173.9087211 1.13081204945337
2459172.733333333 205.5583444 1.19082661529926
2459189.425000000 225.5351823 1.26559787520416