39991
39992
39993
39994
39995
39996
39997
39998
39999
40000
40001
40002
40003
40004
40005
40006
40007
40008
40009
40010
40011
40012
40013
40014
40015
40016
40017
40018
40019
40020
40021
40022
40023
40024
40025
40026
40027
40028
40029
40030
40031
40032
40033
40034
40035
40036
40037
40038
40039
40040
40041
40042
40043
40044
40045
40046
40047
40048
40049
40050
40051
40052
40053
40054
40055
40056
40057
40058
40059
40060
40061
40062
40063
40064
40065
40066
40067
40068
40069
40070
40071
40072
40073
40074
40075
40076
40077
40078
40079
40080
40081
40082
40083
40084
40085
40086
40087
40088
40089
40090
40091
40092
40093
40094
40095
40096
40097
40098
40099
40100
40101
40102
40103
40104
40105
40106
40107
40108
40109
40110
40111
40112
40113
40114
40115
40116
40117
40118
40119
40120
40121
40122
40123
40124
40125
40126
40127
40128
40129
40130
40131
40132
40133
40134
40135
40136
40137
40138
40139
40140
40141
40142
40143
40144
40145
40146
40147
40148
40149
40150
40151
40152
40153
40154
40155
40156
40157
40158
40159
40160
40161
40162
40163
40164
40165
40166
40167
40168
40169
40170
40171
40172
40173
40174
40175
40176
40177
40178
40179
40180
40181
40182
40183
40184
40185
40186
40187
40188
40189
40190
40191
40192
40193
40194
40195
40196
40197
40198
40199
40200
40201
40202
40203
40204
40205
40206
40207
40208
40209
40210
40211
40212
40213
40214
40215
40216
40217
40218
40219
40220
40222
40223
40224
40225
40226
40227
40228
40229
40230
40231
40232
40233
40234
40235
40236
40237
40238
40239
40240
40241
40242
40243
40244
40245
40246
40247
40248
40249
40250
40251
33039
33040
33041
33042
33043
33044
33045
33046
33047
33048
33049
33050
33051
33052
33053
33054
33055
33056
33057
33058
33059
33060
33061
33062
33063
33064
33065
33066
33067
33068
33069
33070
33071
33072
33073
33074
33075
33076
33077
33078
33079
33080
33081
33082
33083
33084
33085
33086
33087
33088
33089
33090
33091
33092
33093
33094
33095
33096
33097
33098
33099
33100
33101
33102
33103
33104
33105
33106
33107
33108
33109
33110
33111
33112
33113
33114
33115
33116
33117
33118
33119
33120
33121
33122
33123
33124
33125
33126
33127
33128
33129
33130
33131
33132
33133
33134
33135
33136
33137
33138
33139
33140
33141
33142
33143
33144
33145
33146
33147
33148
33149
33150
33151
33152
33153
33154
33155
33156
33157
33158
33159
33160
33161
33162
33163
33164
33165
33166
33167
33168
33169
33170
33171
33172
33173
33174
33175
33176
33177
33178
33179
33180
33181
33182
33183
33184
33185
33186
33187
33188
33189
33190
33191
33192
33193
33194
33195
33196
33197
33198
33199
33200
33201
33202
33203
33204
33205
33206
33207
33208
33209
33210
33211
33212
33213
33214
33215
33216
33217
33218
33219
33220
33221
33222
33223
33224
33225
33226
33227
33228
33229
33230
33231
33232
33233
33234
33235
33236
33237
33238
33239
33241
33242
33243
33244
33245
33246
33247
33248
33249
33250
33251
33252
33253
33254
33255
33256
33257
33258
33259
33260
33261
33262
33263
33264
33265
33266
33267
33268
33269
33270
33271
33272
33273
33274
33275
33276
33277
33278
33279
33280
33281
33282
33283
33284
33285
33286
33287
33288
33289
33290
33291
33292
33293
33294
33295
33296
33297
33298
33299
33300
33301
33302
33303
33304
33305
33306
33307
33308
33309
33310
33311
33312
33314
33315
33316
33317
33318
33319
33320
33321
33322
33323
33324
33325
33326
33327
33328
33329
33330
33331
33332
33333
33334
33335
33336
33337
33338
33339
33340
33341
33342
33343
33344
33345
33346
33347
33348
33349
33350
33351
33352
33353
33354
33355
33356
33357
33358
33359
33360
33361
33362
33363
33364
33365
33366
33367
33368
33369
33370
33371
33372
33373
33374
33375
33376
33377
33378
33379
33380
33381
33382
33383
33384
33385
33386
33387
33388
33389
33390
33391
33392
33393
33394
33395
33396
33397
33398
33399
33400
33401
33402
33403
33404
33405
30506
30507
30508
30509
30510
30511
30512
30513
30514
30515
30516
30517
30518
30519
30520
30521
30522
30523
30524
30525
30526
30527
30528
30529
30530
30531
30532
30533
30534
30535
30536
30537
30538
30539
30540
30541
30542
30543
30544
30545
30546
30547
30548
30549
30550
30551
30552
30553
30554
30555
30556
30557
30558
30559
30560
30561
30562
30563
30564
30565
30566
30567
30568
30569
30570
30571
30572
30573
30574
30575
30576
30577
30578
30579
30580
30581
30582
30583
30584
30585
30586
30587
30588
30589
30590
30591
30592
30593
30594
30595
30596
30597
30598
30599
30600
30601
30602
30603
30604
30605
30606
30607
30608
30609
30610
30611
30612
30613
30614
30615
30616
30617
30618
30619
30620
30621
30622
30623
30624
30625
30626
30627
30628
30629
30630
30631
30632
30633
30634
30635
30636
30637
30638
30639
30640
30641
30642
30643
30644
30645
30646
30647
30648
30649
30650
30651
30652
30653
30654
30655
30656
30657
30658
30659
30660
30661
30662
30663
30664
30665
30667
30668
30669
30670
30671
30672
30673
30674
30675
30676
30677
30678
30679
30680
30681
30682
30683
30684
30685
30686
30687
30688
30689
30690
30691
30692
30693
30694
30696
30697
30698
30699
30700
30701
30702
30703
30704
30705
30706
30707
30708
30709
30710
30711
30712
30713
30714
30715
30716
30717
30718
30719
30720
30721
30722
30723
30725
30726
30727
30728
30729
30730
30731
30732
30733
30734
30735
30736
30737
30738
30740
30741
30742
30743
30744
30745
30746
30747
30748
30749
30750
30751
30752
30753
30754
30755
30756
30757
30758
30759
30760
30761
30762
30763
30764
30765
30766
30767
30769
30770
30771
30772
30773
30774
30775
30776
30777
30778
30779
30780
30781
30782
30783
30784
30785
30786
30787
30788
30789
30790
30791
30792
30793
30794
30795
30796
30797
30798
30799
30800
30801
30802
30803
30804
30805
30806
30807
30808
30809
30810
30811
30812
30813
30814
30815
30816
30817
30818
30819
30820
30821
30822
30823
30824
30825
30826
30827
30828
30829
30830
30831
30832
30833
30834
30835
30836
30837
30838
30839
30840
30841
30842
30843
30844
30845
30846
30847
30848
30849
30850
30851
30852
30853
30854
30855
30856
30857
30858
30859
30860
30861
30862
30863
30864
30865
30866
30867
30868
30869
30870
30871
30872
30873
30874
30875
28452
28453
28454
28455
28456
28457
28458
28459
28460
28461
28462
28463
28464
28465
28466
28467
28468
28469
28470
28471
28472
28473
28474
28475
28476
28477
28478
28479
28480
28481
28482
28483
28484
28485
28486
28487
28488
28489
28490
28491
28492
28493
28494
28495
28496
28497
28498
28499
28500
28501
28502
28503
28504
28505
28506
28507
28508
28509
28510
28511
28512
28513
28514
28515
28516
28517
28518
28519
28520
28521
28522
28523
28524
28525
28526
28527
28528
28529
28530
28531
28532
28533
28534
28535
28536
28537
28538
28539
28540
28541
28542
28543
28544
28545
28546
28547
28548
28549
28550
28551
28552
28553
28554
28555
28556
28557
28558
28559
28560
28561
28562
28563
28564
28565
28566
28567
28568
28569
28570
28571
28572
28573
28574
28575
28576
28577
28578
28579
28580
28581
28582
28583
28584
28585
28586
28587
28588
28589
28590
28591
28592
28593
28594
28595
28596
28597
28598
28599
28600
28601
28602
28603
28604
28605
28606
28607
28608
28609
28610
28611
28612
28613
28614
28615
28616
28617
28618
28619
28620
28621
28622
28623
28624
28625
28626
28627
28628
28629
28630
28631
28632
28633
28634
28635
28636
28637
28638
28639
28640
28641
28642
28643
28644
28645
28646
28647
28648
28649
28650
28651
28652
28653
28654
28655
28656
28657
28658
28659
28660
28661
28662
28663
28664
28665
28666
28667
28668
28669
28670
28671
28672
28673
28674
28675
28676
28677
28678
28679
28680
28681
28682
28683
28684
28685
28686
28687
28688
28689
28690
28691
28692
28693
28694
28695
28696
28697
28698
28699
28700
28701
28702
28703
28704
28705
28706
28707
28708
28709
28710
28711
28712
28713
28714
28715
28716
28717
28718
28719
28720
28721
28722
28723
28724
28725
28726
28727
28728
28729
28730
28731
28732
28733
28734
28735
28736
28737
28738
28739
28740
28741
28742
28743
28744
28745
28746
28747
28748
28749
28750
28751
28752
28753
28754
28755
28756
28757
28758
28759
28760
28761
28762
28763
28764
28765
28766
28767
28768
28769
28770
28771
28772
28773
28774
28775
28776
28777
28778
28779
28780
28781
28782
28783
28784
28785
28786
28787
28788
28789
28790
28791
28792
28793
28794
28795
28796
28797
28798
28799
28800
28801
28802
28803
28804
28805
28806
28807
28808
28809
28810
28811
28812
28813
28814
28815
28816
28817
26134
26135
26136
26137
26138
26139
26140
26141
26142
26143
26144
26145
26146
26147
26148
26149
26150
26151
26152
26153
26154
26155
26156
26157
26158
26159
26160
26161
26162
26163
26164
26165
26166
26167
26168
26169
26170
26171
26172
26173
26174
26175
26176
26177
26178
26179
26180
26181
26182
26183
26184
26185
26186
26187
26188
26189
26190
26191
26192
26193
26194
26195
26196
26197
26198
26199
26200
26201
26202
26203
26204
26205
26206
26207
26208
26209
26210
26211
26212
26213
26214
26215
26216
26217
26218
26219
26220
26221
26222
26223
26224
26225
26226
26227
26228
26229
26230
26231
26232
26233
26234
26235
26236
26237
26238
26239
26240
26241
26242
26243
26244
26245
26246
26247
26248
26249
26250
26251
26252
26253
26254
26255
26256
26257
26258
26259
26260
26261
26262
26263
26264
26265
26266
26267
26268
26269
26270
26271
26272
26273
26274
26275
26276
26277
26278
26279
26280
26281
26282
26283
26284
26285
26286
26287
26288
26289
26290
26291
26292
26293
26294
26295
26296
26297
26298
26299
26300
26301
26302
26303
26304
26305
26306
26307
26308
26309
26310
26311
26312
26313
26314
26315
26316
26317
26318
26319
26320
26321
26322
26323
26324
26325
26326
26327
26328
26329
26330
26331
26332
26333
26334
26335
26336
26337
26338
26339
26340
26341
26342
26343
26344
26345
26346
26347
26348
26349
26350
26351
26352
26353
26354
26355
26356
26357
26358
26359
26360
26361
26362
26363
26364
26365
26366
26367
26368
26369
26370
26371
26372
26373
26374
26375
26376
26377
26378
26379
26380
26381
26382
26383
26384
26385
26386
26387
26388
26389
26390
26391
26392
26393
26394
26395
26396
26397
26398
26399
26400
26401
26402
26403
26404
26405
26406
26407
26408
26409
26410
26411
26412
26413
26414
26415
26416
26417
26418
26419
26420
26421
26422
26423
26424
26425
26426
26427
26428
26429
26430
26431
26432
26433
26434
26435
26436
26437
26438
26439
26440
26441
26442
26443
26444
26445
26446
26447
26448
26449
26450
26451
26452
26453
26454
26455
26456
26457
26458
26459
26460
26461
26462
26463
26464
26465
26466
26467
26468
26469
26470
26471
26472
26473
26474
26475
26476
26477
26478
26479
26480
26481
26482
26483
26484
26485
26486
26487
26488
26489
26490
26491
26492
26493
26494
26495
26496
26497
26498
23605
23606
23607
23608
23609
23610
23611
23612
23613
23614
23615
23616
23617
23618
23619
23620
23621
23622
23623
23624
23625
23626
23627
23628
23629
23630
23631
23632
23633
23634
23635
23636
23637
23638
23639
23640
23641
23642
23643
23644
23645
23646
23647
23648
23649
23650
23651
23652
23653
23654
23655
23656
23657
23658
23659
23660
23661
23662
23663
23664
23665
23666
23667
23668
23669
23670
23671
23672
23673
23674
23675
23676
23677
23678
23679
23680
23681
23682
23683
23684
23685
23686
23687
23688
23689
23690
23691
23692
23693
23694
23695
23696
23697
23698
23699
23700
23701
23702
23703
23704
23705
23706
23707
23708
23709
23710
23711
23712
23713
23714
23715
23716
23717
23718
23719
23720
23721
23722
23723
23724
23725
23726
23727
23728
23729
23730
23731
23732
23733
23734
23735
23736
23737
23738
23739
23740
23741
23742
23743
23744
23745
23746
23747
23748
23749
23750
23751
23752
23753
23754
23755
23756
23757
23758
23759
23760
23761
23762
23763
23764
23765
23766
23767
23768
23769
23770
23771
23772
23773
23774
23775
23776
23777
23778
23779
23780
23781
23782
23783
23784
23785
23786
23787
23788
23789
23790
23791
23792
23793
23794
23795
23796
23797
23798
23799
23800
23801
23802
23803
23804
23805
23806
23807
23808
23809
23810
23811
23812
23813
23814
23815
23816
23817
23818
23819
23820
23821
23822
23823
23824
23825
23826
23827
23828
23829
23830
23831
23832
23833
23834
23835
23836
23837
23838
23839
23840
23841
23842
23843
23844
23845
23846
23847
23848
23849
23850
23851
23852
23853
23854
23855
23856
23857
23858
23859
23860
23861
23862
23863
23864
23865
23866
23867
23868
23869
23870
23871
23872
23873
23874
23875
23876
23877
23878
23879
23880
23881
23882
23883
23884
23885
23886
23887
23888
23889
23890
23891
23892
23893
23894
23895
23896
23897
23898
23899
23900
23901
23902
23903
23904
23905
23906
23907
23908
23909
23910
23911
23912
23913
23914
23915
23916
23917
23918
23919
23920
23921
23922
23923
23924
23925
23926
23927
23928
23929
23930
23931
23932
23933
23934
23935
23936
23937
23938
23939
23940
23941
23942
23943
23944
23945
23946
23947
23948
23949
23950
23951
23952
23953
23954
23955
23956
23957
23958
23959
23960
23961
23962
23963
23964
23965
23966
23967
23968
23969
20846
20847
20848
20849
20850
20851
20852
20853
20854
20855
20856
20857
20858
20859
20860
20861
20862
20863
20864
20865
20866
20867
20868
20869
20870
20871
20872
20873
20874
20875
20876
20877
20878
20879
20880
20881
20882
20883
20884
20885
20886
20887
20888
20889
20890
20891
20892
20893
20894
20895
20896
20897
20898
20899
20900
20901
20902
20903
20904
20905
20906
20907
20908
20909
20910
20911
20912
20913
20914
20915
20916
20917
20918
20919
20920
20921
20922
20923
20924
20925
20926
20927
20929
20930
20931
20932
20933
20934
20935
20936
20937
20938
20939
20940
20941
20942
20943
20944
20945
20946
20947
20948
20949
20950
20951
20952
20953
20954
20955
20956
20957
20958
20959
20960
20961
20962
20963
20964
20965
20966
20967
20968
20969
20970
20971
20972
20973
20974
20975
20976
20977
20978
20979
20980
20981
20982
20983
20984
20985
20986
20987
20988
20989
20990
20991
20992
20993
20994
20995
20996
20997
20998
20999
21000
21001
21002
21003
21004
21005
21006
21007
21008
21009
21010
21011
21012
21013
21014
21015
21016
21017
21018
21019
21020
21021
21022
21023
21024
21025
21026
21027
21028
21029
21030
21031
21032
21033
21034
21035
21036
21037
21038
21039
21040
21041
21042
21043
21044
21045
21046
21047
21048
21049
21050
21051
21052
21053
21054
21055
21056
21057
21058
21059
21060
21061
21062
21063
21064
21065
21066
21067
21068
21069
21070
21071
21072
21073
21074
21075
21076
21077
21078
21079
21080
21081
21082
21083
21084
21085
21086
21087
21088
21089
21090
21091
21092
21093
21094
21095
21096
21097
21098
21099
21100
21101
21102
21103
21104
21105
21106
21107
21108
21109
21110
21111
21112
21113
21114
21115
21116
21117
21118
21119
21120
21121
21122
21123
21124
21125
21126
21127
21128
21129
21130
21131
21132
21133
21134
21135
21136
21137
21138
21139
21140
21141
21142
21143
21144
21145
21146
21147
21148
21149
21150
21151
21152
21153
21154
21155
21156
21157
21158
21159
21160
21161
21162
21164
21165
21166
21167
21168
21169
21170
21171
21172
21173
21174
21175
21176
21177
21178
21179
21180
21181
21182
21183
21184
21185
21186
21187
21188
21189
21190
21191
21192
21193
21194
21195
21196
21197
21198
21199
21200
21201
21202
21203
21204
21205
21206
21207
21208
21209
21210
21211
21212
18162
18163
18164
18165
18166
18167
17072
18168
18169
18170
18171
18172
18173
17073
18174
18175
18176
18177
18178
18179
17075
18180
18181
18182
18183
18184
18185
17076
18186
18187
18188
18189
18190
18191
17077
18192
18193
18194
18195
18196
18197
17078
18198
18199
18200
18201
18202
18203
17079
18204
18205
18206
18207
18208
18209
17080
18210
18211
18212
18213
17081
18214
17082
18215
18216
17083
17084
18217
18218
17085
18219
18220
18221
18222
18223
18224
17086
18225
18226
18227
18228
18229
18230
17087
18231
18232
18233
18234
18235
18236
17088
18237
18238
18239
18240
18241
18242
17089
18243
18244
18245
18246
18247
18248
17090
18249
18250
18251
18252
18253
18254
17091
18255
18256
18257
18258
18259
18260
17092
18261
18262
18263
18264
18265
18266
17093
18267
18268
18269
18270
18271
18272
17094
18273
18274
18275
18276
18277
18278
17095
18279
18280
18281
18282
18283
18284
17096
18285
18286
18287
18288
18289
18290
17097
18291
18292
18293
18294
18295
18296
17098
18297
18298
18299
18300
18301
18302
17099
18303
18304
18305
18306
18307
18308
17100
18309
18310
18311
18312
18313
18314
17101
18315
18316
18317
18318
18319
18320
17102
18321
18322
18323
18324
18325
18326
17103
18327
18328
18329
18330
18331
18332
17104
18333
18334
18335
18336
18337
18338
17105
18339
18340
18341
18342
18343
18344
17106
18345
18346
18347
18348
18349
18350
17107
18351
18352
18353
18354
18355
18356
17108
18357
18358
18359
18360
18361
18362
17109
18363
18364
18365
18366
18367
18368
17110
18369
18370
18371
18372
18373
18374
17111
18375
18376
18377
18378
18379
18380
17112
18381
18382
18383
18384
18385
18386
17113
18387
18388
18389
18390
18391
18392
17114
18393
18394
18395
18396
18397
18398
17115
18399
18400
18401
18402
18403
18404
17116
18405
18406
18407
18408
18409
18410
17117
18411
18412
18413
18414
18415
18416
17118
18417
18418
18419
18420
18421
18422
17119
18423
18424
18425
18426
18427
18428
17120
18429
18430
18431
18432
18433
18434
17121
18435
18436
18437
18438
18439
18440
17122
18441
18442
18443
18444
18445
18446
17123
18447
18448
18449
18450
18451
18452
17124
18453
18454
18455
18456
18457
18458
17125
18459
18460
18461
18462
18463
18464
17126
18465
18466
18467
18468
18469
18470
17127
18471
18472
15038
15039
15040
15041
12373
15042
15043
15044
15045
15046
15047
12374
15048
15049
15050
15051
15052
15053
12375
15054
15055
15056
15057
15058
15059
12376
15060
15061
15062
15063
15064
15065
12377
15066
15067
15068
15069
15070
15071
12378
15072
15073
15074
15075
15076
15077
12379
15078
15079
15080
15081
15082
15083
12380
15084
15085
15086
15087
15088
15089
12381
15090
15091
15092
15093
15094
15095
12382
15096
15097
15098
15099
15100
15101
12383
15102
15103
15104
15105
15106
15107
12384
15108
15109
15110
15111
15112
15113
12385
15114
15115
15116
15117
15118
15119
12386
15120
15121
15122
15123
15124
15125
12387
15126
15127
15128
15129
15130
15131
12388
15132
15133
15134
15135
15136
15137
12389
15138
15139
15140
15141
15142
15143
12390
15144
15145
15146
15147
15148
15149
12391
15150
15151
15152
15153
15154
15155
12392
12393
12394
12395
12396
12397
12398
12399
12400
12401
12402
12403
12404
12405
12406
12407
12408
12409
12410
12411
12412
12413
12414
12415
12416
12417
12418
12419
12420
12421
12422
12423
12424
12425
12426
12427
12429
12430
12431
12432
12433
12434
12435
12436
12437
12438
12439
12440
12441
12442
12443
12444
12445
12446
12447
12448
12449
12450
12451
12452
12453
12454
12455
12456
12457
12458
12459
12460
12461
12462
12463
12464
12465
12466
12467
12468
12469
12470
12471
12472
12473
12474
12475
12476
12477
12478
12479
12480
12481
12482
12483
12484
12485
12486
12487
12488
12489
12490
12491
12492
12493
12494
12495
12496
12497
12498
12499
12500
12501
12502
12503
12504
12505
12506
12507
12508
12509
12510
12511
12512
12513
12514
12515
12516
12517
12518
12519
12520
12521
12522
12523
12524
12525
12526
12527
12528
12529
12530
12531
12532
12533
12534
12535
12536
12537
12538
12539
12540
12541
12542
12543
12544
12545
12546
12547
12548
12549
12550
12551
12552
12553
12554
12555
12556
12557
12558
12559
12560
12561
12562
12563
12564
12565
12566
12567
12568
12569
12570
12571
12572
12573
12574
12575
12576
12577
12578
12579
12580
12581
12582
12583
12584
12585
12586
12587
12588
12589
12590
12591
12592
12593
12594
12595
12596
12597
12598
12599
12600
12601
12602
12603
12604
12605
12606
12607
12608
12609
12610
12611
12612
12613
12614
12615
12616
12617
12618
12619
12620
12621
12622
12623
12624
12625
12626
12627
12628
12629
12630
12631
12632
12633
12634
12635
12636
12637
12638
12639
12640
12641
12642
12643
12644
12645
12646
12647
12648
12649
12650
12651
12652
12653
12654
12655
12656
12657
12658
12659
12661
12662
12663
12664
12665
12666
12667
12668
12669
12670
12671
12672
12673
12674
12675
12676
12677
12678
12679
12680
12681
12682
12683
12684
12685
12686
12687
12688
12689
12690
12691
12692
12693
12694
12695
12696
12697
12698
12699
12700
12701
12702
12703
12704
12705
12706
12707
12708
12709
12710
12711
12712
12713
12714
12715
12716
12717
12718
12719
12720
12721
12722
12723
12724
12725
12726
12727
12728
12729
12730
12731
12732
12733
12734
12735
12736
12737
12738
12739
12740
12741
12742
12743
12744
12745
12746
12747
12748
12749
12750
12751
12752
12753
12754
12755
12756
12757
12758
12759
12760
12761
12762
12763
12764
12765
12766
12767
12768
12769
12770
12771
12772
12773
12774
12775
12776
12777
12778
12779
12780
12781
12782
12783
12784
12785
12786
12787
12788
12789
12790
12791
12792
12793
12794
12795
12796
12797
12798
12799
12800
12801
12802
12803
12804
12805
12806
12807
12808
12809
12810
12811
12812
12813
12814
12815
12816
12817
12818
12819
12820
12821
12822
12823
12824
12825
12826
12827
12828
12829
12830
12831
12832
12833
12834
12835
12836
12837
12838
12839
12840
12841
12842
12843
12844
12845
12846
12847
12848
12849
12850
12851
12852
12853
12854
12855
12856
12857
12858
12859
12860
12861
12862
12863
12864
12865
12866
12867
12868
12869
12870
12871
12872
12873
12874
12875
12876
12877
12878
12879
12880
12881
12882
12883
12884
12885
12886
12887
12888
12889
12890
12891
12892
12893
12894
12895
12896
12897
12898
12899
12900
12901
12902
12903
12904
12905
12906
12907
12908
12909
12910
12911
12912
12913
12914
12915
12916
12917
12918
12919
12920
12921
12922
12923
12924
12925
12926
12927
12928
12929
12930
12931
12932
12933
12934
13541
12935
12936
12937
12938
12939
12940
12941
12942
12943
12944
12945
12946
12947
12948
12949
12950
12951
12952
12953
12954
12955
12956
12957
12958
12959
12960
12961
12962
12963
12964
12965
12966
12967
12968
12969
12970
12971
12972
12973
12974
12975
12976
12977
12978
12979
12980
12981
12983
12984
12985
12986
6963
6964
6413
6965
6966
6967
6968
6969
6970
6414
6971
6972
6973
6974
6975
6976
6415
6977
6978
6979
6980
6981
6982
6416
6983
6984
6985
6986
6987
6988
6417
6989
6990
6991
6992
6993
6994
6418
6995
6996
6997
6998
6999
7000
6419
7001
7002
7003
7004
7005
7006
6420
7007
7008
7009
7010
7011
7012
6421
7013
7014
7015
7016
7017
7018
6422
7019
7020
7021
7022
7023
7024
6423
7025
7026
7027
7028
7029
7030
6424
7031
7032
7033
7034
7035
7036
6425
7037
7038
7039
7040
7041
7042
6426
7043
7044
7045
7046
7047
7048
6427
7049
7050
7051
7052
7053
7054
6428
7055
7056
7057
7058
7059
7060
6429
7061
7062
7063
7064
7065
7066
6430
7067
7068
7069
7070
7071
7072
6431
7073
7074
7075
7076
7077
7078
6432
7079
7080
7081
7082
7083
7084
6433
7085
7086
7087
7088
7089
7090
6434
7091
7092
7093
7094
7095
7096
6435
7097
7098
7099
7100
7101
7102
6436
7103
7104
7105
7106
7107
7108
6437
7109
7110
7111
7112
7113
7114
6438
7115
7116
7117
7118
7119
7120
6439
7121
7122
7123
7124
7125
7126
6440
7127
7128
7129
7130
7131
7132
6441
7133
7134
7135
7136
7137
7138
6442
7139
7140
7141
7142
7143
7144
6443
7145
7146
7147
7148
7149
7150
6444
7151
7152
7153
7154
7155
7156
6445
7157
7158
7159
7160
7161
7162
6446
7163
7164
7165
7166
7167
7168
6447
7169
7170
7171
7172
7173
7174
6448
7175
7176
7177
7178
7179
7180
6449
7181
7182
7183
7184
7185
7186
6450
7187
7188
7189
7190
7191
7192
6451
7193
7194
7195
7196
7197
7198
6452
7199
7200
7201
7202
7203
7204
6453
7205
7206
7207
7208
7209
7210
6454
7211
7212
7213
7214
7215
7216
6455
7217
7218
7219
7220
7221
7222
6456
7223
7224
7225
7226
7227
7228
6457
7229
7230
7231
7232
7233
7234
6458
7235
7236
7237
7238
7239
7240
6459
7241
7242
7243
7244
7245
7246
6460
7247
7248
7249
7250
7251
7252
6462
7254
7255
7256
7257
7258
7259
6463
7260
7261
7262
7263
7264
7265
6464
7266
7267
7268
7269
7270
7271
6465
7272
7273
7274
7275
7276
6643
6359
6644
6645
6646
6648
6649
6650
6360
6651
6652
6653
6654
6655
6656
6361
6657
6658
6659
6660
6661
6662
6362
6665
6666
6667
6668
6669
6670
6363
6671
6672
6673
6674
6675
6676
6364
6677
6678
6679
6680
6681
6682
6365
6683
6684
6685
6686
6688
6689
6366
6690
6691
6692
6693
6694
6695
6367
6696
6697
6698
6699
6700
6701
6368
6702
6703
6704
6705
6706
6707
6369
6708
6709
6710
6711
6712
6713
6370
6714
6715
6716
6717
6718
6719
6371
6720
6721
6722
6723
6724
6725
6372
6726
6728
6729
6730
6731
6732
6373
6733
6734
6735
6736
6737
6738
6374
6739
6740
6741
6742
6743
6744
6375
6745
6746
6747
6748
6749
6750
6376
6751
6752
6753
6754
6755
6756
6377
6757
6758
6759
6760
6761
6762
6378
6763
6764
6765
6766
6767
6768
6379
6770
6771
6772
6773
6774
6775
6380
6776
6777
6778
6779
6780
6782
6382
6783
6784
6785
6786
6787
6788
6383
6789
6790
6791
6792
6793
6794
6384
6795
6796
6797
6798
6799
6800
6385
6801
6802
6803
6804
6805
6806
6386
6807
6808
6809
6810
6811
6812
6387
6813
6814
6815
6816
6817
6818
6388
6819
6820
6821
6822
6823
6824
6389
6825
6826
6827
6828
6829
6830
6390
6831
6832
6833
6834
6835
6836
6391
6837
6838
6839
6840
6841
6842
6392
6843
6844
6845
6846
6847
6848
6393
6849
6850
6851
6852
6853
6854
6394
6855
6856
6857
6858
6859
6860
6395
6861
6862
6863
6864
6865
6866
6396
6867
6868
6869
6870
6871
6872
6397
6873
6874
6875
6876
6877
6878
6398
6879
6880
6881
6882
6883
6884
6399
6885
6886
6887
6888
6889
6890
6400
6891
6892
6893
6894
6895
6896
6401
6897
6898
6899
6900
6901
6902
6402
6903
6904
6905
6906
6907
6908
6403
6909
6910
6911
6912
6913
6914
6404
6915
6916
6917
6918
6919
6920
6405
6921
6922
6923
6924
6925
6926
6406
6927
6928
6929
6930
6931
6932
6407
6933
6934
6935
6936
6937
6938
6408
6939
6940
6941
6942
6943
6944
6409
6945
6946
6947
6948
6949
6950
6410
6951
6952
6953
6954
6955
6956
6411
6957
6958
6959
6960
6961
6962
6412
2012
2013
2014
2015
2016
2017
2018
2019
2020
2021
2022
2023
2024
2025
2026
2027
2028
2029
2030
2031
2032
2033
2034
2035
2036
2037
2038
2039
2040
2041
2042
2043
2044
2045
2046
2047
2048
2049
2050
2051
2052
2053
2054
2055
2056
2057
2058
2059
2060
2061
2062
2063
2064
2065
2066
2067
2068
2069
2070
2071
2072
2073
2074
2075
2076
2077
2078
2079
2080
2081
2082
2083
2085
2086
2087
2088
2089
2090
2091
2092
2093
2094
2095
2096
2098
2099
2100
2102
2103
2104
2105
2106
2107
2108
2109
2110
2111
2112
2113
2114
2115
2116
2117
2118
2119
2120
2121
2122
2123
2124
2125
2126
2127
2128
2129
2130
2131
2132
2133
2134
2135
2136
2137
2138
2139
2140
2141
2142
2143
2144
2145
2146
2147
2148
2149
2150
2151
2152
2153
2154
2155
2156
2157
2158
2159
2160
2161
2162
2163
2164
2165
2166
2167
2168
2169
2170
2171
2172
2173
2174
2175
2176
2177
2178
2179
2180
2181
2182
2183
2184
2185
2186
2187
2188
2189
2190
2191
2192
2193
2194
2195
2196
2197
2198
2199
2200
2201
2202
2203
2204
2205
2206
2207
2208
2209
2210
2211
2212
2213
2214
2215
2216
2217
2218
2219
2220
2221
2222
2223
2224
2225
2226
2227
2228
2229
2230
2231
2232
2233
2234
2235
2236
2237
2238
2239
2240
2241
2242
2243
2244
2245
2246
2247
2248
2249
2250
2251
2252
2253
2254
2255
2256
2257
2258
2259
2260
2261
2262
2263
2264
2265
2266
2267
2268
2269
2270
2271
2272
2273
2274
2275
2276
2277
2278
2279
2280
2281
2282
2283
2284
2285
2286
2287
2289
2291
2292
2294
2295
2296
2297
2300
2301
2302
2303
2304
2305
2307
2308
2309
2310
2311
2312
2313
2314
2315
2316
2317
2318
2319
2320
2321
2322
2323
2324
2325
2326
2327
2328
2329
2330
2331
2332
2333
2334
2335
2336
2337
2338
2339
2340
2341
2342
2343
2344
2345
2346
2347
2348
2349
2350
2351
2352
2353
2354
2355
2356
2357
2358
2359
2360
2361
2362
2363
2364
2365
2366
2367
2368
2369
2370
2371
2372
2373
2374
2375
2376
2377
2378
2379
2380
2381
2382
2383
2384
2385
2386
2387
2388
2389
2390
2391
2392
2393
2394
2395
2396
2397
2398
2399
2400
2401
2402
2403
2404
2405
2406
2407
2408
2409
2410
2411
2412
2413
2414
2415
2416
2417
2418
2419
2420
2421
2422
2423
2424
2425
2426
2427
2428
2429
2430
2431
2432
2433
2434
2435
2436
2437
2438
2439
2440
2441
2442
2443
2444
2445
2446
2447
2448
2449
2450
2451
2452
2453
2454
2455
2456
2457
2458
2459
2460
2461
2462
2463
2464
2465
2466
2467
2468
2469
2470
2471
2472
2473
2474
2475
2476
2477
2478
2479
2480
2481
2482
2483
2484
2485
2486
2487
2488
2489
2490
2491
2492
2493
2494
2495
2496
2497
2498
2499
2500
2501
2502
2503
2504
2505
2506
2507
2508
2509
2510
2511
2512
2513
2514
2515
2516
2517
2518
2519
2520
2521
2522
2523
2524
2525
2526
2527
2528
2529
2530
2531
2532
2533
2534
2535
2536
2537
2538
2539
2540
2541
2542
2543
2544
2545
2546
2547
2548
2549
2550
2551
2552
2553
2554
2555
2556
2557
2558
2559
2560
2561
2562
2563
2564
2565
2566
2567
2568
2569
2570
2571
2572
2573
2574
2575
2576
2577
2578
2579
2580
2581
2582
2583
2584
2585
2586
2587
2588
2589
2590
2591
2592
2593
2594
2595
2596
2597
2598
2599
2600
2601
2602
2603
2604
2605
2606
2607
2608
2609
2610
2611
2612
2613
2614
2615
2616
2617
2618
2619
2620
2621
2622
2623
2624
2625
2626
2627
2628
2629
2630
2631
2632
2633
2634
2635
2636
2637
2638
2639
2640
2641
2642
2643
2644
2645
2646
2647
2648
2649
2650
2651
2652
2653
2654
2655
2656
2657
2658
2659
2660
2661
2662
2663
2664
2665
2666
2667
2668
2669
2670
2671
2672
2673
2674
2675
2676
2677
2678
2679
2680
2681
2682
2683
2684
2685
2686
2687
2688
2689
2690
2691
2692
2693
2694
2695
2696
2697
2698
2699
2700
2701
2702
2703
2704
2705
2706
2707
2708
2709
2710
2711
2712
2713
2714
2715
2716
2717
2718
2719
2720
2721
2722
2723
2724
2725
2726
2727
2729
2730
2731
2732
2733
2734
2735
2738
2739
2740
2741
2742
2743
2744
2745
2746
2747
2748
2749
2750
2751
2752
2753
1
2
3
4
5
6
7
8
9
10
11
12
13
14
15
16
17
18
19
20
21
22
23
24
25
26
27
28
29
30
31
32
33
34
35
36
37
38
39
40
41
42
43
44
45
46
47
48
49
50
51
52
53
54
55
56
57
58
59
60
61
62
63
64
65
66
67
68
69
70
71
72
73
74
75
76
77
78
79
80
81
82
83
84
85
86
87
88
89
90
91
92
93
94
95
96
97
98
99
100
101
102
103
104
105
106
107
108
109
110
111
112
113
114
115
116
117
118
119
120
121
122
123
124
125
126
127
128
129
130
131
132
133
134
135
136
137
138
139
140
141
142
143
144
145
146
147
148
149
150
151
152
153
154
155
156
157
158
159
160
161
162
163
164
165
166
167
168
169
170
171
172
173
174
175
176
177
178
179
180
181
182
183
184
185
186
187
188
189
190
191
192
193
194
195
196
197
198
199
200
201
202
203
204
205
206
207
208
209
210
211
212
213
214
215
216
217
218
219
220
221
222
223
224
225
226
227
228
229
230
231
232
233
234
235
236
237
238
239
240
241
242
243
244
245
246
247
248
249
250
251
252
253
254
255
256
257
258
259
260
261
262
263
264
265
266
267
268
269
270
271
272
273
274
275
276
277
278
279
280
281
282
283
284
285
286
287
288
289
290
291
292
293
294
295
296
297
298
299
300
301
302
303
304
305
306
307
308
309
310
311
312
313
314
315
316
317
318
319
320
321
322
323
324
325
326
327
328
329
330
331
332
333
334
335
336
337
338
339
340
341
342
343
344
345
346
347
348
349
350
351
352
353
354
355
356
357
358
359
360
361
362
363
364
365
366
367
368
369
370
371
372
373
374
375
376
377
378
379
380
381
382
383
384
385
386
387
388
389
390
391
392
393
394
395
396
397
398
399
400
401
402
403
404
405
406
407
408
409
410
411
412
413
414
415
416
417
418
419
420
421
422
423
424
425
426
427
428
429
430
431
432
433
434
435
436
437
438
439
440
441
442
443
444
445
446
447
448
449
450
451
452
453
454
455
456
457
458
459
460
461
462
463
464
465
466
467
468
469
470
471
472
473
474
475
476
477
478
479
480
481
482
483
484
485
486
487
488
489
490
491
492
493
494
495
496
497
498
499
500
501
502
503
504
505
506
507
508
509
510
511
512
513
514
515
516
517
518
519
520
521
522
523
524
525
526
527
528
529
530
531
532
533
534
535
536
537
538
539
540
541
542
543
544
545
546
547
548
549
550
551
552
553
554
555
556
557
558
559
560
561
562
563
564
565
566
567
568
569
570
571
572
573
574
575
576
577
578
579
580
581
582
583
584
585
586
587
588
589
590
591
592
593
594
595
596
597
598
599
600
601
602
603
604
605
606
607
608
609
610
611
612
613
614
615
616
617
618
619
620
621
622
623
624
625
626
627
628
629
630
631
632
633
634
635
636
637
638
639
640
641
642
643
644
645
646
647
648
649
650
651
652
653
654
655
656
657
658
659
660
661
662
663
664
665
666
667
668
669
670
671
672
673
674
675
676
677
678
679
680
681
682
683
684
685
686
687
688
689
690
691
692
693
694
695
696
697
698
699
700
701
702
703
704
705
706
707
708
709
710
711
712
713
714
715
716
717
718
719
720
721
722
723
724
725
726
727
728
729
730
731
732
733
734
735
736
737
738
739
740
741
742
743
744
745
746
747
748
749
750
751
752
753
754
755
756
757
758
759
760
761
762
763
764
765
766
767
768
769
770
771
772
773
774
775
776
777
778
779
780
781
782
783
784
785
786
787
788
789
790
791
792
793
794
795
796
797
798
799
800
801
802
803
804
805
806
807
808
809
810
811
812
813
814
815
816
817
818
819
820
821
822
823
824
825
826
827
828
829
830
831
832
833
834
835
836
837
838
839
840
841
842
843
844
845
846
847
848
849
850
851
852
853
854
855
856
857
858
859
860
861
862
863
864
865
866
867
868
869
870
871
872
873
874
875
876
877
878
879
880
881
882
883
884
885
886
887
888
889
890
891
892
893
894
895
896
897
898
899
900
901
902
903
904
905
906
907
908
909
910
911
912
913
914
915
916
917
918
919
920
921
922
923
924
925
926
927
928
929
930
931
932
933
934
935
936
937
938
939
940
941
942
943
944
945
946
947
948
949
950
951
952
953
954
955
956
957
958
959
960
961
962
963
964
965
966
967
968
969
970
971
972
973
974
975
976
977
978
979
980
981
982
983
984
985
986
987
988
989
990
991
992
993
994
995
996
997
998
999
1000
1001
1002
1003
1004
1005
1006
1007
1008
1009
1010
1011
1012
1013
1014
1015
1016
1017
1018
1019
1020
1021
1022
1023
1024
1025
1026
1027
1028
1029
1030
1031
1032
1033
1034
1035
1036
1037
1038
1039
1040
1041
1042
1043
1044
1045
1046
1047
1048
1049
1050
1051
1052
1053
1054
1055
1056
1057
1058
1059
1060
1061
1062
1063
1064
1065
1066
1067
1068
1069
1070
1071
1072
1073
1074
1075
1076
1077
1078
1079
1080
1081
1082
1083
1084
1085
1086
1087
1088
1089
1090
1091
1092
1093
1094
1095
1096
1097
1098
1099
1100
1101
1102
1103
1104
1105
1106
1107
1108
1109
1110
1111
1112
1113
1114
1115
1116
1117
1118
1119
1120
1121
1122
1123
1124
1125
1126
1127
1128
1129
1130
1131
1132
1133
1134
1135
1136
1137
1138
1139
1140
1141
1142
1143
1144
1145
1146
1147
1148
1149
1150
1151
1152
1153
1154
1155
1156
1157
1158
1159
1160
1161
1162
1163
1164
1165
1166
1167
1168
1169
1170
1171
1172
1173
1174
1175
1176
1177
1178
1179
1180
1181
1182
1183
1184
1185
1186
1187
1188
1189
1190
1191
1192
1193
1194
1195
1196
1197
1198
1199
1200
1201
1202
1203
1204
1205
1206
1207
1208
1209
1210
1211
1212
1213
1214
1215
1216
1217
1218
1219
1220
1221
1222
1223
1224
1225
1226
1227
1228
1229
1230
1231
1232
1233
1234
1235
1236
1237
1238
1239
1240
1241
1242
1243
1244
1245
1246
1247
1248
1249
1250
1251
1252
1253
1254
1255
1256
1257
1258
1259
1260
1261
1262
1263
1264
1265
1266
1267
1268
1269
1270
1271
1272
1273
1274
1275
1276
1277
1278
1279
1280
1281
1282
1283
1284
1285
1286
1287
1288
1289
1290
1291
1292
1293
1294
1295
1296
1297
1298
1299
1300
1301
1302
1303
1304
1305
1306
1307
1308
1309
1310
1311
1312
1313
1314
1315
1316
1317
1318
1319
1320
1321
1322
1323
1324
1325
1326
1327
1328
1329
1330
1331
1332
1333
1334
1335
1336
1337
1338
1339
1340
1341
1342
1343
1344
1345
1346
1347
1348
1349
1350
1351
1352
1353
1354
1355
1356
1357
1358
1359
1360
1361
1362
1363
1364
1365
1366
1367
1368
1369
1370
1371
1372
1373
1374
1375
1376
1377
1378
1379
1380
1381
1382
1383
1384
1385
1386
1387
1388
1389
1390
1391
1392
1393
1394
1395
1396
1397
1398
1399
1400
1401
1402
1403
1404
1405
1406
1407
1408
1409
1410
1411
1412
1413
1414
1415
1416
1417
1418
1419
1420
1421
1422
1423
1424
1425
1426
1427
1428
1429
1430
1431
1432
1433
1434
1435
1436
1437
1438
1439
1440
1441
1442
1443
1444
1445
1446
1447
1448
1449
1450
1451
1452
1453
1454
1455
1456
1457
1458
1459
1460
1461
1462
1463
1464
1465
1466
1467
1468
1469
1470
1471
1472
1473
1474
1475
1476
1477
1478
1479
1480
1481
1482
1483
1484
1485
1486
1487
1488
1489
1490
1491
1492
1493
1494
1495
1496
1497
1498
1499
1500
1501
1502
1503
1504
1505
1506
1507
1508
1509
1510
1511
1512
1513
1514
1515
1516
1517
1518
1519
1520
1521
1522
1523
1524
1525
1526
1527
1528
1529
1530
1531
1532
1533
1534
1535
1536
1537
1538
1539
1540
1541
1542
1543
1544
1545
1546
1547
1548
1549
1550
1551
1552
1553
1554
1555
1556
1557
1558
1559
1560
1561
1562
1563
1564
1565
1566
1567
1568
1569
1570
1571
1572
1573
1574
1575
1576
1577
1578
1579
1580
1581
1582
1583
1584
1585
1586
1587
1588
1589
1590
1591
1592
1593
1594
1595
1596
1597
1598
1599
1600
1601
1602
1603
1604
1605
1606
1607
1608
1609
1610
1611
1612
1613
1614
1615
1616
1617
1618
1619
1620
1621
1622
1623
1624
1625
1626
1627
1628
1629
1630
1631
1632
1633
1634
1635
1636
1637
1638
1639
1640
1641
1642
1643
1644
1645
1646
1647
1648
1649
1650
1651
1652
1653
1654
1655
1656
1657
1658
1659
1660
1661
1662
1663
1664
1665
1666
1667
1668
1669
1670
1671
1672
1673
1674
1675
1676
1677
1678
1679
1680
1681
1682
1683
1684
1685
1686
1687
1688
1689
1690
1691
1692
1693
1694
1695
1696
1697
1698
1699
1700
1701
1702
1703
1704
1705
1706
1707
1708
1709
1710
1711
1712
1713
1714
1715
1716
1717
1718
1719
1720
1721
1722
1723
1724
1725
1726
1727
1728
1729
1730
1731
1732
1733
1734
1735
1736
1737
1738
1739
1740
1741
1742
1743
1744
1745
1746
1747
1748
1749
1750
1751
1752
1753
1754
1755
1756
1757
1758
1759
1760
1761
1762
1763
1764
1765
1766
1767
1768
1769
1770
1771
1772
1773
1774
1775
1776
1777
1778
1779
1780
1781
1782
1783
1784
1785
1786
1787
1788
1789
1790
1791
1792
1793
1794
1795
1796
1797
1798
1799
1800
1801
1802
1803
1804
1805
1806
1807
1808
1809
1810
1811
1812
1813
1814
1815
1816
1817
1818
1819
1820
1821
1822
1823
1824
1825
1826
1827
1828
1829
1830
1831
1832
1833
1834
1835
1836
1837
1838
1839
1840
1841
1842
1843
1844
1845
1846
1847
1848
1849
1850
1851
1852
1853
1854
1855
1856
1857
1858
1859
1860
1861
1862
1863
1864
1865
1866
1867
1868
1869
1870
1871
1872
1873
1874
1875
1876
1877
1878
1879
1880
1881
1882
1883
1884
1885
1886
1887
1888
1889
1890
1891
1892
1893
1894
1895
1896
1897
1898
1899
1900
1901
1902
1903
1904
1905
1906
1907
1908
1909
1910
1911
1912
1913
1914
1915
1916
1917
1918
1919
1920
1921
1922
1923
2766
2767
2768
2769
2770
2771
1924
2822
2823
2824
2825
2826
2827
2785
2918
2919
2920
2921
2922
2923
2924
2979
2980
2981
2982
2983
2984
2985
5649
5650
5651
5652
5653
5654
5655
7585
7586
7587
7588
7589
7590
7591
8712
8713
8714
8715
8716
8717
8718
9825
9826
9827
9828
9829
9830
9831
10793
10794
10795
10796
10797
10798
10799
11799
11800
11801
11802
11803
11804
11805
13534
13535
13536
13537
13538
13539
13540
14364
14365
14366
14367
14368
14369
14370
15349
15350
15351
15352
15353
15354
15355
16313
16314
16315
16316
16317
16318
16319
17236
17237
17238
17239
17240
17241
17242
17923
17924
17925
17926
17927
17928
17929
19045
19046
19047
19048
19049
19050
19051
20008
20009
20010
20011
20012
20013
20014
20718
20719
20720
20721
20722
20723
20724
21696
21697
21698
21699
21700
21701
21702
22370
22371
22372
22373
22374
22375
22376
23257
23258
23259
23260
23261
23262
23263
24379
24380
24381
24382
24383
24384
24385
25039
25040
25041
25042
25043
25044
25045
26128
26129
26130
26131
26132
26133
25997
26867
26868
26869
26870
26871
26872
26873
27572
27573
27574
27575
27576
27577
27578
28232
28233
28234
28235
28236
28237
28238
29061
29062
29063
29064
29065
29066
29067
29700
29701
29702
29703
29704
29705
29706
30221
30222
30223
30224
30225
30226
30227
31334
31335
31336
31337
31338
31339
31340
31965
31966
31967
31968
31969
31970
31971
32782
32783
32784
32785
32786
32787
32788
34002
34003
34004
34005
34006
34007
34008
34807
34808
34809
34810
34811
34812
34813
35826
35827
35828
35829
35830
35831
35832
36589
36590
36591
36592
36593
36594
36595
37298
37299
37300
37301
37302
37303
37304
37898
37899
37900
37901
37902
37903
37904
38513
38514
38515
38516
38517
38518
38519
39051
39052
39053
39054
39055
39056
39057
39705
39706
39707
39708
39709
39710
39711
40550
40551
40552
40553
40554
40555
40556
41214
41215
41216
41217
41218
41219
41220
42026
42027
42028
42029
42030
42031
42032
42808
42809
42810
42811
42812
42813
42814
43539
43540
43541
43542
43543
43544
43545
44411
44412
44413
44414
44415
44416
44417
45278
45279
45280
45281
45282
45283
45284
46215
46216
46217
46218
46219
46220
46221
47097
47098
47099
47100
47101
47102
47103
48085
48086
48087
48088
48089
48090
48091
49202
49203
49204
49205
49206
49207
49208
50239
50240
50241
50242
50243
50244
50245
50938
50939
50940
50941
50942
50943
50944
52201
52202
52203
52204
52205
52206
52207
53319
53320
53321
53322
53323
53324
53325
54565
54566
54567
54568
54569
54570
54571
55447
55448
55449
55450
55451
55452
55453
56234
56235
56236
56237
56238
56239
56240
56998
56999
57000
57001
57002
57003
57004
58071
58072
58073
58074
58075
58076
58077
58812
58813
58814
58815
58816
58817
58818
59568
59569
59570
59571
59572
59573
59574
60353
60354
60355
60356
60357
60358
60359
60926
60927
60928
60929
60930
60931
60932
61741
61742
61743
61744
61745
61746
61747
62563
62564
62565
62566
62567
62568
62569
63343
63344
63345
63346
63347
63348
63349
63973
63974
63975
63976
63977
63978
63979
64745
64746
64747
64748
64749
64750
64751
65673
65674
65675
65676
65677
65678
65679
66478
66479
66480
66481
66482
66483
66484
67290
67291
67292
67293
67294
67295
67296
68011
68012
68013
68014
68015
68016
68017
68619
68620
68621
68622
68623
68624
68625
69225
69226
69227
69228
69229
69230
69231
69991
69992
69993
69994
69995
69996
69997
70675
70676
70677
70678
70679
70680
70681
71288
71289
71290
71291
71292
71293
71294
71964
71965
71966
71967
71968
71969
71970
72590
72591
72592
72593
72594
72595
72596
73431
73432
73433
73434
73435
73436
73437
74147
74148
74149
74150
74151
74152
74153
74829
74830
74831
74832
74833
74834
74835
75447
75448
75449
75450
75451
75452
75453
75988
75989
75990
75991
75992
75993
75994
76731
76732
76733
76734
76735
76736
76737
77350
77351
77352
77353
77354
77355
77356
77967
77968
77969
77970
77971
77972
77973
78507
78508
78509
78510
78511
78512
78513
79030
79031
79032
79033
79034
79035
79036
79574
79575
79576
79577
79578
79579
79580
80271
80272
80273
80274
80275
80276
80277
80990
80991
80992
80993
80994
80995
80996
81604
81605
81606
81607
81608
81609
81610
82271
82272
82273
82274
82275
82276
82277
83078
83079
83080
83081
83082
83083
83084
83820
83821
83822
83823
83824
83825
83826
84397
84398
84507
84508
84509
84510
84511
85107
85108
85109
85110
85111
85112
85113
85737
85738
85739
85740
85741
85742
85743
86281
86282
86283
86284
86285
86286
86287
86847
86848
86849
86850
86851
86852
86853
87439
87440
87441
87442
87443
87444
87445
87910
87911
87912
87913
87914
87915
87916
88358
88359
88360
88361
88362
88363
88364
89033
89034
89035
89036
89037
89038
89039
89592
89593
89594
89595
89596
89597
89598
90190
90191
90192
90193
90194
90195
90196
90728
90729
90730
90731
90732
90733
90734
91351
91352
91353
91354
91355
91356
91357
91761
91762
91763
91764
91765
91766
91767
92313
92314
92315
92316
92317
92318
92319
92762
92763
92764
92765
92766
92767
92768
93460
93461
93462
93463
93464
93465
93466
93945
93946
93947
93948
93949
93950
93951
94408
94409
94410
94411
94412
94413
94414
95108
95109
95110
95111
95112
95113
95114
95837
95838
95839
95840
95841
95842
95843
96661
96715
96737
96738
96837
96945
97124
97125
97126
97127
97148
97149
97150
97151
97863
97864
97865
97866
97867
97868
97715
97717
97718
97719
97720
97721
97722
98194
98948
98949
98950
98951
98952
98953
98954
99646
99647
99648
99649
99650
99651
99652
100155
100156
100157
100158
100159
100160
100161
100755
100756
100757
100758
100759
100760
100761
101298
101299
101300
101301
101302
101303
101304
102047
102048
102049
102050
102051
102052
102053
102762
102763
102764
102765
102766
102767
102768
103415
103416
103417
103418
103419
103420
103421
104039
104040
104041
104042
104043
104044
104045
104566
104567
104568
104569
104570
104571
104572
105392
105393
105394
105395
105396
105397
105398
105820
105821
105822
105823
105824
105825
105826
106559
106560
106561
106562
106563
106564
106565
107162
107163
107165
107166
107167
107168
107169
107667
107668
107669
107670
107671
107672
107673
108243
108244
108245
108246
108247
108248
108249
108768
108769
108770
108771
108772
108773
108774
109345
109346
109347
109348
109349
109350
109351
109699
109700
109701
109702
109703
109704
109705
110217
110218
110219
110220
110221
110222
110223
110766
110767
110768
110769
110770
110771
110772
111061
111062
111063
111064
111065
111066
111067
111745
111746
111747
111748
111749
111750
111751
112310
112312
112313
112314
112315
112316
112317
113033
113034
113035
113036
113037
113038
113039
113791
113792
113793
113794
113795
113796
113797
114406
114407
114408
114409
114410
114411
114412
115014
115015
115016
115017
115018
115019
115020
115809
115810
115811
115812
115813
115814
115815
116637
116638
116639
116640
116641
116642
116643
117321
117322
117323
117324
117325
117326
117327
118015
118016
118017
118018
118019
118020
118021
118929
118930
118931
118932
118933
118934
118612
119422
119423
119424
119425
119426
119427
119428
120616
120617
120618
120619
120620
120621
120622
120623
120624
120625
120626
120627
120628
120629
120631
