####018010355####
SSVX02 KARS 221158
ZZYY 44882 22091 1130/ 729797 062460 6111/
11119 40243 52016
444 20110 22091 1041/ 50101 80009 80000 9////=
ZZYY 41561 22091 1030/ 727053 056068 6112/
11119 30235 40235 52014
22219 00280
444 20120 22091 1010/ 50101 80110 80013 9/015=
ZZYY 13567 22091 1140/ 727924 053756 6112/
11119 30252 40252 52014
22219 00281
444 20120 22091 1008/ 50101 80100 80000 9////=
ZZYY 41955 22091 1140/ 729539 077593 6113/
11119 30190 40190
22219 00288
444 20130 22091 1035/ 50101 80110 80100 9/015=
ZZYY 41954 22091 1130/ 728631 078450 6113/
11119 30180 40180
22219 00278
444 20130 22091 1040/ 50101 80110 80100 9/015=
ZZYY 41715 22091 1020/ 723738 052721 6112/
11119 30214 40214 52010
22219 00280
444 20120 22091 0051/ 50101 80110 80035 9/015=
ZZYY 41572 22091 1150/ 726114 048873 6111/
11119 30238 40238 52016
22219 00279
444 20110 22091 1132/ 50101 80110 80035 9/015=
ZZYY 44925 22091 1150/ 749112 023298 6112/
11119 30116 40116 57019
22219 00144
444 20120 22091 1143/ 50101 80138 80003 9/015=
ZZYY 41575 22091 1140/ 728746 050865 6111/
11119 30256 40256 52012
22219 00279
444 20110 22091 1134/ 50101 80110 80039 9/015=
ZZYY 41982 22091 1030/ 729102 063552 6111/
11119 30236 40236 52012
22219 00278
444 20110 22091 1036/ 50101 80120 80012 9/015=
ZZYY 41982 22091 1130/ 729102 063552 6111/
11119 30242 40242 52017
22219 00278
444 20110 22091 1036/ 50101 80120 80010 9/015=
ZZYY 41969 22091 1100/ 731893 073373 6113/
11119 30214 40214 52004
22219 00279
444 20130 22091 1041/ 50101 80138 80007 9/015=
ZZYY 31527 22091 1151/ 732838 075171 6113/
444 20130 22091 1036/ 50101 9////=
ZZYY 31527 22091 1150/ 732838 075171 6113/
22219 00273
444 20130 22091 1036/ 50101 8//// 80001 9////=
ZZYY 41565 22091 1140/ 729293 051102 6112/
11119 30258 40258 52009
22219 00280
444 20120 22091 1008/ 50101 80120 80006 9/015=
ZZYY 44835 22091 1150/ 763418 031652 6112/
22219 00098
444 20120 22091 1141/ 50101 80110 80031 9/015=
ZZYY 41613 22091 1140/ 748362 026334 6112/
11119 30105 40105 57005
22219 00151
444 20120 22091 1143/ 50101 80120 80002 9/015=
ZZYY 44919 22091 1148/ 733543 056718 6112/
444 20120 22091 1037/ 50101 80116 80011 9/015=
ZZYY 41593 22091 1120/ 726486 063420 6112/
11119 30216 40216 52011
22219 00274
444 20120 22091 1041/ 50101 80110 80034 9/015=
ZZYY 42518 22091 1148/ 728724 039103 6111/
22219 00274
444 20110 22091 1131/ 50101 80118 80001 9/015=
ZZYY 42538 22091 1147/ 733438 053901 6113/
22219 00283
444 20130 22091 1007/ 50101 80098 80001 9////=
ZZYY 42547 22091 1146/ 738469 037115 6113/
22219 00237
444 20130 22091 1130/ 50101 80094 80001 9/015=
ZZYY 44514 22091 1151/ 749398 021983 6111/
22219 00146
444 20110 22091 1143/ 50101 80142 80001 9/015=
ZZYY 41909 22091 1140/ 735443 068350 6112/
11119 30248 40248 52008
22219 00272
444 20120 22091 1040/ 50101 80120 80000 9/015=
ZZYY 44518 22091 1150/ 743032 022828 6111/
22219 00200
444 20110 22091 1145/ 50101 80142 80003 9/015=
ZZYY 44519 22091 1150/ 750907 019442 6112/
22219 00146
444 20120 22091 1143/ 50101 80140 80002 9/015=
ZZYY 13569 22091 1140/ 728558 043605 6113/
11119 30237 40237 52013
22219 00278
444 20130 22091 1131/ 50101 80100 80000 9////=
ZZYY 62926 22091 1150/ 759925 018009 6113/
22219 00118
444 20130 22091 1140/ 50101 80110 80005 9/015=
ZZYY 44880 22091 1150/ 726024 036030 6113/
11119 30219 40219 52014
22219 00263
444 20130 22091 1131/ 50101 80110 80004 9/015=
ZZYY 41945 22091 1110/ 731067 079264 6113/
11119 30185 40185
22219 00291
444 20130 22091 1036/ 50101 80110 80100 9/015=
ZZYY 41944 22091 1130/ 732624 070985 6112/
11119 30229 40229
22219 00271
444 20120 22091 1035/ 50101 80110 80098 9/015=
ZZYY 41979 22091 1110/ 729931 060324 6112/
11119 30254 40254 52014
22219 00281
444 20120 22091 1040/ 50101 80110 80040 9/015=
ZZYY 41943 22091 1150/ 732483 065260 6112/
22219 00274
444 20120 22091 1041/ 50101 80144 80003 9/015=
ZZYY 42508 22091 1150/ 735942 049549 6111/
22219 00272
444 20110 22091 1132/ 50101 80126 80001 9/015=
ZZYY 41921 22091 0910/ 720188 056683 6113/
22219 00279
444 20130 22091 0902/ 50101 80120 80057 9/015=
ZZYY 41997 22091 1151/ 744029 039915 6112/
444 20120 22091 1144/ 50101 80094 80031 9/015=
ZZYY 13520 22091 1150/ 732254 028855 6112/
11119 30236 40236 52015
22219 00253
444 20120 22091 1132/ 50101 80120 80008 9/015=
ZZYY 41941 22091 1050/ 729464 071025 6113/
11119 30209 40209 52007
22219 00284
444 20130 22091 1041/ 50101 80120 80066 9/015=
ZZYY 44522 22091 1151/ 742450 043752 6112/
22219 00230
444 20120 22091 1144/ 50101 80118 80021 9/015=
ZZYY 41961 22091 1110/ 728185 069683 6113/
11119 30207 40207 52015
22219 00280
444 20130 22091 0859/ 50101 80138 80005 9/015=
ZZYY 41961 22091 1010/ 728185 069683 6113/
11119 30199 40199 52003
22219 00280
444 20130 22091 0859/ 50101 80138 80004 9/015=
ZZYY 41914 22091 1151/ 739227 036336 6112/
22219 00238
444 20120 22091 1144/ 50101 80116 80018 9/015=
ZZYY 44943 22091 1150/ 737854 054109 6111/
11119 30276 40276 52012
22219 00265
444 20110 22091 1036/ 50101 80100 80026 9/015=
ZZYY 44899 22091 1150/ 729472 044919 6113/
22219 00276
444 20130 22091 1131/ 50101 80118 80011 9/015=
ZZYY 44924 22091 1150/ 748627 033940 6112/
22219 00155
444 20120 22091 1129/ 50101 80102 9/015=
ZZYY 41956 22091 1149/ 730675 064234 6113/
444 20130 22091 1040/ 50101 8//// 80002 9/015=
ZZYY 13623 22091 1151/ 722709 049007 6112/
22219 00278
444 20120 22091 1010/ 50101 80049 80099 9/015=
ZZYY 13636 22091 1150/ 723652 063541 6112/
22219 00284
444 20120 22091 1041/ 50101 80105 80008 9/015=
ZZYY 41981 22091 1100/ 729637 079623 6113/
11119 30178 40178 52007
22219 00291
444 20130 22091 1040/ 50101 80138 80002 9/015=
ZZYY 41983 22091 1149/ 741098 038931 6111/
22219 00230
444 20110 22091 1145/ 50101 80078 80018 9/015=
ZZYY 44917 22091 1120/ 742587 015411 6113/
11119 30253 40253 52001
444 20130 22091 1129/ 50101 80100 80063 9/015=
ZZYY 44553 22091 1150/ 729728 059884 6111/
22219 00281
444 20110 22091 1037/ 50101 80093 80014 9/015=
ZZYY 41606 22091 1150/ 735290 041593 6113/
22219 00261
444 20130 22091 1130/ 50101 80037 80008 9/015=
ZZYY 62909 22091 1150/ 730605 026694 6112/
22219 00258
444 20120 22091 1006/ 50101 80108 80003 9/015=
ZZYY 44914 22091 1150/ 734962 044113 6111/
22219 00266
444 20110 22091 1146/ 50101 80051 80009 9/015=
ZZYY 44921 22091 1149/ 738152 030235 6113/
444 20130 22091 1129/ 50101 8//// 80001 9/015=
ZZYY 62723 22091 1150/ 740001 030233 6111/
22219 00222
444 20110 22091 1145/ 50101 80079 80007 9/015=
ZZYY 44894 22091 1150/ 742153 033349 6113/
22219 00209
444 20130 22091 1144/ 50101 80078 80006 9/015=
ZZYY 41926 22091 1110/ 733117 074125 6113/
11119 30213 40213 52007
22219 00271
444 20130 22091 1035/ 50101 80110 80031 9/015=
ZZYY 41926 22091 1010/ 733117 074125 6113/
11119 30206 40206 57003
22219 00271
444 20130 22091 1035/ 50101 80110 80038 9/015=
ZZYY 44915 22091 1150/ 735966 055013 6111/
22219 00273
444 20110 22091 1035/ 50101 80118 80013 9/015=
ZZYY 62727 22091 1151/ 741550 019707 6111/
22219 00208
444 20110 22091 1129/ 50101 80118 80016 9/015=
ZZYY 41563 22091 1150/ 731629 071627 6112/
22219 00272
444 20120 22091 1039/ 50101 80110 80000 9/015=
ZZYY 41937 22091 1140/ 728670 078187 6113/
11119 30188 40188 52015
22219 00281
444 20130 22091 1041/ 50101 80120 80076 9/015=
ZZYY 41998 22091 1150/ 745778 041772 6113/
444 20130 22091 1145/ 50101 80068 80016 9/015=
ZZYY 41610 22091 1147/ 731645 056646 6111/
22219 00287
444 20110 22091 0855/ 50101 80094 80001 9/015=
ZZYY 41999 22091 1151/ 731039 060560 6111/
22219 00283
444 20110 22091 1036/ 50101 80110 80074 9/015=
ZZYY 44903 22091 1140/ 737008 062471 6112/
11119 30274 40274 52011
22219 00271
444 20120 22091 0908/ 50101 8//// 80000 9/015=
ZZYY 44903 22091 1040/ 737008 062471 6112/
11119 30271 40271 52009
22219 00271
444 20120 22091 0908/ 50101 8//// 80000 9/015=
ZZYY 44881 22091 1150/ 736345 033150 6111/
22219 00251
444 20110 22091 1146/ 50101 80074 80002 9/015=
ZZYY 41932 22091 1150/ 732156 055545 6112/
22219 00286
444 20120 22091 1132/ 50101 80050 80000 9/015=
ZZYY 31775 22091 1150/ 726230 062781 6113/
444 20130 22091 1041/ 50101 80052 80099 9/015=
ZZYY 41603 22091 1150/ 730458 040034 6113/
11119 30237 40237 52012
22219 00272
444 20130 22091 1130/ 50101 80110 80036 9/015=
ZZYY 41622 22091 1110/ 725923 065677 6112/
11119 30205 40205 52014
22219 00284
444 20120 22091 1042/ 50101 80120 80011 9/015=
ZZYY 43537 22091 1149/ 738465 066049 6112/
22219 00261
444 20120 22091 1034/ 50101 80122 80014 9/015=
ZZYY 51512 22091 1051/ 319642 176803 6111/
22219 00246
444 20110 22091 1043/ 50101 80115 80031 9/015=
ZZYY 51657 22091 1051/ 506865 179222 6111/
22219 00282
444 20110 22091 0914/ 50101 80117 80003 9/015=
ZZYY 51727 22091 1051/ 509477 177453 6111/
22219 00283
444 20110 22091 0922/ 50101 80111 80255 9/015=
ZZYY 51965 22091 1051/ 316517 175940 6111/
22219 00272
444 20110 22091 1042/ 50101 80119 80005 9/015=
ZZYY 51802 22091 1048/ 522602 175039 6112/
22219 00235
444 20120 22091 1041/ 50101 80053 80008 9/015=
ZZYY 51624 22091 1049/ 516299 174209 6111/
22219 00275
444 20110 22091 1043/ 50101 80085 80017 9/015=
ZZYY 51913 22091 1048/ 515761 173327 6111/
22219 00241
444 20110 22091 1043/ 50101 80115 80012 9/015=
ZZYY 51669 22091 1047/ 511864 174892 6111/
22219 00281
444 20110 22091 0912/ 50101 80105 80000 9/015=
ZZYY 51538 22091 1050/ 319144 167861 6113/
22219 00242
444 20130 22091 1042/ 50101 80086 80001 9/015=
ZZYY 32617 22091 1048/ 324526 170088 6113/
22219 00230
444 20130 22091 1041/ 50101 80082 80003 9/015=
ZZYY 51614 22091 1051/ 318804 173095 6113/
22219 00256
444 20130 22091 1042/ 50101 80044 80027 9/015=
ZZYY 51627 22091 1047/ 517883 169339 6111/
22219 00270
444 20110 22091 0911/ 50101 80113 80000 9/015=
ZZYY 51663 22091 1047/ 512316 170566 6111/
22219 00278
444 20110 22091 0913/ 50101 80111 80008 9/015=
ZZYY 51870 22091 1052/ 304328 173295 6112/
444 20120 22091 1054/ 50101 80109 80012 9/015=
####018001415####
SSVX08 KARS 221158
ZZYY 52007 21091 1200/ 308026 164771 6112/
33311 88872 20001 32916 43534 20025 32908 20050 32905
444 20120 21091 1328/ 521//=
ZZYY 52002 21091 1200/ 302005 164985 6112/
22219 00290
33311 88872 20000 32903 43553 20500 30781
444 20120 21091 1326/ 521//=
ZZYY 52002 22091 10004 302005 164981 6112/
11119 01207 10286 29073
22219 00290
444 20120 22091 0928/ 521// 60001=
ZZYY 52003 21091 1200/ 105099 165032 6112/
33311 88872 20001 32942 43392 20025 32938 20050 32937 20075 32949
20100 32880 20125 32545 20150 32036 20200 31175 20250 30991
20300 30933 20500 30789
444 20120 21091 1324/ 521//=
ZZYY 52004 21091 1200/ 305000 165164 6111/
33311 88872 20001 32917 43556 20025 32913 20075 32907 20100 32903
20125 32893 20150 32744 20200 31985
444 20110 21091 1326/ 521//=
ZZYY 52321 21091 1200/ 100000 164971 6112/
33311 88872 20001 32892 20025 32881 43520 20050 32871 43528
20075 32855 43535 20100 32784 20125 32496 20150 32258 20200 31720
20250 31319 20500 30775
444 20120 21091 1326/ 521//=
ZZYY 52321 22091 10004 100001 164971 6112/
11119 01107 10276 29088 40110
22219 00287
444 20120 22091 0929/ 521// 60401=
ZZYY 52001 21091 1200/ 102028 165011 6111/
33311 88872 20001 32952 43489 20025 32945 20050 32936 20075 32909
20100 32736 20125 32579 20150 32480 20200 31371 20250 31097
20300 31072 20500 30796
444 20110 21091 1325/ 521//=
####018000405####
SSVX02 LFVW 221158
ZZYY 41725 22091 1150/ 732386 054408 6111/
22219 00285
33311 88872 20000 32848 43684
444 2011/ 22091 1134/ 50101 9/015=
ZZYY 13983 22091 1149/ 728409 033954 6111/
22219 00266
33311 88872 20000 32658 43755
444 2011/ 22091 1133/ 50101 9/015=
ZZYY 13984 22091 1149/ 729423 025313 6111/
22219 00250
33311 88872 20000 32504 43634
444 2011/ 22091 1133/ 50101 9/015=
####018000781####
SSVX08 KARS 221200
ZZYY 41139 21091 12004 720010 037843 6111/
11119 00618 10262 29081 40191
22219 00265
33311 88872 20000 32652 20001 32655 20020 32653 43708
20060 32555 43728 20100 32340 20120 32285 20140 32223 20180 32036
20300 31579 20500 31194
444 20110 21091 1155/ 521// 60401=
ZZYY 41139 22091 11004 720019 037881 6112/
11119 00515 10258 29078 40184
22219 00265
444 20120 22091 1133/ 521// 60401=
ZZYY 13009 21091 1200/ 707944 038027 6111/
33311 88872 20001 32883 43440 20020 32887 43467 20060 32548
20080 32290 20100 31837 20120 31536 43564 20140 31373 20180 31169
20300 30994 20500 30794
444 20110 21091 1201/ 521//=
ZZYY 13009 22091 11004 707940 038017 6111/
11119 01603 10285 29075
22219 00289
444 20110 22091 1016/ 521// 60401=
####018005889####
SSVX02 KARS 221200
ZZYY 15637 22091 1155/ 709861 058593 6111/
22219 00295
444 20110 22091 1016/ 50101 80126 80001 9/015=
ZZYY 13567 22091 1040/ 727924 053756 6112/
11119 30245 40245 52013
22219 00281
444 20120 22091 1008/ 50101 80100 80000 9////=
ZZYY 62935 22091 1150/ 735117 030598 6111/
11119 30230 40230
22219 00249
444 20110 22091 1146/ 50101 80100 80100 9/015=
ZZYY 41943 22091 1156/ 732462 065254 6112/
22219 00274
444 20120 22091 1146/ 50101 80144 80003 9/015=
ZZYY 41609 22091 1155/ 732045 066669 6112/
22219 00274
444 20120 22091 1035/ 50101 80144 80002 9/015=
ZZYY 41578 22091 1154/ 729815 058786 6112/
22219 00281
444 20120 22091 1149/ 50101 80144 80011 9/015=
ZZYY 41974 22091 1156/ 727226 066572 6112/
22219 00282
444 20120 22091 1041/ 50101 80144 80007 9/015=
ZZYY 42513 22091 1155/ 728102 085710 6111/
22219 00289
444 20110 22091 1040/ 50101 80094 80001 9/015=
ZZYY 13599 22091 1154/ 721834 066828 6112/
22219 00285
444 20120 22091 1042/ 50101 80109 80009 9/015=
ZZYY 42508 22091 1153/ 735942 049544 6111/
22219 00272
444 20110 22091 1145/ 50101 80126 9/015=
ZZYY 13934 22091 1153/ 721798 028502 6111/
22219 00257
444 20110 22091 1131/ 50101 80124 9/015=
ZZYY 44554 22091 1155/ 733781 038128 6113/
444 20130 22091 1149/ 50101 80098 80099 9/015=
ZZYY 41997 22091 1154/ 744029 039910 6112/
444 20120 22091 1144/ 50101 80094 80031 9/015=
ZZYY 13928 22091 1154/ 723571 034715 6113/
22219 00262
444 20130 22091 1131/ 50101 80124 80180 9/015=
ZZYY 41967 22091 1110/ 726602 074649 6112/
11119 30179 40179 52009
22219 00285
444 20120 22091 1042/ 50101 80138 80004 9/015=
ZZYY 44899 22091 1154/ 729470 044916 6113/
22219 00276
444 20130 22091 1146/ 50101 80118 80011 9/015=
ZZYY 13616 22091 1155/ 720768 063360 6111/
22219 00284
444 20110 22091 0859/ 50101 80052 80099 9/015=
ZZYY 41956 22091 1155/ 730674 064242 6111/
22219 00279
444 20110 22091 1149/ 50101 8//// 80002 9/015=
ZZYY 13623 22091 1155/ 722720 049007 6112/
22219 00278
444 20120 22091 1149/ 50101 80049 80099 9/015=
ZZYY 13636 22091 1155/ 723652 063541 6112/
22219 00284
444 20120 22091 1041/ 50101 80105 80008 9/015=
ZZYY 31527 22091 1156/ 732846 075171 6112/
22219 00273
444 20120 22091 1148/ 50101 8//// 80001 9////=
ZZYY 41916 22091 1110/ 728385 076742 6113/
11119 30186 40186 52011
22219 00282
444 20130 22091 1040/ 50101 80120 80063 9/015=
ZZYY 41686 22091 1155/ 719413 068008 6112/
22219 00288
444 20120 22091 1042/ 50101 80108 80000 9/015=
ZZYY 41903 22091 1156/ 736569 040776 6113/
22219 00247
444 20130 22091 1145/ 50101 80076 80006 9/015=
ZZYY 41855 22091 1110/ 729694 067099 6112/
11119 30228 40228 52012
22219 00264
444 20120 22091 1036/ 50101 80110 80000 9/015=
ZZYY 44886 22091 1155/ 728962 036927 6113/
22219 00267
444 20130 22091 1147/ 50101 80074 80003 9/015=
ZZYY 44553 22091 1155/ 729739 059896 6111/
22219 00281
444 20110 22091 1147/ 50101 80093 80014 9/015=
ZZYY 41570 22091 1154/ 726840 075061 6113/
22219 00284
444 20130 22091 1041/ 50101 80140 80001 9/015=
ZZYY 41606 22091 1155/ 735289 041596 6113/
22219 00261
444 20130 22091 1145/ 50101 80037 80008 9/015=
ZZYY 44914 22091 1154/ 734958 044106 6112/
22219 00266
444 20120 22091 1146/ 50101 80051 80009 9/015=
ZZYY 44921 22091 1155/ 738153 030245 6111/
22219 00239
444 20110 22091 1144/ 50101 80080 80001 9/015=
ZZYY 62723 22091 1155/ 740000 030239 6112/
22219 00222
444 20120 22091 1145/ 50101 80079 80007 9/015=
ZZYY 44894 22091 1155/ 742152 033350 6113/
22219 00209
444 20130 22091 1144/ 50101 80078 80006 9/015=
ZZYY 44945 22091 1154/ 732361 035626 6112/
444 20120 22091 1008/ 50101 80054 80012 9/015=
ZZYY 41563 22091 1155/ 731617 071658 6112/
22219 00272
444 20120 22091 1149/ 50101 80110 80000 9/015=
ZZYY 41924 22091 1110/ 733012 073620 6113/
11119 30215 40215 52005
22219 00273
444 20130 22091 1035/ 50101 80120 80032 9/015=
ZZYY 41998 22091 1155/ 745778 041772 6113/
444 20130 22091 1145/ 50101 80068 80016 9/015=
ZZYY 41939 22091 1110/ 731500 076476 6112/
11119 30202 40202 52003
22219 00273
444 20120 22091 1035/ 50101 80120 80074 9/015=
ZZYY 41610 22091 1153/ 731630 056659 6111/
444 20110 22091 1148/ 50101 8//// 80001 9/015=
ZZYY 31781 22091 1155/ 721082 068862 6111/
22219 00284
444 20110 22091 1041/ 50101 80120 80018 9/015=
ZZYY 41999 22091 1155/ 731036 060581 6112/
22219 00283
444 20120 22091 1149/ 50101 80110 80074 9/015=
ZZYY 44881 22091 1155/ 736346 033152 6112/
22219 00251
444 20120 22091 1146/ 50101 80074 80002 9/015=
ZZYY 41932 22091 1154/ 732152 055545 6111/
22219 00286
444 20110 22091 1146/ 50101 80050 80000 9/015=
ZZYY 31982 22091 1155/ 731276 067088 6112/
22219 00266
444 20120 22091 1149/ 50101 80051 80099 9/015=
ZZYY 31775 22091 1153/ 726230 062805 6112/
444 20120 22091 1148/ 50101 80052 80099 9/015=
ZZYY 41978 22091 1110/ 710231 046362 6113/
11119 30118 40118 52023
444 20130 22091 1015/ 50101 80120 80048 9/015=
ZZYY 41569 22091 0910/ 720243 050382 6112/
11119 30179 40179 52007
22219 00280
444 20120 22091 0901/ 50101 80110 80008 9/015=
ZZYY 42536 22091 1153/ 735512 057427 6111/
22219 00268
444 20110 22091 1145/ 50101 80118 80001 9/015=
ZZYY 42518 22091 1152/ 728724 039103 6111/
22219 00274
444 20110 22091 1131/ 50101 80118 80001 9/015=
ZZYY 41616 22091 1110/ 712851 049018 6111/
11119 30119 40119 52013
22219 00284
444 20110 22091 1016/ 50101 80120 80042 9/015=
ZZYY 43537 22091 1156/ 738478 066059 6113/
22219 00261
444 20130 22091 1146/ 50101 80122 80014 9/015=
ZZYY 42538 22091 1154/ 733427 053905 6111/
22219 00284
444 20110 22091 1146/ 50101 80098 80001 9////=
ZZYY 42547 22091 1153/ 738471 037102 6112/
22219 00237
444 20120 22091 1145/ 50101 80094 80001 9/015=
####018000146####
SSVX13 LFPW 221200
ZZYY 64607 22091 1200/ 762208 056267 6110/ 11119 40130 52007 22219
 00057 444 20100 22091 1000/ 50101 80108 80002 9/015=
####018000277####
SSVX02 LFVW 221200
ZZYY 41726 22091 1153/ 723819 048157 6112/
22219 00278
33311 88872 20000 32784 43638
444 2012/ 22091 1015/ 50101 9/015=
ZZYY 13982 22091 1155/ 723925 043794 6112/
22219 00273
33311 88872 20000 32733 43751
444 2012/ 22091 1152/ 50101 9/015=
####018001775####
SSVX02 KARS 221202
ZZYY 41715 22091 1120/ 723793 052754 6112/
11119 30220 40220 52015
22219 00280
444 20120 22091 1149/ 50101 80110 80035 9/015=
ZZYY 41609 22091 1158/ 732035 066661 6111/
22219 00274
444 20110 22091 1151/ 50101 80144 80002 9/015=
ZZYY 41942 22091 1150/ 737147 046398 6113/
11119 30282 40282 52012
22219 00242
444 20130 22091 1146/ 50101 80120 80006 9/015=
ZZYY 41592 22091 1158/ 732093 071376 6112/
444 20120 22091 1151/ 50101 80096 80040 9/015=
ZZYY 13616 22091 1158/ 720758 063341 6113/
22219 00284
444 20130 22091 1153/ 50101 80052 80099 9/015=
ZZYY 41956 22091 1156/ 730679 064252 6111/
22219 00279
444 20110 22091 1149/ 50101 9/015=
ZZYY 13636 22091 1158/ 723659 063530 6112/
22219 00284
444 20120 22091 1149/ 50101 80105 80008 9/015=
ZZYY 31527 22091 1157/ 732847 075172 6112/
444 20120 22091 1148/ 50101 9////=
ZZYY 41981 22091 1200/ 729706 079612 6111/
11119 30180 40180 52012
22219 00291
444 20110 22091 1150/ 50101 80138 80001 9/015=
ZZYY 41686 22091 1158/ 719415 068021 6112/
22219 00288
444 20120 22091 1151/ 50101 80108 80000 9/015=
ZZYY 44914 22091 1158/ 734958 044104 6113/
22219 00266
444 20130 22091 1146/ 50101 80051 80009 9/015=
ZZYY 41563 22091 1158/ 731617 071658 6112/
22219 00272
444 20120 22091 1149/ 50101 80110 80000 9/015=
ZZYY 41610 22091 1156/ 731630 056659 6111/
22219 00287
444 20110 22091 1148/ 50101 80094 80001 9/015=
ZZYY 31781 22091 1158/ 721080 068879 6113/
22219 00284
444 20130 22091 1151/ 50101 80120 80018 9/015=
ZZYY 42518 22091 1157/ 728723 039120 6111/
22219 00274
444 20110 22091 1147/ 50101 80118 80001 9/015=
ZZYY 31785 22091 1158/ 706236 050834 6113/
22219 00293
444 20130 22091 0903/ 50101 80122 80010 9/015=
####018000625####
SSVX08 KARS 221202
ZZYY 31002 21091 1200/ 704144 037954 6112/
33311 88872 20001 32826 43567 20020 32824 43578 20040 32823 43578
20060 32821 20080 32756 20100 32712 20120 32363 43634 20140 31857
20180 31250 20300 31019 20500 30761
444 20120 21091 1051/ 521//=
ZZYY 31002 22091 11004 704139 037943 6111/
11119 01614 10274 29080
22219 00282
444 20110 22091 1017/ 521// 60401=
ZZYY 13009 21091 1200/ 707944 038027 6111/
33311 88872 20001 32883 43440 20020 32887 43467 20060 32548
20080 32290 20100 31837 20120 31536 43564 20140 31373 20180 31169
20300 30994 20500 30794
444 20110 21091 1201/ 521//=
####018000146####
SSVX13 LFPW 221200
ZZYY 41632 22091 1200/ 722510 039843 6113/ 11119 40204 52010 22219
 00267 444 20130 22091 1155/ 50101 80124 80081 9/015=
####018000149####
SSVX13 LFVW 221202
ZZYY 17572 22091 1200/ 344620 147359 6110/
11119 49969 57042
22219 00131
444 20100 22091 1058/ 50101 80114 80000 9/015=
