####018000131####
SSVX02 CWAO 211500
ZZYY 47543 21091 1500/ 784496 110657 6113/ 11119 11060 40040 444 20130 21091 1500/ 50101 89990 80001 9////=
####018005769####
SSVX08 KARS 211506
ZZYY 15006 20091 1200/ 506038 010002 6111/
33311 88872 20001 32442 43619 20020 32429 43619 20040 32429 43624
20080 31958 20100 31643 20120 31387 20140 31251 20180 31085
20300 30923
444 20110 20091 1044/ 521//=
ZZYY 15006 21091 14004 506040 009994 6112/
11119 01312 10240 29085
22219 00245
444 20120 21091 1025/ 521// 60401=
ZZYY 15002 20091 1200/ 700013 009867 6112/
33311 88872 20001 32424 20020 32394 43578 20040 32346 43579
20060 32135 43585 20080 31923 20100 31693 20120 31534 20140 31500
20180 31413 20300 31075 20500 30742
444 20120 20091 1043/ 521//=
ZZYY 15002 21091 14004 700015 009861 6111/
11119 01714 10243 29093
22219 00243
444 20110 21091 1350/ 521// 60401=
ZZYY 31005 20091 1200/ 518872 034684 6111/
33311 88872 20001 32367 20060 32363 43723 20100 32362 20120 32363
20140 32334 20180 32043 20300 31447
444 20110 20091 1119/ 521//=
ZZYY 31004 20091 1200/ 513518 032607 6111/
33311 88872 20020 32538 43685 20040 32538 43699 20060 32535
20080 32536 20100 32542 20120 32558 43723 20140 32501 20180 32206
20300 31344 20500 30719
444 20110 20091 1119/ 521//=
ZZYY 31004 21091 14004 513525 032608 6112/
11119 01408 10247 29062
444 20120 21091 1035/ 521// 60401=
ZZYY 52004 20091 1200/ 305005 165155 6111/
33311 88872 20001 32911 43554 20025 32909 20075 32907 20100 32907
20125 32880 20200 32048
444 20110 20091 1023/ 521//=
ZZYY 52004 21091 13004 305000 165164 6111/
11119 00911 10286 29077
22219 00292
444 20110 21091 1326/ 521// 60401=
ZZYY 15001 20091 1200/ 509918 009981 6112/
33311 88872 20001 32341 43644 20020 32340 43644 20040 32340 43644
20060 32341 43644 20080 32330 20100 32088 20120 31803 20140 31574
20180 31297 20300 30956 20500 30733
444 20120 20091 1046/ 521//=
ZZYY 15001 21091 14004 509914 009975 6112/
11119 01111 10232 29083 40155
22219 00236
444 20120 21091 1347/ 521// 60401=
ZZYY 52312 20091 1200/ 501971 179922 6111/
33311 88872 20001 32822 43544 20025 32821 20050 32820 20075 32819
20100 32820 20125 32753 20150 32247 20200 31306 20250 31140
20300 31082 20500 30776
444 20110 20091 1310/ 521//=
ZZYY 52312 21091 13004 501980 179927 6112/
11119 01013 10278 29083
22219 00282=
ZZYY 52001 20091 1200/ 102016 164997 6112/
33311 88872 20001 32957 43474 20025 32950 20050 32946 20075 32910
20100 32726 20125 32585 20150 32452 20200 31333 20250 31098
20300 31074 20500 30784
444 20120 20091 1026/ 521//=
ZZYY 52001 21091 13004 102028 165011 6111/
11119 00912 10287 29077
22219 00295
444 20110 21091 1325/ 521// 60401=
ZZYY 51306 20091 1200/ 502155 170031 6111/
33311 88872 20001 32772 43556 20025 32770 20050 32769 20100 32768
20125 32586 20150 32113 20250 31103 20500 30838
444 20110 20091 1152/ 521//=
ZZYY 51306 21091 13004 502156 170023 6111/
11119 01016 10273 29073
22219 00277
444 20110 21091 1257/ 521// 60401=
ZZYY 13001 20091 1200/ 711490 022997 6112/
33311 88872 20001 32869 43510 20020 32829 43543 20040 32165 43596
20060 31710 43573 20080 31509 20100 31412 20120 31349 20140 31312
20180 31262 20300 31133 20500 30965
444 20120 20091 1112/ 521//=
ZZYY 13001 21091 14004 711489 023004 6112/
11119 01308 10285 29081 40121
22219 00291
444 20120 21091 1422/ 521// 60401=
ZZYY 52007 20091 1200/ 308040 164788 6112/
33311 88872 20001 32913 43535 20025 32905 20050 32903
444 20120 20091 1022/ 521//=
ZZYY 52007 21091 13004 308026 164771 6112/
11119 01210 10287 29077
22219 00291
444 20120 21091 1328/ 521// 60401=
ZZYY 31007 20091 1200/ 700020 023002 6112/
33311 88872 20001 32587 43591 20020 32579 43593 20040 32521 43596
20080 32335 20100 32033 20120 31760 20140 31528 20180 31391
20300 31187 20500 30742
444 20120 20091 1044/ 521//=
ZZYY 31007 21091 14004 700019 023006 6112/
11119 01612 10256 29083 40128
444 20120 21091 1416/ 521// 60401=
ZZYY 52315 20091 1200/ 707983 179855 6112/
33311 88872 20001 32879 43419 20025 32881 20050 32882 20075 32850
20100 32778 20125 32301 20150 31789 20200 31200 20250 31089
20500 30830
444 20120 20091 0953/ 521//=
ZZYY 51302 20091 1200/ 508268 155012 6111/
33311 88872 20001 32717 43548 20025 32715 20050 32714 20075 32714
20100 32715 20125 32700 20150 32563 20200 32152 20250 31599
20300 31198 20500 30805
444 20110 20091 1155/ 521//=
ZZYY 51302 21091 13004 508266 155017 6112/
11119 01115 10269 29075
22219 00272=
ZZYY 51023 20091 1200/ 500002 154960 6111/
33311 88870 20001 32553 20025 32544 20050 32526 20100 32137
20125 31808 20200 31335 20250 31193 20300 31117 20500 30822
444 20110 20091 1127/ 521//=
ZZYY 51023 21091 1300/ 500009 154941 6111/
11119 10244 29091
22219 00254
444 20110 21091 1255/ 521//=
ZZYY 13002 20091 1200/ 720454 023122 6112/
33311 88872 20001 32485 43642 20020 32484 43642 20040 31964 43529
20060 31772 43572 20080 31725 20100 31675 20120 31629 20140 31592
20180 31558 20300 31429 20500 31192
444 20120 20091 1111/ 521//=
ZZYY 13010 20091 12004 500011 000001 6111/
11119 01906 10253 29078
22219 00263
33311 88872 20000 32631 20001 32612 20020 32604 43539
20040 32366 43563 20060 31885 20080 31716 20100 31621
20120 31536 43559 20140 31509 20180 31486 20300 31042 20500 30760
444 20110 20091 1245/ 521// 60001=
ZZYY 13010 21091 14004 300015 000001 6112/
11119 02014 10253 29088
22219 00262
444 20120 21091 1349/ 521// 60001=
ZZYY 31006 20091 1200/ 704041 022993 6111/
33311 88872 20001 32781 43457 20020 32777 43490 20040 32783 43504
20060 32703 43569 20080 32398 20100 31922 20120 31669 20140 31579
20180 31418 20300 31166
444 20110 20091 1114/ 521//=
ZZYY 31006 21091 14004 704037 022976 6112/
11119 01811 10270 29082
22219 00281
444 20120 21091 1416/ 521// 60401=
####018004661####
SSVX02 KARS 211506
ZZYY 23681 21091 1350/ 519876 013859 6111/
22219 00265
444 20110 21091 1343/ 50101 80010 80002 9////=
ZZYY 71679 21091 1250/ 556197 034759 6112/
11119 39946 49946 52001
22219 01002
444 20120 21091 1213/ 50101 80100 80000 9/015=
ZZYY 31753 21091 1340/ 533327 031985 6111/
11119 30220 40220 57005
22219 00163
444 20110 21091 1409/ 50101 80060 80000 9/015=
ZZYY 17657 21091 1120/ 524353 011771 6113/
11119 30242 40242 52007
22219 00199
444 20130 21091 1025/ 50101 8//// 80063 9/015=
ZZYY 31993 21091 1414/ 505827 031931 6113/
22219 00266
444 20130 21091 1051/ 50101 80122 80017 9/015=
ZZYY 15635 21091 1411/ 527926 029068 6113/
22219 00191
444 20130 21091 1408/ 50101 80086 80002 9/015=
ZZYY 15634 21091 1414/ 529296 017326 6113/
22219 00198
444 20130 21091 1405/ 50101 80096 80000 9/015=
ZZYY 33691 21091 1415/ 527602 002096 6112/
22219 00185
444 20120 21091 1407/ 50101 80070 80000 9/015=
ZZYY 15926 21091 1407/ 526627 031383 6112/
22219 00198
444 20120 21091 1209/ 50101 80092 9/015=
ZZYY 31711 21091 1416/ 507452 034237 6112/
22219 00259
444 20120 21091 1159/ 50101 80122 80019 9/015=
ZZYY 31786 21091 1418/ 503369 034113 6113/
22219 00266
444 20130 21091 1204/ 50101 80124 80015 9/015=
ZZYY 17672 21091 1410/ 537806 011421 6113/
11119 30220 40220 57006
22219 00124
444 20130 21091 1407/ 50101 80110 80005 9/015=
ZZYY 15601 21091 1414/ 522815 026499 6112/
22219 00219
444 20120 21091 1408/ 50101 80049 80033 9/015=
ZZYY 15904 21091 1416/ 310831 007212 6113/
22219 00207
444 20130 21091 1408/ 50101 80152 80007 9/015=
ZZYY 15679 21091 1415/ 308945 006299 6111/
22219 00224
444 20110 21091 1409/ 50101 80152 80010 9/015=
ZZYY 31758 21091 1411/ 527803 033236 6111/
22219 00189
444 20110 21091 1408/ 50101 80006 80046 9/015=
ZZYY 15941 21091 1416/ 516717 032494 6111/
22219 00242
444 20110 21091 1207/ 50101 80128 80002 9/015=
ZZYY 15618 21091 1416/ 520785 002131 6113/
22219 00189
444 20130 21091 1409/ 50101 80124 80180 9/015=
ZZYY 31984 21091 1320/ 701377 029239 6113/
11119 30139 40139
22219 00276
444 20130 21091 1419/ 50101 80110 80098 9/015=
ZZYY 15677 21091 1417/ 514625 024218 6111/
22219 00240
444 20110 21091 1409/ 50101 80128 80001 9/015=
ZZYY 15928 21091 1417/ 513128 029850 6111/
22219 00251
444 20110 21091 1409/ 50101 80126 80001 9/015=
ZZYY 33585 21091 1350/ 348628 025426 6111/
11119 30053 40053
22219 00025
444 20110 21091 1401/ 50101 80060 80100 9/015=
ZZYY 15905 21091 1417/ 312896 008110 6112/
22219 00196
444 50101 80152 80010 9/015=
ZZYY 31914 21091 1412/ 534729 016369 6113/
22219 00158
444 20130 21091 1401/ 50101 80061 80058 9/015=
ZZYY 15912 21091 1418/ 303656 003702 6112/
22219 00243
444 20120 21091 1409/ 50101 80152 80006 9/015=
ZZYY 15929 21091 1419/ 306944 005054 6112/
22219 00230
444 20120 21091 1407/ 50101 80140 80007 9/015=
ZZYY 31926 21091 1408/ 533074 006213 6112/
22219 00173
444 20120 21091 1405/ 50101 80007 80024 9////=
ZZYY 15646 21091 1415/ 501882 031584 6113/
22219 00266
444 20130 21091 1157/ 50101 80122 80180 9/015=
ZZYY 31708 21091 1413/ 331538 009997 6113/
22219 00167
444 20130 21091 1404/ 50101 80006 80028 9////=
ZZYY 31537 21091 1413/ 532173 020924 6112/
22219 00160
444 20120 21091 1406/ 50101 80043 80017 9/015=
ZZYY 15604 21091 1413/ 525117 030974 6111/
22219 00213
444 20110 21091 1407/ 50101 80119 80011 9/015=
ZZYY 71642 21091 1220/ 545218 014177 6113/
11119 30129 40129 52039
444 20130 21091 1356/ 50101 80110 80062 9/015=
ZZYY 15605 21091 1417/ 503681 034948 6112/
22219 00265
444 20120 21091 1157/ 50101 80088 80010 9/015=
ZZYY 71696 21091 1403/ 548916 033880 6112/
22219 00038
444 20120 21091 1212/ 50101 80116 80139 9/015=
ZZYY 33592 21091 1130/ 543257 016979 6111/
22219 00087
444 20110 21091 1213/ 50101 80110 80000 9/015=
ZZYY 13548 21091 1410/ 705649 021232 6112/
22219 00279
444 20120 21091 1424/ 500// 80010 9/001=
ZZYY 17685 21091 1400/ 331213 001465 6113/
11119 30310 40310 57014
22219 00170
444 20130 21091 1406/ 50101 8//// 80000 9////=
ZZYY 17662 21091 1300/ 526518 026213 6112/
11119 30237 40237 57005
22219 00199
444 20120 21091 1210/ 50101 80100 80006 9/015=
ZZYY 52906 21091 1327/ 115069 163827 6112/
22219 00290
444 20120 21091 1320/ 50101 80087 80017 9/015=
ZZYY 17651 21091 1410/ 524334 025115 6113/
11119 30189 40189 57009
22219 00210
444 50101 80100 80018 9/015=
ZZYY 17651 21091 1310/ 524334 025115 6113/
11119 30195 40195 57004
22219 00209
444 20130 21091 1409/ 50101 80100 80011 9/015=
####018000134####
SSVX02 CWAO 211500
ZZYY 47543 21091 1500/ 784496 110657 6113/ 11119 11060 40040 444 20130 21091 1500/ 50101 89990 80001 9////=

####018000146####
SSVX13 LFPW 211457
ZZYY 64517 21091 1457/ 763154 010834 6113/ 11119 49814 54000 22219
 00097 444 20130 21091 1455/ 50101 80132 80002 9/015=
####018000146####
SSVX13 LFPW 211457
ZZYY 64516 21091 1457/ 761841 012120 6113/ 11119 49843 52018 22219
 00115 444 20130 21091 1457/ 50101 80132 80005 9/015=
####018000146####
SSVX13 LFPW 211457
ZZYY 17930 21091 1457/ 548994 014202 6113/ 11119 40032 52010 22219
 00035 444 20130 21091 1455/ 50101 80136 80015 9/015=
####018000146####
SSVX13 LFPW 211457
ZZYY 64616 21091 1457/ 761284 012110 6113/ 11119 49855 52022 22219
 00119 444 20130 21091 1156/ 50101 80144 80019 9/015=
####018000146####
SSVX13 LFPW 211457
ZZYY 17929 21091 1457/ 547241 055180 6113/ 11119 40060 52020 22219
 00064 444 20130 21091 1455/ 50101 80140 80005 9/015=
####018000146####
SSVX13 LFPW 211500
ZZYY 44621 21091 1500/ 750348 047788 6113/ 11119 40038 52007 22219
 00100 444 20130 21091 1500/ 50101 80146 80013 9/015=
####018000146####
SSVX13 LFPW 211500
ZZYY 44601 21091 1500/ 750630 019061 6110/ 11119 40201 52009 22219
 00145 444 20100 21091 1500/ 50101 80128 80005 9/015=
####018000146####
SSVX13 LFPW 211500
ZZYY 44776 21091 1500/ 742379 031929 6113/ 11119 40249 57019 22219
 00218 444 20130 21091 1500/ 50101 80140 80016 9/015=
####018000173####
SSVX13 LFPW 211500
ZZYY 62504 21091 1500/ 739660 021212 6113/ 11119 40243 57003 22219
 00231 33300 88872 20000 43660 444 20130 21091 1500/ 50101 80148
 80063 9/015=
####018000146####
SSVX13 LFPW 211500
ZZYY 44773 21091 1500/ 746569 036835 6113/ 11119 40119 57027 22219
 00167 444 20130 21091 1500/ 50101 80140 80024 9/015=
####018000146####
SSVX13 LFPW 211500
ZZYY 44622 21091 1500/ 732616 035128 6113/ 11119 40238 57006 22219
 00267 444 20130 21091 1500/ 50101 80094 80003 9/015=
####018000146####
SSVX13 LFPW 211502
ZZYY 44769 21091 1502/ 743512 051916 6113/ 11119 40228 52009 22219
 00165 444 20130 21091 1502/ 50101 80140 80013 9/015=
####018000146####
SSVX13 LFPW 211500
ZZYY 63635 21091 1500/ 172769 018148 6113/ 11119 40108 52001 22219
 00100 444 20130 21091 1500/ 50101 80144 80002 9/015=
####018000146####
SSVX13 LFPW 211500
ZZYY 41728 21091 1500/ 726450 046580 6113/ 11119 40243 57001 22219
 00280 444 20130 21091 1500/ 50101 80120 80003 9/015=
####018000146####
SSVX13 LFPW 211500
ZZYY 44766 21091 1500/ 746645 028330 6113/ 11119 40244 57014 22219
 00167 444 20130 21091 1500/ 50101 80140 80010 9/015=
####018000146####
SSVX13 LFPW 211500
ZZYY 62531 21091 1500/ 745800 010837 6113/ 11119 40244 54000 22219
 00178 444 20130 21091 1500/ 50101 80140 80006 9/015=
####018000146####
SSVX13 LFPW 211500
ZZYY 62516 21091 1500/ 732515 020933 6113/ 11119 40227 57012 22219
 00245 444 20130 21091 1500/ 50101 80130 80003 9/015=
####018000146####
SSVX13 LFPW 211500
ZZYY 41731 21091 1500/ 733027 048441 6113/ 11119 40267 54000 22219
 00275 444 20130 21091 1500/ 50101 80086 80006 9/015=
####018000146####
SSVX13 LFPW 211500
ZZYY 62534 21091 1500/ 743541 024450 6113/ 11119 40279 57005 22219
 00199 444 20130 21091 1500/ 50101 80140 80011 9/015=
####018000146####
SSVX13 LFPW 211500
ZZYY 62517 21091 1500/ 734041 025011 6113/ 11119 40232 57007 22219
 00253 444 20130 21091 1500/ 50101 80100 80003 9/015=
####018000146####
SSVX13 LFPW 211500
ZZYY 62535 21091 1500/ 737448 025233 6113/ 11119 40239 57007 22219
 00229 444 20130 21091 1500/ 50101 80138 80018 9/015=
####018000146####
SSVX13 LFPW 211500
ZZYY 62536 21091 1500/ 740411 032232 6113/ 11119 40249 57016 22219
 00232 444 20130 21091 1500/ 50101 80142 80013 9/015=
####018000146####
SSVX13 LFPW 211500
ZZYY 44771 21091 1500/ 742576 040866 6113/ 11119 40186 54000 22219
 00211 444 20130 21091 1500/ 50101 80140 80003 9/015=
####018000146####
SSVX13 LFPW 211500
ZZYY 62537 21091 1500/ 742461 033102 6113/ 11119 40242 57017 22219
 00209 444 20130 21091 1500/ 50101 80140 80006 9/015=
####018000146####
SSVX13 LFPW 211500
ZZYY 44775 21091 1500/ 751425 047639 6113/ 11119 40035 57002 22219
 00118 444 20130 21091 1500/ 50101 80138 80015 9/015=
####018000146####
SSVX13 LFPW 211500
ZZYY 62711 21091 1500/ 753802 033956 6113/ 11119 40108 57012 22219
 00112 444 20130 21091 1500/ 50101 80138 80016 9/015=
####018000146####
SSVX13 LFPW 211500
ZZYY 44623 21091 1500/ 757859 036559 6113/ 11119 40017 57001 22219
 00087 444 20130 21091 1500/ 50101 80146 80018 9/015=
####018000146####
SSVX13 LFPW 211500
ZZYY 62514 21091 1500/ 735236 021430 6113/ 11119 40242 57010 22219
 00246 444 20130 21091 1500/ 50101 80136 80003 9/015=
####018000146####
SSVX13 LFPW 211500
ZZYY 44778 21091 1500/ 743428 041043 6113/ 11119 40177 57002 22219
 00208 444 20130 21091 0900/ 50101 80142 80019 9/015=
####018014945####
SSVX02 KARS 211508
ZZYY 32675 21091 1302/ 703896 138492 6113/
22219 00261
444 20130 21091 1256/ 50101 80120 80087 9/015=
ZZYY 14921 21091 1340/ 306974 041521 6113/
11119 30131 40131 57008
22219 00265
444 20130 21091 1346/ 50101 80120 80036 9/015=
ZZYY 14921 21091 1240/ 306974 041545 6112/
11119 30129 40129 57019
22219 00266
444 20120 21091 1200/ 50101 80120 80041 9/015=
ZZYY 54901 21091 1210/ 543151 153202 6113/
11119 30188 40188 57017
22219 00102
444 20130 21091 1156/ 50101 80080 80009 9/015=
ZZYY 16560 21091 1300/ 338324 069910 6112/
11119 30181 40181
22219 00136
444 20120 21091 1335/ 50101 80110 80100 9/015=
ZZYY 51969 21091 1305/ 506029 135058 6112/
22219 00255
444 20120 21091 1259/ 50101 80120 80028 9/015=
ZZYY 14545 21091 1250/ 317662 055492 6111/
11119 30179 40179 52252
22219 00241
444 20110 21091 1200/ 50101 80110 80011 9/015=
ZZYY 55937 21091 1240/ 526736 127504 6112/
11119 30133 40133 57013
22219 00217
444 20120 21091 1303/ 50101 8//// 80096 9////=
ZZYY 55937 21091 1140/ 526738 127522 6112/
11119 30134 40134 57014
22219 00217
444 20120 21091 1123/ 50101 8//// 80093 9////=
ZZYY 33635 21091 1250/ 338010 070913 6113/
22219 00136
444 20130 21091 1335/ 50101 80100 80100 9/015=
ZZYY 14566 21091 1240/ 311264 049978 6111/
11119 30139 40139
22219 00252
444 20110 21091 1159/ 50101 80110 80002 9/015=
ZZYY 14566 21091 1340/ 311245 049948 6111/
11119 30143 40143 57248
22219 00252
444 20110 21091 1344/ 50101 80110 80002 9/015=
ZZYY 14949 21091 1310/ 107031 064871 6113/
11119 30110 40110 57250
22219 00288
444 20130 21091 1022/ 50101 80110 80006 9/015=
ZZYY 14949 21091 1110/ 107031 064871 6113/
11119 30104 40104 52242
22219 00288
444 20130 21091 1022/ 50101 80110 80008 9/015=
ZZYY 14948 21091 1320/ 321255 050214 6111/
11119 30185 40185 52253
22219 00244
444 20110 21091 1341/ 50101 80110 80011 9/015=
ZZYY 14948 21091 1220/ 321265 050216 6113/
11119 30183 40183 52240
22219 00244
444 20130 21091 1159/ 50101 80110 80008 9/015=
ZZYY 14912 21091 1050/ 105637 065772 6113/
11119 30100 40100 52240
22219 00296
444 20130 21091 1022/ 50101 80110 80010 9/015=
ZZYY 55596 21091 1210/ 541340 135706 6112/
11119 30025 40025 52001
22219 00119
444 20120 21091 1154/ 50101 80090 80000 9/015=
ZZYY 51795 21091 1306/ 505954 132395 6112/
22219 00248
444 20120 21091 1259/ 50101 80120 80036 9/015=
ZZYY 14543 21091 1320/ 318447 074671 6111/
11119 30213 40213 57247
22219 00239
444 20110 21091 1012/ 50101 80110 80016 9/015=
ZZYY 51518 21091 1304/ 501324 121352 6112/
22219 00232
444 20120 21091 1250/ 50101 80120 80027 9/015=
ZZYY 51679 21091 1301/ 704635 133829 6111/
22219 00267
444 20110 21091 1254/ 50101 80120 80030 9/015=
ZZYY 16943 21091 1320/ 331054 050586 6111/
11119 30207 40207 52003
22219 00179
444 20110 21091 1339/ 50101 8//// 80000 9////=
ZZYY 55638 21091 1240/ 540057 112887 6111/
11119 39808 49808 57022
22219 00109
444 20110 21091 1249/ 50101 80100 80015 9/015=
ZZYY 46769 21091 1259/ 721352 123372 6112/
22219 00240
444 20120 21091 1245/ 50101 80116 80117 9/015=
ZZYY 17518 21091 1250/ 323443 067186 6112/
11119 30238 40238 52004
22219 00225
444 20120 21091 1339/ 50101 80110 80000 9/015=
ZZYY 46616 21091 1257/ 721955 119206 6111/
22219 00234
444 20110 21091 1245/ 50101 80114 80090 9/015=
ZZYY 46609 21091 1258/ 722207 128684 6113/
22219 00225
444 20130 21091 1246/ 50101 80112 80117 9/015=
ZZYY 46559 21091 1300/ 712822 122177 6112/
22219 00278
444 20120 21091 1136/ 50101 80110 80013 9/015=
ZZYY 46583 21091 1300/ 716913 130523 6113/
22219 00256
444 20130 21091 1251/ 50101 80098 80027 9/015=
ZZYY 32676 21091 1250/ 500883 115272 6113/
11119 30109 40109 52002
22219 00221
444 50101 80120 80065 9/015=
ZZYY 32904 21091 1210/ 506831 122694 6112/
11119 30113 40113 57006
22219 00236
444 20120 21091 1259/ 50101 80140 80000 9/015=
ZZYY 14922 21091 1210/ 310626 047493 6113/
11119 30129 40129 57014
22219 00248
444 20130 21091 1159/ 50101 80120 80008 9/015=
ZZYY 14922 21091 1310/ 310617 047438 6113/
11119 30133 40133 57003
22219 00248
444 20130 21091 1344/ 50101 80110 80009 9/015=
ZZYY 32730 21091 1200/ 509738 119124 6113/
22219 00246
444 20130 21091 1112/ 50101 80140 80002 9/015=
ZZYY 51513 21091 1255/ 708924 107175 6112/
22219 00274
444 20120 21091 1250/ 50101 80117 80027 9/015=
ZZYY 32564 21091 1314/ 534062 133536 6111/
22219 00144
444 20110 21091 1306/ 50101 80007 80093 9/015=
ZZYY 32695 21091 1306/ 523596 106058 6112/
22219 00205
444 20120 21091 1302/ 50101 80094 80047 9/015=
ZZYY 46762 21091 1258/ 720353 136177 6113/
22219 00231
444 20130 21091 1247/ 50101 80000 80035 9/015=
ZZYY 32670 21091 1302/ 705045 132126 6112/
22219 00271
444 20120 21091 1249/ 50101 80120 80031 9/015=
ZZYY 51900 21091 1303/ 702336 138631 6113/
22219 00259
444 20130 21091 1257/ 50101 80120 9/015=
ZZYY 32650 21091 1306/ 508717 119645 6112/
22219 00246
444 20120 21091 1258/ 50101 80120 80047 9/015=
ZZYY 51966 21091 1300/ 705134 134903 6112/
22219 00271
444 20120 21091 1254/ 50101 80120 80004 9/015=
ZZYY 51754 21091 1303/ 704820 134816 6113/
22219 00272
444 20130 21091 1250/ 50101 80110 80043 9/015=
ZZYY 51801 21091 1306/ 505721 131759 6112/
22219 00248
444 20120 21091 1259/ 50101 80120 80043 9/015=
ZZYY 32648 21091 1306/ 508555 119744 6113/
22219 00244
444 20130 21091 1300/ 50101 80110 80050 9/015=
ZZYY 32803 21091 1310/ 524027 116621 6113/
22219 00218
444 20130 21091 1303/ 50101 80102 80027 9/015=
ZZYY 46904 21091 1255/ 719359 140182 6113/
22219 00245
444 20130 21091 1249/ 50101 80072 80093 9/015=
ZZYY 34538 21091 1313/ 530115 143150 6111/
22219 00195
444 20110 21091 1307/ 50101 80010 80000 9////=
ZZYY 17520 21091 1344/ 336027 045591 6112/
22219 00159
444 20120 21091 1338/ 50101 80094 80018 9////=
ZZYY 33951 21091 1334/ 338972 087166 6111/
22219 00116
444 20110 21091 1311/ 50101 80072 80041 9/015=
ZZYY 32827 21091 1309/ 522790 139102 6111/
22219 00240
444 20110 21091 1307/ 50101 80102 80003 9/015=
ZZYY 54925 21091 1312/ 528983 133700 6111/
22219 00201
444 20110 21091 1305/ 50101 80104 80000 9/015=
ZZYY 32805 21091 1308/ 532722 101878 6111/
22219 00169
444 20110 21091 1305/ 50101 80104 80051 9/015=
ZZYY 46924 21091 1257/ 724336 127524 6113/
22219 00217
444 20130 21091 1246/ 50101 80100 80126 9/015=
ZZYY 32816 21091 1310/ 520006 130205 6111/
22219 00246
444 20110 21091 1302/ 50101 80102 80000 9/015=
ZZYY 46923 21091 1302/ 710645 129186 6111/
22219 00277
444 20110 21091 1253/ 50101 80106 80013 9/015=
ZZYY 54554 21091 1220/ 517036 133676 6112/
11119 30149 40149 57012
22219 00247
444 20120 21091 1142/ 50101 80120 80074 9/015=
ZZYY 32925 21091 1230/ 517632 119299 6113/
11119 30153 40153 57005
22219 00235
444 20130 21091 1301/ 50101 80120 80041 9/015=
ZZYY 16567 21091 1140/ 543878 115088 6112/
22219 00090
444 20120 21091 0944/ 50101 80100 80016 9////=
ZZYY 16567 21091 1040/ 543878 115088 6112/
22219 00090
444 20120 21091 0944/ 50101 80100 80017 9////=
ZZYY 16565 21091 1250/ 323574 077205 6111/
11119 30265 40265 52005
22219 00219
444 20110 21091 1019/ 50101 80100 80007 9////=
ZZYY 16593 21091 1240/ 328534 056704 6113/
11119 30217 40217 57005
22219 00211
444 20130 21091 1152/ 50101 80100 80008 9////=
ZZYY 33518 21091 1210/ 537740 135440 6111/
11119 30054 40054 57007
22219 00130
444 20110 21091 1154/ 50101 8//// 80100 9/015=
ZZYY 32910 21091 1302/ 705796 134154 6111/
22219 00265
444 20110 21091 1255/ 50101 80122 80000 9/015=
ZZYY 51530 21091 1304/ 505565 123456 6112/
22219 00246
444 20120 21091 1258/ 50101 80120 80099 9/015=
ZZYY 51659 21091 1302/ 502200 121259 6112/
22219 00231
444 20120 21091 1256/ 50101 80120 80099 9/015=
ZZYY 33687 21091 1343/ 333717 061823 6112/
22219 00152
444 20120 21091 1337/ 50101 80070 80000 9/015=
ZZYY 55952 21091 1030/ 538808 116442 6112/
444 20120 21091 1011/ 50101 80090 80010 9/015=
ZZYY 33692 21091 1335/ 341191 091013 6112/
22219 00108
444 20120 21091 1310/ 50101 80074 80090 9/015=
ZZYY 55591 21091 1200/ 538672 124712 6112/
22219 00138
444 20120 21091 1127/ 50101 80010 80000 9////=
ZZYY 55570 21091 1100/ 538483 116765 6111/
22219 00130
444 20110 21091 1126/ 50101 80010 80003 9////=
ZZYY 46906 21091 1254/ 712513 149434 6113/
22219 00270
444 20130 21091 1252/ 50101 80076 80031 9/015=
ZZYY 11948 21091 1330/ 308156 048597 6113/
22219 00265=
ZZYY 32616 21091 1311/ 522580 140358 6113/
22219 00243
444 20130 21091 1304/ 50101 80100 80021 9/015=
ZZYY 32640 21091 1309/ 520678 124595 6113/
22219 00236
444 20130 21091 1302/ 50101 80098 80014 9/015=
ZZYY 32642 21091 1307/ 526387 132432 6111/
22219 00227
444 20110 21091 1305/ 50101 80104 80000 9/015=
ZZYY 32627 21091 1305/ 525849 119501 6112/
444 50101 80094 80052 9/015=
ZZYY 51670 21091 1253/ 710148 106757 6112/
444 20120 21091 1249/ 50101 80109 80004 9/015=
ZZYY 32546 21091 1307/ 524028 135547 6113/
22219 00225
444 20130 21091 1304/ 50101 80050 80062 9/015=
ZZYY 17671 21091 1240/ 327373 055686 6113/
22219 00216
444 20130 21091 1152/ 50101 80080 80000 9/015=
ZZYY 17671 21091 1340/ 327381 055700 6113/
22219 00216
444 20130 21091 1338/ 50101 80080 80032 9/015=
ZZYY 46914 21091 1248/ 719385 121789 6113/
22219 00243
444 20130 21091 0327/ 50101 80102 80000 9/015=
ZZYY 33591 21091 1340/ 331652 051131 6111/
11119 30213 40213 52020
22219 00170
444 20110 21091 1338/ 50101 80100 80000 9/015=
ZZYY 46903 21091 1255/ 730509 134504 6113/
22219 00215
444 20130 21091 1243/ 50101 80138 80000 9/015=
ZZYY 32624 21091 1300/ 511351 100627 6112/
22219 00222
444 20120 21091 1354/ 50101 80116 80180 9/015=
ZZYY 17679 21091 1300/ 333524 051661 6111/
444 20110 21091 1339/ 50101 80070 80091 9/015=
ZZYY 33659 21091 1320/ 325819 076230 6112/
11119 40279 52003
22219 00202
444 20120 21091 1018/ 50101 80010 80005 9////=
ZZYY 32711 21091 1308/ 515821 126453 6112/
22219 00243
444 20120 21091 1301/ 50101 80520 80099 9/015=
ZZYY 11906 21091 1330/ 112287 060821 6111/
11119 30106 40106 52001
22219 00269
444 20110 21091 1349/ 50101 80138 80004 9/015=
ZZYY 11906 21091 1230/ 112287 060821 6111/
11119 30103 40103 57008
22219 00269
444 20110 21091 1349/ 50101 80138 80004 9/015=
ZZYY 11906 21091 1130/ 112245 060798 6111/
11119 30102 40102 57017
22219 00270
444 20110 21091 1049/ 50101 80138 80004 9/015=
ZZYY 14923 21091 1300/ 315112 051538 6112/
11119 30167 40167 57001
22219 00246
444 20120 21091 1342/ 50101 80145 80009 9/015=
ZZYY 14925 21091 1250/ 310410 046985 6112/
11119 30131 40131 57008
22219 00248
444 20120 21091 1200/ 50101 80153 80010 9/015=
ZZYY 11905 21091 1250/ 110746 066418 6112/
11119 30108 40108 57003
22219 00284
444 20120 21091 1022/ 50101 80138 80001 9/015=
ZZYY 14930 21091 1300/ 309768 046871 6112/
11119 30124 40124 57010
22219 00253
444 20120 21091 1344/ 50101 80145 80008 9/015=
ZZYY 14930 21091 1350/ 309768 046871 6112/
11119 30132 40132 52005
22219 00252
444 20120 21091 1344/ 50101 80145 80007 9/015=
ZZYY 14918 21091 1310/ 333372 046561 6111/
11119 30198 40198 52004
22219 00183
444 20110 21091 1337/ 50101 80123 80006 9/015=
ZZYY 51620 21091 1254/ 707723 097062 6113/
22219 00276
444 20130 21091 1350/ 50101 80115 80011 9/015=
ZZYY 43556 21091 1258/ 720271 128984 6113/
22219 00227
444 20130 21091 1250/ 50101 80078 80022 9/015=
ZZYY 43555 21091 1300/ 717886 129708 6112/
22219 00253
444 20120 21091 1251/ 50101 80088 80015 9/015=
ZZYY 14927 21091 1120/ 317151 053369 6111/
11119 30172 40172 57021
22219 00244
444 20110 21091 1044/ 50101 80145 80012 9/015=
ZZYY 14927 21091 1320/ 317162 053379 6111/
11119 30185 40185 52007
22219 00244
444 20110 21091 1202/ 50101 80145 80012 9/015=
ZZYY 16963 21091 1310/ 325379 059858 6113/
11119 40226 57002
22219 00224
444 20130 21091 1339/ 50101 80009 80000 9////=
ZZYY 16963 21091 1210/ 325366 059849 6112/
11119 40223 57006
22219 00225
444 20120 21091 1152/ 50101 80009 80000 9////=
ZZYY 16609 21091 1310/ 327337 051334 6112/
11119 40192 57011
22219 00222
444 20120 21091 1339/ 50101 80010 80003 9////=
ZZYY 11908 21091 1240/ 105416 053611 6113/
11119 30103 40103 57012
22219 00266
444 20130 21091 1203/ 50101 80138 80002 9/015=
ZZYY 11908 21091 1340/ 105439 053622 6113/
11119 30106 40106 57002
22219 00266
444 20130 21091 1347/ 50101 80138 80002 9/015=
ZZYY 14939 21091 1250/ 319565 055455 6112/
11119 30198 40198 54000
22219 00240
444 20120 21091 1200/ 50101 80145 80009 9/015=
ZZYY 43557 21091 1257/ 722458 120085 6111/
22219 00231
444 20110 21091 1244/ 50101 80088 80019 9/015=
ZZYY 43558 21091 1257/ 722670 124636 6112/
444 20120 21091 1244/ 50101 80086 80255 9/015=
ZZYY 43553 21091 1258/ 721016 127758 6113/
22219 00228
444 20130 21091 1248/ 50101 80088 80040 9/015=
ZZYY 51882 21091 1258/ 711441 112449 6112/
22219 00278
444 20120 21091 1247/ 50101 80110 80001 9/015=
ZZYY 14944 21091 1300/ 307161 044395 6113/
11119 30121 40121 57010
22219 00258
444 20130 21091 1200/ 50101 80145 80009 9/015=
ZZYY 14947 21091 1250/ 309266 046720 6112/
11119 30125 40125 57010
22219 00254
444 20120 21091 1201/ 50101 80138 80010 9/015=
ZZYY 43540 21091 1259/ 715457 133056 6112/
22219 00261
444 20120 21091 1252/ 50101 80096 80014 9/015=
ZZYY 14943 21091 1230/ 314236 051967 6112/
11119 30167 40167 57003
22219 00248
444 20120 21091 1158/ 50101 80138 80013 9/015=
ZZYY 14943 21091 1330/ 314240 051958 6113/
11119 30172 40172 52008
22219 00248
444 20130 21091 1342/ 50101 80138 80009 9/015=
ZZYY 51623 21091 1301/ 709871 122407 6111/
22219 00274
444 20110 21091 1249/ 50101 80113 80055 9/015=
ZZYY 43554 21091 1255/ 728517 126443 6113/
22219 00203
444 20130 21091 1244/ 50101 80088 80030 9/015=
ZZYY 14913 21091 1300/ 115542 055302 6111/
11119 30083 40083 57014
22219 00249
444 20110 21091 1212/ 50101 80120 80063 9/015=
ZZYY 51759 21091 1303/ 700580 121636 6112/
22219 00229
444 20120 21091 1256/ 50101 80110 80056 9/015=
ZZYY 43551 21091 1256/ 723091 121210 6112/
22219 00221
444 20120 21091 1244/ 50101 80090 80015 9/015=
ZZYY 51904 21091 1301/ 709412 111639 6112/
22219 00273
444 20120 21091 1249/ 50101 80078 80002 9/015=
ZZYY 46926 21091 1255/ 724966 143021 6112/
22219 00240
444 20120 21091 1248/ 50101 80138 80001 9/015=
ZZYY 14911 21091 1250/ 114952 060226 6111/
11119 30099 40099 57003
22219 00266
444 20110 21091 1350/ 50101 80110 80003 9/015=
ZZYY 14911 21091 1150/ 114901 060183 6112/
11119 30095 40095 57015
22219 00266
444 20120 21091 1055/ 50101 80110 80004 9/015=
####018002573####
SSVX08 KARS 211508
ZZYY 32319 20091 1200/ 507985 110073 6111/
33311 88872 20001 32375 43509 20020 32370 20040 32367 20060 32366
20080 32334 20100 31910 20120 31534 20140 31424 20180 31338
20300 31163 20500 30856
444 20110 20091 1322/ 521//=
ZZYY 51008 20091 1200/ 702014 140021 6111/
33311 88870 20040 32615 20060 32579 20080 32448 20100 32311
20120 32006 20140 31572 20180 31361 20300 31153 20500 30913
444 20110 20091 1151/ 521//=
ZZYY 43301 20091 12004 707993 094888 6111/
11119 02117 10270 29086
22219 00276
33311 88872 20000 32764 20001 32767 43282 20020 32640 20040 31702
20060 31416 20080 31339 20100 31318 20120 31302 20140 31274
20180 31231 20300 31091 20500 30817
444 20110 20091 1257/ 521// 60401=
ZZYY 43301 21091 12004 707993 094923 6111/
11119 02014 10269 29083
22219 00277
444 20110 21091 1351/ 521// 60401=
ZZYY 32317 20091 1200/ 502008 110318 6112/
33311 88872 20001 32233 43478 20020 32170 20040 32045 20060 31985
20080 31525 20100 31343 20120 31325 20140 31313 20180 31284
20300 31179 20500 30851
444 20120 20091 1320/ 521//=
ZZYY 51006 20091 1200/ 709010 140231 6113/
33311 88872 20001 32753 43392 20020 32780 20040 32736 20060 32181
20080 31610 20100 31281 20120 31207 20140 31152 20180 31088
20300 30987 20500 30829
444 20130 20091 1148/ 521//=
ZZYY 32323 20091 1200/ 700044 109918 6111/
33311 88872 20001 32150 43466 20020 31886 43478 20040 31651 43488
20060 31556 43496 20080 31463 20100 31438 20120 31403 20140 31369
20180 31290 20300 31156 20500 30815
444 20110 20091 1320/ 521//=
ZZYY 52316 20091 1200/ 507987 179856 6111/
33311 88870 20025 32854 20050 32852 20075 32851 20100 32851
20125 32843 20150 32763 20200 32318 20300 31459 20500 30799
444 20110 20091 1336/ 521//=
ZZYY 32318 20091 1200/ 504978 110000 6111/
33311 88872 20001 32411 43521 20040 32403 20060 32365 20080 31737
20100 31484 20120 31411 20140 31354 20180 31301 20300 31171
20500 30862
444 20110 20091 1011/ 521//=
ZZYY 51311 20091 1200/ 700004 139937 6112/
33311 88872 20001 32359 43504 20020 32278 43482 20040 32179
20060 32098 20080 31956 20100 31771 20120 31638 20140 31549
20180 31343 20300 31220
444 20120 20091 1151/ 521//=
ZZYY 51311 21091 12004 700007 139926 6112/
11119 00912 10239 29089 40097
22219 00238
444 20120 21091 1142/ 521// 60401=
ZZYY 32316 20091 1200/ 702047 110043 6111/
33311 88872 20001 32496 43391 20040 32190 20060 31660 20080 31447
20100 31373 20120 31347 20140 31338 20180 31318 20300 31147
20500 30829
444 20110 20091 1319/ 521//=
####018004969####
SSVX02 KARS 211508 RRA
ZZYY 14911 21091 1350/ 114952 060226 6111/
11119 30100 40100 52003
22219 00265
444 50101 80110 80004 9/015=
ZZYY 43552 21091 1255/ 728442 123283 6113/
444 20130 21091 1245/ 50101 80088 80016 9/015=
ZZYY 55928 21091 1240/ 535526 121418 6112/
11119 49937 52031
22219 00148
444 20120 21091 1307/ 50101 80010 80005 9/015=
ZZYY 55928 21091 1140/ 535540 121440 6111/
11119 49928 52017
22219 00148
444 20110 21091 1125/ 50101 80010 80005 9/015=
ZZYY 32533 21091 1303/ 514571 110330 6112/
22219 00231
444 20120 21091 1259/ 50101 80121 80011 9/015=
ZZYY 32709 21091 1309/ 520567 135693 6112/
22219 00245
444 20120 21091 1302/ 50101 80121 80011 9/015=
ZZYY 54922 21091 1140/ 529617 124931 6112/
11119 30096 40096 57010
444 20120 21091 1124/ 50101 8//// 80000 9////=
ZZYY 54922 21091 1240/ 529599 124902 6112/
11119 30100 40100 57002
444 20120 21091 1305/ 50101 8//// 80000 9////=
ZZYY 14554 21091 1330/ 332177 065511 6112/
11119 40241 52004
22219 00178
444 20120 21091 1337/ 50101 80010 80000 9////=
ZZYY 14914 21091 1300/ 301077 050175 6113/
11119 30110 40110 57006
22219 00290
444 20130 21091 1347/ 50101 80120 80016 9/015=
ZZYY 33568 21091 1330/ 344222 075705 6113/
22219 00104
444 20130 21091 1333/ 50101 80090 80100 9/015=
ZZYY 51958 21091 1301/ 706964 113819 6113/
22219 00273
444 20130 21091 1249/ 50101 80079 80013 9/015=
ZZYY 54918 21091 1210/ 525284 124888 6113/
11119 30136 40136 57006
22219 00213
444 20130 21091 1121/ 50101 8//// 80000 9////=
ZZYY 54918 21091 1310/ 525269 124876 6112/
11119 30138 40138 52003
22219 00213
444 20120 21091 1304/ 50101 8//// 80000 9////=
ZZYY 54858 21091 1250/ 528364 125041 6112/
11119 30116 40116 57004
22219 00197
444 20120 21091 1303/ 50101 8//// 80000 9////=
ZZYY 54858 21091 1200/ 528367 125073 6113/
11119 30117 40117 57008
22219 00197
444 20130 21091 1124/ 50101 8//// 80000 9////=
ZZYY 14916 21091 1230/ 320144 056704 6112/
11119 30199 40199 57005
22219 00240
444 20120 21091 1153/ 50101 80120 80026 9/015=
ZZYY 14916 21091 1330/ 320131 056710 6112/
11119 30202 40202 52003
22219 00239
444 20120 21091 1341/ 50101 80120 80026 9/015=
ZZYY 32729 21091 1307/ 512061 130313 6112/
22219 00253
444 20120 21091 1259/ 50101 80121 80033 9/015=
ZZYY 32817 21091 1308/ 517953 131053 6112/
22219 00246
444 20120 21091 1301/ 50101 80540 80099 9/015=
ZZYY 14926 21091 1200/ 332087 054444 6112/
11119 30200 40200 57007
444 20120 21091 1152/ 50101 8//// 80000 9/015=
ZZYY 14926 21091 1300/ 332079 054432 6113/
11119 30206 40206 52004
444 20130 21091 1338/ 50101 8//// 80000 9/015=
ZZYY 63579 21091 1410/ 168993 047016 6112/
22219 00085
444 20120 21091 1404/ 50101 80007 80003 9////=
ZZYY 63964 21091 1411/ 173733 023065 6112/
444 20120 21091 1406/ 50101 80009 80015 9/015=
ZZYY 63951 21091 1410/ 765627 001329 6113/
22219 00107
444 20130 21091 1406/ 50101 80008 80008 9/015=
ZZYY 63948 21091 1410/ 175346 035653 6112/
22219 00056
444 20120 21091 1407/ 50101 80008 80005 9/015=
ZZYY 63577 21091 1410/ 175241 067786 6111/
22219 00065
444 50101 80009 80004 9/015=
ZZYY 51975 21091 1259/ 709845 123532 6111/
22219 00275
444 20110 21091 1249/ 50101 80091 80007 9/015=
ZZYY 63583 21091 1410/ 172488 046815 6111/
22219 00081
444 20110 21091 1408/ 50101 80007 80005 9/015=
ZZYY 55949 21091 1300/ 527309 111184 6112/
11119 30122 40122 57005
22219 00203
444 20120 21091 1303/ 50101 8//// 80100 9////=
ZZYY 33557 21091 1340/ 335879 046471 6112/
11119 30199 40199 52019
22219 00157
444 20120 21091 1337/ 50101 80110 80004 9/015=
ZZYY 23678 21091 1336/ 340056 089001 6112/
22219 00114
444 20120 21091 1310/ 50101 80049 80099 9////=
ZZYY 43543 21091 1259/ 720604 120893 6111/
22219 00241
444 20110 21091 1245/ 50101 80054 80017 9/015=
ZZYY 55610 21091 1300/ 526874 127656 6113/
22219 00209
444 20130 21091 1305/ 50101 8//// 80100 9////=
ZZYY 55610 21091 1200/ 526884 127689 6113/
22219 00209
444 20130 21091 1122/ 50101 8//// 80100 9////=
ZZYY 63966 21091 1411/ 171460 015296 6112/
22219 00104
444 20120 21091 1406/ 50101 80009 80004 9/015=
ZZYY 55622 21091 1210/ 525231 117183 6112/
11119 30127 40127 57010
22219 00211
444 20120 21091 1122/ 50101 8//// 80100 9////=
ZZYY 32804 21091 1306/ 522974 130374 6111/
22219 00229
444 20110 21091 1303/ 50101 80048 80002 9/015=
ZZYY 33695 21091 1458/ 339703 130748 6112/
22219 00126
444 20120 21091 1310/ 50101 80072 80000 9/015=
ZZYY 16956 21091 1430/ 346547 132853 6111/
11119 39889 49889 57030
22219 00090
444 20110 21091 1452/ 50101 80110 80004 9/015=
ZZYY 17654 21091 1430/ 349844 138698 6111/
11119 39923 49923 57013
22219 00069
444 20110 21091 1428/ 50101 80110 80021 9/015=
ZZYY 56551 21091 1500/ 336765 168084 6112/
11119 30120 40120 57013
22219 00151
444 20120 21091 1448/ 50101 80110 80011 9/015=
####018000155####
SSVX13 KARS 211508
ZZYY 14917 21091 1300/ 326497 074252 6112/
11119 30274 40274 52001
22219 00210
444 20120 21091 1337/ 50101 80115 80002 9/015=
####018000146####
SSVX13 LFPW 211500
ZZYY 44780 21091 1500/ 741355 032935 6113/ 11119 40249 57014 22219
 00216 444 20130 21091 1500/ 50101 80142 80010 9/015=
####018000146####
SSVX13 LFPW 211500
ZZYY 48611 21091 1500/ 783665 167286 6113/ 11119 49994 57002 22219
 01050 444 20130 21091 1500/ 50101 80150 80003 9/015=
####018000979####
SSVX13 LFVW 211506
ZZYY 55590 21091 1430/ 328471 170183 6111/
11119 40195 57012
22219 00192
444 20110 21091 1447/ 50101 80009 80000 9/015=
ZZYY 51682 21091 1430/ 311398 159694 6112/
11119 40098
22219 00286
444 20120 21091 1445/ 50101 80080 80052 9/015=
ZZYY 52751 21091 1430/ 315992 170321 6111/
11119 40130
22219 00268
444 20110 21091 1446/ 50101 80080 80100 9/015=
ZZYY 55577 21091 1400/ 333297 158426 6113/
11119 30204 40204 52005
444 20130 21091 1337/ 50101 80110 80000 9/015=
ZZYY 55578 21091 1350/ 339916 158051 6112/
11119 30137 40137 52008
444 20120 21091 1338/ 50101 80090 80000 9/015=
ZZYY 55081 21091 1340/ 349665 178812 6112/
11119 30178 40178 54000
444 20120 21091 1337/ 50101 9/015=
ZZYY 55081 21091 1440/ 349668 178810 6112/
11119 30178 40178 57003
444 20120 21091 1450/ 50101 9/015=
ZZYY 17572 21091 1500/ 344196 147517 6110/
11119 40112 52002
22219 00122
444 2020/ 344196 147517 50101 80114 80000 9/015=
####018013471####
SSVX11 LFVW 211506
ZZYY 52086 21091 0500/ 304962 156016 6112/
11119 10261 29087 40079
22219 00295
33311 88872 20000 32946 20002 32946 43421 20025 32963
20050 32962 43491 20075 32963 20100 32947 43535 20125 32878
20150 32802 43567 20200 32208 43583 20250 31461 43515
20300 30968 43472 20500 30777 43460 20750 30573 43454
444 20120 21091 0515/ 522//=
ZZYY 52086 21091 0300/ 304969 156015 6113/
11119 10262 29088 40089
22219 00297
33311 88872 20000 32971 20002 32971 43475 20025 32961
20050 32963 43491 20075 32964 20100 32914 43550 20125 32839
20150 32761 43569 20200 32086 43582 20250 31462 43516
20300 30973 43473 20500 30785 43460 20750 30576 43455
444 20130 21091 0336/ 522//=
ZZYY 52086 21091 1200/ 304967 156012 6111/
11119 10276 29077 40109
22219 00292
33311 88872 20000 32918 20002 32918 43436 20025 32961
20050 32961 43490 20075 32962 20100 32929 43546 20125 32836
20150 32727 43570 20200 32109 43586 20250 31488 43520
20300 31040 43480 20500 30815 43460 20750 30596 43455
444 20110 21091 1111/ 522//=
ZZYY 52086 21091 1400/ 304966 156016 6111/
11119 10276 29077 40102
22219 00292
444 20110 21091 1328/ 522//=
ZZYY 52086 21091 0800/ 304976 156021 6112/
11119 10272 29076 40091
22219 00293
33311 88872 20000 32934 20002 32934 43440 20025 32962
20050 32963 43490 20075 32963 20100 32913 43551 20125 32833
20150 32759 43569 20200 32153 43587 20250 31497 43520
20300 31079 43483 20500 30787 43460 20750 30581 43454=
ZZYY 52086 21091 1000/ 304968 156015 6111/
11119 10274 29079 40102
22219 00293
33311 88872 20000 32925 20002 32925 43433 20025 32962
20050 32963 43489 20075 32963 20100 32892 43559 20125 32828
20150 32712 43571 20200 32184 43584 20250 31488 43518
20300 31107 43483 20500 30813 43460 20750 30586 43453=
ZZYY 52086 21091 0600/ 304968 156019 6113/
11119 10265 29087 40080
22219 00295
33311 88872 20000 32950 20002 32950 43452 20025 32962
20050 32962 43490 20075 32962 20100 32960 43515 20125 32896
20150 32824 43568 20200 32395 43593 20250 31539 43527
20300 31009 43476 20500 30763 43459 20750 30568 43454
444 20130 21091 0521/ 522//=
ZZYY 52086 21091 0400/ 304966 156019 6113/
11119 10257 29090 40083
22219 00295
33311 88872 20000 32953 20002 32953 43423 20025 32963
20050 32963 43491 20075 32963 20100 32921 43549 20125 32841
20150 32766 43570 20200 32080 43584 20250 31466 43517
20300 30982 43474 20500 30781 43460 20750 30570 43454=
ZZYY 52086 21091 1100/ 304967 156012 6111/
11119 10274 29077 40106
22219 00292
33311 88872 20000 32921 20002 32921 43436 20025 32961
20050 32962 43490 20075 32963 20100 32899 43556 20125 32828
20150 32702 43574 20200 32178 43595 20250 31504 43521
20300 31083 43485 20500 30814 43460 20750 30592 43454
444 20110 21091 1111/ 522//=
ZZYY 52088 21091 03004 302012 155981 6113/
11119 02304 10278 29084 40088
22219 00295
33311 88872 20000 32953 20002 32953 43524 20025 32939 43524
20050 32939 43523 20075 32939 43526 20100 32879 43542
20125 32809 43560 20150 32604 43574 20200 31598 43530
20250 31093 43482 20300 31014 43473 20500 30807 43459
20750 30585 43452
444 20130 21091 0336/ 522// 60381=
ZZYY 52088 21091 05004 302010 155977 6112/
11119 02307 10282 29084 40076
22219 00298
33311 88872 20000 32979 20002 32979 43522 20025 32940 43523
20050 32940 43524 20075 32939 43527 20100 32866 43545
20125 32812 43559 20150 32677 43569 20200 31816 43559
20250 31116 43484 20300 31014 43474 20500 30878 43465
20750 30567 43452
444 20120 21091 0516/ 522// 60381=
ZZYY 52088 21091 12004 302011 155982 6111/
11119 02107 10280 29084 40104
22219 00294
33311 88872 20000 32944 20002 32944 43522 20025 32942 43525
20050 32939 43525 20075 32939 43528 20100 32867 43545
20125 32816 43567 20150 32665 43567 20200 31541 43524
20250 31047 43477 20300 31007 43473 20500 30790 43459
20750 30585 43452
444 20110 21091 1112/ 522// 60381=
ZZYY 52088 21091 08004 302017 155979 6112/
11119 02110 10281 29083 40085
22219 00296
33311 88872 20000 32957 20002 32957 43518 20025 32942 43523
20050 32940 43525 20075 32937 43528 20100 32845 43548
20125 32812 43559 20150 32754 43571 20200 31853 43557
20250 31078 43480 20300 31013 43474 20500 30807 43462
20750 30550 43453
444 20120 21091 0801/ 522// 60381=
ZZYY 52088 21091 10004 302016 155978 6111/
11119 02207 10279 29083 40098
22219 00295
33311 88872 20000 32948 20002 32948 43520 20025 32944 43523
20050 32940 43524 20075 32939 43528 20100 32863 43545
20125 32813 43562 20150 32703 43568 20200 31640 43537
20250 31022 43475 20300 31004 43473 20500 30752 43457
20750 30568 43453
444 20110 21091 1001/ 522// 60381=
ZZYY 52088 21091 04004 302014 155981 6113/
11119 02105 10281 29085 40079
22219 00298
33311 88872 20000 32975 20002 32975 43522 20025 32940 43523
20050 32939 43523 20075 32939 43527 20100 32877 43542
20125 32814 43557 20150 32650 43570 20200 31871 43566
20250 31104 43483 20300 31014 43474 20500 30830 43461
20750 30576 43452
444 20130 21091 0401/ 522// 60381=
ZZYY 52088 21091 06004 302011 155983 6113/
11119 02208 10284 29084 40077
22219 00297
33311 88872 20000 32971 20002 32971 43522 20025 32941 43523
20050 32941 43524 20075 32939 43527 20100 32892 43539
20125 32826 43553 20150 32753 43569 20200 31922 43575
20250 31096 43482 20300 31014 43473 20500 30784 43460
20750 30552 43452
444 20130 21091 0522/ 522// 60381=
ZZYY 52085 21091 1300/ 300012 155957 6111/
33311 88872 20125 32754 43558 20150 32567 43573 20200 31873 43529
20250 31306 43500 20500 30754 43456
444 20110 21091 1326/ 522//=
ZZYY 52085 21091 1100/ 300017 155953 6112/
11119 10287 29076 40103
22219 00295
33311 88872 20000 32947 20002 32947 43490 20025 32923 43516
20050 32892 43533 20075 32840 43543 20100 32776 43550
20125 32754 43560 20150 32498 43574 20200 31828 43541
20250 31321 43501 20300 31116 43481 20500 30760 43458
20750 30561 43454
444 20120 21091 1113/ 522//=
ZZYY 52085 21091 0900/ 300006 155953 6111/
11119 10287 29074 40090
22219 00303
33311 88872 20000 33026 20002 33026 43498 20025 32923 43515
20050 32914 43526 20075 32847 43542 20100 32789 43552
20125 32752 43560 20150 32452 43566 20200 31926 43530
20250 31447 43510 20300 31117 43480 20500 30748 43455
20750 30561 43453
444 20110 21091 0933/ 522//=
ZZYY 52085 21091 0700/ 300019 155952 6113/
11119 10289 29075 40077
22219 00308
33311 88872 20000 33080 20002 33080 43493 20025 32923 43514
20050 32917 43524 20075 32849 43542 20100 32800 43554
20125 32754 43559 20150 32528 43574 20200 31791 43532
20250 31284 43497 20300 31107 43481 20500 30758 43457
20750 30569 43454
444 20130 21091 0701/ 522//=
ZZYY 52085 21091 0300/ 300018 155953 6113/
11119 10286 29076 40087
22219 00297
33311 88872 20000 32970 20002 32970 43508 20025 32922 43514
20050 32908 43528 20075 32846 43542 20100 32785 43551
20125 32754 43558 20150 32498 43566 20200 31746 43528
20250 31243 43495 20300 31106 43481 20500 30755 43457
20750 30581 43454
444 20130 21091 0337/ 522//=
ZZYY 52085 21091 0500/ 300018 155950 6113/
11119 10291 29073 40076
22219 00299
33311 88872 20000 32986 20002 32986 43484 20025 32926 43513
20050 32920 43523 20075 32853 43541 20100 32815 43555
20125 32755 43558 20150 32574 43571 20200 31783 43533
20250 31274 43497 20300 31113 43481 20500 30755 43457
20750 30580 43453
444 20130 21091 0517/ 522//=
ZZYY 52085 21091 1200/ 300017 155953 6112/
11119 10287 29077 40106
22219 00295
444 20120 21091 1113/ 522//=
ZZYY 52085 21091 1400/ 300012 155957 6111/
11119 10251 29091 40106
22219 00295
33311 88872 20000 32952 20002 32952 43480 20025 32925 43513
20050 32912 43526 20075 32847 43542 20100 32798 43555
20125 32751 43558 20150 32455 43568 20200 31802 43533
20250 31284 43498 20300 31110 43481 20500 30762 43457
20750 30569 43453
444 20110 21091 1326/ 522//=
ZZYY 52084 21091 05004 105018 155962 6111/
11119 00410 10278 29087 40081
22219 00296
33311 88872 20000 32961 20002 32961 43362 20025 32937 43369
20050 32943 43379 20075 32890 43420 20100 32665 43491
20125 32423 43512 20150 32101 43486 20200 31304 43458
20250 31014 43463 20300 30934 43464 20500 30780 43458 20750 30601
444 20110 21091 0519/ 522// 60381=
ZZYY 52084 21091 03004 105023 155964 6113/
11119 00309 10281 29087 40088
22219 00299
33311 88872 20000 32985 20002 32985 43363 20025 32937 43368
20050 32934 43367 20075 32904 43411 20100 32721 43477
20125 32429 43511 20150 32110 43487 20200 31420 43455
20250 31038 43462 20300 30951 43463 20500 30765 43457 20750 30589
444 20130 21091 0223/ 522// 60381=
ZZYY 52084 21091 12004 105022 155967 6112/
11119 00408 10281 29081 40111
22219 00295
33311 88872 20000 32951 20125 32479 43511 20150 32206 43499
20200 31340 43456 20250 31027 43462 20500 30793 43458
444 20120 21091 1115/ 522// 60381=
ZZYY 52084 21091 14004 105020 155967 6112/
11119 00508 10281 29085 40101
22219 00295
444 20120 21091 1440/ 522// 60381=
ZZYY 52084 21091 08004 105025 155964 6112/
11119 00307 10279 29088 40085
22219 00297
33311 88872 20000 32965 20002 32965 43368 20025 32940 43369
20050 32942 43375 20075 32894 43419 20100 32707 43483
20125 32495 43509 20150 32123 43488 20200 31136 43457
20250 30999 43463 20300 30921 43464 20500 30754 43457 20750 30576
444 20120 21091 0802/ 522// 60381=
ZZYY 52084 21091 10004 105017 155964 6111/
11119 00206 10277 29088 40103
22219 00295
33311 88872 20000 32950 20002 32950 43368 20025 32946 43369
20050 32941 43368 20075 32901 43412 20100 32664 43489
20125 32452 43514 20150 32183 43496 20200 31210 43453
20250 31010 43462 20300 30945 43464 20500 30780 43458 20750 30580
444 20110 21091 1002/ 522// 60381=
ZZYY 52082 21091 03004 101954 155999 6113/
11119 00102 29079 40086
22219 00297
33311 88872 20000 32969 20002 32969 20025 32961 43463
20050 32960 43509 20075 32911 43523 20100 32795 43541
20125 32667 43535 20150 32429 43528 20200 31506 43462
20250 31041 43474 20300 31001 43471 20500 30832 43460
20750 30574 43453
444 20130 21091 0222/ 522// 60381=
ZZYY 52082 21091 12004 101954 156001 6112/
11119 00306 29084 40110
22219 00297
33311 88872 20000 32967 20002 32967 20025 32960 43485
20050 32959 43509 20075 32939 43518 20100 32813 43542
20125 32704 43537 20150 32486 43530 20200 31425 43460
20250 31033 43474 20300 30983 43471 20500 30802 43458
20750 30566 43453
444 20120 21091 1113/ 522// 60381=
ZZYY 52082 21091 14004 101950 156000 6111/
11119 00204 29086 40099
22219 00295
33311 88872 20000 32952 20002 32952 20025 32965 43475
20050 32960 43508 20075 32950 43515 20100 32822 43542
20300 31004 43472 20750 30571 43453
444 20110 21091 1326/ 522// 60381=
ZZYY 52082 21091 10004 101951 155994 6112/
11119 00103 29080 40100
22219 00299
33311 88872 20000 32986 20002 32986 20025 32961 43485
20050 32959 43510 20075 32921 43524 20100 32803 43541
20125 32712 43537 20150 32534 43529 20200 31629 43469
20250 31046 43469 20300 30985 43470 20500 30776 43457
20750 30563 43453
444 20120 21091 1002/ 522// 60381=
ZZYY 52082 21091 08004 101953 155991 6112/
11119 03604 29083 40085
22219 00298
33311 88872 20000 32975 20002 32975 20025 32961 43485
20050 32959 43511 20075 32905 43525 20100 32802 43540
20300 30984 43471 20750 30568 43453
444 20120 21091 0802/ 522// 60381=
ZZYY 52082 21091 04004 101953 155997 6112/
11119 00103 29079 40079
22219 00300
33311 88872 20000 33002 20002 33002 20025 32962 43464
20050 32960 43509 20075 32928 43520 20100 32800 43541
20125 32692 43536 20150 32503 43532 20200 31560 43467
20250 31041 43474 20300 31002 43471 20500 30831 43460
20750 30572 43453
444 20120 21091 0402/ 522// 60381=
ZZYY 52082 21091 06004 101951 155997 6113/
11119 03302 29080 40074
22219 00297
33311 88872 20000 32969 20002 32969 20025 32963 43474
20050 32960 43510 20075 32896 43528 20100 32805 43541
20125 32713 43538 20150 32572 43533 20200 31560 43464
20250 31041 43472 20300 30993 43472 20500 30815 43459
20750 30566 43453
444 20130 21091 0523/ 522// 60381=
ZZYY 52083 21091 05004 107957 156034 6112/
11119 01702 10267 29087 40084
22219 00297
33311 88872 20000 32971 20002 32971 43377 20025 32973 43388
20050 32952 43417 20075 32913 43455 20100 32725 43493
20125 32364 43518 20150 32013 43497 20200 31323 43450
20250 31070 43455 20300 30954 43460 20500 30773 43457
20750 30575 43455
444 20120 21091 0518/ 522// 60381=
ZZYY 52083 21091 03004 107962 156040 6112/
11119 01905 10266 29088 40099
22219 00297
33311 88872 20000 32973 20002 32973 43378 20025 32974 43388
20050 32959 43414 20075 32931 43441 20100 32791 43485
20125 32525 43509 20150 32200 43509 20200 31385 43453
20250 31113 43454 20300 30985 43459 20500 30801 43457
20750 30598 43454
444 20120 21091 0223/ 522// 60381=
ZZYY 52083 21091 1400/ 107964 156035 6111/
33311 88872 20002 32968 43376 20025 32969 43387 20050 32951 43421
20075 32918 43454 20100 32794 43486 20300 30971 43459
20750 30593 43454
444 20110 21091 1439/ 522//=
ZZYY 52083 21091 1200/ 107967 156035 6112/
33311 88872 20002 32970 43375 20025 32971 43386 20050 32955 43416
20075 32918 43454 20100 32757 43490 20125 32400 43515
20150 32070 43495 20200 31361 43450 20250 31069 43455
20300 30951 43461 20500 30763 43456 20750 30569 43454
444 20120 21091 1115/ 522//=
####018000146####
SSVX13 LFPW 211500
ZZYY 64613 21091 1500/ 764032 026236 6113/ 11119 49916 52024 22219
 00106 444 20130 21091 1500/ 50101 80146 80005 9/015=
