####018000146####
SSVX13 LFPW 100100
ZZYY 44609 10070 0100/ 750024 019582 6110/ 11119 40157 52003 22219
 00158 444 20100 10070 0100/ 50101 80129 80048 9/015=
####018000146####
SSVX13 LFPW 100100
ZZYY 62519 10070 0100/ 761977 029158 6110/ 11119 40081 52008 22219
 00105 444 20100 10070 0000/ 50101 80139 80060 9/015=
####018000146####
SSVX13 LFPW 100100
ZZYY 13976 10070 0100/ 723269 041182 6110/ 11119 40220 52011 22219
 00264 444 20100 09070 2300/ 50101 80108 80002 9/015=
####018000146####
SSVX13 LFPW 100100
ZZYY 44617 10070 0100/ 742766 020785 6110/ 11119 40172 57001 22219
 00197 444 20100 10070 0100/ 50101 80108 80015 9/015=
####018008911####
SSVX02 KARS 100057
ZZYY 33655 09070 2340/ 559572 058455 6111/
11119 39802 49802 57232
22219 01012
444 20110 09070 2315/ 50101 80090 80011 9/015=
ZZYY 33655 10070 0040/ 559549 058506 6112/
11119 39812 49812 57230
22219 01012
444 20120 10070 0045/ 50101 80090 80013 9/015=
ZZYY 55568 09070 2330/ 549455 080850 6111/
11119 40025 57003
22219 00067
444 20110 09070 2308/ 50101 80010 80000 9////=
ZZYY 55568 10070 0030/ 549467 080864 6111/
11119 40021 57006
22219 00067
444 20110 10070 0047/ 50101 80010 80000 9////=
ZZYY 71566 09070 2310/ 555152 044380 6111/
11119 39958 49958 52253
22219 00011
444 20110 09070 2250/ 50101 80110 80005 9/015=
ZZYY 71566 10070 0010/ 555160 044272 6111/
11119 39956 49956 52252
22219 00011
444 20110 10070 0044/ 50101 80110 80005 9/015=
ZZYY 55624 09070 2330/ 559480 064747 6111/
11119 49829 52028
22219 00004
444 20110 09070 2316/ 50101 80010 80000 9////=
ZZYY 55624 10070 0030/ 559453 064751 6111/
11119 49832 52024
22219 00003
444 20110 10070 0046/ 50101 80010 80000 9////=
ZZYY 55639 09070 2340/ 554650 109464 6111/
11119 30215 40215 52003
22219 00058
444 20110 09070 2322/ 50101 80110 80000 9/015=
ZZYY 55639 10070 0040/ 554650 109464 6111/
11119 30213 40213 52001
22219 00058
444 20110 09070 2322/ 50101 80110 80000 9/015=
ZZYY 71633 09070 2320/ 558348 050444 6112/
11119 39835 49835
22219 01009
444 20120 09070 2306/ 50101 80110 80006 9/015=
ZZYY 33943 09070 2340/ 558846 052971 6111/
11119 39830 49830 52015
22219 01006
444 20110 09070 2314/ 50101 80110 80016 9/015=
ZZYY 33943 10070 0040/ 558846 052942 6111/
11119 39834 49834 52013
22219 01006
444 20110 10070 0044/ 50101 80110 80016 9/015=
ZZYY 16604 09070 2350/ 555047 108775 6111/
22219 00058
444 20110 09070 2321/ 50101 80010 80000 9////=
ZZYY 55599 09070 2330/ 554929 052594 6111/
11119 49889 57008
22219 00037
444 20110 09070 2307/ 50101 80010 80000 9////=
ZZYY 55599 10070 0030/ 554929 052594 6111/
11119 49886 57011
22219 00036
444 20110 09070 2307/ 50101 80010 80000 9////=
ZZYY 55596 09070 2330/ 551741 074862 6113/
11119 30021 40021 57011
444 20130 09070 2308/ 50101 80100 80000 9/015=
ZZYY 55916 09070 2330/ 550910 075170 6112/
22219 00068
444 20120 09070 2308/ 50101 80011 80005 9////=
ZZYY 55916 10070 0030/ 550918 075150 6112/
22219 00066
444 20120 10070 0047/ 50101 80011 80005 9////=
ZZYY 33672 09070 2300/ 545892 024017 6112/
11119 39990 49990 52220
22219 00088
444 20120 09070 2232/ 50101 80100 80013 9/015=
ZZYY 33537 09070 2250/ 542656 028948 6112/
11119 30069 40069 52019
22219 00081
444 20120 09070 2252/ 50101 80110 80032 9/015=
ZZYY 17685 09070 2330/ 537405 016883 6112/
11119 30232 40232 57015
22219 00129
444 20120 09070 2235/ 50101 8//// 80100 9////=
ZZYY 17685 10070 0030/ 537405 016883 6112/
11119 30222 40222 57021
22219 00128
444 20120 09070 2235/ 50101 8//// 80066 9////=
ZZYY 33557 09070 2300/ 548224 028168 6111/
11119 39946 49946 57049
22219 00050
444 20110 09070 2250/ 50101 80110 80012 9/015=
ZZYY 33558 09070 2320/ 545876 026107 6111/
11119 39946 49946 57031
22219 00080
444 20110 09070 2252/ 50101 80110 80014 9/015=
ZZYY 33671 10070 0010/ 553799 042599 6111/
11119 39980 49980 52242
22219 00011
444 20110 09070 2305/ 50101 80110 80006 9/015=
ZZYY 55959 10070 0020/ 538790 118445 6111/
11119 40285 52002
22219 00145
444 20110 09070 2327/ 50101 80011 80002 9////=
ZZYY 55609 10070 0020/ 542136 129956 6112/
22219 00116
444 20120 09070 2327/ 50101 80011 80000 9////=
ZZYY 54558 10070 0000/ 544947 148444 6112/
11119 30006 40006 57015
22219 00101
444 20120 09070 2326/ 50101 80120 80000 9/015=
ZZYY 54941 10070 0000/ 554089 091624 6112/
11119 39962 49962 52011
22219 00054
444 20120 09070 2320/ 50101 80110 80000 9/015=
ZZYY 54931 10070 0000/ 549300 112518 6112/
11119 30298 40298 52014
22219 00067
444 20120 09070 2323/ 50101 80110 80000 9/015=
ZZYY 71634 10070 0030/ 560113 042640 6112/
11119 39905 49905 52250
22219 01018
444 20120 09070 2305/ 50101 80110 80000 9/015=
ZZYY 55946 10070 0000/ 557210 146321 6111/
11119 39832 49832 52009
22219 01006
444 20110 09070 2321/ 50101 80110 80005 9/015=
ZZYY 55592 10070 0030/ 543642 117601 6112/
11119 49974
444 20120 09070 2325/ 50101 80011 80000 9////=
ZZYY 55915 10070 0000/ 553884 138115 6111/
11119 39999 49999 57039
22219 00045
444 20110 09070 2325/ 50101 80110 80004 9/015=
ZZYY 55616 10070 0000/ 550626 146537 6111/
11119 39930 49930 57035
22219 00077
444 20110 09070 2325/ 50101 80110 80005 9/015=
ZZYY 33679 10070 0010/ 549285 061861 6112/
11119 30056 40056 52003
22219 00064
444 20120 09070 2252/ 50101 80050 80007 9/015=
ZZYY 33531 10070 0020/ 549381 063959 6112/
11119 30062 40062 57001
22219 00067
444 20120 09070 2308/ 50101 80050 80003 9/015=
ZZYY 33651 10070 0010/ 557724 055594 6112/
11119 39851 49851 52015
22219 01004
444 20120 10070 0046/ 50101 80110 80023 9/015=
ZZYY 55565 10070 0020/ 544145 095139 6111/
11119 40151 52022
22219 00092
444 20110 09070 2312/ 50101 80010 80000 9////=
ZZYY 55562 10070 0020/ 541398 087803 6112/
11119 40119 57007
22219 00103
444 20120 09070 2143/ 50101 80010 80000 9////=
ZZYY 55924 10070 0010/ 544192 105687 6112/
22219 00094
444 20120 09070 2325/ 50101 80011 80000 9////=
ZZYY 55947 10070 0010/ 550323 143530 6112/
11119 39957 49957 57060
22219 00083
444 20120 09070 2325/ 50101 80110 80000 9/015=
ZZYY 55968 10070 0000/ 553471 100282 6111/
11119 30153 40153 52032
22219 00056
444 20110 09070 2322/ 50101 80110 80000 9/015=
ZZYY 55970 10070 0000/ 552322 142630 6112/
11119 39955 49955 57040
22219 00066
444 20120 09070 2324/ 50101 80110 80000 9/015=
ZZYY 55969 10070 0000/ 557793 098111 6111/
11119 30070 40070 52051
22219 00036
444 20110 09070 2320/ 50101 80110 80000 9/015=
ZZYY 55564 10070 0000/ 558257 134579 6111/
11119 39874 49874 57050
22219 00011
444 20110 09070 2323/ 50101 80110 80000 9/015=
ZZYY 74545 10070 0050/ 549138 139390 6112/
22219 00082
444 20120 09070 2326/ 50101 80011 80000 9////=
ZZYY 16557 10070 0000/ 551366 102040 6111/
22219 00062
444 20110 09070 2322/ 50101 80008 80100 9/015=
ZZYY 71605 10070 0000/ 557161 020700 6111/
11119 30154 40154 52245
22219 00003
444 20110 10070 0040/ 50101 80100 80000 9/015=
ZZYY 14550 10070 0030/ 335366 031223 6113/
11119 30132 40132
22219 00196
444 20130 09070 2259/ 50101 80120 80100 9/015=
ZZYY 17520 10070 0047/ 341455 021324 6111/
22219 00114
444 20110 10070 0032/ 50101 80084 80032 9////=
ZZYY 15635 10070 0035/ 521717 006350 6113/
22219 00222
444 20130 09070 2238/ 50101 80136 80009 9/015=
ZZYY 33690 10070 0041/ 347027 020218 6113/
22219 00052
444 20130 09070 2301/ 50101 80086 9/015=
ZZYY 33687 10070 0045/ 340292 006678 6111/
22219 00097
444 20110 09070 2252/ 50101 80086 80095 9/015=
ZZYY 14558 10070 0042/ 330748 037102 6111/
22219 00222
444 20110 09070 2254/ 50101 80009 80055 9/015=
ZZYY 17676 10070 0040/ 327790 000252 6112/
11119 30245 40245 52006
22219 00200
444 20120 10070 0027/ 50101 80120 80100 9/015=
ZZYY 15634 10070 0042/ 520369 009855 6112/
22219 00224
444 20120 09070 2239/ 50101 80116 80099 9/015=
ZZYY 33691 10070 0047/ 333203 013444 6112/
22219 00162
444 20120 09070 1932/ 50101 80088 9/015=
ZZYY 17516 10070 0043/ 340425 035811 6111/
22219 00129
444 20110 09070 2300/ 50101 80084 80041 9/015=
ZZYY 33887 10070 0050/ 553978 030663 6112/
11119 30081 40081
22219 00002
444 20120 09070 2250/ 50101 80110 80100 9/015=
ZZYY 33567 10070 0020/ 547354 010323 6111/
11119 30265 40265 57010
22219 00046
444 20110 09070 2306/ 50101 80110 80000 9/015=
ZZYY 14555 10070 0045/ 333810 032956 6111/
22219 00204
444 20110 09070 2258/ 50101 80119 80008 9/015=
ZZYY 14540 10070 0047/ 337089 026156 6111/
22219 00201
444 20110 10070 0030/ 50101 80073 80006 9/015=
ZZYY 14906 10070 0042/ 328540 038637 6111/
22219 00209
444 20110 09070 2257/ 50101 80105 80003 9/015=
ZZYY 31920 10070 0047/ 536025 021250 6113/
22219 00140
444 20130 09070 2237/ 50101 80009 80051 9////=
ZZYY 33568 10070 0040/ 545009 001904 6111/
11119 30282 40282
22219 00063
444 20110 09070 2233/ 50101 80110 80100 9/015=
ZZYY 17662 10070 0030/ 332874 011092 6111/
11119 30141 40141 52010
22219 00164
444 20110 10070 0040/ 50101 80120 80006 9/015=
ZZYY 55907 10070 0040/ 345478 033657 6111/
11119 39938 49938 57017
22219 00075
444 20110 10070 0033/ 50101 8//// 80095 9////=
ZZYY 17651 10070 0040/ 331731 013963 6111/
11119 30104 40104 57016
22219 00155
444 20110 10070 0030/ 50101 80120 80009 9/015=
ZZYY 33880 10070 0010/ 550662 025032 6111/
11119 30075 40075 57046
22219 00026
444 20110 09070 2251/ 50101 80110 80028 9/015=
####018000149####
SSVX02 LFVW 100057
ZZYY 56943 10070 0000/ 550623 123226 6112/
11119 40300 57013
22219 00070
444 20120 09070 2324/ 50101 80100 80000 9/015=
####018000149####
SSVX13 LFVW 100057
ZZYY 55571 09070 2340/ 547170 143464 6112/
11119 30007 40007 57035
22219 00088
444 20120 09070 2326/ 501// 80008 80100=
####018000128####
SSVX13 LFPW 100100
ZZYY 63644 10070 0100/ 174372 010971 6110/ 22219 00068 444 20100
 10070 0100/ 50101 80133 80000 9/015=
