####018000877####
SSWB41 RKSL 220500
ZZYY 22101 22091 05001 13723/ 12602/ 
11109 03005 10203 40128 5//// 
22209 00218 10501 20049 21005= 
ZZYY 22102 22091 05001 13480/ 12577/ 
11109 00107 10199 40139 5//// 
22209 00209 10502 20053 21010= 
ZZYY 22103 22091 05001 13400/ 12750/ 
11109 00205 10208 40119 5//// 
22209 00212 10803 20080 21014= 
ZZYY 22104 22091 05001 13477/ 12890/ 
11109 03201 10202 40120 5//// 
22209 00233 10905 20091 21024= 
ZZYY 22105 22091 05001 13753/ 13000/ 
11109 03206 10196 40110 5//// 
22209 00223 10905 20091 21025= 
ZZYY 22106 22091 05001 13635/ 12978/ 
11109 00105 10199 40112 5//// 
22209 00211 10904 20091 21019= 
ZZYY 22107 22091 05001 13308/ 12603/ 
11109 03508 10210 40129 5//// 
22209 00268 10503 20046 21014= 
ZZYY 22108 22091 05001 13625/ 12575/ 
11109 03404 10201 40138 5//// 
22209 00211 10501 20049 21006= 
####018000853####
SSWB41 RKSL 220500
ZZYY 22101 22091 05001 13723/ 12602/
11109 03005 10203 40128 5////
22209 00218 10501 20049 21005=
ZZYY 22102 22091 05001 13480/ 12577/
11109 00107 10199 40139 5////
22209 00209 10502 20053 21010=
ZZYY 22103 22091 05001 13400/ 12750/
11109 00205 10208 40119 5////
22209 00212 10803 20080 21014=
ZZYY 22104 22091 05001 13477/ 12890/
11109 03201 10202 40120 5////
22209 00233 10905 20091 21024=
ZZYY 22105 22091 05001 13753/ 13000/
11109 03206 10196 40110 5////
22209 00223 10905 20091 21025=
ZZYY 22106 22091 05001 13635/ 12978/
11109 00105 10199 40112 5////
22209 00211 10904 20091 21019=
ZZYY 22107 22091 05001 13308/ 12603/
11109 03508 10210 40129 5////
22209 00268 10503 20046 21014=
ZZYY 22108 22091 05001 13625/ 12575/
11109 03404 10201 40138 5////
22209 00211 10501 20049 21006=
####018000269####
SSVF21 EIDB 220500
ZZYY 62091 22091 05001 753481 005424 11199 02609 10128 29076 40151 22299 00141 10403 20042 21014 33300 88872 20000 40000=
ZZYY 62093 22091 05001 754998 009999 11199 02709 10127 29075 40123 22299 00130 10910 20087 21050 33300 88872 20000 43536=
####018000439####
SSVX06 KARS 220520
ZZYY 48713 22091 0142/ 175324 165533 6113/
444 20130 22091 0140/ 500// 9/000=
ZZYY 47558 22091 0138/ 773760 081543 6113/
444 20130 22091 0134/ 500// 9/000=
ZZYY 48505 22091 0144/ 780184 127684 6112/
11119 40057
444 20120 22091 0155/ 500//=
ZZYY 47554 22091 0140/ 774362 111930 6112/
444 20120 22091 0137/ 500// 9/000=
ZZYY 47553 22091 0140/ 779341 103374 6113/
444 20130 22091 0137/ 500// 9/000=
####018000131####
SSVX13 KARS 220520
ZZYY 23926 22091 0200/ 114537 090529 6112/
11119 40073 57234
22219 00284
444 50101 80120 80011 9/015=
####018014891####
SSVX08 KARS 220520
ZZYY 53006 21091 1200/ 311997 080519 6111/
33311 88872 20001 32630 43474 20020 32631 43473 20040 32631 43474
20060 32619 43474 20080 32224 20140 31607 20180 31435 20500 30863
444 20110 21091 1022/ 521//=
ZZYY 53006 21091 1200/ 311997 080519 6111/
33311 88872 20001 32630 43474 20020 32631 43473 20040 32631 43474
20060 32619 43474 20080 32224 20140 31607 20180 31435 20500 30863
444 20110 21091 1022/ 521//=
ZZYY 53006 22091 02004 312003 080517 6111/
11119 01322 10253 29083 40141
22219 00262
444 20110 22091 0154/ 521// 60401=
ZZYY 53006 22091 03004 312006 080516 6111/
11119 01422 10260 29081 40145
22219 00262
444 20110 22091 0320/ 521// 60401=
ZZYY 23004 21091 12004 100014 089844 6111/
11119 01408 10276 29082
22219 00285
33311 88872 20000 32851 20001 32848 43336 20020 32861 43390
20040 32728 43448 20060 32333 43529 20080 32214 20100 32077
20120 31869 20140 31648 20180 31508 20300 31214 20500 31005
444 20110 21091 1205/ 521// 60401=
ZZYY 23004 21091 12004 100014 089844 6111/
11119 01408 10276 29082
22219 00285
33311 88872 20000 32851 20001 32848 43336 20020 32861 43390
20040 32728 43448 20060 32333 43529 20080 32214 20100 32077
20120 31869 20140 31648 20180 31508 20300 31214 20500 31005
444 20110 21091 1205/ 521// 60401=
ZZYY 23004 22091 02004 100022 089852 6111/
11119 01510 10285 29078
22219 00285
444 20110 22091 0204/ 521// 60401=
ZZYY 23004 22091 03004 100025 089846 6112/
11119 01409 10284 29078
22219 00286
444 20120 22091 0316/ 521// 60401=
ZZYY 23006 21091 12004 103957 089581 6111/
11119 02212 10278 29076
22219 00289
33311 88872 20000 32888 20001 32882 20020 32875 43317
20040 32871 43324 20060 32830 43347 20080 32263 20100 31831
20120 31600 20140 31479 20180 31364 20300 31224 20500 31028
444 20110 21091 1206/ 521// 60401=
ZZYY 23006 21091 12004 103957 089581 6111/
11119 02212 10278 29076
22219 00289
33311 88872 20000 32888 20001 32882 20020 32875 43317
20040 32871 43324 20060 32830 43347 20080 32263 20100 31831
20120 31600 20140 31479 20180 31364 20300 31224 20500 31028
444 20110 21091 1206/ 521// 60401=
ZZYY 23006 22091 02004 103973 089585 6111/
11119 02012 10283 29079
22219 00287
444 20110 22091 0317/ 521// 60401=
ZZYY 23006 22091 03004 103973 089585 6111/
11119 01911 10284 29080
22219 00288
444 20110 22091 0317/ 521// 60401=
ZZYY 23002 21091 1200/ 101571 080508 6111/
33311 88872 20001 32919 43444 20020 32895 43446 20040 32876 43462
20060 32718 43491 20080 32454 20100 32194 20120 31927 20140 31774
20180 31393 20300 31166
444 20110 21091 1306/ 521//=
ZZYY 23002 21091 1200/ 101571 080508 6111/
33311 88872 20001 32919 43444 20020 32895 43446 20040 32876 43462
20060 32718 43491 20080 32454 20100 32194 20120 31927 20140 31774
20180 31393 20300 31166
444 20110 21091 1306/ 521//=
ZZYY 23002 22091 0100/ 101572 080513 6112/
22219 00290
444 20120 22091 0151/ 521//=
ZZYY 23002 22091 0200/ 101571 080514 6112/
22219 00290
444 20120 22091 0206/ 521//=
ZZYY 23002 22091 0300/ 101574 080510 6112/
22219 00290
444 20120 22091 0317/ 521//=
ZZYY 23001 21091 1200/ 100101 080534 6111/
33311 88872 20001 32967 43417 20020 32895 43440 20040 32743 43463
20060 32542 43531 20080 32366 20100 32210 20120 32080 20140 31904
20180 31512 20300 31153 20500 30961
444 20110 21091 1306/ 521//=
ZZYY 23001 21091 1200/ 100101 080534 6111/
33311 88872 20001 32967 43417 20020 32895 43440 20040 32743 43463
20060 32542 43531 20080 32366 20100 32210 20120 32080 20140 31904
20180 31512 20300 31153 20500 30961
444 20110 21091 1306/ 521//=
ZZYY 23001 22091 01004 100119 080525 6113/
11119 01608 10278 29076 40119
22219 00293
444 20130 22091 0152/ 521// 60401=
ZZYY 23001 22091 02004 100126 080523 6112/
11119 02004 10276 29078 40124
22219 00292
444 20120 22091 0205/ 521// 60401=
ZZYY 23001 22091 03004 100120 080528 6112/
11119 01705 10257 29086 40132
22219 00292
444 20120 22091 0317/ 521// 60401=
ZZYY 53005 21091 1200/ 307996 080465 6111/
33311 88872 20001 32829 43479 20020 32829 43478 20040 32827 43480
20060 32559 43512 20080 32441 20100 32256 20120 32047 20140 31942
20180 31715 20300 31204 20500 30963
444 20110 21091 1323/ 521//=
ZZYY 53005 21091 1200/ 307996 080465 6111/
33311 88872 20001 32829 43479 20020 32829 43478 20040 32827 43480
20060 32559 43512 20080 32441 20100 32256 20120 32047 20140 31942
20180 31715 20300 31204 20500 30963
444 20110 21091 1323/ 521//=
ZZYY 53005 22091 02004 307999 080456 6111/
11119 00912 10282 29076
22219 00283
444 20110 22091 0154/ 521// 60401=
ZZYY 53005 22091 03004 307998 080450 6112/
11119 00812 10283 29075
22219 00283
444 20120 22091 0319/ 521// 60401=
ZZYY 23007 21091 12004 108020 088998 6111/
11119 02216 10286 29081
33311 88872 20020 32851 43431 20040 32851 43438 20060 32854 43455
20080 32751 20100 32409 20120 32154 20140 31855 20180 31475
20300 31185 20500 31000
444 20110 21091 1207/ 521// 60401=
ZZYY 23007 21091 12004 108020 088998 6111/
11119 02216 10286 29081
33311 88872 20020 32851 43431 20040 32851 43438 20060 32854 43455
20080 32751 20100 32409 20120 32154 20140 31855 20180 31475
20300 31185 20500 31000
444 20110 21091 1207/ 521// 60401=
ZZYY 23007 22091 02004 108018 089006 6111/
11119 02017 10277 29083
444 20110 22091 0148/ 521// 60401=
ZZYY 23007 22091 03004 108021 088997 6111/
11119 02115 10282 29082
444 20110 22091 0314/ 521// 60401=
ZZYY 23005 21091 12004 101558 090080 6112/
11119 01511 10274 29082
22219 00287
33311 88872 20000 32866 20001 32865 43325 20020 32867 43352
20040 32888 43397 20060 32748 43430 20080 32172 20100 31996
20120 31830 20140 31636 20180 31421 20300 31221 20500 31002
444 20120 21091 1205/ 521// 60401=
ZZYY 23005 21091 12004 101558 090080 6112/
11119 01511 10274 29082
22219 00287
33311 88872 20000 32866 20001 32865 43325 20020 32867 43352
20040 32888 43397 20060 32748 43430 20080 32172 20100 31996
20120 31830 20140 31636 20180 31421 20300 31221 20500 31002
444 20120 21091 1205/ 521// 60401=
ZZYY 23005 22091 02004 101577 090105 6111/
11119 01710 10282 29081
22219 00286
444 20110 22091 0204/ 521// 60401=
ZZYY 23005 22091 03004 101579 090086 6112/
11119 01608 10284 29081
22219 00287
444 20120 22091 0317/ 521// 60401=
ZZYY 23010 21091 1200/ 303984 080505 6111/
33311 88872 20001 32861 43435 20020 32870 43455 20040 32872 43459
20060 32869 43458 20080 32740 20100 32453 20120 32031 20140 31598
20180 31358 20300 31092 20500 30918
444 20110 21091 1306/ 521//=
ZZYY 23010 21091 1200/ 303984 080505 6111/
33311 88872 20001 32861 43435 20020 32870 43455 20040 32872 43459
20060 32869 43458 20080 32740 20100 32453 20120 32031 20140 31598
20180 31358 20300 31092 20500 30918
444 20110 21091 1306/ 521//=
ZZYY 23010 22091 01004 303981 080493 6112/
11119 00907 10281 29077
22219 00285
444 20120 22091 0152/ 521// 60401=
ZZYY 23010 22091 02004 303979 080491 6112/
11119 00809 10282 29078
22219 00285
444 20120 22091 0206/ 521// 60401=
ZZYY 23010 22091 03004 303981 080490 6113/
11119 00909 10282 29076
22219 00285
444 20130 22091 0319/ 521// 60401=
ZZYY 23003 21091 1200/ 301521 080513 6112/
33311 88872 20001 32932 43441 20020 32892 43445 20040 32894 43451
20060 32742 43496 20080 32387 20100 32107 20120 31867 20140 31723
20180 31454 20300 31188 20500 30970
444 20120 21091 1326/ 521//=
ZZYY 23003 21091 1200/ 301521 080513 6112/
33311 88872 20001 32932 43441 20020 32892 43445 20040 32894 43451
20060 32742 43496 20080 32387 20100 32107 20120 31867 20140 31723
20180 31454 20300 31188 20500 30970
444 20120 21091 1326/ 521//=
ZZYY 23003 22091 01004 301505 080503 6112/
11119 02904 10281 29076
22219 00291
444 20120 22091 0151/ 521// 60401=
ZZYY 23003 22091 02004 301505 080503 6112/
11119 03203 10283 29075
22219 00291
444 20120 22091 0204/ 521// 60401=
ZZYY 23003 22091 03004 301510 080497 6112/
11119 03101 10290 29073
22219 00292
444 20120 22091 0319/ 521// 60401=
ZZYY 14043 21091 1200/ 312200 067216 6111/
33311 88872 20001 32602 43525 20020 32603 43524 20040 32603 43526
20060 32603 43526 20080 32602 20100 32514 20120 32155 20140 31900
20180 31615 20300 31154 20500 30850
444 20110 21091 1046/ 521//=
ZZYY 14043 21091 1200/ 312200 067216 6111/
33311 88872 20001 32602 43525 20020 32603 43524 20040 32603 43526
20060 32603 43526 20080 32602 20100 32514 20120 32155 20140 31900
20180 31615 20300 31154 20500 30850
444 20110 21091 1046/ 521//=
ZZYY 14043 22091 02004 312197 067209 6111/
11119 01220 10253 29076 40149
22219 00260
444 20110 22091 0208/ 521// 60401=
ZZYY 14043 22091 03004 312200 067215 6112/
11119 01319 10257 29072 40154
22219 00259
444 20120 22091 0348/ 521// 60401=
ZZYY 51011 21091 1200/ 500157 124390 6112/
33311 88872 20001 32275 43481 20020 32196 20040 31910 20060 31739
20080 31602 20100 31533 20120 31468 20140 31445 20180 31346
20300 31177 20500 30843
444 20120 21091 1115/ 521//=
ZZYY 51015 21091 1200/ 705088 124944 6111/
33311 88872 20001 32688 43480 20020 32685 20040 32684 20060 32679
20080 32586 20100 32476 20120 32240 20140 31721 20180 31173
20300 30963 20500 30799
444 20110 21091 1113/ 521//=
ZZYY 51015 22091 02004 705091 124939 6111/
11119 01812 10261 29081
22219 00269
444 20110 22091 0244/ 521// 60401=
ZZYY 32318 21091 1200/ 504980 110007 6111/
33311 88872 20001 32410 43524 20040 32406 20060 32381 20080 31680
20100 31451 20120 31383 20140 31336 20180 31292 20300 31158
20500 30854
444 20110 21091 1001/ 521//=
ZZYY 32318 22091 02004 504995 110005 6111/
11119 01115 10231 29083
22219 00240
444 20110 21091 2218/ 521// 60401=
ZZYY 43301 21091 12004 707985 094895 6111/
11119 02014 10269 29083
22219 00277
33311 88872 20000 32769 20001 32772 43298 20020 32632 20040 31659
20060 31405 20080 31335 20100 31304 20120 31291 20140 31271
20180 31222 20300 31086 20500 30803
444 20110 21091 1354/ 521// 60401=
ZZYY 32317 21091 1200/ 501932 110405 6111/
33311 88872 20001 32227 43478 20020 32187 20040 32048 20060 31987
20080 31638 20100 31372 20120 31333 20140 31316 20180 31284
20300 31175 20500 30865
444 20110 21091 1000/ 521//=
ZZYY 32317 22091 0200/ 501857 110501 6111/
11119 10227 29087
22219 00224
444 20110 22091 0133/ 521//=
ZZYY 53009 21091 1200/ 311887 093328 6111/
33311 88872 20020 32651 43401 20040 32651 43407 20060 32651 43403
20080 32650 20100 32613 20120 32488 20180 31930 20300 31219
20500 30915
444 20110 21091 1201/ 521//=
ZZYY 53009 22091 02004 311875 093322 6112/
11119 01114 10259 29079
444 20120 22091 0155/ 521// 60401=
ZZYY 32321 21091 12004 700216 095433 6112/
11119 01410 10200 29083
22219 00209
33311 88872 20000 32085 20001 32104 43458
444 20120 21091 1356/ 521// 60401=
ZZYY 32321 22091 01004 707260 063669 6112/
11119 01510 10205 29084
22219 00206
444 20120 22091 0114/ 521// 60401=
ZZYY 32321 22091 02004 707260 063669 6112/
11119 01510 10206 29083
22219 00205
444 20120 22091 0114/ 521// 60401=
ZZYY 32304 21091 12004 505096 095074 6111/
11119 01212 10217 29079
22219 00220
33311 88872 20000 32199 20001 32206 43513 20020 32202 20040 32196
20060 31965 20080 31523 20100 31441 20120 31397 20140 31361
20180 31315 20300 31201 20500 30822
444 20110 21091 1238/ 521// 60401=
ZZYY 32304 22091 01004 505071 095071 6112/
11119 01113 10221 29079
22219 00220
444 20120 22091 0057/ 521// 60401=
ZZYY 32304 22091 02004 505071 095065 6111/
11119 01114 10221 29078
22219 00220
444 20110 22091 0239/ 521// 60401=
ZZYY 32303 21091 12004 704944 094997 6111/
11119 02106 10250 29071
22219 00271
33311 88872 20000 32715 20001 32733 43304 20040 32531 20060 32091
20080 31826 20100 31567 20120 31434 20140 31397 20180 31338
20300 31149
444 20110 21091 1355/ 521// 60401=
ZZYY 51307 21091 1200/ 708024 125004 6111/
33311 88872 20001 32765 43385 20020 32736 20040 32746 20060 32502
20080 31619 20100 31337 20120 31255 20140 31204 20180 31128
20300 31010 20500 30820
444 20110 21091 1138/ 521//=
ZZYY 51307 22091 0200/ 708016 124988 6111/
11119 10266 29085
22219 00278
444 20110 22091 0245/ 521//=
ZZYY 51308 21091 1200/ 507973 124992 6112/
33311 88872 20001 32576 43552 20020 32573 20040 32572 20060 32570
20080 32570 20100 32358 20120 32210 20140 32107 20180 31558
20300 31085 20500 30833
444 20120 21091 1117/ 521//=
ZZYY 51016 21091 1200/ 701950 125053 6112/
33311 88870 20001 32681 20020 32683 20040 32633 20060 32291
20080 31936 20100 31554 20120 31460 20140 31369 20300 31175
20500 30881
444 20120 21091 1114/ 521//=
ZZYY 32316 21091 1200/ 702051 110046 6111/
33311 88872 20001 32252 43447 20040 32152 20060 31682 20080 31483
20100 31394 20120 31353 20140 31337 20180 31318 20300 31133
20500 30825
444 20110 21091 1357/ 521//=
ZZYY 43001 21091 1200/ 708055 110126 6112/
33311 88872 20001 32743 43313 20020 32744 20040 32737 20060 32401
20080 31724 20100 31437 20120 31283 20140 31231 20180 31170
20300 31035 20500 30878
444 20120 21091 0956/ 521//=
ZZYY 43001 22091 02004 708043 110128 6111/
11119 01915 10266 29081
22219 00274
444 20110 22091 0256/ 521// 60401=
ZZYY 32319 21091 1200/ 507989 110076 6111/
33311 88872 20001 32385 43517 20020 32383 20040 32381 20060 32379
20080 32328 20100 31897 20120 31547 20140 31430 20180 31332
20300 31145 20500 30849
444 20110 21091 1001/ 521//=
ZZYY 32319 22091 02004 508000 110083 6111/
11119 01215 10238 29075
22219 00241
444 20110 22091 0131/ 521// 60401=
ZZYY 32323 21091 1200/ 700048 109918 6112/
33311 88872 20001 32127 43474 20020 31909 43485 20040 31724 43490
20060 31609 43498 20080 31527 20100 31455 20120 31430 20140 31383
20180 31286 20300 31145 20500 30798
444 20120 21091 1357/ 521//=
ZZYY 32323 22091 02004 700044 109920 6111/
11119 01113 10210 29092 40119
22219 00209
444 20110 22091 0134/ 521// 60401=
ZZYY 51017 21091 1200/ 502015 124902 6112/
33311 88872 20001 32336 43475 20020 32312 20040 32282 20080 31976
20100 31469 20120 31364 20140 31327 20180 31287 20300 31188
20500 30826
444 20120 21091 1115/ 521//=
ZZYY 51017 22091 02004 502002 124899 6111/
11119 01309 10241 29069
22219 00237
444 20110 22091 0243/ 521// 60401=
ZZYY 31004 21091 1200/ 513525 032608 6112/
33311 88872 20020 32538 43686 20040 32538 43700 20060 32535
20080 32535 20100 32535 20120 32546 43717 20140 32495 20180 32228
20300 31333 20500 30706
444 20120 21091 1035/ 521//=
ZZYY 31001 21091 1200/ 700011 035008 6112/
33311 88872 20001 32663 43591 20020 32661 43591 20040 32655 43595
20060 32633 20080 32563 20100 32355 20120 32117 43623 20140 31894
20180 31462 20300 31140 20500 30729
444 20120 21091 1053/ 521//=
####018001401####
SSVX02 KARS 220520 RRA
ZZYY 15631 22091 0454/ 527948 040812 6113/
22219 00198
444 20130 22091 0444/ 50101 80100 80025 9/015=
ZZYY 33570 22091 0459/ 546743 045252 6112/
22219 00088
444 20120 22091 0210/ 50101 80108 80052 9/015=
ZZYY 16522 22091 0450/ 543482 102682 6112/
11119 49886 57023
22219 00091
444 20120 22091 0422/ 50101 80010 80021 9////=
ZZYY 33666 22091 0458/ 539850 046798 6112/
22219 00113
444 20120 22091 0314/ 50101 80116 80018 9/015=
ZZYY 33905 22091 0501/ 541367 050774 6112/
22219 00106
444 20120 22091 0454/ 50101 80114 80013 9/015=
ZZYY 17651 22091 0310/ 524280 025156 6112/
11119 30182 40182 57014
22219 00209
444 50101 80100 80013 9/015=
ZZYY 15615 22091 0458/ 531550 038438 6113/
22219 00166
444 20130 22091 0454/ 50101 80050 80099 9/015=
ZZYY 34519 22091 0440/ 543865 047359 6112/
11119 30020 40020 52008
22219 00093
444 20120 22091 0455/ 50101 80110 80023 9/015=
ZZYY 31508 22091 0451/ 514519 034208 6112/
22219 00254
444 20120 22091 0443/ 50101 80120 80010 9/015=
ZZYY 56604 22091 0450/ 547574 106192 6112/
11119 39879 49879 57015
22219 00070
444 20120 22091 0421/ 50101 80110 80009 9/015=
ZZYY 31990 22091 0456/ 523269 039627 6111/
22219 00233
444 20110 22091 0453/ 50101 80098 80002 9/015=
ZZYY 31989 22091 0457/ 525077 041290 6113/
22219 00221
444 20130 22091 0308/ 50101 80120 80014 9/015=
####018001367####
SSVX08 KARS 220520 RRA
ZZYY 32305 21091 1200/ 508016 095280 6111/
33311 88872 20001 32282 43528
444 20110 21091 1417/ 521//=
ZZYY 32305 22091 01004 508027 095260 6111/
11119 01116 10216 29073
22219 00228
444 20110 22091 0058/ 521// 60401=
ZZYY 32320 21091 1200/ 702114 095415 6112/
33311 88870 20040 32166 20060 31734 20080 31545 20100 31458
20120 31400 20140 31376 20180 31328 20300 31088 20500 30798
444 20120 21091 1356/ 521//=
ZZYY 32320 22091 01004 702118 095404 6111/
11119 01611 10227 29073
444 20110 22091 0102/ 521// 60401=
ZZYY 32320 22091 02004 702113 095414 6112/
11119 01508 10229 29073
444 20120 22091 0241/ 521// 60401=
ZZYY 32315 21091 1200/ 705004 110057 6111/
33311 88872 20001 32688 43401 20020 32689 20040 32690 20060 32690
20080 32678 20100 32011 20120 31581 20140 31321 20180 31143
20300 31034 20500 30804
444 20110 21091 1357/ 521//=
ZZYY 32315 22091 02004 705007 110058 6111/
11119 01814 10247 29081
22219 00268
444 20110 22091 0243/ 521// 60401=
ZZYY 23009 21091 1200/ 114982 089931 6111/
33311 88872 20001 32852 43254 20020 32852 43258 20040 32862 43322
20060 32746 43430 20080 32554 20100 32313 20120 32045 20140 31834
20180 31508 20300 31151 20500 30987
444 20110 21091 1311/ 521//=
ZZYY 23009 22091 02004 114981 089922 6111/
11119 02316 10288 29090 40063
22219 00285=
####018000111####
SSVX07 KARS 220520
ZZYY 48534 22091 0140/ 783367 046221 6113/
11119 11144 40162
444 20130 22091 0136/=
####018014923####
SSVX02 KARS 220520
ZZYY 23975 21091 2330/ 312763 090908 6112/
11119 30152 40152 57254
22219 00266
444 20120 21091 2308/ 50101 80110 80010 9/015=
ZZYY 23975 22091 0230/ 312780 090916 6112/
11119 30170 40170 57237
22219 00266
444 20120 22091 0206/ 50101 80110 80010 9/015=
ZZYY 16609 21091 1340/ 327337 051334 6112/=
ZZYY 48673 22091 0139/ 776600 124218 6113/
444 20130 22091 0134/ 500// 9/000=
ZZYY 51518 22091 0301/ 501340 121623 6111/
22219 00235
444 20110 22091 0251/ 50101 80120 80037 9/015=
ZZYY 32736 22091 0256/ 514193 094944 6112/
444 20120 22091 0250/ 50101 80114 80000 9/015=
ZZYY 32731 22091 0254/ 516017 082351 6111/
22219 00166
444 20110 22091 0251/ 50101 80114 80124 9/015=
ZZYY 32708 22091 0254/ 515956 087223 6111/
22219 00180
444 20110 22091 0248/ 50101 80114 80180 9/015=
ZZYY 32705 22091 0256/ 515661 091664 6111/
22219 00195
444 20110 22091 0249/ 50101 80114 80044 9/015=
ZZYY 32702 22091 0254/ 515827 081648 6111/
22219 00169
444 20110 22091 0250/ 50101 80114 80011 9/015=
ZZYY 32692 22091 0252/ 517985 082387 6112/
22219 00169
444 20120 21091 0939/ 50101 80118 80105 9/015=
ZZYY 46583 22091 0302/ 716938 130680 6111/
22219 00256
444 20110 22091 0304/ 50101 80098 80023 9/015=
ZZYY 32695 22091 0254/ 523578 106037 6113/
22219 00206
444 20130 22091 0252/ 50101 80094 80072 9/015=
ZZYY 21607 22091 0130/ 133042 126553 6113/
22219 00268=
ZZYY 17520 22091 0218/ 336009 045544 6112/
22219 00161
444 20120 22091 0235/ 50101 80094 80000 9////=
ZZYY 33951 22091 0221/ 338972 087175 6113/
22219 00116
444 20130 22091 0035/ 50101 80072 80041 9/015=
ZZYY 33951 22091 0329/ 338971 087187 6112/
22219 00116
444 20120 22091 0324/ 50101 80072 80014 9/015=
ZZYY 33690 22091 0220/ 342367 099589 6112/
22219 00108
444 20120 22091 0215/ 50101 80074 80126 9/015=
ZZYY 33690 22091 0329/ 342377 099603 6112/
22219 00108
444 20120 22091 0325/ 50101 80074 80126 9/015=
ZZYY 33687 22091 0218/ 333699 061726 6113/
22219 00151
444 20130 22091 0213/ 50101 80070 80000 9/015=
ZZYY 33687 22091 0329/ 333700 061721 6111/
22219 00151
444 20110 22091 0326/ 50101 80070 80000 9/015=
ZZYY 33692 22091 0221/ 341264 091039 6112/
22219 00108
444 20120 22091 0215/ 50101 80074 80050 9/015=
ZZYY 33692 22091 0329/ 341271 091041 6112/
22219 00108
444 20120 22091 0325/ 50101 80074 80068 9/015=
ZZYY 32640 22091 0253/ 520683 124575 6111/
22219 00241
444 20110 22091 0249/ 50101 80098 80016 9/015=
ZZYY 34544 22091 0210/ 345888 112584 6111/
11119 40107 57011
22219 00099
444 20110 22091 0216/ 50101 80010 80020 9////=
ZZYY 14551 22091 0211/ 100899 082571 6112/
22219 00289
444 20120 22091 0204/ 50101 80126 80002 9/015=
ZZYY 14551 22091 0324/ 100903 082569 6112/
22219 00289
444 20120 22091 0313/ 50101 80126 80002 9/015=
ZZYY 32626 22091 0255/ 517608 090258 6111/
22219 00187
444 20110 22091 0249/ 50101 80116 80098 9/015=
ZZYY 32624 22091 0257/ 511318 100736 6112/
22219 00222
444 20120 21091 2350/ 50101 80116 80180 9/015=
ZZYY 32683 22091 0256/ 518782 095878 6111/
22219 00198
444 20110 22091 0249/ 50101 80116 80057 9/015=
ZZYY 32549 22091 0256/ 518917 094041 6112/
22219 00195
444 20120 22091 0250/ 50101 80114 80180 9/015=
ZZYY 32538 22091 0255/ 522563 092279 6112/
22219 00186
444 20120 22091 0247/ 50101 80116 80070 9/015=
ZZYY 32526 22091 0256/ 515064 094945 6112/
22219 00202
444 20120 22091 0251/ 50101 80570 80099 9/015=
ZZYY 51620 22091 0255/ 707613 096840 6111/
22219 00276
444 20110 22091 0301/ 50101 80115 80007 9/015=
ZZYY 14928 22091 0209/ 105979 087882 6112/
22219 00283
444 20120 22091 0203/ 50101 80099 80006 9/015=
ZZYY 14928 22091 0318/ 105976 087892 6112/
22219 00283
444 20120 22091 0311/ 50101 80093 80005 9/015=
ZZYY 32533 22091 0255/ 514595 110420 6112/
22219 00233
444 20120 22091 0250/ 50101 80121 80009 9/015=
ZZYY 53518 22091 0159/ 121014 114115 6111/
22219 00286
444 20110 22091 0156/ 50101 80138 80003 9/015=
ZZYY 71703 22091 0237/ 550209 044988 6111/
22219 00026
444 20110 22091 0222/ 50101 80118 80108 9/015=
ZZYY 71703 22091 0500/ 550226 044989 6111/
22219 00026
444 20110 22091 0456/ 50101 80118 80106 9/015=
ZZYY 71701 22091 0233/ 551911 043410 6111/
22219 00012
444 20110 22091 0221/ 50101 80114 80113 9/015=
ZZYY 71701 22091 0459/ 551918 043380 6111/
22219 00012
444 20110 22091 0457/ 50101 80114 80097 9/015=
ZZYY 71573 22091 0237/ 553964 042884 6111/
22219 00009
444 20110 22091 0234/ 50101 80116 80088 9/015=
ZZYY 71573 22091 0459/ 553950 042909 6113/
22219 00008
444 20130 22091 0457/ 50101 80116 80108 9/015=
ZZYY 23678 22091 0222/ 340026 089149 6113/
22219 00113
444 20130 22091 0216/ 50101 80049 80099 9////=
ZZYY 23678 22091 0330/ 340029 089170 6113/
22219 00113
444 20130 22091 0325/ 50101 80049 80099 9////=
ZZYY 23973 22091 0050/ 312480 088920 6111/
11119 30155 40155 57240
22219 00273
444 20110 21091 1834/ 50101 80110 80010 9/015=
ZZYY 23973 22091 0150/ 312480 088920 6111/
11119 30160 40160 57239
22219 00273
444 20110 21091 1834/ 50101 80110 80013 9/015=
ZZYY 23973 22091 0250/ 312480 088920 6111/
11119 30167 40167 57238
22219 00274
444 20110 21091 1834/ 50101 80110 80010 9/015=
ZZYY 32739 22091 0251/ 518332 095562 6111/
22219 00201
444 50101 80120 80020 9/015=
ZZYY 32912 22091 0254/ 517045 090780 6112/
22219 00191
444 20120 22091 0248/ 50101 80120 80115 9/015=
ZZYY 32548 22091 0256/ 516686 096245 6111/
22219 00204
444 20110 22091 0250/ 50101 80120 80038 9/015=
ZZYY 32917 22091 0254/ 519607 090236 6111/
22219 00191
444 20110 22091 0250/ 50101 80120 80113 9/015=
ZZYY 32528 22091 0252/ 518490 088432 6112/
22219 00185
444 20120 22091 0250/ 50101 80120 80076 9/015=
ZZYY 32648 22091 0254/ 508626 119762 6112/
22219 00246
444 20120 22091 0249/ 50101 80110 80040 9/015=
ZZYY 32803 22091 0250/ 524049 116511 6111/
22219 00221
444 20110 22091 0248/ 50101 80102 80000 9/015=
ZZYY 32805 22091 0253/ 532827 101789 6111/
22219 00170
444 20110 22091 0250/ 50101 80104 80093 9/015=
ZZYY 31781 22091 0125/ 721089 068756 6112/
22219 00285
444 20120 22091 0114/ 50101 80120 80020 9/015=
ZZYY 51530 22091 0258/ 505575 123614 6111/
22219 00248
444 20110 22091 0251/ 50101 80120 80099 9/015=
ZZYY 51759 22091 0300/ 700695 121844 6112/
22219 00230
444 50101 80110 80060 9/015=
ZZYY 51904 22091 0305/ 709402 111455 6112/
22219 00275
444 20120 22091 0251/ 50101 80078 80001 9/015=
ZZYY 55931 22091 0240/ 530550 088120 6112/
22219 00175
444 20120 22091 0251/ 50101 80010 80004 9////=
ZZYY 63579 22091 0144/ 169027 046928 6111/
22219 00086
444 50101 80007 80006 9////=
ZZYY 63579 22091 0459/ 169030 046964 6112/
22219 00085
444 20120 22091 0448/ 50101 80005 80006 9////=
ZZYY 63964 22091 0142/ 173785 023135 6111/
444 20110 22091 0136/ 50101 80009 80015 9/015=
ZZYY 63948 22091 0144/ 175384 035563 6111/
22219 00056
444 20110 22091 0136/ 50101 80008 80006 9/015=
ZZYY 63577 22091 0146/ 175118 067612 6112/
22219 00061
444 20120 22091 0142/ 50101 80009 80006 9/015=
ZZYY 63577 22091 0459/ 175084 067580 6113/
22219 00061
444 20130 22091 0447/ 50101 80007 80005 9/015=
ZZYY 63583 22091 0145/ 172515 046817 6112/
22219 00081
444 20120 22091 0143/ 50101 80009 80010 9/015=
ZZYY 63584 22091 0142/ 777792 002160 6111/
22219 00042
444 20110 22091 0135/ 50101 80007 80009 9/015=
ZZYY 55615 22091 0220/ 337944 089191 6113/
11119 30224 40224 57005
22219 00119
444 20130 22091 0216/ 50101 8//// 80100 9////=
ZZYY 55615 22091 0320/ 337951 089199 6113/
11119 30219 40219 57008
22219 00119
444 20130 22091 0324/ 50101 8//// 80100 9////=
ZZYY 31538 22091 0459/ 534574 051469 6112/
22219 00182
444 20120 22091 0454/ 50101 80071 80017 9/015=
ZZYY 56563 22091 0450/ 558673 069070 6112/
11119 30152 40152 57007
22219 00045
444 20120 22091 0414/ 50101 80100 80000 9/015=
ZZYY 71690 22091 0330/ 551419 024903 6112/
22219 00022
444 20120 22091 0315/ 50101 80110 80012 9/015=
ZZYY 71679 22091 0450/ 556230 034749 6111/
11119 39906 49906 57012
22219 01003
444 20110 22091 0457/ 50101 80100 80000 9/015=
ZZYY 31758 22091 0456/ 527852 033302 6113/
22219 00188
444 20130 22091 0310/ 50101 80008 80048 9/015=
ZZYY 15950 22091 0410/ 532044 035941 6112/
11119 30132 40132 57005
22219 00170
444 20120 22091 0454/ 50101 80050 80006 9/015=
ZZYY 33509 22091 0450/ 549082 046817 6112/
11119 30068 40068
22219 00056
444 20120 22091 0457/ 50101 80110 80100 9/015=
ZZYY 55600 22091 0450/ 534969 089770 6112/
11119 40209 52001
22219 00145
444 20120 22091 0423/ 50101 80010 80000 9////=
ZZYY 71673 22091 0440/ 554262 025498 6111/
11119 39926 49926
22219 00004
444 20110 22091 0458/ 50101 80110 80000 9/015=
ZZYY 71671 22091 0440/ 553107 038838 6112/
11119 39880 49880
22219 00004
444 20120 22091 0456/ 50101 80110 80000 9/015=
ZZYY 71667 22091 0440/ 556651 023082 6111/
11119 39993 49993
22219 01004
444 20110 22091 0408/ 50101 80110 80100 9/015=
ZZYY 54558 22091 0440/ 529010 080528 6111/
11119 30238 40238 52008
22219 00159
444 20110 22091 0244/ 50101 80100 80050 9/015=
ZZYY 54558 22091 0240/ 529010 080528 6111/
11119 30235 40235 52014
22219 00159
444 20110 22091 0244/ 50101 80100 80063 9/015=
ZZYY 54947 22091 0500/ 536048 087182 6112/
11119 40204 52002
22219 00138
444 20120 22091 0456/ 50101 80010 80000 9////=
ZZYY 33575 22091 0440/ 542706 028290 6112/
11119 30047 40047
22219 00099
444 20120 22091 0455/ 50101 80110 80076 9/015=
ZZYY 31911 22091 0457/ 527456 045064 6112/
22219 00191
444 20120 22091 0443/ 50101 80061 80000 9/015=
ZZYY 31542 22091 0458/ 532075 041306 6113/
22219 00166
444 20130 22091 0454/ 50101 80039 80014 9/015=
ZZYY 55932 22091 0250/ 527174 080843 6111/
11119 40228 52014
22219 00164
444 20110 22091 0243/ 50101 80010 80005 9////=
ZZYY 55932 22091 0450/ 527158 080830 6111/
11119 40235 52013
22219 00164
444 20110 22091 0453/ 50101 80010 80005 9////=
ZZYY 15604 22091 0455/ 525237 031096 6112/
22219 00211
444 20120 22091 0452/ 50101 80119 80012 9/015=
ZZYY 15940 22091 0454/ 523776 036323 6113/
22219 00219
444 20130 22091 0309/ 50101 80119 80004 9/015=
ZZYY 16587 22091 0450/ 548358 055250 6112/
22219 00039
444 20120 22091 0455/ 50101 80100 80000 9/015=
ZZYY 16587 22091 0350/ 548386 055240 6113/
22219 00039
444 20130 22091 0316/ 50101 80100 80000 9/015=
ZZYY 71635 22091 0457/ 548351 043228 6113/
22219 00046
444 50101 80116 80121 9/015=
ZZYY 71696 22091 0459/ 548875 033940 6112/
22219 00038
444 20120 22091 0455/ 50101 80116 80140 9/015=
ZZYY 17671 22091 0240/ 327484 055805 6113/
22219 00204
444 20130 22091 0214/ 50101 80080 80100 9/015=
ZZYY 33567 22091 0240/ 343158 111451 6111/
11119 30130 40130 57008
22219 00102
444 20110 22091 0204/ 50101 80100 80002 9/015=
ZZYY 33568 22091 0230/ 344073 075943 6111/
22219 00104
444 20110 22091 0216/ 50101 80090 80100 9/015=
ZZYY 16577 22091 0240/ 340185 076473 6111/
11119 30151 40151
22219 00124
444 20110 22091 0215/ 50101 80100 80100 9/015=
ZZYY 16563 22091 0230/ 335135 092360 6113/
11119 30258 40258 52015
22219 00135
444 20130 22091 0213/ 50101 80110 80000 9/015=
ZZYY 17902 22091 0300/ 344824 077193 6112/
22219 00106
444 20120 22091 0327/ 50101 80110 80100 9/015=
ZZYY 17522 22091 0250/ 339664 098468 6111/
11119 30198 40198
444 20110 22091 0214/ 50101 80090 80100 9/015=
ZZYY 23974 22091 0240/ 309387 087132 6111/
11119 30144 40144 57235
22219 00277
444 20110 22091 0207/ 50101 80110 80011 9/015=
ZZYY 33635 22091 0250/ 338024 070863 6112/
22219 00133
444 20120 22091 0215/ 50101 80100 80100 9/015=
ZZYY 16595 22091 0240/ 327878 089172 6113/
11119 30291 40291 52009
22219 00201
444 20130 22091 0211/ 50101 80080 80000 9/015=
ZZYY 17914 22091 0250/ 327769 081597 6112/
22219 00184
444 20120 22091 0324/ 50101 80008 80100 9/015=
ZZYY 17660 22091 0250/ 327563 101480 6113/
11119 30260 40260 52008
22219 00202
444 20130 22091 0323/ 50101 80110 80028 9////=
ZZYY 14915 22091 0240/ 328972 094810 6112/
11119 30288 40288 52014
22219 00171
444 20120 22091 0211/ 50101 80090 80004 9/015=
ZZYY 55907 22091 0310/ 336012 111868 6111/
11119 30225 40225 52003
22219 00154
444 20110 22091 0326/ 50101 8//// 80000 9////=
ZZYY 55907 22091 0210/ 336036 111884 6111/
11119 30225 40225 52010
22219 00152
444 20110 22091 0140/ 50101 8//// 80000 9////=
ZZYY 55595 22091 0240/ 341257 091664 6113/
11119 40197 52004
22219 00107
444 20130 22091 0214/ 50101 80009 80000 9////=
ZZYY 16513 22091 0300/ 336421 099456 6112/
11119 30224 40224 52021
22219 00141
444 20120 22091 0324/ 50101 8//// 80000 9////=
ZZYY 71709 22091 0458/ 548835 040098 6112/
22219 00021
444 20120 22091 0456/ 50101 80116 80113 9/015=
ZZYY 56561 22091 0450/ 556424 076618 6112/
11119 30245 40245 57007
22219 00048
444 20120 22091 0457/ 50101 8//// 80008 9/015=
ZZYY 15635 22091 0450/ 527965 029128 6111/
22219 00187
444 20110 22091 0308/ 50101 80086 80002 9/015=
ZZYY 33534 22091 0430/ 547365 046773 6112/
11119 30028 40028 52012
22219 00091
444 20120 22091 0456/ 50101 80110 80045 9/015=
ZZYY 33993 22091 0500/ 544952 045061 6112/
11119 40001 57238
22219 00087
444 2012/ 22091 0456/ 50101 80082 80004 9/015=
ZZYY 33909 22091 0400/ 543312 042810 6113/
11119 30003 40003 57031
22219 00080
444 20130 22091 0314/ 50101 80110 80053 9/015=
ZZYY 33554 22091 0430/ 538178 044701 6113/
11119 30094 40094 57010
22219 00146
444 20130 22091 0454/ 50101 80110 80024 9/015=
ZZYY 33554 22091 0330/ 538165 044710 6113/
11119 30098 40098 57010
22219 00146
444 20130 22091 0313/ 50101 80110 80016 9/015=
ZZYY 55626 22091 0430/ 536773 082000 6112/
11119 30207 40207 52008
22219 00129
444 20120 22091 0456/ 50101 80100 80004 9/015=
ZZYY 55626 22091 0330/ 536790 081996 6113/
11119 30206 40206 52016
22219 00129
444 20130 22091 0242/ 50101 80100 80004 9/015=
ZZYY 55950 22091 0340/ 551365 044822 6112/
11119 30002 40002 52013
444 20120 22091 0315/ 50101 80100 80005 9/015=
ZZYY 55950 22091 0440/ 551347 044822 6113/
11119 30006 40006 52015
444 20130 22091 0456/ 50101 80100 80006 9/015=
ZZYY 31759 22091 0455/ 524318 043664 6112/
22219 00220
444 20120 22091 0309/ 50101 80116 80003 9/015=
ZZYY 15921 22091 0452/ 525773 035230 6113/
22219 00198
444 20130 22091 0309/ 50101 80094 80001 9/015=
ZZYY 15926 22091 0453/ 526673 031351 6111/
22219 00196
444 20110 22091 0311/ 50101 80092 80053 9/015=
ZZYY 55592 22091 0400/ 525934 080475 6112/
444 20120 22091 0250/ 50101 80010 80000 9////=
ZZYY 55592 22091 0300/ 525934 080475 6112/
444 20120 22091 0250/ 50101 80010 80000 9////=
####018000423####
SSVX13 LFVW 220520
ZZYY 23996 21091 2310/ 114124 093367 6113/
11119 30069 40069 52004
22219 00275
444 20130 21091 2259/ 50101 80100 80002 9/015=
ZZYY 23995 22091 0110/ 118601 084873 6111/
11119 30024 40024 52017
22219 00283
444 20110 21091 2301/ 50101 80110 80002 9/015=
ZZYY 23598 22091 0110/ 108294 073062 6112/
11119 39872 49872 52003
22219 00268
444 20120 21091 2302/ 50101 80130 80000 9/015=
####018000117####
SSVX07 LFVW 220520
ZZYY 48548 22091 0140/ 774311 127925 6111/
11119 11011 39924 49924
444 20110 22091 0136/=
####018002053####
SSVX11 LFVW 220520
ZZYY 53056 21091 1500/ 305024 095044 6111/
11119 10267 29083
22219 00271
33311 88872 20000 32711 20001 32711 43405 20011 32712 43410
20020 32708 43420 20040 32700 43419 20081 32118 20100 31862 43499
20120 31542 20140 31326 20200 31212 20301 31088 20501 30935
444 20110 21091 1503/ 522//=
ZZYY 53056 21091 2200/ 305036 095058 6111/
11119 10263 29083
22219 00270
444 20110 21091 2128/ 522//=
ZZYY 53056 21091 1800/ 305040 095059 6113/
11119 10265 29085
22219 00271
33311 88872 20000 32706 20001 32706 43406 20011 32707 43410
20020 32706 43396 20040 32701 43421 20081 32094 20100 31860 43499
20120 31568 20140 31325 20200 31229 20301 31095 20501 30937
444 20130 21091 1834/ 522//=
ZZYY 53056 21091 1400/ 305040 095060 6113/
11119 10267 29083
22219 00271
33311 88872 20000 32714 20001 32714 43405 20011 32714 43411
20021 32708 43422 20040 32700 43420 20081 32260 20100 31909 43474
20120 31566 20140 31366 20200 31215 20301 31087 20501 30932
444 20130 21091 1434/ 522//=
ZZYY 53056 21091 2300/ 305044 095058 6112/
11119 10263 29083
22219 00270
444 20120 21091 2304/ 522//=
ZZYY 53056 22091 0000/ 305042 095056 6112/
11119 10264 29083
22219 00270
33311 88872 20000 32701 20001 32701 43407 20011 32702 43412
20020 32703 43422 20040 32698 43421 20081 32081 20100 31862 43501
20119 31415 20140 31251 20200 31197 20300 31093 20500 30942
444 20120 22091 0012/ 522//=
ZZYY 53056 22091 0100/ 305045 095054 6112/
11119 10265 29082
22219 00270
33311 88872 20000 32701 20001 32701 43406 20011 32701 43412
20021 32702 43422 20040 32698 43421 20081 32080 20100 31855 43502
20120 31418 20140 31252 20200 31191 20300 31087 20500 30940
444 20120 22091 0026/ 522//=
ZZYY 53056 22091 0200/ 305041 095059 6113/
11119 10267 29081
22219 00270
33311 88872 20000 32702 20001 32702 43406 20011 32702 43411
20020 32702 43421 20040 32702 43421 20081 32136 20100 31870 43499
20120 31427 20140 31260 20200 31206 20300 31096 20500 30943
444 20130 22091 0205/ 522//=
####018014813####
SSVX11 LFVW 220522
ZZYY 52075 21091 21004 107983 130037 6112/
11119 03105 10283 29078 40085
22219 00293
33311 88872 20000 32925 20002 32925 43333 20025 32927 43333
20050 32904 43353 20075 32545 43488 20100 32234 43491
20125 31993 43482 20150 31666 43466 20200 31174 43443
20250 30993 43447 20300 30943 43454 20500 30734 43450
444 20120 21091 2119/ 522// 60381=
ZZYY 52075 21091 23004 107986 130036 6113/
11119 02907 10287 29079 40093
22219 00293
33311 88872 20000 32926 20002 32926 43331 20025 32929 43337
20050 32914 43349 20075 32575 43486 20100 32273 43500
20125 31945 43480 20150 31612 43462 20200 31159 43441
20250 30984 43448 20300 30936 43453 20500 30738 43449
444 20130 21091 2240/ 522// 60381=
ZZYY 52075 21091 17004 107986 130040 6112/
11119 02706 10282 29081 40087
22219 00292
33311 88872 20000 32923 20002 32923 43331 20025 32927 43333
20050 32913 43342 20075 32682 43463 20100 32351 43490
20125 32029 43483 20150 31716 43466 20200 31183 43440
20250 30998 43446 20300 30945 43454 20500 30736 43450
444 20120 21091 1645/ 522// 60381=
ZZYY 52075 21091 19004 107997 130045 6111/
11119 02906 10281 29083 40077
22219 00292
33311 88872 20000 32924 20002 32924 43330 20025 32927 43332
20050 32909 43346 20075 32613 43480 20100 32338 43490
20125 32012 43483 20150 31697 43466 20200 31212 43444
20250 31001 43443 20300 30944 43454 20500 30732 43449
444 20110 21091 1825/ 522// 60381=
ZZYY 52075 22091 0500/ 107981 130035 6112/
33311 88872 20002 32929 43333 20025 32928 43342 20050 32923 43346
20075 32733 43454 20100 32462 43491 20300 30953 43454
444 20120 22091 0507/ 522//=
ZZYY 52075 22091 03004 107986 130042 6113/
11119 02707 10289 29076 40097
22219 00293
33311 88872 20000 32933 20002 32933 43330 20025 32929 43344
20050 32908 43358 20075 32565 43484 20100 32230 43490
20125 31951 43479 20150 31625 43463 20200 31196 43442
20250 31003 43449 20300 30950 43453 20500 30742 43448
444 20130 22091 0355/ 522// 60381=
ZZYY 52075 22091 01004 107985 130038 6113/
11119 03005 10290 29076 40106
22219 00293
33311 88872 20000 32932 20002 32932 43330 20025 32928 43338
20050 32916 43351 20075 32562 43485 20100 32207 43490
20300 30944 43453
444 20130 22091 0132/ 522// 60381=
ZZYY 52078 21091 21004 105041 146939 6111/
11119 03501 10266 29086 40102
22219 00290
33311 88872 20000 32896 20002 32896 43304 20025 32950 43364
20050 32933 43385 20075 32844 43450 20100 32499 43491
20125 32213 43499 20150 31864 43483 20200 31211 43456
20250 31028 43463 20300 30916 43461 20500 30757 43457
20750 30589 43454
444 20110 21091 2101/ 522// 60381=
ZZYY 52078 21091 19004 105036 146951 6112/
11119 02905 10261 29091 40097
22219 00291
33311 88872 20000 32914 20002 32914 43320 20025 32950 43363
20050 32943 43375 20075 32870 43439 20100 32567 43486
20125 32194 43495 20150 31829 43475 20200 31263 43456
20250 31064 43461 20300 30913 43461 20500 30768 43457
20750 30603 43453
444 20120 21091 1939/ 522// 60381=
ZZYY 52078 21091 17004 105041 146960 6112/
11119 02909 10259 29093 40100
22219 00289
33311 88872 20000 32888 20002 32888 43293 20025 32953 43366
20050 32933 43386 20075 32876 43432 20100 32587 43486
20125 32275 43504 20150 31924 43481 20200 31240 43457
20250 31009 43465 20300 30907 43461 20500 30767 43457
20750 30607 43455
444 20120 21091 1647/ 522// 60381=
ZZYY 52078 21091 23004 105043 146949 6113/
11119 03503 10273 29082 40110
22219 00289
33311 88872 20000 32889 20002 32889 43296 20025 32951 43364
20050 32943 43375 20075 32863 43447 20100 32516 43493
20125 32186 43496 20150 31749 43474 20200 31191 43457
20250 31000 43464 20300 30910 43461 20500 30747 43456
20750 30589 43453
444 20130 21091 2240/ 522// 60381=
ZZYY 52078 22091 03004 105041 146950 6112/
11119 00904 10281 29078 40101
22219 00296
33311 88872 20000 32959 20002 32959 43328 20025 32953 43363
20050 32951 43365 20075 32867 43448 20100 32683 43478
20125 32395 43501 20150 32135 43493 20200 31375 43457
20250 31070 43461 20300 30932 43462 20500 30781 43457
20750 30609 43454
444 20120 22091 0327/ 522// 60381=
ZZYY 52078 22091 05004 105038 146949 6113/
11119 00703 29066 40091
22219 00302
33311 88872 20000 33016 20002 33016 43333 20025 32951 43360
20050 32952 43364 20075 32874 43440 20100 32649 43483
20125 32376 43503 20150 32050 43487 20200 31292 43456
20250 31045 43462 20300 30921 43461 20500 30785 43458
20750 30608 43455
444 20130 22091 0506/ 522// 60381=
ZZYY 52078 22091 0100/ 105042 146947 6112/
11119 10281 29077 40108
22219 00293
33311 88872 20000 32934 20002 32934 43318 20025 32951 43361
20050 32951 43366 20075 32900 43428 20100 32696 43477
20125 32295 43503 20150 31919 43480 20200 31233 43456
20250 31027 43463 20300 30919 43461 20500 30763 43457
20750 30601 43454
444 20120 21091 2351/ 522//=
ZZYY 52079 21091 22004 300018 146990 6112/
11119 01210 40110
22219 00295
33311 88872 20000 32948 20002 32948 43445 20025 32946 43521
20050 32859 43538 20075 32781 43540 20100 32749 43552
20125 32703 43549 20150 32520 43567 20200 31954 43539
20250 31640 43528 20300 31105 43482 20500 30804 43459
20750 30587 43452
444 20120 21091 2213/ 522// 60381=
ZZYY 52079 21091 20004 300023 146990 6113/
11119 01407 40093
22219 00294
33311 88872 20000 32938 20002 32938 43446 20025 32945 43531
20050 32861 43538 20075 32779 43542 20100 32753 43553
20125 32707 43549 20150 32588 43566 20200 31954 43534
20250 31644 43527 20300 31178 43490 20500 30794 43458
20750 30583 43452
444 20130 21091 1941/ 522// 60381=
ZZYY 52079 21091 18004 300022 146987 6113/
11119 01805 40093
22219 00294
33311 88872 20000 32936 20002 32936 43409 20025 32906 43537
20050 32850 43539 20075 32775 43545 20100 32754 43553
20125 32704 43549 20150 32630 43567 20200 31955 43532
20250 31642 43527 20300 31124 43484 20500 30786 43458
20750 30574 43453
444 20130 21091 1801/ 522// 60381=
ZZYY 52079 21091 21004 300025 146990 6112/
11119 01208 40098
22219 00296
33311 88872 20000 32955 20002 32955 43451 20025 32945 43520
20050 32864 43538 20075 32783 43540 20100 32754 43553
20125 32710 43550 20150 32601 43563 20200 31952 43538
20250 31649 43526 20300 31139 43482 20500 30797 43458
20750 30579 43453
444 20120 21091 2102/ 522// 60381=
ZZYY 52079 21091 23004 300023 146996 6112/
11119 01208 40116
22219 00294
33311 88872 20000 32940 20002 32940 43445 20025 32937 43530
20050 32851 43538 20075 32778 43542 20100 32742 43552
20125 32697 43548 20150 32414 43572 20200 31945 43539
20250 31639 43527 20300 31102 43481 20500 30814 43459
20750 30587 43452
444 20120 21091 2242/ 522// 60381=
ZZYY 52079 21091 19004 300023 146990 6113/
11119 01405 40093
22219 00294
33311 88872 20000 32937 20002 32937 43432 20025 32928 43535
20050 32853 43538 20075 32777 43543 20100 32755 43553
20125 32709 43550 20150 32640 43565 20200 31949 43532
20250 31642 43528 20300 31129 43484 20500 30791 43458
20750 30575 43452
444 20130 21091 1941/ 522// 60381=
ZZYY 52079 21091 17004 300028 146990 6112/
11119 03603 40092
22219 00294
33311 88872 20000 32942 20002 32942 43440 20025 32921 43536
20050 32861 43539 20075 32779 43542 20100 32741 43552
20125 32699 43548 20150 32636 43567 20200 31976 43526
20250 31646 43527 20300 31192 43492 20500 30791 43458
20750 30584 43452
444 20120 21091 1647/ 522// 60381=
ZZYY 52079 22091 03004 300023 146991 6112/
11119 01008 40097
22219 00296
33311 88872 20000 32964 20002 32964 43410 20025 32908 43538
20050 32845 43538 20075 32778 43541 20100 32759 43553
20125 32709 43550 20150 32500 43569 20200 31951 43539
20250 31643 43528 20300 31101 43482 20500 30793 43458
20750 30587 43451
444 20120 22091 0326/ 522// 60381=
ZZYY 52077 21091 17004 102072 146952 6112/
11119 02706 10272 29084 40099
22219 00291
33311 88872 20000 32911 20002 32911 43431 20025 32916 43443
20050 32919 43468 20075 32919 43471 20100 32916 43473
20125 32686 43522 20150 32384 43551 20200 31546 43468
20250 31090 43456 20300 30986 43470 20500 30777 43457
20750 30517 43453
444 20120 21091 1647/ 522// 60381=
ZZYY 52077 21091 21004 102074 146948 6112/
11119 03104 10280 29077 40099
22219 00289
33311 88872 20000 32890 20002 32890 43373 20025 32909 43418
20050 32916 43449 20075 32919 43471 20100 32915 43473
20125 32589 43551 20150 32363 43549 20200 31619 43478
20250 31195 43455 20300 31030 43472 20500 30814 43459
20750 30527 43453
444 20120 21091 2101/ 522// 60381=
ZZYY 52077 22091 03004 102070 146956 6112/
11119 00402 10286 29075 40100
22219 00299
33311 88872 20000 32988 20002 32988 43345 20025 32908 43399
20050 32917 43446 20075 32919 43471 20100 32912 43477
20125 32629 43542 20150 32383 43549 20200 31719 43484
20250 31198 43452 20300 31036 43468 20500 30827 43460
20750 30542 43453
444 20120 22091 0326/ 522// 60381=
ZZYY 52077 22091 01004 102073 146956 6113/
11119 00603 10284 29076 40110
22219 00296
33311 88872 20000 32958 20002 32958 43362 20025 32911 43415
20050 32917 43452 20075 32919 43471 20100 32724 43521
20125 32492 43556 20150 32364 43548 20200 31851 43495
20250 31244 43454 20300 31037 43467 20500 30801 43459
20750 30528 43453
444 20130 21091 2352/ 522// 60381=
ZZYY 52077 22091 0400/ 102074 146958 6112/
33311 88872 20002 32982 43347 20025 32904 43391 20050 32919 43442
20075 32919 43469 20100 32918 43475 20300 31025 43472
20750 30534 43453
444 20120 22091 0351/ 522//=
ZZYY 52073 21091 17004 104856 137280 6113/
11119 02408 10266 29086 40085
22219 00291
33311 88872 20000 32905 20002 32905 43328 20025 32924 43347
20050 32914 43398 20075 32831 20100 32587 43479 20125 32292 43486
20150 32012 43482 20200 31099 43445 20250 30931 43448
20300 30892 43458 20500 30753 43455 20750 30620 43450
444 20130 21091 1648/ 522// 60381=
ZZYY 52073 21091 19004 104857 137277 6112/
11119 02507 10277 29083 40079
22219 00290
33311 88872 20000 32903 20002 32903 43324 20025 32928 43351
20050 32899 43398 20075 32818 20100 32576 43481 20125 32276 43487
20150 31950 43481 20200 31180 43447 20250 30931 43449
20300 30892 43458 20500 30744 43454 20750 30590 43452
444 20120 21091 1940/ 522// 60381=
ZZYY 52073 21091 23004 104859 137279 6113/
11119 02113 10271 29087 40103
22219 00291
33311 88872 20000 32906 20002 32906 43326 20025 32920 43338
20050 32927 43392 20075 32853 20100 32607 43481 20125 32238 43487
20150 31740 43471 20200 31128 43446 20250 30927 43450
20300 30893 43458 20500 30768 43455 20750 30603 43450
444 20130 21091 2241/ 522// 60381=
ZZYY 52073 22091 01004 104854 137278 6112/
11119 03015 10258 29089 40116
22219 00291
33311 88872 20000 32905 20002 32905 43326 20025 32913 43330
20050 32916 43385 20075 32858 20100 32741 43458 20125 32467 43492
20150 32034 43481 20200 31289 43448 20250 30943 43444
20300 30892 43458 20500 30748 43454 20750 30606 43450
444 20120 22091 0132/ 522// 60381=
ZZYY 52073 22091 03004 104862 137280 6111/
11119 02907 10251 29088 40101
22219 00290
33311 88872 20000 32900 20002 32900 43317 20025 32912 43331
20050 32899 43384 20075 32860 20100 32677 43473 20125 32399 43491
20150 31800 43474 20200 31178 43447 20250 30927 43448
20300 30888 43457 20500 30753 43454 20750 30626 43450
444 20110 22091 0329/ 522// 60381=
ZZYY 52073 22091 05004 104852 137264 6111/
11119 02608 10264 29085 40081
22219 00290
33311 88872 20000 32898 20002 32898 43315 20025 32917 43332
20050 32894 43389 20075 32814 20100 32612 43480 20125 32338 43485
20150 31882 43473 20200 31269 43447 20250 30955 43441
20300 30894 43458 20500 30754 43454 20750 30615 43450
444 20110 22091 0507/ 522// 60381=
ZZYY 52086 21091 2200/ 304963 156014 6112/
11119 10271 29082 40113
22219 00290
33311 88872 20000 32895 20002 32895 43426 20025 32960
20050 32961 43490 20075 32958 20100 32886 43561 20125 32827
20150 32701 43572 20200 32100 43583 20250 31487 43520
20300 31005 43476 20500 30790 43459 20750 30601 43454
444 20120 21091 2211/ 522//=
ZZYY 52086 21091 2000/ 304961 156017 6111/
11119 10265 29084 40100
22219 00291
33311 88872 20000 32914 20002 32914 43442 20025 32960
20050 32961 43490 20075 32951 20100 32887 43561 20125 32835
20150 32744 43572 20200 32209 43588 20250 31511 43522
20300 30981 43473 20500 30801 43459 20750 30591 43454
444 20110 21091 1941/ 522//=
ZZYY 52086 21091 1800/ 304968 156017 6113/
11119 10256 29088 40090
22219 00291
33311 88872 20000 32911 20002 32911 43434 20025 32959
20050 32960 43488 20075 32963 20100 32927 43547 20125 32866
20150 32804 43568 20200 32213 43585 20250 31489 43519
20300 30968 43472 20500 30794 43459 20750 30582 43454
444 20130 21091 1802/ 522//=
ZZYY 52086 21091 2100/ 304967 156018 6113/
11119 10267 29084 40106
22219 00290
33311 88872 20000 32896 20002 32896 43428 20025 32961
20050 32961 43490 20075 32931 20100 32874 43564 20125 32828
20150 32708 43572 20200 32157 43586 20250 31498 43519
20300 30988 43474 20500 30801 43459 20750 30597 43455
444 20130 21091 2102/ 522//=
ZZYY 52086 21091 2300/ 304964 156013 6112/
11119 10278 29080 40116
22219 00290
33311 88872 20000 32900 20002 32900 43421 20025 32961
20050 32961 43490 20075 32962 20100 32884 43560 20125 32808
20150 32668 43573 20200 32022 43574 20250 31452 43514
20300 31008 43475 20500 30801 43459 20750 30601 43454
444 20120 21091 2242/ 522//=
ZZYY 52086 21091 1900/ 304961 156017 6111/
11119 10260 29087 40095
22219 00291
33311 88872 20000 32914 20002 32914 43437 20025 32960
20050 32960 43489 20075 32963 20100 32912 43551 20125 32863
20150 32803 43568 20200 32208 43585 20250 31507 43520
20300 30971 43472 20500 30792 43459 20750 30581 43454
444 20110 21091 1941/ 522//=
ZZYY 52086 22091 0100/ 304966 156016 6113/
11119 10268 29085 40112
22219 00291
33311 88872 20000 32912 20002 32912 43418 20025 32962
20050 32960 43489 20075 32962 20100 32909 43552 20125 32820
20150 32667 43575 20200 32078 43580 20250 31508 43521
20300 31005 43476 20500 30791 43459 20750 30585 43455
444 20130 21091 2353/ 522//=
ZZYY 52086 22091 0300/ 304968 156017 6113/
11119 10256 29087 40095
22219 00293
33311 88872 20000 32927 20125 32854 20150 32732 43570
20200 32051 43577 20250 31388 43509 20500 30786 43459
444 20130 22091 0324/ 522//=
ZZYY 52088 21091 22004 302012 155982 6113/
11119 03003 10278 29085 40117
22219 00294
33311 88872 20000 32943 20002 32943 43522 20025 32943 43523
20050 32941 43523 20075 32940 43529 20100 32897 43537
20125 32846 43565 20150 32747 43571 20200 32144 43575
20250 31053 43478 20300 31001 43473 20500 30750 43457
20750 30556 43452
444 20130 21091 2213/ 522// 60381=
####018000579####
SSVX03 LFVW 220522
ZZYY 31374 22091 04001 528500 047360 6113/
11119 03400 10163 20084 40182
22219 00188 10904 20087 21019
33311 66699 20007 17022 20030 02021 20055 17020
444 20130 22091 0311/ 518// 60371=
ZZYY 31374 22091 03001 528500 047360 6113/
11119 02601 10164 20084 40190
22219 00189
33311 66699 20007 19019 20030 02019
444 20130 22091 0311/ 518// 60371=
ZZYY 31051 22091 03001 525280 044927 6113/
11119 00000 10198 20150 40182
22219 00208 10804 20083 21019
33311 66699 20007 19021 20030 02020 20055 20019
444 20130 22091 0311/ 518// 60371=
