####018000551####
SSVX08 KARS 212146 RRA
ZZYY 14042 20091 12004 312037 054984 6111/
11119 00914 10259 29089 40144
22219 00259
33311 88872 20000 32595 20001 32587 43552 20020 32585 43557
20040 32584 43557 20060 32586 43560 20080 32576 20100 32301
20140 31871 20180 31655 20300 31199
444 20110 20091 1213/ 521// 60401=
ZZYY 14042 21091 21004 312031 054973 6112/
11119 01016 10254 29080 40159
22219 00258
444 20120 21091 2134/ 521// 60401=
ZZYY 51009 21091 21004 502030 140013 6112/
11119 01014 10253 29081
444 20120 21091 1738/ 521// 60401=
####018014869####
SSVX02 KARS 212146
ZZYY 55596 21091 1910/ 541292 135696 6112/
11119 30064 40064 52012
22219 00119
444 20120 21091 1856/ 50101 80090 80000 9/015=
ZZYY 51795 21091 2108/ 506022 132495 6112/
22219 00251
444 20120 21091 2109/ 50101 80120 80031 9/015=
ZZYY 55609 21091 2040/ 528845 089708 6112/
22219 00173
444 20120 21091 2031/ 50101 80010 80000 9////=
ZZYY 55600 21091 2050/ 534966 089809 6112/
11119 40187 57005
22219 00147
444 20120 21091 2054/ 50101 80010 80000 9////=
ZZYY 55638 21091 1940/ 540056 112896 6111/
11119 39764 49764 57027
22219 00109
444 20110 21091 2029/ 50101 80100 80019 9/015=
ZZYY 55638 21091 2040/ 540056 112896 6111/
11119 39773 49773 57008
22219 00109
444 20110 21091 2029/ 50101 80100 80021 9/015=
ZZYY 55632 21091 2040/ 538558 117675 6112/
444 20120 21091 2054/ 50101 80100 80000 9/015=
ZZYY 55632 21091 1940/ 538590 117695 6111/
444 20110 21091 1858/ 50101 80100 80000 9/015=
ZZYY 32736 21091 2105/ 514207 094852 6112/
444 20120 21091 2058/ 50101 80114 80000 9/015=
ZZYY 32731 21091 2058/ 516039 082339 6111/
22219 00167
444 20110 21091 2056/ 50101 80114 80133 9/015=
ZZYY 32708 21091 2103/ 515985 087197 6112/
22219 00180
444 20120 21091 2058/ 50101 80114 80180 9/015=
ZZYY 54558 21091 2040/ 529033 080510 6112/
11119 30208 40208 57013
22219 00160
444 20120 21091 2032/ 50101 80100 80061 9/015=
ZZYY 32705 21091 2100/ 515654 091636 6112/
22219 00196
444 20120 21091 2058/ 50101 80114 80041 9/015=
ZZYY 32704 21091 2100/ 522308 083538 6113/
22219 00170
444 20130 21091 2055/ 50101 80114 80079 9/015=
ZZYY 32702 21091 2101/ 515835 081616 6111/
22219 00171
444 20110 21091 2058/ 50101 80114 80017 9/015=
ZZYY 32692 21091 2054/ 517985 082387 6112/
22219 00169
444 20120 21091 0939/ 50101 80118 9/015=
ZZYY 54947 21091 2100/ 536076 087310 6112/
11119 40178 52003
22219 00142
444 20120 21091 2052/ 50101 80010 80000 9////=
ZZYY 46616 21091 2111/ 721941 119210 6112/
22219 00237
444 20120 21091 2115/ 50101 80114 80103 9/015=
ZZYY 16942 21091 2040/ 559075 118607 6112/
11119 30098 40098 57014
22219 00013
444 20120 21091 2047/ 50101 80090 80000 9/015=
ZZYY 54935 21091 2000/ 541368 136309 6113/
11119 30073 40073 52009
22219 00109
444 20130 21091 1856/ 50101 80080 80000 9/015=
ZZYY 32676 21091 1850/ 501054 115347 6111/
11119 30125 40125 57004
22219 00221
444 20110 21091 2109/ 50101 80120 80060 9/015=
ZZYY 32730 21091 2100/ 509716 119085 6113/
22219 00248
444 20130 21091 2101/ 50101 80140 80001 9/015=
ZZYY 32564 21091 2059/ 534027 133446 6111/
22219 00145
444 20110 21091 2055/ 50101 80007 80097 9/015=
ZZYY 32739 21091 2104/ 518295 095526 6113/
22219 00201
444 20130 21091 2057/ 50101 80120 80022 9/015=
ZZYY 32912 21091 2103/ 517043 090752 6111/
22219 00192
444 20110 21091 2058/ 50101 80120 80112 9/015=
ZZYY 32695 21091 2105/ 523583 106052 6111/
22219 00207
444 20110 21091 2057/ 50101 80094 80062 9/015=
ZZYY 32548 21091 2105/ 516622 096236 6113/
22219 00205
444 20130 21091 2059/ 50101 80120 80043 9/015=
ZZYY 32917 21091 2058/ 519594 090229 6112/
22219 00191
444 20120 21091 2032/ 50101 80120 80099 9/015=
ZZYY 32528 21091 2102/ 518493 088400 6113/
22219 00186
444 20130 21091 2057/ 50101 80120 80094 9/015=
ZZYY 32670 21091 2109/ 705094 132128 6113/
22219 00272
444 50101 80120 80028 9/015=
ZZYY 32923 21091 2100/ 506154 117311 6112/
11119 30124 40124 57023
22219 00241
444 20120 21091 2109/ 50101 80120 80093 9/015=
ZZYY 32650 21091 2109/ 508748 119664 6111/
22219 00248
444 50101 80110 80046 9/015=
ZZYY 32916 21091 2050/ 506803 107698 6112/
11119 30120 40120 57028
22219 00241
444 20120 21091 2032/ 50101 80120 80066 9/015=
ZZYY 32734 21091 2040/ 504187 111362 6112/
11119 30109 40109 57024
22219 00231
444 20120 21091 2035/ 50101 80120 80087 9/015=
ZZYY 51801 21091 2107/ 505859 131849 6113/
22219 00252
444 20130 21091 2104/ 50101 80110 80033 9/015=
ZZYY 32648 21091 2107/ 508598 119757 6112/
22219 00246
444 20120 21091 2100/ 50101 80110 80063 9/015=
ZZYY 32803 21091 2104/ 524059 116578 6112/
22219 00221
444 20120 21091 2057/ 50101 80102 80002 9/015=
ZZYY 54925 21091 2101/ 528946 133663 6111/
22219 00203
444 20110 21091 2056/ 50101 80104 80000 9/015=
ZZYY 32805 21091 2100/ 532761 101840 6112/
22219 00169
444 20120 21091 2053/ 50101 80104 80078 9/015=
ZZYY 32816 21091 2103/ 520006 130169 6112/
22219 00263
444 20120 21091 2059/ 50101 80102 80000 9/015=
ZZYY 54554 21091 2020/ 517042 133629 6111/
11119 30178 40178 57008
22219 00250
444 20110 21091 2100/ 50101 80120 80066 9/015=
ZZYY 54554 21091 1920/ 517031 133643 6113/
11119 30185 40185 52006
22219 00249
444 20130 21091 1853/ 50101 80120 80060 9/015=
ZZYY 32815 21091 1840/ 518096 116206 6112/
11119 30181 40181 54000
22219 00235
444 20120 21091 1709/ 50101 80120 80054 9/015=
ZZYY 32815 21091 2040/ 518093 116215 6113/
11119 30170 40170 57016
22219 00236
444 20130 21091 2059/ 50101 80120 80066 9/015=
ZZYY 32925 21091 2030/ 517567 119307 6113/
11119 30174 40174 57003
22219 00242
444 20130 21091 2100/ 50101 80120 80041 9/015=
ZZYY 32925 21091 1930/ 517575 119304 6111/
11119 30176 40176 57005
22219 00240
444 20110 21091 1853/ 50101 80120 80055 9/015=
ZZYY 16567 21091 1840/ 543900 115075 6112/
22219 00090
444 20120 21091 1718/ 50101 80100 80010 9////=
ZZYY 33518 21091 1910/ 537650 135336 6112/
11119 30090 40090 52010
22219 00129
444 20120 21091 1856/ 50101 8//// 80085 9/015=
ZZYY 32910 21091 2106/ 705876 134167 6112/
22219 00267
444 20120 21091 2112/ 50101 80122 80003 9/015=
ZZYY 51530 21091 2107/ 505580 123553 6113/
22219 00248
444 20130 21091 2110/ 50101 80120 80099 9/015=
ZZYY 51659 21091 2110/ 502213 121400 6112/
22219 00236
444 50101 80120 80099 9/015=
ZZYY 55952 21091 1930/ 538769 116211 6112/
444 20120 21091 2052/ 50101 80090 80014 9/015=
ZZYY 55927 21091 2040/ 540154 107093 6111/
11119 39912 49912 57006
22219 00114
444 20110 21091 2030/ 50101 80100 80018 9/015=
ZZYY 55950 21091 2040/ 551414 044880 6111/
11119 39959 49959 52012
444 20110 21091 2043/ 50101 80100 80006 9/015=
ZZYY 55951 21091 2030/ 538286 133481 6112/
11119 30068 40068 52017
22219 00129
444 20120 21091 2053/ 50101 80100 80006 9/015=
ZZYY 55951 21091 1930/ 538283 133516 6112/
11119 30066 40066 52014
22219 00129
444 20120 21091 1857/ 50101 80100 80005 9/015=
ZZYY 16579 21091 2040/ 528815 093248 6113/
11119 30205 40205 57006
22219 00191
444 20130 21091 2033/ 50101 8//// 80000 9////=
ZZYY 55591 21091 2000/ 538622 124712 6111/
22219 00138
444 20110 21091 2053/ 50101 80010 80000 9////=
ZZYY 55591 21091 1900/ 538626 124697 6112/
22219 00138
444 20120 21091 1858/ 50101 80010 80000 9////=
ZZYY 55591 21091 2100/ 538622 124712 6111/
22219 00138
444 20110 21091 2053/ 50101 80010 80000 9////=
ZZYY 55570 21091 2000/ 538473 116654 6112/
22219 00131
444 20120 21091 2053/ 50101 80010 80002 9////=
ZZYY 55570 21091 2100/ 538473 116654 6112/
22219 00132
444 20120 21091 2053/ 50101 80010 80002 9////=
ZZYY 16522 21091 2050/ 543524 102735 6111/
11119 49945 57035
22219 00091
444 20110 21091 2052/ 50101 80010 80021 9////=
ZZYY 32640 21091 2105/ 520674 124602 6112/
22219 00244
444 20120 21091 2059/ 50101 80098 80013 9/015=
ZZYY 32642 21091 2102/ 526365 132402 6112/
22219 00228
444 20120 21091 1855/ 50101 80102 80000 9/015=
ZZYY 32627 21091 2104/ 525754 119503 6112/
444 20120 21091 2057/ 50101 80094 80062 9/015=
ZZYY 51670 21091 2107/ 710195 106606 6112/
444 20120 21091 2110/ 50101 80111 80005 9/015=
ZZYY 51613 21091 2110/ 709351 141513 6112/
444 20120 21091 2026/ 50101 80113 80070 9/015=
ZZYY 32546 21091 2101/ 524006 135536 6112/
22219 00226
444 20120 21091 1854/ 50101 80050 80050 9/015=
ZZYY 33535 21091 2010/ 550719 136170 6112/
22219 00076
444 20120 21091 1858/ 50101 80009 80000 9////=
ZZYY 32626 21091 2104/ 517595 090224 6112/
22219 00188
444 20120 21091 2058/ 50101 80116 80105 9/015=
ZZYY 32624 21091 2107/ 511330 100705 6112/
22219 00223
444 20120 21091 2100/ 50101 80116 80180 9/015=
ZZYY 33587 21091 2000/ 551531 124209 6111/
22219 00065
444 20110 21091 2048/ 50101 80009 80000 9////=
ZZYY 32683 21091 2104/ 518756 095816 6112/
22219 00199
444 20120 21091 2058/ 50101 80116 80040 9/015=
ZZYY 71640 21091 2000/ 557232 118240 6111/
22219 00026
444 20110 21091 2023/ 50101 80009 80000 9////=
ZZYY 32549 21091 2104/ 518895 094015 6112/
22219 00196
444 20120 21091 2057/ 50101 80114 80180 9/015=
ZZYY 32538 21091 2100/ 522557 092271 6113/
22219 00188
444 20130 21091 2056/ 50101 80116 80073 9/015=
ZZYY 33628 21091 2000/ 548008 137435 6111/
22219 00080
444 20110 21091 2051/ 50101 80010 80005 9////=
ZZYY 32711 21091 2106/ 515837 126488 6113/
22219 00245
444 20130 21091 2100/ 50101 80520 80099 9/015=
ZZYY 11906 21091 1930/ 112353 060871 6112/
11119 30115 40115 57009
22219 00268
444 20120 21091 2008/ 50101 80138 80004 9/015=
ZZYY 55625 21091 2040/ 527350 091737 6113/
11119 30210 40210 57010
22219 00183
444 20130 21091 2032/ 50101 8//// 80033 9/015=
ZZYY 32526 21091 2103/ 515048 094896 6112/
22219 00202
444 20120 21091 2058/ 50101 80570 80099 9/015=
ZZYY 51904 21091 2108/ 709395 111528 6113/
22219 00281
444 20130 21091 2112/ 50101 80078 80001 9/015=
ZZYY 55932 21091 2050/ 527205 080811 6112/
11119 40203 57011
22219 00165
444 20120 21091 2055/ 50101 80010 80004 9////=
ZZYY 55931 21091 2040/ 530564 088168 6112/
22219 00195
444 20120 21091 2031/ 50101 80010 80004 9////=
ZZYY 43552 21091 2113/ 728427 123302 6112/
444 20120 21091 2116/ 50101 80088 80015 9/015=
ZZYY 54547 21091 2050/ 540671 116057 6112/
22219 00107
444 20120 21091 2052/ 50101 80010 80006 9////=
ZZYY 55928 21091 2040/ 535490 121321 6112/
11119 49992 52004
22219 00147
444 20120 21091 2054/ 50101 80010 80007 9/015=
ZZYY 55928 21091 1940/ 535490 121321 6112/
11119 49995 52013
22219 00147
444 20120 21091 2054/ 50101 80010 80006 9/015=
ZZYY 55928 21091 1840/ 535508 121357 6112/
11119 49993 52020
22219 00147
444 20120 21091 1712/ 50101 80010 80005 9/015=
ZZYY 32533 21091 2104/ 514572 110392 6111/
22219 00233
444 20110 21091 2100/ 50101 80121 80010 9/015=
ZZYY 32709 21091 2101/ 520549 135679 6112/
22219 00256
444 20120 21091 1854/ 50101 80121 80008 9/015=
ZZYY 54922 21091 2040/ 529526 124802 6112/
11119 30131 40131 57003
444 20120 21091 2056/ 50101 8//// 80000 9////=
ZZYY 54922 21091 1940/ 529541 124812 6111/
11119 30139 40139 52011
444 20110 21091 1856/ 50101 8//// 80000 9////=
ZZYY 55948 21091 2030/ 562593 123751 6112/
22219 00007
444 20120 21091 2021/ 50101 8//// 80000 9////=
ZZYY 55934 21091 2050/ 557621 114700 6113/
22219 00041
444 20130 21091 2047/ 50101 8//// 80000 9////=
ZZYY 54929 21091 2030/ 525156 109009 6111/
11119 30165 40165 57014
22219 00211
444 20110 21091 2032/ 50101 8//// 80000 9////=
ZZYY 54929 21091 1930/ 525156 109009 6111/
11119 30170 40170 57008
22219 00211
444 20110 21091 2032/ 50101 8//// 80000 9////=
ZZYY 54918 21091 1910/ 525241 124815 6112/
11119 30171 40171 52010
22219 00214
444 20120 21091 1854/ 50101 8//// 80000 9////=
ZZYY 54918 21091 2010/ 525227 124801 6112/
11119 30168 40168 54000
22219 00215
444 20120 21091 2056/ 50101 8//// 80000 9////=
ZZYY 54858 21091 1950/ 528339 124958 6111/
11119 30153 40153 52006
22219 00200
444 20110 21091 1856/ 50101 8//// 80000 9////=
ZZYY 54858 21091 2050/ 528341 124940 6111/
11119 30148 40148 57004
22219 00200
444 20110 21091 2058/ 50101 8//// 80000 9////=
ZZYY 54926 21091 2100/ 529980 103043 6112/
11119 30146 40146 57014
22219 00191
444 20120 21091 2055/ 50101 8//// 80000 9////=
ZZYY 32729 21091 2106/ 512049 130336 6112/
22219 00254
444 20120 21091 2101/ 50101 80121 80028 9/015=
ZZYY 71703 21091 2043/ 550199 044972 6111/
22219 00026
444 20110 21091 2022/ 50101 80118 80126 9/015=
ZZYY 32817 21091 2105/ 517978 131065 6113/
22219 00250
444 20130 21091 2100/ 50101 80540 80099 9/015=
ZZYY 63579 21091 1956/ 168974 047022 6111/
22219 00085
444 20110 21091 1959/ 50101 80007 80005 9////=
ZZYY 71701 21091 2042/ 551920 043425 6111/
22219 00013
444 20110 21091 2021/ 50101 80114 9/015=
ZZYY 63948 21091 1954/ 175372 035616 6112/
22219 00056
444 20120 21091 1959/ 50101 80008 80006 9/015=
ZZYY 71573 21091 2045/ 553980 042826 6111/
22219 00010
444 20110 21091 2043/ 50101 80116 80103 9/015=
ZZYY 63577 21091 1956/ 175177 067657 6113/
22219 00063
444 20130 21091 1948/ 50101 80009 80004 9/015=
ZZYY 63583 21091 1956/ 172502 046813 6111/
22219 00081
444 20110 21091 1959/ 50101 80009 80008 9/015=
ZZYY 56570 21091 1950/ 558984 129532 6113/
11119 30194 40194 57024
22219 00022
444 20130 21091 1859/ 50101 80100 80004 9/015=
ZZYY 56570 21091 2050/ 558980 129554 6112/
11119 30196 40196 57008
22219 00022
444 20120 21091 2048/ 50101 80100 80008 9/015=
ZZYY 55949 21091 2100/ 527346 111058 6111/
11119 30125 40125 57015
22219 00204
444 20110 21091 2056/ 50101 8//// 80071 9////=
ZZYY 55610 21091 1900/ 526837 127547 6112/
22219 00207
444 20120 21091 1853/ 50101 8//// 80063 9////=
ZZYY 55610 21091 2100/ 526819 127519 6113/
22219 00211
444 20130 21091 2056/ 50101 8//// 80082 9////=
ZZYY 32804 21091 2103/ 522917 130420 6111/
22219 00231
444 20110 21091 2058/ 50101 80048 80001 9/015=
ZZYY 56604 21091 2050/ 547505 106171 6112/
11119 39908 49908 57017
22219 00071
444 20120 21091 2052/ 50101 80110 80010 9/015=
ZZYY 41608 21091 2110/ 741384 035481 6112/
11119 30199 40199 57006
22219 00225
444 20120 21091 2022/ 50101 80110 80013 9/015=
ZZYY 44931 21091 2110/ 746148 027640 6113/
11119 30218 40218 57009
22219 00183
444 20130 21091 2022/ 50101 80138 80001 9/015=
ZZYY 41938 21091 2040/ 739394 036018 6112/
11119 30217 40217 57002
22219 00237
444 20120 21091 2009/ 50101 80100 80000 9////=
ZZYY 17671 21091 2040/ 327443 055755 6113/
22219 00206
444 20130 21091 2020/ 50101 80080 80100 9/015=
ZZYY 33591 21091 2040/ 331615 051152 6113/
11119 30230 40230 52003
22219 00169
444 20130 21091 2020/ 50101 80100 80000 9/015=
ZZYY 71630 21091 2100/ 338272 038946 6112/
11119 30272 40272 52010
22219 00133
444 20120 21091 2022/ 50101 80100 80000 9/015=
ZZYY 33696 21091 2120/ 333162 050237 6112/
11119 30227 40227 52002
22219 00164
444 20120 21091 2136/ 50101 80100 80000 9/015=
ZZYY 16555 21091 2100/ 333689 078295 6113/
22219 00155
444 20130 21091 2135/ 50101 80110 80000 9/015=
ZZYY 33972 21091 2040/ 341154 054179 6112/
444 20120 21091 2021/ 50101 80009 80000 9////=
####018011519####
SSVX02 KARS 212146 RRA
ZZYY 16575 21091 2140/ 338858 077776 6113/
11119 30169 40169 57014
22219 00127
444 20130 21091 2019/ 50101 80110 80000 9/015=
ZZYY 33906 21091 2050/ 350585 068584 6112/
22219 00020
444 20120 21091 2021/ 50101 80100 80099 9/015=
ZZYY 16577 21091 2040/ 340132 076460 6113/
11119 30157 40157
22219 00124
444 20130 21091 2020/ 50101 80100 80100 9/015=
ZZYY 16577 21091 2140/ 340141 076471 6112/
11119 30153 40153
22219 00124
444 20120 21091 2136/ 50101 80100 80100 9/015=
ZZYY 16560 21091 2100/ 338305 069933 6112/
11119 30177 40177
22219 00135
444 20120 21091 2135/ 50101 80110 80100 9/015=
ZZYY 16563 21091 2130/ 335095 092295 6112/
11119 30240 40240 57008
22219 00135
444 20120 21091 2020/ 50101 80110 80000 9/015=
ZZYY 17902 21091 2040/ 344856 077126 6112/
22219 00106
444 20120 21091 2020/ 50101 80110 80100 9/015=
ZZYY 17902 21091 2140/ 344856 077126 6112/
22219 00106
444 20120 21091 2020/ 50101 80110 80100 9/015=
ZZYY 17656 21091 2100/ 333101 080993 6113/
11119 30281 40281 57011
22219 00150
444 20130 21091 2135/ 50101 80110 80000 9/015=
ZZYY 33595 21091 2110/ 341070 043866 6113/
11119 30315 40315
22219 00125
444 20130 21091 2028/ 50101 80090 80100 9/015=
ZZYY 23975 21091 2130/ 312741 090903 6112/
11119 30149 40149 52247
22219 00266
444 20120 21091 2018/ 50101 80110 80008 9/015=
ZZYY 14929 21091 2050/ 336011 081980 6113/
11119 30242 40242
22219 00128
444 20130 21091 2018/ 50101 80100 80100 9/015=
ZZYY 14545 21091 2050/ 317657 055464 6112/
11119 30198 40198 52245
22219 00240
444 20120 21091 2021/ 50101 80110 80010 9/015=
ZZYY 17679 21091 2100/ 333475 051679 6111/
444 20110 21091 2135/ 50101 80070 80100 9/015=
ZZYY 33635 21091 2050/ 338005 070882 6111/
22219 00134
444 20110 21091 2020/ 50101 80100 80100 9/015=
ZZYY 14550 21091 2110/ 332370 036894 6111/
11119 30259 40259
22219 00194
444 20110 21091 1941/ 50101 80110 80100 9/015=
ZZYY 14566 21091 2040/ 311175 049800 6111/
11119 30162 40162 52251
22219 00251
444 20110 21091 2134/ 50101 80110 80002 9/015=
ZZYY 33520 21091 2050/ 338889 055213 6112/
11119 30212 40212 52011
22219 00153
444 20120 21091 2020/ 50101 80100 80000 9/015=
ZZYY 33651 21091 2040/ 345282 078577 6113/
22219 00047
444 20130 21091 2021/ 50101 80100 80000 9/015=
ZZYY 33883 21091 2120/ 349114 032110 6111/
11119 30027 40027
22219 00020
444 20110 21091 2031/ 50101 80100 80100 9/015=
ZZYY 14948 21091 2120/ 321218 050260 6111/
11119 30201 40201 52249
22219 00242
444 20110 21091 2135/ 50101 80110 80008 9/015=
ZZYY 33659 21091 2120/ 325818 076072 6113/
11119 40272 57014
22219 00201
444 20130 21091 2135/ 50101 80010 80004 9////=
ZZYY 14543 21091 2120/ 318500 074595 6113/
11119 30204 40204 52240
22219 00238
444 20130 21091 2134/ 50101 80110 80011 9/015=
ZZYY 16943 21091 2120/ 331041 050531 6112/
11119 30228 40228 57003
22219 00179
444 20120 21091 2135/ 50101 8//// 80000 9////=
ZZYY 16604 21091 2130/ 356329 034792 6111/
22219 01002
444 20110 21091 2112/ 50101 80009 80000 9////=
ZZYY 14923 21091 2100/ 315056 051482 6111/
11119 30190 40190 57008
22219 00244
444 20110 21091 2137/ 50101 80145 80010 9/015=
ZZYY 17914 21091 2050/ 327750 081692 6113/
22219 00187
444 20130 21091 2019/ 50101 80008 80100 9/015=
ZZYY 16962 21091 2100/ 327164 047511 6112/
22219 00223
444 20120 21091 2136/ 50101 80008 80000 9////=
ZZYY 14925 21091 2050/ 310366 046816 6111/
11119 30156 40156 57002
22219 00246
444 20110 21091 1806/ 50101 80153 80009 9/015=
ZZYY 17517 21091 2050/ 333982 080879 6113/
11119 30276 40276 57009
22219 00148
444 20130 21091 2020/ 50101 80110 80000 9/015=
ZZYY 14930 21091 1950/ 309749 046709 6111/
11119 30156 40156 52004
22219 00251
444 20110 21091 1938/ 50101 80145 80011 9/015=
ZZYY 17518 21091 2050/ 323472 067132 6113/
11119 30238 40238 57011
22219 00223
444 20130 21091 2019/ 50101 80110 80000 9/015=
ZZYY 16963 21091 2110/ 325422 059861 6113/
11119 40229 57011
22219 00223
444 20130 21091 2135/ 50101 80009 80000 9////=
ZZYY 14927 21091 1820/ 317138 053341 6112/
11119 30213 40213 52013
22219 00244
444 20120 21091 1936/ 50101 80145 80009 9/015=
ZZYY 14927 21091 2120/ 317137 053326 6113/
11119 30199 40199 57014
22219 00244
444 20130 21091 2136/ 50101 80145 80008 9/015=
ZZYY 16609 21091 2110/ 327395 051439 6112/
11119 40199 57006
22219 00214
444 20120 21091 2136/ 50101 80010 80004 9////=
ZZYY 16608 21091 2050/ 330357 044639 6112/
11119 40242 52008
22219 00200
444 20120 21091 2021/ 50101 80010 80005 9////=
ZZYY 14915 21091 2140/ 329017 094816 6112/
11119 30271 40271 57007
22219 00171
444 20120 21091 2019/ 50101 80080 80004 9/015=
ZZYY 14915 21091 2040/ 329017 094816 6112/
11119 30273 40273 57011
22219 00171
444 20120 21091 2019/ 50101 80090 80002 9/015=
ZZYY 14928 21091 2132/ 105990 087932 6112/
22219 00283
444 20120 21091 2123/ 50101 80093 80005 9/015=
ZZYY 14939 21091 2050/ 319605 055496 6113/
11119 30211 40211 57008
22219 00238
444 20130 21091 2020/ 50101 80145 80008 9/015=
ZZYY 14944 21091 2000/ 307116 044357 6111/
11119 30142 40142 57001
22219 00257
444 20110 21091 1940/ 50101 80145 80009 9/015=
ZZYY 14943 21091 2130/ 314258 051966 6112/
11119 30187 40187 57013
22219 00246
444 20120 21091 2019/ 50101 80138 80008 9/015=
ZZYY 55599 21091 2100/ 347880 061294 6112/
11119 49973 54000
22219 00029
444 20120 21091 2021/ 50101 80008 80002 9////=
ZZYY 55595 21091 2040/ 341226 091580 6112/
11119 40195 52006
22219 00106
444 20120 21091 2021/ 50101 80009 80000 9////=
ZZYY 14911 21091 1850/ 115003 060305 6112/
11119 30113 40113 52008
22219 00264
444 20120 21091 1800/ 50101 80110 80004 9/015=
ZZYY 14922 21091 2110/ 310588 047154 6111/
11119 30154 40154 57007
22219 00247
444 20110 21091 2134/ 50101 80110 80008 9/015=
ZZYY 14922 21091 2010/ 310583 047223 6111/
11119 30158 40158 54000
22219 00248
444 20110 21091 1937/ 50101 80110 80013 9/015=
ZZYY 14554 21091 2030/ 332212 065566 6113/
11119 40237 57013
22219 00178
444 20130 21091 2018/ 50101 80010 80000 9////=
ZZYY 14554 21091 2130/ 332218 065560 6111/
11119 40233 57013
22219 00178
444 20110 21091 2135/ 50101 80010 80000 9////=
ZZYY 14914 21091 2100/ 301050 050178 6112/
11119 30127 40127 57012
22219 00276
444 20120 21091 2126/ 50101 80120 80016 9/015=
ZZYY 14914 21091 1900/ 301069 050178 6111/
11119 30140 40140 52010
22219 00277
444 20110 21091 1758/ 50101 80120 80019 9/015=
ZZYY 33568 21091 2130/ 344140 075881 6112/
22219 00105
444 20120 21091 2138/ 50101 80090 80100 9/015=
ZZYY 14916 21091 2030/ 320101 056735 6113/
11119 30214 40214 57006
22219 00238
444 20130 21091 2019/ 50101 80120 80024 9/015=
ZZYY 14916 21091 2130/ 320097 056733 6113/
11119 30209 40209 57011
22219 00238
444 20130 21091 2135/ 50101 80120 80032 9/015=
ZZYY 17520 21091 2140/ 336006 045521 6112/
22219 00162
444 20120 21091 2137/ 50101 80094 80005 9////=
ZZYY 33951 21091 2139/ 338960 087159 6112/
22219 00116
444 20120 21091 2020/ 50101 80072 80018 9/015=
ZZYY 56906 21091 2040/ 324244 079320 6112/
11119 30259 40259 57014
22219 00219
444 20120 21091 2019/ 50101 80090 80100 9/015=
ZZYY 16595 21091 2040/ 327846 089188 6112/
11119 30281 40281 57014
22219 00201
444 20120 21091 2020/ 50101 80080 80000 9/015=
ZZYY 16595 21091 2140/ 327855 089186 6111/
11119 30277 40277 57015
22219 00201
444 20110 21091 2135/ 50101 80080 80000 9/015=
ZZYY 16565 21091 2050/ 323533 077055 6113/
11119 30258 40258 57014
22219 00218
444 20130 21091 2019/ 50101 80100 80006 9////=
ZZYY 14926 21091 2100/ 332105 054344 6113/
11119 30221 40221 54000
444 20130 21091 2135/ 50101 8//// 80000 9/015=
ZZYY 16593 21091 2140/ 328603 056746 6113/
11119 30219 40219 57011
22219 00210
444 20130 21091 2135/ 50101 80100 80007 9////=
ZZYY 16593 21091 2040/ 328595 056742 6113/
11119 30220 40220 57013
22219 00210
444 20130 21091 2019/ 50101 80100 80008 9////=
ZZYY 17690 21091 2050/ 330806 045652 6112/
22219 00186
444 20120 21091 2021/ 50101 80090 80000 9/015=
ZZYY 33571 21091 2040/ 328443 043097 6111/
11119 30237 40237 52008
22219 00231
444 20110 21091 2022/ 50101 8//// 80079 9////=
ZZYY 33571 21091 2140/ 328435 043129 6111/
11119 30236 40236 52001
22219 00231
444 20110 21091 2137/ 50101 8//// 80073 9////=
ZZYY 33687 21091 2139/ 333693 061762 6112/
22219 00151
444 20120 21091 2134/ 50101 80070 80000 9/015=
ZZYY 33692 21091 2139/ 341218 091004 6112/
22219 00108
444 20120 21091 2020/ 50101 80074 80050 9/015=
ZZYY 11948 21091 1530/ 308165 048585 6113/
22219 00264=
ZZYY 11948 21091 2130/ 308184 048559 6113/
22219 00262=
ZZYY 33569 21091 2050/ 337036 085470 6113/
11119 30232 40232 57010
22219 00123
444 20130 21091 2020/ 50101 80110 80006 9/015=
ZZYY 55615 21091 2120/ 337925 089170 6112/
11119 30223 40223 57006
22219 00119
444 20120 21091 2136/ 50101 8//// 80100 9////=
ZZYY 33557 21091 2040/ 335819 046397 6112/
11119 30251 40251 52016
22219 00156
444 20120 21091 2021/ 50101 80110 80004 9/015=
ZZYY 23678 21091 2140/ 340015 089073 6112/
22219 00113
444 20120 21091 2137/ 50101 80049 80099 9////=
ZZYY 33881 21091 2130/ 348512 085239 6112/
11119 39988 49988 57025
22219 00060
444 20120 21091 2021/ 50101 80110 80087 9/015=
ZZYY 33880 21091 2030/ 345705 085794 6113/
11119 30090 40090 57020
22219 00082
444 20130 21091 2021/ 50101 80110 80035 9/015=
ZZYY 33880 21091 2130/ 345706 085788 6111/
11119 30083 40083 57024
22219 00082
444 20110 21091 2137/ 50101 80110 80066 9/015=
ZZYY 33648 21091 2020/ 553418 134096 6112/
11119 40114 57009
22219 00065
444 20120 21091 2049/ 50101 80010 80000 9////=
ZZYY 33648 21091 1920/ 553454 134110 6113/
11119 40117 57006
22219 00065
444 20130 21091 1858/ 50101 80010 80000 9////=
ZZYY 32675 21091 2109/ 703801 138548 6112/
22219 00263
444 20120 21091 1843/ 50101 80120 80086 9/015=
ZZYY 51969 21091 2107/ 506084 135038 6112/
22219 00256
444 20120 21091 2103/ 50101 80120 80029 9/015=
ZZYY 71606 21091 2040/ 556945 118188 6112/
22219 00031
444 20120 21091 2048/ 50101 80010 80000 9////=
ZZYY 71616 21091 2040/ 561282 130892 6113/
11119 40185 57018
22219 01003
444 20130 21091 2046/ 50101 80010 80000 9////=
ZZYY 55937 21091 1940/ 526700 127440 6112/
11119 30172 40172 52006
22219 00218
444 20120 21091 1855/ 50101 8//// 80021 9////=
ZZYY 55937 21091 2040/ 526675 127425 6111/
11119 30167 40167 57005
22219 00218
444 20110 21091 2057/ 50101 8//// 80030 9////=
ZZYY 55959 21091 2040/ 529373 095309 6112/
11119 40199 57010
22219 00189
444 20120 21091 2030/ 50101 80010 80000 9////=
ZZYY 55956 21091 2020/ 535732 124302 6112/
11119 40012 52004
22219 00142
444 20120 21091 2054/ 50101 80010 80002 9////=
ZZYY 55956 21091 1920/ 535738 124343 6111/
11119 40012 52007
22219 00142
444 20110 21091 1857/ 50101 80010 80000 9////=
ZZYY 55953 21091 2050/ 536621 099294 6112/
11119 40086 57017
22219 00142
444 20120 21091 2054/ 50101 80009 80000 9////=
ZZYY 33510 21091 2030/ 548988 054036 6113/
11119 30069 40069
22219 00051
444 20130 21091 2024/ 50101 80110 80100 9/015=
ZZYY 14949 21091 2010/ 107018 064842 6112/
11119 30116 40116 52239
22219 00287
444 20120 21091 2007/ 50101 80110 80008 9/015=
####018000551####
SSVX13 KARS 212146
ZZYY 17655 21091 2030/ 557026 128039 6112/
11119 30114 40114 57008
22219 00030
444 20120 21091 2048/ 50101 80110 80073 9/015=
ZZYY 17655 21091 1930/ 557029 128021 6112/
11119 30116 40116 57007
22219 00030
444 20120 21091 1859/ 50101 80110 80085 9/015=
ZZYY 23926 21091 2000/ 114560 090506 6113/
11119 40050 52236
22219 00285
444 2013/ 21091 2008/ 50101 80120 80002 9/015=
ZZYY 14917 21091 2100/ 326509 074104 6113/
11119 30269 40269 57011
22219 00212
444 20130 21091 2134/ 50101 80115 80003 9/015=
####018014791####
SSVX08 KARS 212146
ZZYY 51011 20091 1200/ 500157 124395 6111/
33311 88872 20001 32246 43477 20020 32119 20040 32003 20060 31663
20080 31439 20100 31421 20120 31423 20140 31403 20180 31323
20300 31217 20500 30828
444 20110 20091 1141/ 521//=
ZZYY 51011 21091 21004 500158 124391 6112/
11119 01411 10229 29090
22219 00231
444 20120 21091 2105/ 521// 60401=
ZZYY 51015 20091 1200/ 705099 124946 6111/
33311 88872 20001 32691 43479 20020 32683 20040 32680 20060 32670
20080 32557 20100 32512 20120 32360 20140 32055 20180 31237
20300 30970 20500 30797
444 20110 20091 1140/ 521//=
ZZYY 51015 21091 21004 705083 124949 6111/
11119 01713 10263 29081
22219 00270
444 20110 21091 2105/ 521// 60401=
ZZYY 23001 20091 1200/ 100121 080522 6113/
33311 88872 20001 32936 43427 20020 32894 43439 20040 32858 43437
20060 32569 43524 20080 32453 20100 32254 20120 32089 20140 31959
20180 31504 20300 31152 20500 30963
444 20130 20091 1050/ 521//=
ZZYY 23001 20091 1200/ 100121 080522 6113/
33311 88872 20001 32936 43427 20020 32894 43439 20040 32858 43437
20060 32569 43524 20080 32453 20100 32254 20120 32089 20140 31959
20180 31504 20300 31152 20500 30963
444 20130 20091 1050/ 521//=
ZZYY 23001 21091 21004 100121 080528 6112/
11119 01704 10281 29074 40104
22219 00294
444 20120 21091 2127/ 521// 60401=
ZZYY 32318 20091 1200/ 504978 110000 6111/
33311 88872 20001 32411 43521 20040 32403 20060 32365 20080 31737
20100 31484 20120 31411 20140 31354 20180 31301 20300 31171
20500 30862
444 20110 20091 1011/ 521//=
ZZYY 32318 21091 20004 504984 110012 6111/
11119 01218 10237 29071
22219 00241
444 20110 21091 2036/ 521// 60401=
ZZYY 32318 21091 21004 504984 110012 6111/
11119 01218 10234 29078
22219 00241
444 20110 21091 2036/ 521// 60401=
ZZYY 51016 20091 1200/ 701949 125048 6111/
33311 88870 20001 32620 20020 32622 20040 32621 20060 32490
20080 32065 20100 31588 20120 31465 20140 31385 20300 31163
20500 30874
444 20110 20091 1141/ 521//=
ZZYY 23003 20091 1200/ 301502 080504 6112/
33311 88872 20001 32892 43439 20020 32891 43444 20040 32892 43448
20060 32801 43487 20080 32441 20100 32189 20120 31913 20140 31745
20180 31490 20300 31197 20500 30950
444 20120 20091 1047/ 521//=
ZZYY 23003 20091 1200/ 301502 080504 6112/
33311 88872 20001 32892 43439 20020 32891 43444 20040 32892 43448
20060 32801 43487 20080 32441 20100 32189 20120 31913 20140 31745
20180 31490 20300 31197 20500 30950
444 20120 20091 1047/ 521//=
ZZYY 23003 21091 21004 301501 080505 6112/
11119 03006 10278 29077
22219 00292
444 20120 21091 2128/ 521// 60401=
ZZYY 14043 20091 1200/ 312206 067221 6111/
33311 88872 20001 32608 43524 20020 32609 43523 20040 32608 43525
20060 32608 43525 20080 32607 20100 32546 20120 32090 20140 31884
20180 31635 20300 31164 20500 30851
444 20110 20091 1057/ 521//=
ZZYY 14043 20091 1200/ 312206 067221 6111/
33311 88872 20001 32608 43524 20020 32609 43523 20040 32608 43525
20060 32608 43525 20080 32607 20100 32546 20120 32090 20140 31884
20180 31635 20300 31164 20500 30851
444 20110 20091 1057/ 521//=
ZZYY 14043 21091 20004 312196 067208 6112/
11119 01220 10254 29078 40150
22219 00260
444 20120 21091 2017/ 521// 60401=
ZZYY 32316 20091 1200/ 702047 110043 6111/
33311 88872 20001 32496 43391 20040 32190 20060 31660 20080 31447
20100 31373 20120 31347 20140 31338 20180 31318 20300 31147
20500 30829
444 20110 20091 1319/ 521//=
ZZYY 23004 20091 1200/ 100025 089847 6113/
33311 88872 20001 32841 43300 20020 32866 43392 20040 32800 43418
20060 32324 43525 20080 32226 20100 32139 20120 31978 20140 31758
20180 31532 20300 31211 20500 30999
444 20130 20091 1318/ 521//=
ZZYY 23004 20091 1200/ 100025 089847 6113/
33311 88872 20001 32841 43300 20020 32866 43392 20040 32800 43418
20060 32324 43525 20080 32226 20100 32139 20120 31978 20140 31758
20180 31532 20300 31211 20500 30999
444 20130 20091 1318/ 521//=
ZZYY 23004 21091 20004 100025 089848 6112/
11119 01407 10278 29081
22219 00286
444 20120 21091 1946/ 521// 60401=
ZZYY 23006 20091 1200/ 103977 089591 6112/
33311 88872 20001 32881 20020 32872 43315 20040 32870 43327
20060 32831 43348 20080 32323 20100 31840 20120 31629 20140 31483
20180 31359 20300 31226 20500 31027
444 20120 20091 1318/ 521//=
ZZYY 23006 21091 20004 103978 089591 6112/
11119 02009 10278 29081
22219 00287
444 20120 21091 2011/ 521// 60401=
ZZYY 43001 20091 1200/ 708043 110136 6111/
33311 88872 20001 32751 43306 20020 32746 20040 32723 20060 32304
20080 31811 20100 31468 20120 31326 20140 31246 20180 31157
20300 31038 20500 30877
444 20110 20091 1317/ 521//=
ZZYY 43001 21091 21004 708050 110120 6112/
11119 01816 10266 29081
22219 00274
444 20120 21091 2106/ 521// 60401=
ZZYY 32319 20091 1200/ 507985 110073 6111/
33311 88872 20001 32375 43509 20020 32370 20040 32367 20060 32366
20080 32334 20100 31910 20120 31534 20140 31424 20180 31338
20300 31163 20500 30856
444 20110 20091 1322/ 521//=
ZZYY 32319 21091 20004 507989 110076 6112/
11119 01116 10242 29074
22219 00243
444 20120 21091 2034/ 521// 60401=
ZZYY 32319 21091 21004 507989 110076 6112/
11119 01017 10235 29081
22219 00242
444 20120 21091 2034/ 521// 60401=
ZZYY 51008 20091 1200/ 702014 140021 6111/
33311 88870 20040 32615 20060 32579 20080 32448 20100 32311
20120 32006 20140 31572 20180 31361 20300 31153 20500 30913
444 20110 20091 1151/ 521//=
ZZYY 51008 21091 21004 702015 140014 6111/
11119 01315 10253 29079
444 20110 21091 1738/ 521// 60401=
ZZYY 43301 20091 12004 707993 094888 6111/
11119 02117 10270 29086
22219 00276
33311 88872 20000 32764 20001 32767 43282 20020 32640 20040 31702
20060 31416 20080 31339 20100 31318 20120 31302 20140 31274
20180 31231 20300 31091 20500 30817
444 20110 20091 1257/ 521// 60401=
ZZYY 43301 21091 21004 707983 094898 6111/
11119 02508 10274 29076
22219 00279
444 20110 21091 2105/ 521// 60401=
ZZYY 32317 20091 1200/ 502008 110318 6112/
33311 88872 20001 32233 43478 20020 32170 20040 32045 20060 31985
20080 31525 20100 31343 20120 31325 20140 31313 20180 31284
20300 31179 20500 30851
444 20120 20091 1320/ 521//=
ZZYY 32317 21091 2100/ 501891 110454 6111/
11119 10229 29089
22219 00226
444 20110 21091 2103/ 521//=
ZZYY 53009 20091 1200/ 311878 093317 6111/
33311 88872 20020 32655 43402 20040 32653 43408 20060 32652 43405
20080 32652 20100 32639 20120 32539 20180 31954 20300 31234
20500 30911
444 20110 20091 1314/ 521//=
ZZYY 32321 20091 12004 700219 095423 6111/
11119 01711 10210 29079
22219 00215
33311 88872 20000 32154 20001 32167 43441
444 20110 20091 1259/ 521// 60401=
ZZYY 32321 21091 21004 700217 095428 6111/
11119 01409 10205 29085
22219 00210
444 20110 21091 2037/ 521// 60401=
ZZYY 32304 20091 12004 505074 095073 6112/
11119 01508 10222 29070
22219 00220
33311 88872 20000 32204 20001 32212 43516 20020 32205 20040 32192
20060 31737 20080 31481 20100 31426 20120 31384 20140 31350
20180 31306 20300 31206 20500 30842
444 20120 20091 1301/ 521// 60401=
ZZYY 32304 21091 21004 505075 095070 6111/
11119 01314 10220 29080
22219 00221
444 20110 21091 2101/ 521// 60401=
ZZYY 32303 20091 12004 704915 094990 6111/
11119 01814 10254 29081
22219 00273
33311 88872 20000 32728 20001 32732 43299 20040 32490 20060 32010
20080 31794 20100 31556 20120 31414 20140 31376 20180 31327
20300 31141
444 20110 20091 1257/ 521// 60401=
ZZYY 32303 21091 21004 704938 095004 6112/
11119 02107 10262 29072
22219 00277
444 20120 21091 2104/ 521// 60401=
ZZYY 23010 20091 1200/ 303979 080493 6113/
33311 88872 20001 32881 43437 20020 32875 43458 20040 32873 43458
20060 32873 43459 20080 32726 20100 32430 20120 32025 20140 31627
20180 31367 20300 31101 20500 30912
444 20130 20091 1049/ 521//=
ZZYY 23010 20091 1200/ 303979 080493 6113/
33311 88872 20001 32881 43437 20020 32875 43458 20040 32873 43458
20060 32873 43459 20080 32726 20100 32430 20120 32025 20140 31627
20180 31367 20300 31101 20500 30912
444 20130 20091 1049/ 521//=
ZZYY 23010 21091 21004 303978 080491 6113/
11119 00810 10278 29078
22219 00285
444 20130 21091 2130/ 521// 60401=
ZZYY 51307 20091 1200/ 708026 124996 6111/
33311 88872 20001 32755 43382 20020 32739 20040 32738 20060 32465
20080 31490 20100 31300 20120 31242 20140 31201 20180 31130
20300 31008 20500 30818
444 20110 20091 1139/ 521//=
ZZYY 51307 21091 2100/ 708022 124994 6111/
11119 10267 29083
22219 00281
444 20110 21091 2106/ 521//=
ZZYY 32323 20091 1200/ 700044 109918 6111/
33311 88872 20001 32150 43466 20020 31886 43478 20040 31651 43488
20060 31556 43496 20080 31463 20100 31438 20120 31403 20140 31369
20180 31290 20300 31156 20500 30815
444 20110 20091 1320/ 521//=
ZZYY 32323 21091 21004 700047 109915 6112/
11119 01111 10211 29095 40108
22219 00215
444 20120 21091 2104/ 521// 60401=
ZZYY 51017 20091 1200/ 502014 124900 6113/
33311 88872 20001 32307 43471 20020 32264 20040 32245 20080 32202
20100 31692 20120 31380 20140 31328 20180 31279 20300 31184
20500 30828
444 20130 20091 1141/ 521//=
ZZYY 51017 21091 20004 502015 124906 6112/
11119 01409 10237 29068
22219 00237
444 20120 21091 2104/ 521// 60401=
ZZYY 51017 21091 21004 502015 124906 6112/
11119 01310 10240 29068
22219 00237
444 20120 21091 2104/ 521// 60401=
ZZYY 32305 20091 12004 508023 095271 6111/
11119 01212 10211 29075
22219 00228
33311 88872 20000 32276 20001 32282 43527
444 20110 20091 1230/ 521// 60401=
ZZYY 32305 21091 20004 508021 095270 6112/
11119 01215 10216 29074
22219 00229
444 20120 21091 2033/ 521// 60401=
ZZYY 32305 21091 21004 508019 095259 6111/
11119 01215 10215 29080
22219 00229=
ZZYY 23002 20091 1200/ 101570 080510 6113/
33311 88872 20001 32900 43446 20020 32880 43449 20040 32854
20060 32703 43492 20080 32429 20100 32175 20120 31947 20140 31795
20180 31432 20300 31174
444 20130 20091 1050/ 521//=
ZZYY 23002 20091 1200/ 101570 080510 6113/
33311 88872 20001 32900 43446 20020 32880 43449 20040 32854
20060 32703 43492 20080 32429 20100 32175 20120 31947 20140 31795
20180 31432 20300 31174
444 20130 20091 1050/ 521//=
ZZYY 23002 21091 2000/ 101570 080517 6111/
22219 00291
444 20110 21091 1948/ 521//=
ZZYY 23002 21091 2100/ 101572 080518 6112/
22219 00291
444 20120 21091 2127/ 521//=
ZZYY 53005 20091 1200/ 307997 080452 6112/
33311 88872 20001 32826 43482 20020 32827 43481 20040 32828 43483
20060 32558 43512 20080 32435 20100 32279 20120 32107 20140 31951
20180 31730 20300 31256 20500 30978
444 20120 20091 1048/ 521//=
ZZYY 53005 20091 1200/ 307997 080452 6112/
33311 88872 20001 32826 43482 20020 32827 43481 20040 32828 43483
20060 32558 43512 20080 32435 20100 32279 20120 32107 20140 31951
20180 31730 20300 31256 20500 30978
444 20120 20091 1048/ 521//=
ZZYY 53005 21091 21004 307998 080454 6112/
11119 01013 10277 29077
22219 00283
444 20120 21091 2128/ 521// 60401=
ZZYY 32320 20091 12004 702113 095420 6111/
11119 01812 10230 29073
33311 88870 20040 31959 20060 31709 20080 31563 20100 31467
20120 31408 20140 31383 20180 31324 20300 31089 20500 30807
444 20110 20091 0956/ 521// 60401=
ZZYY 32320 21091 21004 702113 095421 6111/
11119 01610 10226 29074
444 20110 21091 2103/ 521// 60401=
ZZYY 23007 20091 1200/ 108019 088997 6111/
33311 88872 20020 32854 43428 20040 32852 43429 20060 32847 43433
20080 32697 20100 32363 20120 32113 20140 31808 20180 31466
20300 31181 20500 31003
444 20110 20091 1320/ 521//=
ZZYY 23007 20091 1200/ 108019 088997 6111/
33311 88872 20020 32854 43428 20040 32852 43429 20060 32847 43433
20080 32697 20100 32363 20120 32113 20140 31808 20180 31466
20300 31181 20500 31003
444 20110 20091 1320/ 521//=
ZZYY 23007 21091 20004 108023 089000 6111/
11119 02115 10285 29083
444 20110 21091 2010/ 521// 60401=
ZZYY 32315 20091 1200/ 705008 110064 6111/
33311 88872 20001 32693 43398 20020 32693 20040 32694 20060 32701
20080 32673 20100 31954 20120 31416 20140 31302 20180 31167
20300 31037 20500 30804
444 20110 20091 1318/ 521//=
ZZYY 32315 21091 21004 705006 110064 6111/
11119 01714 10246 29082
22219 00269
444 20110 21091 2104/ 521// 60401=
ZZYY 51308 20091 1200/ 507971 124989 6111/
33311 88872 20001 32573 43551 20020 32571 20040 32568 20060 32567
20080 32566 20100 32410 20120 32213 20140 32096 20180 31549
20300 31089 20500 30840
444 20110 20091 1143/ 521//=
ZZYY 51308 21091 20004 507977 124992 6111/
11119 01213 10255 29070
22219 00258
444 20110 21091 2101/ 521// 60401=
ZZYY 51308 21091 21004 507977 124992 6111/
11119 01114 10253 29072
22219 00258
444 20110 21091 2101/ 521// 60401=
ZZYY 23005 20091 1200/ 101579 090082 6112/
33311 88872 20001 32890 43323 20020 32875 43356 20040 32881 43398
20060 32639 43441 20080 32147 20100 31994 20120 31794 20140 31609
20180 31427 20300 31232 20500 31006
444 20120 20091 1318/ 521//=
ZZYY 23005 20091 1200/ 101579 090082 6112/
33311 88872 20001 32890 43323 20020 32875 43356 20040 32881 43398
20060 32639 43441 20080 32147 20100 31994 20120 31794 20140 31609
20180 31427 20300 31232 20500 31006
444 20120 20091 1318/ 521//=
ZZYY 23005 21091 20004 101580 090087 6112/
11119 01708 10276 29080
22219 00286
444 20120 21091 2012/ 521// 60401=
ZZYY 23009 20091 1200/ 114984 089934 6112/
33311 88872 20001 32848 43227 20020 32860 43253 20040 32846 43289
20060 32762 43405 20080 32626 20100 32335 20120 32058 20140 31893
20180 31520 20300 31156 20500 30993
444 20120 20091 1053/ 521//=
ZZYY 14046 20091 12004 316004 055000 6111/
11119 01116 10246 29087 40174
33311 88872 20020 32456 43535 20040 32455 43555 20060 32455 43531
20080 32458 20100 32409 20120 32239 20140 32082 20500 30956
444 20110 20091 1212/ 521// 60401=
ZZYY 14046 21091 21004 316000 054999 6111/
11119 01015 10242 29085 40186
444 20110 21091 2133/ 521// 60401=
ZZYY 14041 20091 12004 307935 055071 6112/
11119 00612 10262 29089
22219 00271
33311 88872 20000 32709 20001 32700 43545 20020 32693 43532
20040 32693 43540
444 20120 20091 1213/ 521// 60401=
ZZYY 14041 21091 21004 307932 055075 6111/
11119 01220 10267 29080
22219 00270
444 20110 21091 2131/ 521// 60401=
ZZYY 53006 20091 1200/ 312001 080518 6112/
33311 88872 20001 32639 43475 20020 32639 43473 20040 32639 43474
20060 32619 43473 20080 32244 20140 31598 20180 31425 20300 31132
20500 30861
444 20120 20091 1046/ 521//=
ZZYY 53006 21091 21004 312001 080519 6112/
11119 01224 10250 29082 40126
22219 00262
444 20120 21091 2131/ 521// 60401=
