####018000593####
SXPA01 KWNB 220800
ZZYY 51018 22091 08001 505029 124870 6113/ 11119 01308 10249
29077 22219 00254 33311 88872 20001 32539 43550 20020 32540 20040
32540 20060 32540 20080 32530 20100 32010 20120 31550 20140 31349
20180 31259 20300 31108 20500 30839 444 20130 22091 0800/ 34999
40500 521// 60401=
ZZYY 51007 22091 08001 705015 139978 6113/ 11119 01607 10256
29072 22219 00260 33311 88872 20001 32604 43465 20020 32605 20040
32577 20060 32542 20080 32532 20100 32523 20120 32506 20140 32420
20180 32079 20300 31017 20500 30857 444 20130 22091 0800/ 35033
40500 521// 60401=
####018000257####
SSVX02 LFVW 220833
ZZYY 22689 22091 0813/ 735706 177808 6111/
22219 00238
444 20110 22091 0756/ 50101 80114 80006 9/015=
ZZYY 56957 22091 0819/ 329193 091209 6111/
22219 00181
33311 88872 20000 31811 43495
444 2011/ 22091 0707/ 50101 9/015=
####018000117####
SSVX07 LFVW 220833
ZZYY 48548 22091 0820/ 774295 128261 6111/
11119 11007 39905 49905
444 20110 22091 0751/=
####018014663####
SSVX11 LFVW 220833
ZZYY 52075 21091 21004 107983 130037 6112/
11119 03105 10283 29078 40085
22219 00293
33311 88872 20000 32925 20002 32925 43333 20025 32927 43333
20050 32904 43353 20075 32545 43488 20100 32234 43491
20125 31993 43482 20150 31666 43466 20200 31174 43443
20250 30993 43447 20300 30943 43454 20500 30734 43450
444 20120 21091 2119/ 522// 60381=
ZZYY 52075 21091 21004 107983 130037 6112/
11119 03105 10283 29078 40085
22219 00293
33311 88872 20000 32925 20002 32925 43333 20025 32927 43333
20050 32904 43353 20075 32545 43488 20100 32234 43491
20125 31993 43482 20150 31666 43466 20200 31174 43443
20250 30993 43447 20300 30943 43454 20500 30734 43450
444 20120 21091 2119/ 522// 60381=
ZZYY 52075 21091 23004 107986 130036 6113/
11119 02907 10287 29079 40093
22219 00293
33311 88872 20000 32926 20002 32926 43331 20025 32929 43337
20050 32914 43349 20075 32575 43486 20100 32273 43500
20125 31945 43480 20150 31612 43462 20200 31159 43441
20250 30984 43448 20300 30936 43453 20500 30738 43449
444 20130 21091 2240/ 522// 60381=
ZZYY 52075 22091 0700/ 107984 130042 6111/
33311 88872 20002 32924 43331 20025 32927 43338 20050 32924 43344
20075 32736 43447 20100 32326 43489 20125 31940 43484
20150 31625 43466 20200 31233 43444 20250 31006 43446
20300 30944 43454 20500 30738 43448
444 20110 22091 0650/ 522//=
ZZYY 52075 22091 05004 107982 130038 6113/
11119 02908 10282 29081 40081
22219 00293
33311 88872 20000 32929 20002 32929 43333 20025 32928 43342
20050 32923 43346 20075 32733 43454 20100 32462 43491
20125 32020 43483 20150 31755 43471 20200 31257 43445
20250 30999 43444 20300 30953 43454 20500 30745 43446
444 20130 22091 0509/ 522// 60381=
ZZYY 52075 22091 01004 107985 130038 6113/
11119 03005 10290 29076 40106
22219 00293
33311 88872 20000 32932 20002 32932 43330 20025 32928 43338
20050 32916 43351 20075 32562 43485 20100 32207 43490
20125 31901 43478 20150 31605 43463 20200 31185 43442
20250 30991 43448 20300 30944 43453 20500 30744 43446
444 20130 22091 0132/ 522// 60381=
ZZYY 52075 22091 03004 107986 130042 6113/
11119 02707 10289 29076 40097
22219 00293
33311 88872 20000 32933 20002 32933 43330 20025 32929 43344
20050 32908 43358 20075 32565 43484 20100 32230 43490
20125 31951 43479 20150 31625 43463 20200 31196 43442
20250 31003 43449 20300 30950 43453 20500 30742 43448
444 20130 22091 0355/ 522// 60381=
ZZYY 52075 22091 0800/ 107985 130041 6112/
33311 88872 20002 32925 43332 20025 32926 43340 20050 32920 43344
20075 32582 43483 20100 32148 43489 20300 30952 43454
444 20120 22091 0820/ 522//=
ZZYY 52075 22091 0600/ 107983 130042 6113/
33311 88872 20002 32923 43327 20025 32925 43336 20050 32925 43344
20075 32885 43377 20100 32530 43487 20125 32051 43487
20150 31741 43468 20200 31235 43444 20250 30995 43450
20300 30921 43456 20500 30734 43449
444 20130 22091 0535/ 522//=
ZZYY 52075 22091 02004 107985 130038 6113/
11119 02807 10289 29078 40103
22219 00294
33311 88872 20000 32935 20002 32935 43328 20025 32928 43342
20050 32919 43350 20075 32558 43487 20100 32194 43489
20125 31901 43479 20150 31588 43463 20200 31155 43442
20250 30988 43449 20300 30945 43454 20500 30742 43448
444 20130 22091 0132/ 522// 60381=
ZZYY 52075 22091 04004 107986 130042 6113/
11119 02709 10287 29079 40088
22219 00293
33311 88872 20000 32933 20002 32933 43334 20025 32928 43342
20050 32922 43347 20075 32614 43480 20100 32347 43490
20125 31987 43482 20150 31720 43468 20200 31240 43443
20250 31005 43447 20300 30953 43455 20500 30745 43448
444 20130 22091 0355/ 522// 60381=
ZZYY 52073 21091 21004 104857 137277 6112/
11119 01909 10274 29081 40089
22219 00290
33311 88872 20000 32898 20002 32898 43322 20025 32922 43355
20050 32873 43404 20075 32796 20100 32517 43486 20125 32165 43485
20150 31755 43471 20200 31203 43446 20250 30947 43442
20300 30902 43457 20500 30757 43454 20750 30596 43451
444 20120 21091 1940/ 522// 60381=
ZZYY 52073 21091 21004 104857 137277 6112/
11119 01909 10274 29081 40089
22219 00290
33311 88872 20000 32898 20002 32898 43322 20025 32922 43355
20050 32873 43404 20075 32796 20100 32517 43486 20125 32165 43485
20150 31755 43471 20200 31203 43446 20250 30947 43442
20300 30902 43457 20500 30757 43454 20750 30596 43451
444 20120 21091 1940/ 522// 60381=
ZZYY 52073 21091 23004 104859 137279 6113/
11119 02113 10271 29087 40103
22219 00291
33311 88872 20000 32906 20002 32906 43326 20025 32920 43338
20050 32927 43392 20075 32853 20100 32607 43481 20125 32238 43487
20150 31740 43471 20200 31128 43446 20250 30927 43450
20300 30893 43458 20500 30768 43455 20750 30603 43450
444 20130 21091 2241/ 522// 60381=
ZZYY 52073 22091 0700/ 104854 137279 6112/
33311 88872 20002 32896 43311 20025 32917 43334 20050 32898 43387
20075 32849 20100 32701 43467 20300 30920 43453 20750 30616 43451
444 20120 22091 0640/ 522//=
ZZYY 52073 22091 03004 104863 137280 6111/
11119 02907 10251 29088 40101
22219 00290
33311 88872 20000 32900 20002 32900 43317 20025 32912 43331
20050 32899 43384 20075 32860 20100 32677 43473 20125 32399 43491
20150 31800 43474 20200 31178 43447 20250 30927 43448
20300 30888 43457 20500 30753 43454 20750 30626 43450
444 20110 22091 0329/ 522// 60381=
ZZYY 52073 22091 06004 104849 137279 6112/
11119 02410 10269 29085 40078
22219 00290
33311 88872 20000 32902 20125 32413 43490 20150 32020 43485
20200 31340 43451 20250 31051 43444 20500 30756 43455
444 20120 22091 0534/ 522// 60381=
ZZYY 52087 21091 21004 107867 136490 6112/
11119 00503 10272 29090 40074
22219 00294
33311 88872 20000 32941 20002 32941 43360 20025 32946 43362
20050 32958 43372 20075 32860 43458 20100 32631 43488
20125 32406 43499 20150 32160 43490 20200 31444 43458
20250 31159 43452 20300 30999 43456 20500 30744 43451
20750 30581 43451
444 20120 21091 1939/ 522// 60381=
ZZYY 52087 22091 04004 107865 136486 6113/
11119 03002 10257 29095 40085
22219 00294
33311 88872 20000 32936 20002 32936 43341 20025 32951 43364
20050 32955 43384 20075 32871 43456 20100 32646 43489
20300 31090 43454 20750 30585 43451
444 20130 22091 0355/ 522// 60381=
ZZYY 52087 22091 05004 107861 136470 6111/
11119 02202 10261 29094 40076
22219 00293
33311 88872 20000 32932 20002 32932 43337 20025 32953 43364
20050 32957 43369 20075 32926 43432 20100 32685 43484
20125 32553 43493 20150 32260 43506 20200 31576 43463
20250 31245 43453 20300 31042 43456 20500 30744 43451
20750 30577 43451
444 20110 22091 0508/ 522// 60381=
ZZYY 52087 22091 02004 107865 136490 6112/
11119 02110 10267 29090 40096
22219 00295
33311 88872 20000 32947 20002 32947 43360 20025 32950 43365
20050 32959 43380 20075 32888 43449 20100 32662 43488
20125 32432 43495 20150 32213 43495 20200 31546 43461
20250 31210 43452 20300 31044 43455 20500 30737 43451
20750 30591 43452
444 20120 22091 0132/ 522// 60381=
ZZYY 52087 22091 04004 107865 136486 6113/
11119 03002 10257 29095 40085
22219 00294
33311 88872 20000 32936 20002 32936 43341 20025 32951 43364
20050 32955 43384 20075 32871 43456 20100 32646 43489
20300 31090 43454 20750 30585 43451
444 20130 22091 0355/ 522// 60381=
ZZYY 52080 21091 23004 101998 138100 6112/
11119 01705 10277 29082 40114
22219 00289
33311 88872 20000 32890 20002 32890 43367 20025 32911 43438
20050 32837 43467 20075 32861 43501 20100 32856 43534
20125 32630 43539 20150 32540 43541 20200 31850 43512
20250 31342 43471 20300 31141 43472 20500 30761 43455
20750 30528 43451
444 20120 21091 2241/ 522// 60381=
ZZYY 52080 22091 03004 102005 138101 6111/
11119 0//10 10277 29080 40098
22219 00291
33311 88872 20000 32907 20002 32907 43378 20025 32917 43427
20050 32895 43442 20075 32859 43499 20100 32865 43531
20125 32640 43541 20150 32546 43539 20200 32064 43536
20250 31455 43478 20300 31217 43465 20500 30776 43456
20750 30531 43452
444 20110 22091 0328/ 522// 60381=
ZZYY 52080 22091 01004 101997 138100 6112/
11119 01910 10284 29080 40112
22219 00290
33311 88872 20000 32902 20002 32902 43380 20025 32912 43434
20050 32859 43443 20075 32861 43501 20100 32871 43532
20125 32635 43540 20150 32543 43540 20200 31927 43525
20250 31355 43467 20300 31177 43473 20500 30764 43456
20750 30527 43452
444 20120 22091 0133/ 522// 60381=
ZZYY 52080 22091 06004 101990 138104 6111/
11119 02310 10274 29081 40075
22219 00292
33311 88872 20000 32920 20125 32639 43541 20150 32543 43539
20200 32076 43538 20250 31497 43485 20500 30766 43456
444 20110 22091 0532/ 522// 60381=
ZZYY 52079 22091 0700/ 300023 146989 6112/
33311 88872 20002 33008 43448 20025 32942 43526 20050 32842 43537
20075 32776 43542 20100 32760 43551 20300 31315 43504
20750 30586 43452
444 20120 22091 0638/ 522//=
ZZYY 52079 22091 01004 300028 146997 6112/
11119 01009 40109
22219 00294
33311 88872 20000 32937 20002 32937 43414 20025 32931 43530
20050 32854 43539 20075 32778 43542 20100 32750 43553
20125 32701 43549 20150 32387 43565 20200 31936 43540
20250 31632 43528 20300 31095 43481 20500 30806 43459
20750 30588 43453
444 20120 21091 2353/ 522// 60381=
ZZYY 52081 22091 0800/ 100070 138038 6113/
33311 88872 20125 32537 43549 20150 32422 43549 20200 31852 43532
20250 31534 43510 20500 30816 43459
444 20130 22091 0818/ 522//=
ZZYY 52081 22091 0600/ 100072 138035 6113/
33311 88872 20002 32978 43426 20025 32939 43437 20050 32933 43453
20075 32828 43490 20100 32802 43544 20125 32517 43547
20150 32333 43543 20200 31881 43535 20250 31573 43512
20300 31504 43510 20500 30819 43458 20750 30564 43450
444 20130 22091 0534/ 522//=
ZZYY 52081 22091 0200/ 100074 138039 6112/
33311 88872 20002 32931 43420 20025 32925 43432 20050 32931 43454
20075 32845 43486 20100 32822 43542 20300 31449 43509
20750 30561 43451
444 20120 22091 0132/ 522//=
ZZYY 52081 22091 0400/ 100072 138039 6113/
33311 88872 20002 32944 43421 20025 32932 43435 20050 32936 43450
20075 32840 43486 20100 32848 43531 20125 32575 43550
20150 32393 43547 20200 31919 43535 20250 31590 43512
20300 31500 43509 20500 30825 43460 20750 30564 43450
444 20130 22091 0352/ 522//=
ZZYY 52081 22091 0500/ 100074 138041 6112/
33311 88872 20002 32956 43422 20025 32936 43436 20050 32939 43448
20075 32837 43486 20100 32841 43533 20125 32582 43554
20150 32412 43550 20200 31925 43537 20250 31702 43522
20300 31505 43508 20500 30828 43459 20750 30569 43449
444 20120 22091 0506/ 522//=
ZZYY 52081 22091 0700/ 100070 138041 6112/
33311 88872 20002 32962 43415 20025 32933 43433 20050 32931 43454
20075 32830 43489 20100 32803 43547 20125 32512 43547
20150 32338 43544 20200 31856 43533 20250 31555 43513
20300 31492 43509 20500 30814 43459 20750 30562 43450
444 20120 22091 0639/ 522//=
ZZYY 52081 22091 0100/ 100074 138039 6112/
33311 88872 20002 32928 43424 20025 32923 43431 20050 32930 43455
20075 32865 43489 20100 32851 43534 20125 32549 43552
20150 32329 43542 20200 31891 43535 20250 31556 43513
20300 31484 43508 20500 30829 43459 20750 30564 43450
444 20120 22091 0132/ 522//=
ZZYY 52081 22091 0800/ 100074 138039 6111/
33311 88872 20125 32537 43549 20150 32422 43549 20200 31852 43532
20250 31534 43510 20500 30816 43459
444 20110 22091 0820/ 522//=
ZZYY 52081 22091 0600/ 100072 138035 6113/
33311 88872 20002 32978 43426 20025 32939 43437 20050 32933 43453
20075 32828 43490 20100 32802 43544 20125 32517 43547
20150 32333 43543 20200 31881 43535 20250 31573 43512
20300 31504 43510 20500 30819 43458 20750 30564 43450
444 20130 22091 0534/ 522//=
ZZYY 52081 22091 0200/ 100074 138039 6112/
33311 88872 20002 32931 43420 20025 32925 43432 20050 32931 43454
20075 32845 43486 20100 32822 43542 20300 31449 43509
20750 30561 43451
444 20120 22091 0132/ 522//=
ZZYY 52081 22091 0400/ 100072 138039 6113/
33311 88872 20002 32944 43421 20025 32932 43435 20050 32936 43450
20075 32840 43486 20100 32848 43531 20125 32575 43550
20150 32393 43547 20200 31919 43535 20250 31590 43512
20300 31500 43509 20500 30825 43460 20750 30564 43450
444 20130 22091 0352/ 522//=
ZZYY 52077 22091 0800/ 102057 146947 6111/
33311 88872 20125 32644 43543 20150 32382 43548 20200 31621 43475
20250 31165 43453 20500 30796 43459
444 20110 22091 0819/ 522//=
ZZYY 52077 22091 0600/ 102073 146946 6112/
33311 88872 20125 32630 43544 20150 32369 43546 20200 31569 43477
20250 31120 43454 20500 30789 43458
444 20120 22091 0638/ 522//=
ZZYY 52077 22091 02004 102076 146950 6111/
11119 00703 10284 29076 40105
22219 00297
33311 88872 20000 32970 20002 32970 43349 20025 32910 43404
20050 32917 43447 20075 32919 43471 20100 32820 43500
20300 31044 43463 20750 30535 43453
444 20110 22091 0212/ 522// 60381=
ZZYY 52077 22091 04004 102074 146958 6112/
11119 00502 10289 29073 40093
22219 00298
33311 88872 20000 32982 20002 32982 43347 20025 32904 43391
20050 32919 43442 20075 32919 43469 20100 32918 43475
20125 32624 43546 20150 32378 43548 20200 31609 43479
20250 31153 43455 20300 31025 43472 20500 30806 43459
20750 30534 43453
444 20120 22091 0351/ 522// 60381=
ZZYY 52077 22091 05004 102070 146952 6113/
11119 01005 10286 29076 40086
22219 00300
33311 88872 20000 33004 20125 32674 43532 20150 32379 43547
20200 31589 43479 20250 31140 43454 20500 30793 43458
444 20130 22091 0505/ 522// 60381=
ZZYY 52077 22091 07004 102073 146946 6112/
11119 00702 10288 29075 40081
22219 00299
444 20120 22091 0638/ 522// 60381=
ZZYY 21210 22091 0700/ 138097 146386 6112/
22219 00240
444 20120 22091 0648/ 522//=
ZZYY 21210 22091 0500/ 138096 146395 6111/
22219 00245
444 20110 22091 0516/ 522//=
ZZYY 21210 22091 03004 138096 146409 6112/
11119 03110 10201 29093 49963
22219 00247
444 20120 22091 0336/ 522// 60371=
ZZYY 21210 22091 01004 138114 146420 6111/
11119 03215 10207 29092 49960
22219 00250
444 20110 22091 0120/ 522// 60371=
ZZYY 52078 22091 0400/ 105039 146953 6113/
33311 88872 20125 32386 43500 20150 32062 43486 20200 31299 43456
20250 31057 43461 20500 30782 43458
444 20130 22091 0352/ 522//=
ZZYY 52078 22091 02004 105043 146947 6111/
11119 00703 10281 29076 40106
22219 00295
33311 88872 20000 32946 20002 32946 43325 20025 32953 43363
20050 32947 43371 20075 32887 43431 20100 32737 43473
20125 32375 43508 20150 32029 43485 20200 31280 43455
20250 31029 43462 20300 30915 43461 20500 30765 43457
20750 30606 43453
444 20110 22091 0213/ 522// 60381=
####018000155####
SSVX13 KARS 220835
ZZYY 22531 22091 0710/ 120789 127606 6111/
11119 30083 40083 57012
22219 00294
444 20110 22091 0656/ 50101 80110 80037 9/015=
####018004633####
SSVX02 KARS 220835
ZZYY 53597 22091 0822/ 114692 121726 6112/
22219 00305
444 20120 22091 0649/ 50101 80094 80007 9/015=
ZZYY 51964 22091 0821/ 124940 122208 6111/
22219 00275
444 20110 22091 0651/ 50101 80121 80011 9/015=
ZZYY 52666 22091 0820/ 301448 134770 6112/
22219 00292
444 20120 22091 0812/ 50101 80120 80225 9/015=
ZZYY 52606 22091 0821/ 106951 132175 6112/
22219 00292
444 20120 22091 0349/ 50101 80120 80019 9/015=
ZZYY 51644 22091 0816/ 311135 154589 6113/
22219 00282
444 20130 22091 0631/ 50101 80087 80007 9/015=
ZZYY 52668 22091 0822/ 114782 137963 6112/
22219 00296
444 20120 22091 0508/ 50101 80120 80000 9/015=
ZZYY 21968 22091 0530/ 114495 126296 6113/
11119 30074 40074 52236
22219 00320
444 20130 22091 0536/ 50101 80080 80002 9/015=
ZZYY 52905 22091 0720/ 112316 132502 6112/
11119 30065 40065 52243
22219 00301
444 20120 22091 0534/ 50101 80110 80010 9/015=
ZZYY 52679 22091 0821/ 112517 138980 6112/
22219 00294
444 20120 22091 0507/ 50101 80120 80027 9/015=
ZZYY 52803 22091 0819/ 105681 142425 6111/
22219 00299
444 20110 22091 0350/ 50101 80120 80023 9/015=
ZZYY 53517 22091 0820/ 117642 129617 6112/
22219 00310
444 20120 22091 0648/ 50101 80094 80005 9/015=
ZZYY 52664 22091 0821/ 110079 133104 6111/
22219 00304
444 20110 22091 0644/ 50101 80120 80021 9/015=
ZZYY 52911 22091 0821/ 111437 136662 6112/
22219 00295
444 20120 22091 0349/ 50101 80120 80023 9/015=
ZZYY 52613 22091 0821/ 105682 142706 6111/
22219 00291
444 20110 22091 0503/ 50101 80120 80028 9/015=
ZZYY 52662 22091 0819/ 102888 145934 6113/
22219 00305
444 20130 22091 0633/ 50101 80120 80028 9/015=
ZZYY 52673 22091 0818/ 101710 131801 6111/
22219 00290
444 20110 22091 0530/ 50101 80120 80024 9/015=
ZZYY 62729 22091 0825/ 739730 026334 6112/
22219 00218
444 20120 22091 0542/ 50101 80116 80015 9/015=
ZZYY 62725 22091 0825/ 742300 020395 6111/
22219 00203
444 20110 22091 0539/ 50101 80118 80013 9/015=
ZZYY 13570 22091 0800/ 737708 030879 6113/
11119 30219 40219 57003
22219 00236
444 20130 22091 0718/ 50101 80120 80051 9/015=
ZZYY 62726 22091 0826/ 736111 019034 6112/
22219 00230
444 20120 22091 0542/ 50101 80120 80016 9/015=
ZZYY 62724 22091 0650/ 739410 026503 6112/
11119 30225 40225 57008
22219 00224
444 20120 22091 0609/ 50101 80120 80031 9/015=
ZZYY 44516 22091 0825/ 749167 026270 6111/
22219 00151
444 20110 22091 0821/ 50101 80138 80045 9/015=
ZZYY 44515 22091 0825/ 745293 025754 6112/
22219 00167
444 20120 22091 0607/ 50101 80142 80011 9/015=
ZZYY 62722 22091 0650/ 738576 024622 6112/
11119 30231 40231 57003
22219 00227
444 20120 22091 0540/ 50101 80110 80030 9/015=
ZZYY 44518 22091 0826/ 743059 022825 6111/
22219 00199
444 20110 22091 0821/ 50101 80142 80002 9/015=
ZZYY 44519 22091 0824/ 750877 019462 6111/
22219 00146
444 20110 22091 0721/ 50101 80140 80003 9/015=
ZZYY 44900 22091 0800/ 731076 010499 6111/
11119 30192 40192 52007
444 20110 22091 0537/ 50101 80120 80020 9/015=
ZZYY 44894 22091 0826/ 742171 033349 6111/
22219 00209
444 20110 22091 0725/ 50101 80078 80003 9/015=
ZZYY 62727 22091 0826/ 741571 019734 6113/
22219 00207
444 20130 22091 0541/ 50101 80118 80021 9/015=
ZZYY 62935 22091 0750/ 735138 030587 6112/
11119 30220 40220
22219 00246
444 20120 22091 0545/ 50101 80100 80100 9/015=
ZZYY 13956 22091 0800/ 728611 015872 6113/
11119 30194 40194 52010
22219 00236
444 20130 22091 0537/ 50101 80120 80007 9/015=
ZZYY 63964 22091 0823/ 173816 023024 6111/
444 50101 80009 80015 9/015=
ZZYY 44926 22091 0750/ 746978 029489 6112/
11119 30112 40112 57005
22219 00151
444 20120 22091 0723/ 50101 80138 80001 9/015=
ZZYY 63951 22091 0825/ 765676 001351 6113/
22219 00106
444 20130 22091 0814/ 50101 80008 80011 9/015=
ZZYY 41555 22091 0800/ 734613 024418 6113/
11119 30230 40230
22219 00250
444 20130 22091 0541/ 50101 80100 80000 9/015=
ZZYY 13589 22091 0826/ 728683 014009 6113/
22219 00229
444 20130 22091 0535/ 50101 80110 80000 9/015=
ZZYY 41957 22091 0610/ 733368 028376 6112/
11119 30217 40217 57005
22219 00256
444 20120 22091 0541/ 50101 80110 80034 9/015=
ZZYY 13517 22091 0740/ 735007 017370 6111/
11119 30234 40234 57005
22219 00235
444 20110 22091 0544/ 50101 80120 80063 9/015=
ZZYY 44911 22091 0820/ 753430 012285 6111/
11119 30163 40163 52007
444 20110 22091 0719/ 50101 80123 80002 9/015=
ZZYY 44923 22091 0820/ 752665 028208 6111/
11119 39970 49970 57011
22219 00125
444 20110 22091 0746/ 50101 80130 80002 9/015=
####018000237####
SSVX02 LFVW 220835
ZZYY 62777 22091 0800/ 745839 002872 6113/
22219 00190
444 20130 22091 0823/ 50101 80120 80100 9/015=
ZZYY 62777 22091 0730/ 745837 002875 6113/
22219 00190
444 20130 22091 0753/ 50101 80122 80100 9/015=
####018000155####
SSVX13 KARS 220837
ZZYY 22531 22091 0810/ 120787 127607 6112/
11119 30081 40081 57007
22219 00294
444 20120 22091 0821/ 50101 80110 80041 9/015=
####018002981####
SSVX02 KARS 220837
ZZYY 21896 22091 0710/ 119522 127466 6111/
11119 30076 40076 52246
22219 00292
444 20110 22091 0651/ 50101 80090 80000 9/015=
ZZYY 21607 22091 0800/ 133027 126564 6113/
22219 00268=
ZZYY 21607 22091 0530/ 133032 126575 6113/
22219 00268=
ZZYY 51964 22091 0829/ 124969 122212 6111/
22219 00275
444 20110 22091 0821/ 50101 80121 80011 9/015=
ZZYY 52614 22091 0829/ 120220 124262 6113/
22219 00290
444 20130 22091 0534/ 50101 80006 80010 9////=
ZZYY 53523 22091 0824/ 120912 120266 6113/
444 20130 22091 0536/ 50101 80120 80255 9/015=
ZZYY 22574 22091 0831/ 127527 130103 6111/
22219 00266
444 20110 22091 0821/ 50101 80009 80005 9////=
ZZYY 53596 22091 0829/ 121809 120544 6113/
22219 00284
444 20130 22091 0542/ 50101 8//// 80255 9/015=
ZZYY 52916 22091 0832/ 127700 131087 6111/
22219 00259
444 20110 22091 0820/ 50101 80103 80011 9/015=
ZZYY 52664 22091 0826/ 110079 133102 6111/
444 20110 22091 0821/ 50101 80120 80021 9/015=
ZZYY 53518 22091 0831/ 121002 113998 6112/
22219 00286
444 20120 22091 0821/ 50101 80138 80003 9/015=
ZZYY 51957 22091 0832/ 126550 134019 6113/
22219 00272
444 20130 22091 0827/ 50101 80119 80255 9/015=
ZZYY 52914 22091 0832/ 134916 143424 6111/
22219 00275
444 20110 22091 0648/ 50101 80069 80006 9/015=
ZZYY 53597 22091 0824/ 114692 121726 6112/
444 20120 22091 0649/ 50101 80094 80007 9/015=
ZZYY 52593 22091 0740/ 125572 126581 6113/
11119 30101 40101 57009
22219 00278
444 20130 22091 0822/ 50101 80110 80013 9/015=
ZZYY 52836 22091 0826/ 117594 142985 6112/
22219 00291
444 20120 22091 0647/ 50101 80126 80002 9/015=
ZZYY 53524 22091 0828/ 128299 134150 6111/
22219 00278
444 20110 22091 0822/ 50101 80092 80008 9/015=
ZZYY 53907 22091 0720/ 118063 139102 6113/
11119 30086 40086 52254
22219 00292
444 20130 22091 0646/ 50101 80110 80011 9/015=
ZZYY 52907 22091 0820/ 112401 138449 6113/
444 20130 22091 0645/ 50101 80110 80004 9/015=
ZZYY 52833 22091 0700/ 117230 136018 6112/
11119 30074 40074 52248
22219 00292
444 20120 22091 0645/ 50101 80120 80011 9/015=
ZZYY 53908 22091 0831/ 120640 129723 6112/
22219 00290
444 20120 22091 0820/ 50101 80138 80003 9/015=
ZZYY 53517 22091 0831/ 117650 129634 6113/
22219 00310
444 20130 22091 0820/ 50101 80094 80005 9/015=
ZZYY 53594 22091 0730/ 129505 134910 6111/
11119 30070 40070
22219 00267
444 20110 22091 0646/ 50101 80110 80100 9/015=
ZZYY 53594 22091 0830/ 129519 134954 6111/
11119 30074 40074
22219 00267
444 20110 22091 0827/ 50101 80110 80100 9/015=
ZZYY 21622 22091 0750/ 132409 137472 6111/
11119 30030 40030 57240
22219 00259
444 20110 22091 0646/ 50101 80100 80000 9/015=
ZZYY 21622 22091 0650/ 132409 137472 6111/
11119 30019 40019 57254
22219 00259
444 20110 22091 0646/ 50101 80100 80000 9/015=
ZZYY 22583 22091 0831/ 119418 128881 6111/
22219 00293
444 20110 22091 0820/ 50101 80140 80002 9/015=
####018000251####
SSVX08 KARS 220837
ZZYY 28401 21091 1200/ 132429 144535 6111/
33311 88872 20001 32741 43300
444 20110 21091 1010/ 521//=
ZZYY 28401 22091 08004 132427 144546 6111/
11119 02517 10255 29084
22219 00271
444 20110 22091 0359/ 521// 60401=
####018000134####
SSVX13 LFPW 220900
ZZYY 44722 22091 0900/ 756421 024594 6110/ 11119 40029 57026 444
 20100 22091 0900/ 50101 80108 80002 9/015=
####018000237####
SSVX02 LFVW 220837
ZZYY 22691 22091 0827/ 138808 131835 6113/
22219 00221
444 20130 21091 2110/ 50101 80146 80001 9/015=
ZZYY 21735 22091 0829/ 137204 130586 6112/
22219 00241
444 20120 22091 0403/ 50101 80038 80008 9/015=
####018001115####
SSVX11 LFVW 220837
ZZYY 52075 21091 23004 107986 130036 6113/
11119 02907 10287 29079 40093
22219 00293
33311 88872 20000 32926 20002 32926 43331 20025 32929 43337
20050 32914 43349 20075 32575 43486 20100 32273 43500
20125 31945 43480 20150 31612 43462 20200 31159 43441
20250 30984 43448 20300 30936 43453 20500 30738 43449
444 20130 21091 2240/ 522// 60381=
ZZYY 52075 22091 00004 107985 130038 6112/
11119 03006 10288 29077 40103
22219 00293
33311 88872 20000 32926 20002 32926 43330 20025 32930 43340
20050 32914 43351 20075 32553 43486 20100 32247 43493
20125 31919 43481 20150 31609 43462 20200 31169 43442
20250 30991 43449 20300 30942 43453 20500 30742 43447
444 20120 22091 0006/ 522// 60381=
ZZYY 52087 22091 00004 107866 136491 6113/
11119 01605 10284 29083 40102
22219 00295
33311 88872 20000 32950 20002 32950 43365 20025 32950 43365
20050 32959 43378 20075 32820 43466 20100 32641 43489
20125 32445 43494 20150 32203 43494 20200 31465 43459
20250 31173 43452 20300 31029 43455 20500 30743 43451
20750 30577 43451
444 20130 21091 2351/ 522// 60381=
