####018000146####
SSVX13 LFPW 100000
ZZYY 44547 10070 0000/ 759126 050937 6110/ 11119 40077 54000 22219
 00080 444 20100 09070 2300/ 50101 80138 80000 9/015=
####018000146####
SSVX13 LFPW 100000
ZZYY 44611 10070 0000/ 750182 035010 6110/ 11119 40179 57006 22219
 00134 444 20100 10070 0000/ 50101 80126 80000 9/015=
####018011951####
SSVX02 KARS 100029
ZZYY 16936 09070 2300/ 348625 092682 6112/
11119 39787 49787 57038
22219 00073
444 20120 09070 2232/ 50101 80120 80000 9/015=
ZZYY 16936 10070 0000/ 348625 092682 6112/
11119 39778 49778 57033
22219 00073
444 20120 09070 2232/ 50101 80120 80000 9/015=
ZZYY 16942 09070 2300/ 349479 077219 6111/
11119 30016 40016 52061
22219 00012
444 20110 09070 2234/ 50101 80120 80017 9/015=
ZZYY 16567 09070 2310/ 348586 134066 6112/
11119 39998 49998 57024
22219 00077
444 20120 09070 1256/ 50101 80110 80010 9////=
ZZYY 16565 09070 2320/ 337127 086086 6111/
11119 30188 40188 57002
22219 00136
444 20110 09070 2229/ 50101 80110 80009 9////=
ZZYY 16566 09070 2320/ 341852 117880 6111/
22219 00106
444 20110 09070 2239/ 50101 80110 80005 9////=
ZZYY 16582 09070 2310/ 329913 111639 6112/
11119 30186 40186 52008
22219 00186
444 20120 09070 2227/ 50101 80110 80008 9////=
ZZYY 16582 10070 0020/ 329888 111672 6111/
11119 30192 40192 52018
22219 00186
444 20110 10070 0017/ 50101 80110 80007 9////=
ZZYY 16586 09070 2300/ 331218 108157 6112/
11119 30181 40181 52002
22219 00185
444 20120 09070 2226/ 50101 80110 80006 9////=
ZZYY 16586 10070 0000/ 331205 108166 6111/
11119 30185 40185 52006
22219 00185
444 20110 10070 0018/ 50101 80110 80006 9////=
ZZYY 16530 09070 2320/ 331234 104665 6112/
22219 00176
444 20120 09070 2226/ 50101 8//// 80013 9////=
ZZYY 16530 10070 0020/ 331259 104696 6111/
22219 00176
444 20110 10070 0018/ 50101 8//// 80011 9////=
ZZYY 56561 09070 2320/ 355804 158278 6112/
11119 30154 40154 52017
22219 00018
444 20120 09070 2239/ 50101 8//// 80011 9/015=
ZZYY 56609 09070 2310/ 322881 110940 6112/
11119 30193 40193 52014
22219 00237
444 20120 09070 2224/ 50101 80120 80024 9/015=
ZZYY 56609 10070 0010/ 322884 110951 6112/
11119 30200 40200 52016
22219 00237
444 20120 10070 0016/ 50101 80120 80030 9/015=
ZZYY 16520 09070 2320/ 336506 134480 6112/
11119 49978 52048
22219 00151
444 20120 09070 2237/ 50101 80011 80008 9////=
ZZYY 56569 09070 2330/ 344015 122284 6112/
11119 39902 49902 52038
22219 00107
444 20120 10070 0017/ 50101 80110 80009 9/015=
ZZYY 56605 09070 2320/ 340237 115179 6111/
11119 30017 40017 52008
22219 00121
444 20110 10070 0019/ 50101 80110 80000 9/015=
ZZYY 56605 10070 0020/ 340237 115179 6111/
11119 30024 40024 52014
22219 00121
444 50101 80110 80000 9/015=
ZZYY 71701 09070 2350/ 357277 141339 6111/
11119 30105 40105
22219 00021
444 20110 10070 0020/ 50101 8//// 80060 9////=
ZZYY 16938 09070 2320/ 336461 128502 6111/
22219 00151
444 20110 09070 2237/ 50101 9/015=
ZZYY 16938 10070 0020/ 336450 128496 6111/
22219 00151
444 20110 10070 0017/ 50101 9/015=
ZZYY 33666 09070 2330/ 334173 090410 6111/
444 20110 09070 2106/ 50101 9/015=
ZZYY 33660 09070 2340/ 345454 134178 6112/
22219 00099
444 20120 10070 0019/ 50101 9/015=
ZZYY 16573 09070 2310/ 342714 100942 6112/
11119 30003 40003 57015
22219 00109
444 20120 09070 2230/ 50101 80110 80063 9/015=
ZZYY 16573 10070 0010/ 342724 100966 6111/
11119 39993 49993 57022
22219 00109
444 20110 10070 0018/ 50101 80110 80063 9/015=
ZZYY 16941 09070 2330/ 336304 130339 6113/
22219 00147
444 20130 10070 0016/ 50101 9/015=
ZZYY 16558 09070 2310/ 344860 092785 6111/
11119 39880 49880 57046
22219 00088
444 20110 09070 2231/ 50101 80110 80063 9/015=
ZZYY 16558 10070 0010/ 344860 092785 6111/
11119 39882 49882 57032
22219 00088
444 20110 09070 2231/ 50101 80110 80063 9/015=
ZZYY 16584 09070 2320/ 352798 112906 6111/
11119 39890 49890 52024
22219 00019
444 20110 09070 2240/ 50101 80110 80063 9/015=
ZZYY 16597 09070 2310/ 349448 100727 6112/
11119 39835 49835 57036
22219 00039
444 20120 09070 2231/ 50101 80120 80000 9/015=
ZZYY 16597 10070 0010/ 349475 100755 6112/
11119 39818 49818 57042
22219 00038
444 20120 10070 0019/ 50101 80120 80000 9/015=
ZZYY 33517 09070 2340/ 352508 087683 6111/
11119 39770 49770 52027
22219 00031
444 20110 09070 2232/ 50101 80007 80044 9/015=
ZZYY 16588 09070 2300/ 343419 100754 6112/
11119 39984 49984 57023
22219 00104
444 20120 09070 2229/ 50101 80120 80004 9/015=
ZZYY 16588 10070 0000/ 343438 100770 6112/
11119 39972 49972 57031
22219 00104
444 20120 10070 0019/ 50101 80120 80006 9/015=
ZZYY 16594 09070 2310/ 341211 099961 6112/
11119 30050 40050 52009
22219 00111
444 20120 09070 2229/ 50101 80120 80000 9/015=
ZZYY 16594 10070 0010/ 341220 099998 6111/
11119 30038 40038 57004
22219 00111
444 20110 10070 0018/ 50101 80120 80000 9/015=
ZZYY 16561 09070 2310/ 342594 089873 6111/
11119 39977 49977 57032
22219 00113
444 20110 09070 2117/ 50101 80110 80000 9/015=
ZZYY 16561 10070 0010/ 342594 089873 6111/
11119 39977 49977 57023
22219 00114
444 20110 09070 2117/ 50101 80110 80000 9/015=
ZZYY 16587 09070 2310/ 352281 125604 6111/
11119 39865 49865 57009
22219 00039
444 20110 09070 2239/ 50101 80120 80000 9/015=
ZZYY 71604 09070 2330/ 348019 115769 6111/
22219 00073
444 20110 10070 0017/ 50101 9/015=
ZZYY 56570 09070 2310/ 356627 115472 6112/
11119 39827 49827 52004
22219 00015
444 20120 09070 2232/ 50101 80110 80008 9/015=
ZZYY 56564 09070 2310/ 360270 129661 6112/
11119 39897 49897 57017
22219 00004
444 20120 09070 2233/ 50101 80110 80004 9/015=
ZZYY 56564 10070 0010/ 360291 129647 6111/
11119 39893 49893 57013
22219 00004
444 20110 10070 0020/ 50101 80110 80005 9/015=
ZZYY 56566 09070 2310/ 359973 112629 6112/
11119 39769 49769 52012
22219 01006
444 20120 09070 2234/ 50101 80110 80011 9/015=
ZZYY 56566 10070 0010/ 359973 112629 6112/
11119 39777 49777 52022
22219 01006
444 20120 09070 2234/ 50101 80110 80011 9/015=
ZZYY 56610 09070 2310/ 322544 110896 6112/
11119 30193 40193 52018
22219 00242
444 20120 09070 2223/ 50101 80120 80006 9/015=
ZZYY 56610 10070 0010/ 322552 110903 6112/
11119 30199 40199 52020
22219 00242
444 20120 10070 0014/ 50101 80120 80010 9/015=
ZZYY 56901 09070 2310/ 319529 109246 6112/
11119 38500 48500 54000
22219 00250
444 20120 09070 2222/ 50101 80120 80004 9/015=
ZZYY 56901 10070 0010/ 319534 109229 6113/
11119 38500 48500 54000
22219 00249
444 20130 10070 0013/ 50101 80120 80005 9/015=
ZZYY 55631 09070 2340/ 345077 151494 6113/
11119 30287 40287 57007
22219 00124
444 20130 09070 2237/ 50101 80110 80008 9/015=
ZZYY 56606 09070 2240/ 343203 141120 6111/
11119 30095 40095 57034
22219 00121
444 20110 09070 2237/ 50101 80110 80021 9/015=
ZZYY 56606 09070 2340/ 343222 141116 6111/
11119 30079 40079 57034
22219 00121
444 20110 10070 0018/ 50101 80120 80019 9/015=
ZZYY 56602 09070 2340/ 347298 155574 6112/
11119 30321 40321 52003
22219 00091
444 20120 09070 2237/ 50101 80110 80006 9/015=
ZZYY 56553 09070 2310/ 344678 119470 6111/
11119 39940 49940 52015
22219 00099
444 20110 09070 2239/ 50101 80110 80009 9/015=
ZZYY 56553 10070 0010/ 344678 119470 6111/
11119 39943 49943 52014
22219 00099
444 20110 09070 2239/ 50101 80110 80013 9/015=
ZZYY 56604 09070 2320/ 348939 145377 6112/
11119 30208 40208 57013
22219 00089
444 20120 09070 2238/ 50101 80110 80009 9/015=
ZZYY 56604 10070 0020/ 348955 145352 6112/
11119 30205 40205 57015
22219 00089
444 50101 80110 80009 9/015=
ZZYY 56603 09070 2320/ 344486 131364 6112/
11119 39829 49829 57046
22219 00098
444 20120 09070 2239/ 50101 80110 80012 9/015=
ZZYY 56551 09070 2320/ 346852 132832 6112/
11119 39926 49926 57030
22219 00091
444 20120 09070 2238/ 50101 80110 80011 9/015=
ZZYY 16529 09070 2320/ 348847 111465 6111/
22219 00059
444 20110 09070 2231/ 50101 9/015=
ZZYY 16578 09070 2330/ 344112 106315 6111/
22219 00101
444 20110 10070 0017/ 50101 8//// 80051 9////=
ZZYY 33535 09070 2340/ 353386 072275 6112/
22219 00017
444 20120 09070 2121/ 50101 80010 80000 9////=
ZZYY 16603 09070 2340/ 337939 130504 6113/
11119 49905 52045
22219 00141
444 20130 10070 0017/ 50101 80010 80002 9////=
ZZYY 71563 09070 2350/ 357613 068393 6111/
22219 00004
444 20110 09070 2236/ 50101 80011 80005 9////=
ZZYY 33652 09070 2300/ 358036 079754 6112/
22219 01015
444 20120 09070 2234/ 50101 80011 80004 9////=
ZZYY 71564 09070 2310/ 356629 072184 6111/
11119 49832 52004
22219 01001
444 20110 09070 2236/ 50101 80010 80004 9////=
ZZYY 71617 09070 2320/ 356170 090179 6112/
22219 00002
444 20120 09070 2233/ 50101 80010 80003 9////=
ZZYY 71568 09070 2330/ 353319 089759 6112/
11119 49761 52012
22219 00020
444 20120 09070 2233/ 50101 80010 80000 9////=
ZZYY 71572 09070 2340/ 357510 081912 6112/
11119 49912 57012
22219 01014
444 20120 09070 2234/ 50101 80010 80100 9////=
ZZYY 71572 09070 2240/ 357510 081912 6112/
11119 49912 57020
22219 01013
444 20120 09070 2234/ 50101 80010 80100 9////=
ZZYY 71611 09070 2320/ 353444 090570 6112/
11119 49760 52006
22219 00023
444 20120 09070 2233/ 50101 80011 80000 9////=
ZZYY 71611 10070 0020/ 353444 090570 6112/
11119 49765 52014
22219 00024
444 20120 09070 2233/ 50101 80011 80000 9////=
ZZYY 33958 09070 2340/ 333310 100315 6111/
11119 30181 40181 52001
22219 00164
444 20110 10070 0017/ 50101 8//// 80000 9////=
ZZYY 33958 09070 2240/ 333305 100289 6111/
11119 30175 40175 57007
22219 00165
444 20110 09070 2225/ 50101 8//// 80000 9////=
ZZYY 33961 09070 2320/ 340029 133851 6111/
11119 39786 49786 57058
22219 00135
444 20110 09070 2237/ 50101 8//// 80000 9////=
ZZYY 33961 10070 0020/ 340044 133870 6111/
11119 39794 49794 57023
22219 00135
444 20110 10070 0018/ 50101 8//// 80000 9////=
ZZYY 33959 09070 2330/ 342815 138474 6112/
11119 39986 49986 57058
22219 00123
444 20120 10070 0018/ 50101 8//// 80000 9////=
ZZYY 55612 09070 2310/ 332576 101814 6112/
11119 30177 40177 57006
22219 00174
444 20120 09070 2227/ 50101 8//// 80081 9////=
ZZYY 55612 10070 0010/ 332560 101834 6112/
11119 30183 40183 52006
22219 00174
444 20120 10070 0017/ 50101 8//// 80082 9////=
ZZYY 55948 09070 2300/ 351043 080596 6111/
22219 00029
444 20110 09070 2233/ 50101 8//// 80005 9////=
ZZYY 55948 10070 0000/ 351043 080596 6111/
22219 00032
444 20110 09070 2233/ 50101 8//// 80003 9////=
ZZYY 61950 10070 0020/ 136670 035772 6113/
22219 00275
444 20130 10070 0008/ 500// 80018 9/001=
ZZYY 63582 10070 0005/ 172663 021529 6112/
22219 00081
444 20120 09070 2359/ 50101 80011 80009 9/015=
ZZYY 63583 10070 0005/ 173440 029201 6113/
22219 00072
444 20130 09070 2359/ 50101 80011 80029 9/015=
ZZYY 17506 10070 0000/ 332883 093668 6111/
22219 00174
444 20110 10070 0019/ 50101 80010 80100 9/015=
ZZYY 16556 10070 0010/ 333701 130443 6111/
22219 00163
444 20110 10070 0018/ 50101 9/015=
ZZYY 16553 10070 0010/ 343469 142808 6112/
444 20120 10070 0019/ 50101 9/015=
ZZYY 16954 10070 0010/ 336224 126376 6111/
444 20110 09070 2237/ 50101 9/015=
ZZYY 33509 10070 0010/ 341995 094136 6111/
22219 00118
444 20110 09070 2230/ 50101 9/015=
ZZYY 71608 10070 0020/ 346430 099312 6111/
22219 00051
444 20110 09070 2230/ 50101 9/015=
ZZYY 16610 10070 0010/ 339630 126482 6111/
11119 49898 52042
22219 00134
444 20110 10070 0017/ 50101 80011 80005 9/015=
ZZYY 56563 10070 0020/ 359345 152200 6111/
11119 30094 40094 52030
22219 01002
444 20110 09070 2232/ 50101 80110 80000 9/015=
ZZYY 71609 10070 0000/ 355924 065117 6112/
22219 00009
444 20120 09070 2304/ 50101 80011 80000 9////=
ZZYY 52915 10070 0011/ 115011 131356 6112/
22219 00305
444 20120 10070 0003/ 50101 80127 80026 9/015=
ZZYY 52665 10070 0011/ 105702 129118 6113/
22219 00305
444 20130 10070 0005/ 50101 80011 80000 9////=
ZZYY 52668 10070 0012/ 314429 151096 6111/
22219 00268
444 20110 10070 0010/ 50101 80011 80099 9/015=
####018000155####
SSVX13 KARS 100029
ZZYY 17655 10070 0000/ 347345 081521 6112/
11119 39996 49996 52044
22219 00053
444 20120 09070 2119/ 50101 80110 80100 9/015=
