####018000137####
SSVB05 RJTD 220500
ZZYY 21599 22091 0500/ 133327 142771
11109 0//// 1//// 2//// 30003 40003 5////
22209 00276 10908 20087 21041=
####018000140####
SSVB05 RJTD 220500
ZZYY 21599 22091 0500/ 133327 142771
11109 0//// 1//// 2//// 30003 40003 5////
22209 00276 10908 20087 21041=

####018001167####
SSVX08 KARS 220514
ZZYY 52002 21091 1200/ 302005 164985 6112/
22219 00290
33311 88872 20000 32903 43553 20500 30781
444 20120 21091 1326/ 521//=
ZZYY 52002 22091 04004 302003 164977 6112/
11119 01210 10288 29072
22219 00292
444 20120 22091 0350/ 521// 60001=
ZZYY 52003 21091 1200/ 105099 165032 6112/
33311 88872 20001 32942 43392 20025 32938 20050 32937 20075 32949
20100 32880 20125 32545 20150 32036 20200 31175 20250 30991
20300 30933 20500 30789
444 20120 21091 1324/ 521//=
ZZYY 52003 22091 04004 105092 165026 6111/
11119 01108 10286 29078
22219 00301
444 20110 22091 0352/ 521// 60401=
ZZYY 52004 21091 1200/ 305000 165164 6111/
33311 88872 20001 32917 43556 20025 32913 20075 32907 20100 32903
20125 32893 20150 32744 20200 31985
444 20110 21091 1326/ 521//=
ZZYY 52004 22091 04004 305006 165161 6112/
11119 00810 10289 29074
22219 00294
444 20120 22091 0349/ 521// 60401=
ZZYY 52001 21091 1200/ 102028 165011 6111/
33311 88872 20001 32952 43489 20025 32945 20050 32936 20075 32909
20100 32736 20125 32579 20150 32480 20200 31371 20250 31097
20300 31072 20500 30796
444 20110 21091 1325/ 521//=
####018010071####
SSVX02 KARS 220514
ZZYY 17904 22091 0410/ 345387 124290 6111/
11119 30107 40107
22219 00095
444 20110 22091 0456/ 50101 80100 80100 9/015=
ZZYY 33649 22091 0440/ 349463 177372 6113/
11119 40156 57017
22219 00072
444 20130 22091 0454/ 50101 80010 80000 9////=
ZZYY 33649 22091 0340/ 349458 177383 6112/
11119 40156 57029
22219 00073
444 50101 80010 80000 9////=
ZZYY 71614 22091 0400/ 344608 149374 6113/
22219 00108
444 20130 22091 0341/ 50101 80010 80000 9////=
ZZYY 33536 22091 0440/ 350813 164278 6112/
11119 40082 52022
22219 00081
444 20120 22091 0455/ 50101 80009 80000 9////=
ZZYY 33586 22091 0430/ 351147 166332 6112/
22219 00080
444 20120 22091 0454/ 50101 80009 80000 9/015=
ZZYY 56908 22091 0400/ 356931 138122 6113/
11119 39885 49885 57018
22219 00018
444 20130 22091 0339/ 50101 80110 80010 9/015=
ZZYY 71575 22091 0410/ 349164 155888 6112/
22219 00085
444 20120 22091 0340/ 50101 80009 80000 9////=
ZZYY 33952 22091 0410/ 348446 126611 6112/
11119 30035 40035 52031
22219 00093
444 20120 22091 0340/ 50101 80100 80013 9/015=
ZZYY 71627 22091 0430/ 353738 175474 6111/
22219 00051
444 20110 22091 0453/ 50101 80110 80004 9/015=
ZZYY 33632 22091 0400/ 341935 136631 6112/
22219 00105
444 20120 22091 0341/ 50101 80010 80000 9////=
ZZYY 33632 22091 0500/ 341938 136655 6112/
22219 00105
444 20120 22091 0456/ 50101 80010 80000 9////=
ZZYY 33559 22091 0450/ 358993 135314 6111/
11119 39891 49891
22219 00003
444 20110 22091 0453/ 50101 80090 80099 9/015=
ZZYY 33629 22091 0400/ 339111 141838 6113/
11119 40060 57032
22219 00146
444 20130 22091 0343/ 50101 80010 80011 9////=
ZZYY 33663 22091 0440/ 347182 144897 6112/
11119 49977 57031
22219 00090
444 20120 22091 0455/ 50101 80010 80004 9////=
ZZYY 34540 22091 0410/ 343172 135095 6112/
11119 49945 54000
22219 00105
444 20120 22091 0341/ 50101 80010 80003 9////=
ZZYY 56909 22091 0400/ 359176 132176 6112/
11119 39913 49913 52013
22219 00006
444 20120 22091 0339/ 50101 80110 80014 9/015=
ZZYY 14547 22091 0430/ 349006 176035 6112/
11119 30153 40153 57010
22219 00072
444 20120 22091 0454/ 50101 80100 80063 9/015=
ZZYY 16960 22091 0430/ 353998 163244 6113/
22219 00076
444 20130 22091 0454/ 50101 80100 80000 9/015=
ZZYY 16956 22091 0430/ 346488 132936 6112/
11119 39956 49956 52020
22219 00090
444 20120 22091 0456/ 50101 80110 80003 9/015=
ZZYY 56907 22091 0430/ 348262 141869 6113/
11119 39883 49883 57029
444 20130 22091 0456/ 50101 80123 80000 9/015=
ZZYY 16516 22091 0420/ 333326 126810 6111/
11119 30192 40192 52017
22219 00159
444 20110 22091 0342/ 50101 80110 80005 9/015=
ZZYY 52665 22091 0420/ 113389 132671 6113/
11119 30078 40078 52237
22219 00305
444 20130 22091 0353/ 50101 80120 80009 9/015=
ZZYY 16517 22091 0310/ 344743 123328 6112/
22219 00096
444 20120 22091 0143/ 50101 80123 80001 9/015=
ZZYY 16517 22091 0410/ 344723 123357 6111/
22219 00096
444 20110 22091 0453/ 50101 80123 80001 9/015=
ZZYY 51614 22091 0459/ 318843 173130 6112/
22219 00256
444 20120 22091 0345/ 50101 80046 80024 9/015=
ZZYY 52613 22091 0504/ 105685 142688 6111/
22219 00291
444 20110 22091 0347/ 50101 80120 80028 9/015=
ZZYY 56904 22091 0400/ 350096 156177 6111/
11119 30078 40078 57002
22219 00086
444 20110 22091 0341/ 50101 80100 80063 9/015=
ZZYY 51531 22091 0503/ 307298 154854 6112/
22219 00298
444 20120 22091 0500/ 50101 80115 80004 9/015=
ZZYY 51901 22091 0504/ 312810 159254 6112/
22219 00281
444 20120 22091 0345/ 50101 80115 80004 9/015=
ZZYY 51875 22091 0504/ 310088 147733 6111/
22219 00174
444 20110 21091 2355/ 50101 80062 80004 9/015=
ZZYY 33695 22091 0503/ 339718 131067 6112/
22219 00128
444 20120 22091 0457/ 50101 80072 80005 9/015=
ZZYY 16573 22091 0440/ 338511 140660 6112/
11119 30043 40043 57035
22219 00141
444 20120 22091 0456/ 50101 80100 80000 9/015=
ZZYY 52662 22091 0505/ 102887 145894 6112/
22219 00314
444 20120 22091 0346/ 50101 80120 80027 9/015=
ZZYY 16594 22091 0440/ 340898 136795 6113/
11119 30009 40009 52013
22219 00121
444 20130 22091 0456/ 50101 80090 80000 9/015=
ZZYY 17652 22091 0450/ 347860 141669 6113/
11119 39947 49947 57020
22219 00099
444 20130 22091 0456/ 50101 80100 80022 9////=
ZZYY 17652 22091 0350/ 347853 141669 6113/
11119 39952 49952 57003
22219 00099
444 20130 22091 0341/ 50101 80100 80095 9////=
ZZYY 17669 22091 0150/ 342372 121625 6112/
11119 30151 40151 52026
22219 00108
444 20120 22091 0142/ 50101 80080 80098 9/015=
ZZYY 17669 22091 0500/ 342339 121655 6111/
11119 30166 40166 52015
22219 00107
444 20110 22091 0457/ 50101 80080 80081 9/015=
ZZYY 17669 22091 0350/ 342339 121655 6111/
11119 30164 40164 52020
22219 00108
444 20110 22091 0457/ 50101 80080 80074 9/015=
ZZYY 17664 22091 0410/ 340501 125167 6111/
11119 30158 40158 52036
22219 00120
444 20110 22091 0341/ 50101 80110 80060 9/015=
ZZYY 17654 22091 0430/ 349927 138864 6113/
11119 39837 49837 52009
22219 00069
444 20130 22091 0455/ 50101 80110 80087 9/015=
ZZYY 51972 22091 0502/ 311587 167567 6112/
22219 00290
444 20120 22091 0452/ 50101 80081 80006 9/015=
ZZYY 51972 22091 0453/ 311587 167567 6112/
22219 00290
444 50101 80081 80006 9/015=
ZZYY 51644 22091 0504/ 311156 154622 6113/
22219 00282
444 20130 22091 0500/ 50101 80085 80007 9/015=
ZZYY 51644 22091 0454/ 311156 154622 6113/
22219 00282
444 20130 22091 0500/ 50101 80085 80007 9/015=
ZZYY 51538 22091 0501/ 319190 167885 6111/
22219 00243
444 20110 22091 0459/ 50101 80086 80001 9/015=
ZZYY 51538 22091 0452/ 319190 167885 6111/
22219 00243
444 20110 22091 0459/ 50101 80086 80001 9/015=
ZZYY 32617 22091 0459/ 324548 170010 6111/
22219 00236
444 20110 22091 0457/ 50101 80082 80003 9/015=
ZZYY 32617 22091 0452/ 324532 170004 6112/
22219 00236
444 50101 80082 80003 9/015=
ZZYY 34534 22091 0430/ 351791 138260 6112/
11119 49798 52008
22219 00060
444 20120 22091 0454/ 50101 80010 80014 9////=
ZZYY 34544 22091 0310/ 345887 112582 6111/
444 20110 22091 0144/ 50101 9////=
ZZYY 55631 22091 0410/ 332365 168733 6112/
11119 30158 40158 57010
22219 00161
444 20120 22091 0342/ 50101 80100 80015 9/015=
ZZYY 34543 22091 0310/ 340594 115285 6112/
11119 40191 52006
22219 00110
444 20120 22091 0141/ 50101 80010 80007 9////=
ZZYY 34543 22091 0210/ 340594 115285 6112/
11119 40199 52016
22219 00110
444 20120 22091 0141/ 50101 80010 80009 9////=
ZZYY 34902 22091 0410/ 340673 129088 6112/
11119 40060 52052
22219 00115
444 20120 22091 0341/ 50101 80010 80010 9////=
ZZYY 55627 22091 0410/ 335060 170663 6113/
11119 30127 40127 57007
22219 00154
444 20130 22091 0342/ 50101 80110 80017 9/015=
ZZYY 34512 22091 0450/ 548084 177529 6113/
11119 40169 57039
22219 00071
444 20130 22091 0339/ 50101 80010 80010 9////=
ZZYY 56551 22091 0450/ 336717 168174 6112/
11119 30136 40136 57026
22219 00151
444 20120 22091 0455/ 50101 80110 80015 9/015=
ZZYY 56551 22091 0400/ 336725 168161 6112/
11119 30144 40144 57017
22219 00151
444 20120 22091 0342/ 50101 80110 80014 9/015=
ZZYY 51780 22091 0454/ 512534 161446 6112/
22219 00276
444 20120 22091 0313/ 50101 80111 80012 9/015=
ZZYY 51753 22091 0455/ 521368 163060 6112/
22219 00258
444 20120 22091 0316/ 50101 80083 80005 9/015=
ZZYY 32973 22091 0453/ 520718 156161 6111/
22219 00257
444 20110 22091 0310/ 50101 80047 80020 9/015=
ZZYY 51944 22091 0420/ 527173 156241 6111/
22219 00207
33311 88872 20000 32065 42048
444 20110 22091 0309/ 50101 80080 80006 9/015=
ZZYY 51945 22091 0420/ 533967 159217 6111/
22219 00166
33311 88872 20000 31660 42048
444 20110 22091 0314/ 50101 80060 80051 9/015=
ZZYY 51945 22091 0450/ 533967 159217 6111/
22219 00166
33311 88872 20000 31660 42048
444 20110 22091 0314/ 50101 80060 80049 9/015=
ZZYY 51771 22091 0453/ 504292 163779 6111/
22219 00274
444 20110 22091 0322/ 50101 80121 80010 9/015=
ZZYY 32684 22091 0455/ 518584 158589 6112/
22219 00262
444 20120 22091 0311/ 50101 80102 80025 9/015=
ZZYY 51657 22091 0455/ 506831 179156 6112/
22219 00283
444 20120 22091 0319/ 50101 80117 80003 9/015=
ZZYY 51940 22091 0440/ 525367 169841 6112/
22219 00223
33311 88872 20000 32230 43547
444 20120 22091 0315/ 50101 80080 80025 9/015=
ZZYY 32682 22091 0454/ 521488 155471 6112/
22219 00253
444 20120 22091 0132/ 50101 80100 80016 9/015=
ZZYY 51953 22091 0430/ 528892 152840 6111/
22219 00196
33311 88872 20000 31960 42048
444 20110 22091 0159/ 50101 80080 80098 9/015=
ZZYY 51965 22091 0453/ 316600 175970 6111/
22219 00272
444 20110 22091 0345/ 50101 80119 80007 9/015=
ZZYY 51648 22091 0454/ 304787 163636 6112/
22219 00295
444 20120 22091 0346/ 50101 80109 80020 9/015=
ZZYY 51624 22091 0453/ 516243 174286 6111/
22219 00278
444 20110 22091 0316/ 50101 80087 80020 9/015=
ZZYY 32719 22091 0455/ 510524 167244 6111/
444 20110 22091 0318/ 50101 80540 80007 9/015=
ZZYY 51907 22091 0454/ 504212 159872 6111/
22219 00272
444 20110 22091 0322/ 50101 80117 80020 9/015=
ZZYY 51781 22091 0452/ 505269 169782 6112/
22219 00279
444 20120 22091 0321/ 50101 80121 80043 9/015=
ZZYY 51873 22091 0455/ 507940 161979 6112/
22219 00277
444 20120 22091 0313/ 50101 80119 80024 9/015=
ZZYY 51627 22091 0454/ 517841 169353 6111/
22219 00272
444 20110 22091 0316/ 50101 80113 80000 9/015=
ZZYY 32713 22091 0454/ 305933 174724 6113/
22219 00288
444 20130 22091 0319/ 50101 80550 80047 9/015=
ZZYY 51655 22091 0453/ 528647 169927 6113/
22219 00188
444 20130 22091 0314/ 50101 80101 80010 9/015=
ZZYY 51870 22091 0452/ 304332 173407 6113/
444 20130 22091 0318/ 50101 80113 80012 9/015=
ZZYY 51892 22091 0455/ 710095 179149 6113/
22219 00284
444 20130 22091 0324/ 50101 80105 80006 9/015=
ZZYY 52618 22091 0455/ 709366 175818 6111/
22219 00285
444 20110 22091 0324/ 50101 80117 80005 9/015=
####018000405####
SSVX13 KARS 220514
ZZYY 55962 22091 0400/ 337441 168592 6113/
11119 40126 57008
22219 00145
444 20130 22091 0343/ 50101 80108 80011 9/015=
ZZYY 55645 22091 0400/ 336194 170605 6112/
11119 40117 57009
22219 00150
444 20120 22091 0339/ 50101 80110 80000 9/015=
ZZYY 55644 22091 0400/ 337003 171775 6113/
11119 40107 54000
22219 00145
444 20130 22091 0341/ 50101 80112 80031 9/015=
####018000135####
SSVX02 LFVW 220512
ZZYY 56939 22091 0400/ 336753 051089 6111/
11119 40260 52020
444 20110 22091 0356/ 50101 80090 80000 9/015=
####018000117####
SSVX07 LFVW 220512
ZZYY 48548 22091 0320/ 774311 127997 6112/
11119 11008 39902 49902
444 20120 22091 0314/=
####018000639####
SSVX13 LFVW 220512
ZZYY 56547 22091 0320/ 533177 091853 6111/
22219 00152
444 20110 22091 0226/ 50101 80100 80000 9/015=
ZZYY 56547 22091 0420/ 533193 091874 6111/
22219 00152
444 20110 22091 0424/ 50101 80100 80000 9/015=
ZZYY 23998 22091 0230/ 314728 057761 6111/
11119 30183 40183 52004
22219 00249
444 20110 22091 0349/ 50101 80100 80008 9/015=
ZZYY 23998 22091 0330/ 314728 057761 6111/
11119 30190 40190 52011
22219 00249
444 20110 22091 0349/ 50101 80100 80010 9/015=
ZZYY 56506 22091 0400/ 554232 131429 6112/
11119 30118 40118 52005
22219 00064
444 20120 22091 0421/ 50101 80060 80005 9/015=
####018000146####
SSVX13 LFPW 220500
ZZYY 33706 22091 0500/ 346380 016831 6113/ 11119 40020 52001 22219
 00068 444 20130 22091 0300/ 50101 80133 80023 9/015=
####018000146####
SSVX13 LFPW 220500
ZZYY 16545 22091 0500/ 349360 089726 6113/ 11119 49948 57001 22219
 00067 444 20130 22091 0500/ 50101 80136 80005 9/015=
####018000146####
SSVX13 LFPW 220500
ZZYY 16541 22091 0500/ 340349 105538 6113/ 11119 40051 52018 22219
 00112 444 20130 22091 0500/ 50101 80132 80006 9/015=
####018000146####
SSVX13 LFPW 220500
ZZYY 16543 22091 0500/ 337828 094609 6113/ 11119 40229 52001 22219
 00124 444 20130 22091 0500/ 50101 80132 80005 9/015=
####018000146####
SSVX13 LFPW 220500
ZZYY 25617 22091 0500/ 182563 111473 6113/ 11119 40166 52006 22219
 01050 444 20130 22091 0500/ 50101 80152 80002 9/015=
####018000146####
SSVX13 LFPW 220500
ZZYY 16539 22091 0500/ 345694 119422 6113/ 11119 49968 57019 22219
 00101 444 20130 22091 0500/ 50101 80134 80010 9/015=
####018000146####
SSVX13 LFPW 220500
ZZYY 16546 22091 0500/ 345183 106269 6113/ 11119 40090 52013 22219
 00104 444 20130 22091 0500/ 50101 80136 80011 9/015=
####018000146####
SSVX13 LFPW 220500
ZZYY 16537 22091 0500/ 339981 101306 6113/ 11119 40183 52006 22219
 00120 444 20130 22091 0500/ 50101 80134 80008 9/015=
####018000146####
SSVX13 LFPW 220500
ZZYY 16534 22091 0500/ 349666 060901 6113/ 11119 49885 52018 22219
 00037 444 20130 22091 0500/ 50101 80144 80003 9/015=
####018000146####
SSVX13 LFPW 220500
ZZYY 16542 22091 0500/ 344313 105994 6113/ 11119 40108 52013 22219
 00106 444 20130 22091 0500/ 50101 80136 80008 9/015=
####018000146####
SSVX13 LFPW 220500
ZZYY 16548 22091 0500/ 348540 067596 6113/ 11119 49937 57025 22219
 00030 444 20130 22091 0500/ 50101 80144 80032 9/015=
####018000146####
SSVX13 LFPW 220500
ZZYY 16549 22091 0500/ 345428 080897 6113/ 11119 40056 52008 22219
 00052 444 20130 22091 0500/ 50101 80146 80015 9/015=
####018000146####
SSVX13 LFPW 220500
ZZYY 16535 22091 0500/ 347648 082214 6113/ 11119 40010 52010 22219
 00048 444 20130 22091 0500/ 50101 80138 80019 9/015=
####018000146####
SSVX13 LFPW 220500
ZZYY 14535 22091 0500/ 314895 056905 6113/ 11119 40191 52013 22219
 00253 444 20130 22091 0500/ 50101 80104 80013 9/015=
####018000146####
SSVX13 LFPW 220500
ZZYY 16540 22091 0500/ 348294 113762 6113/ 11119 40072 57023 22219
 00067 444 20130 22091 0500/ 50101 80134 80005 9/015=
####018000146####
SSVX13 LFPW 220500
ZZYY 23583 22091 0500/ 318778 069129 6113/ 11119 40216 52009 22219
 00234 444 20130 22091 0500/ 50101 80120 80005 9/015=
####018000146####
SSVX13 LFPW 220500
ZZYY 16544 22091 0500/ 348174 107449 6113/ 11119 40023 52023 22219
 00062 444 20130 22091 0500/ 50101 80130 80011 9/015=
####018000146####
SSVX13 LFPW 220500
ZZYY 48602 22091 0500/ 785065 129104 6113/ 11119 40075 52015 22219
 01050 444 20130 22091 0500/ 50101 80146 80002 9/015=
####018000146####
SSVX13 LFPW 220500
ZZYY 16532 22091 0500/ 346420 059485 6113/ 11119 40033 52011 22219
 00082 444 20130 22091 0500/ 50101 80144 80027 9/015=
####018000146####
SSVX13 LFPW 220500
ZZYY 23584 22091 0500/ 306231 077806 6113/ 11119 40133 57003 22219
 00287 444 20130 22091 0500/ 50101 80106 80003 9/015=
####018000146####
SSVX13 LFPW 220500
ZZYY 16533 22091 0500/ 347130 061178 6113/ 11119 49989 52008 22219
 00045 444 20130 22091 0500/ 50101 80144 80024 9/015=
####018011413####
SSVX11 LFVW 220514 RRA
ZZYY 52077 21091 19004 102070 146951 6112/
11119 02906 10276 29080 40092
22219 00292
33311 88872 20000 32919 20002 32919 43439 20025 32915 43442
20050 32919 43469 20075 32918 43470 20100 32915 43472
20125 32664 43529 20150 32366 43549 20200 31528 43472
20250 31120 43455 20300 31005 43470 20500 30784 43459
20750 30518 43454
444 20120 21091 1940/ 522// 60381=
ZZYY 52077 22091 01004 102073 146956 6113/
11119 00603 10284 29076 40110
22219 00296
33311 88872 20000 32958 20002 32958 43362 20025 32911 43415
20050 32917 43452 20075 32919 43471 20100 32724 43521
20125 32492 43556 20150 32364 43548 20200 31851 43495
20250 31244 43454 20300 31037 43467 20500 30801 43459
20750 30528 43453
444 20130 21091 2352/ 522// 60381=
ZZYY 52077 22091 03004 102070 146956 6112/
11119 00402 10286 29075 40100
22219 00299
33311 88872 20000 32988 20002 32988 43345 20025 32908 43399
20050 32917 43446 20075 32919 43471 20100 32912 43477
20125 32629 43542 20150 32383 43549 20200 31719 43484
20250 31198 43452 20300 31036 43468 20500 30827 43460
20750 30542 43453
444 20120 22091 0326/ 522// 60381=
ZZYY 52073 21091 18004 104853 137281 6112/
11119 02505 10271 29085 40082
22219 00290
33311 88872 20000 32903 20002 32903 43322 20025 32926 43345
20050 32918 43398 20075 32823 20100 32580 43481 20125 32276 43486
20150 32015 43483 20200 31120 43446 20250 30929 43450
20300 30889 43457 20500 30743 43455 20750 30601 43451=
ZZYY 52086 21091 2100/ 304967 156018 6113/
11119 10267 29084 40106
22219 00290
33311 88872 20000 32896 20002 32896 43428 20025 32961
20050 32961 43490 20075 32931 20100 32874 43564 20125 32828
20150 32708 43572 20200 32157 43586 20250 31498 43519
20300 30988 43474 20500 30801 43459 20750 30597 43455
444 20130 21091 2102/ 522//=
ZZYY 52086 21091 1900/ 304961 156017 6111/
11119 10260 29087 40095
22219 00291
33311 88872 20000 32914 20002 32914 43437 20025 32960
20050 32960 43489 20075 32963 20100 32912 43551 20125 32863
20150 32803 43568 20200 32208 43585 20250 31507 43520
20300 30971 43472 20500 30792 43459 20750 30581 43454
444 20110 21091 1941/ 522//=
ZZYY 52086 21091 2200/ 304963 156014 6112/
11119 10271 29082 40113
22219 00290
33311 88872 20000 32895 20002 32895 43426 20025 32960
20050 32961 43490 20075 32958 20100 32886 43561 20125 32827
20150 32701 43572 20200 32100 43583 20250 31487 43520
20300 31005 43476 20500 30790 43459 20750 30601 43454
444 20120 21091 2211/ 522//=
ZZYY 52086 22091 0200/ 304970 156023 6112/
11119 10268 29082 40106
22219 00292
33311 88872 20000 32920 20002 32920 43430 20025 32962
20050 32960 43489 20075 32963 20100 32907 43552 20125 32834
20150 32707 43572 20200 32083 43583 20250 31473 43518
20300 30989 43474 20500 30788 43459 20750 30581 43454
444 20120 22091 0207/ 522//=
ZZYY 52086 22091 0000/ 304966 156016 6113/
11119 10275 29082 40116
22219 00290
33311 88872 20000 32904 20002 32904 43411 20025 32961
20050 32961 43489 20075 32963 20100 32895 43557 20125 32825
20150 32677 43573 20200 32065 43578 20250 31492 43519
20300 31021 43477 20500 30803 43459 20750 30595 43454
444 20130 21091 2353/ 522//=
ZZYY 52086 22091 0200/ 304970 156023 6112/
11119 10268 29082 40106
22219 00292
33311 88872 20000 32920 20002 32920 43430 20025 32962
20050 32960 43489 20075 32963 20100 32907 43552 20125 32834
20150 32707 43572 20200 32083 43583 20250 31473 43518
20300 30989 43474 20500 30788 43459 20750 30581 43454
444 20120 22091 0207/ 522//=
ZZYY 52086 22091 0000/ 304966 156016 6113/
11119 10275 29082 40116
22219 00290
33311 88872 20000 32904 20002 32904 43411 20025 32961
20050 32961 43489 20075 32963 20100 32895 43557 20125 32825
20150 32677 43573 20200 32065 43578 20250 31492 43519
20300 31021 43477 20500 30803 43459 20750 30595 43454
444 20130 21091 2353/ 522//=
ZZYY 52088 21091 19004 302008 155975 6111/
11119 01103 10270 29083 40091
22219 00294
33311 88872 20000 32937 20002 32937 43521 20025 32941 43522
20050 32941 43522 20075 32940 43528 20100 32924 43530
20125 32863 43551 20150 32822 43571 20200 32247 43585
20250 31174 43490 20300 31016 43474 20500 30749 43455
20750 30554 43452
444 20110 21091 1939/ 522// 60381=
ZZYY 52088 21091 22004 302012 155982 6113/
11119 03003 10278 29085 40117
22219 00294
33311 88872 20000 32943 20002 32943 43522 20025 32943 43523
20050 32941 43523 20075 32940 43529 20100 32897 43537
20125 32846 43565 20150 32747 43571 20200 32144 43575
20250 31053 43478 20300 31001 43473 20500 30750 43457
20750 30556 43452
444 20130 21091 2213/ 522// 60381=
ZZYY 52088 22091 0400/ 302012 155978 6113/
33311 88872 20002 32970 43509 20025 32946 43524 20050 32942 43524
20075 32938 43528 20100 32920 43532 20125 32866 43557
20150 32780 43570 20200 32044 43574 20250 31114 43485
20300 31015 43474 20500 30804 43460 20750 30573 43452
444 20130 22091 0351/ 522//=
ZZYY 52088 22091 02004 302013 155986 6112/
11119 02607 10283 29082 40098
22219 00298
33311 88872 20000 32977 20002 32977 43519 20025 32947 43521
20050 32944 43524 20075 32939 43528 20100 32927 43530
20125 32863 43558 20150 32775 43569 20200 31923 43552
20250 31117 43483 20300 31014 43474 20500 30816 43460
20750 30579 43452
444 20120 22091 0211/ 522// 60381=
ZZYY 52088 22091 00004 302013 155982 6113/
11119 02906 10280 29086 40117
22219 00295
33311 88872 20000 32950 20002 32950 43521 20025 32944 43524
20050 32942 43525 20075 32939 43530 20100 32874 43544
20125 32830 43568 20150 32656 43569 20200 31643 43535
20250 31069 43479 20300 31011 43474 20500 30822 43462
20750 30572 43452
444 20130 21091 2352/ 522// 60381=
ZZYY 52088 22091 02004 302013 155986 6112/
11119 02607 10283 29082 40098
22219 00298
33311 88872 20000 32977 20002 32977 43519 20025 32947 43521
20050 32944 43524 20075 32939 43528 20100 32927 43530
20125 32863 43558 20150 32775 43569 20200 31923 43552
20250 31117 43483 20300 31014 43474 20500 30816 43460
20750 30579 43452
444 20120 22091 0211/ 522// 60381=
ZZYY 52088 22091 00004 302013 155982 6113/
11119 02906 10280 29086 40117
22219 00295
33311 88872 20000 32950 20002 32950 43521 20025 32944 43524
20050 32942 43525 20075 32939 43530 20100 32874 43544
20125 32830 43568 20150 32656 43569 20200 31643 43535
20250 31069 43479 20300 31011 43474 20500 30822 43462
20750 30572 43452
444 20130 21091 2352/ 522// 60381=
ZZYY 52081 21091 2200/ 100073 138039 6113/
33311 88872 20002 32922 43434 20025 32925 43434 20050 32934 43449
20075 32909 43488 20100 32854 43525 20125 32489 43545
20150 32321 43544 20200 31862 43533 20250 31557 43512
20300 31471 43510 20500 30819 43459 20750 30563 43450
444 20130 21091 2226/ 522//=
ZZYY 52081 21091 2000/ 100071 138039 6113/
33311 88872 20002 32919 43430 20025 32923 43430 20050 32933 43450
20075 32912 43488 20100 32853 43523 20125 32562 43551
20150 32321 43544 20200 31885 43535 20250 31564 43515
20300 31469 43511 20500 30801 43459 20750 30560 43451
444 20130 21091 1942/ 522//=
ZZYY 52081 22091 0000/ 100072 138040 6113/
33311 88872 20002 32919 43424 20025 32923 43430 20050 32930 43455
20075 32888 43491 20100 32864 43524 20125 32528 43550
20150 32327 43543 20200 31891 43535 20250 31557 43510
20300 31486 43509 20500 30823 43460 20750 30561 43451
444 20130 21091 2353/ 522//=
ZZYY 52083 21091 22004 107969 156036 6113/
11119 00608 10287 29081 40111
22219 00297
33311 88872 20000 32965 20002 32965 43373 20025 32965 43384
20050 32943 43428 20075 32862 43465 20100 32680 43501
20125 32436 43514 20150 32068 43495 20200 31287 43451
20250 31045 43455 20300 30951 43460 20500 30779 43456
20750 30573 43453
444 20130 21091 2209/ 522// 60381=
ZZYY 52087 21091 18004 107867 136490 6113/
11119 03604 10280 29085 40073
22219 00295
33311 88872 20000 32949 20002 32949 43362 20025 32950 43363
20050 32957 43370 20075 32882 43455 20100 32700 43486
20125 32462 43495 20150 32219 43495 20200 31487 43460
20250 31171 43454 20300 31028 43455 20500 30745 43450
20750 30614 43451=
ZZYY 52087 21091 20004 107867 136490 6112/
11119 03602 10266 29092 40072
22219 00294
33311 88872 20000 32942 20002 32942 43356 20025 32948 43362
20050 32958 43372 20075 32866 43457 20100 32640 43486
20125 32398 43496 20150 32177 43492 20200 31500 43458
20250 31177 43453 20300 31001 43455 20500 30738 43451
20750 30589 43452
444 20120 21091 1939/ 522// 60381=
ZZYY 52080 21091 22004 101998 138102 6113/
11119 01407 10265 29085 40105
22219 00289
33311 88872 20000 32892 20002 32892 43367 20025 32911 43440
20050 32837 43466 20075 32861 43501 20100 32806 43539
20125 32593 43538 20150 32529 43543 20200 31725 43502
20250 31349 43474 20300 31143 43473 20500 30754 43456
20750 30528 43451
444 20130 21091 2226/ 522// 60381=
ZZYY 52080 21091 20004 101997 138102 6113/
11119 02208 10280 29081 40086
22219 00290
33311 88872 20000 32898 20002 32898 43378 20025 32915 43435
20050 32852 43448 20075 32861 43500 20100 32872 43533
20125 32642 43542 20150 32547 43540 20200 31882 43514
20250 31374 43478 20300 31137 43471 20500 30756 43456
20750 30528 43453
444 20130 21091 1941/ 522// 60381=
ZZYY 52080 21091 18004 102000 138107 6112/
11119 02202 10268 29088 40088
22219 00290
33311 88872 20000 32897 20002 32897 43370 20025 32919 43426
20050 32898 43443 20075 32857 43496 20100 32864 43511
20125 32678 43546 20150 32559 43539 20200 31955 43514
20250 31408 43483 20300 31163 43472 20500 30765 43456
20750 30530 43452
444 20120 21091 1801/ 522// 60381=
ZZYY 52080 22091 02004 101997 138100 6112/
11119 01811 10278 29083 40107
22219 00291
33311 88872 20000 32905 20002 32905 43379 20025 32916 43428
20050 32884 43440 20075 32861 43501 20100 32860 43533
20125 32630 43540 20150 32537 43541 20200 31961 43525
20250 31399 43472 20300 31226 43473 20500 30773 43457
20750 30530 43452
444 20120 22091 0133/ 522// 60381=
ZZYY 52080 22091 00004 101998 138102 6113/
11119 02009 10287 29079 40117
22219 00290
33311 88872 20000 32896 20002 32896 43376 20025 32910 43438
20050 32837 43460 20075 32860 43501 20100 32865 43533
20125 32636 43541 20150 32544 43540 20200 31929 43525
20250 31348 43473 20300 31142 43472 20500 30760 43456
20750 30527 43451
444 20130 21091 2353/ 522// 60381=
ZZYY 52080 22091 01004 101997 138100 6112/
11119 01910 10284 29080 40112
22219 00290
33311 88872 20000 32902 20125 32635 43540 20150 32543 43540
20200 31927 43525 20250 31355 43467 20500 30764 43456
444 20120 22091 0133/ 522// 60381=
ZZYY 52080 22091 03004 102005 138101 6111/
11119 0//10 10277 29080 40098
22219 00291
33311 88872 20000 32907 20002 32907 43378 20025 32917 43427
20050 32895 43442 20075 32859 43499 20100 32865 43531
20125 32640 43541 20150 32546 43539 20200 32064 43536
20250 31455 43478 20300 31217 43465 20500 30776 43456
20750 30531 43452
444 20110 22091 0328/ 522// 60381=
ZZYY 52084 22091 02004 105020 155966 6112/
11119 00606 10277 29090 40101
22219 00296
33311 88872 20000 32958 20002 32958 43359 20025 32942 43366
20050 32934 43378 20075 32875 43428 20100 32626 43497
20125 32428 43521 20150 32182 43495 20200 31332 43455
20250 31075 43459 20300 30952 43464 20500 30775 43458 20750 30600
444 20120 22091 0212/ 522// 60381=
####018014719####
SSVX11 LFVW 220514
ZZYY 52082 21091 18004 101953 155997 6113/
11119 00906 29094 40096
22219 00294
33311 88872 20000 32936 20002 32936 20025 32965 43476
20050 32960 43509 20075 32955 43512 20100 32836 43541
20125 32742 43538 20150 32565 43532 20200 31353 43459
20250 31033 43472 20300 30991 43471 20500 30816 43459
20750 30570 43453=
ZZYY 52082 21091 20004 101949 155993 6111/
11119 00302 29093 40103
22219 00290
33311 88872 20000 32897 20002 32897 20025 32963 43482
20050 32959 43510 20075 32943 43518 20100 32831 43542
20125 32738 43537 20150 32538 43529 20200 31550 43461
20250 31037 43473 20300 30989 43471 20500 30818 43458
20750 30570 43453
444 20110 21091 1939/ 522// 60381=
ZZYY 52082 21091 22004 101955 156000 6113/
11119 01801 29089 40118
22219 00292
33311 88872 20000 32923 20002 32923 20025 32963 43483
20050 32959 43511 20075 32903 43527 20100 32818 43542
20125 32707 43537 20150 32535 43532 20200 31697 43474
20250 31043 43469 20300 30984 43470 20500 30775 43458
20750 30568 43454
444 20130 21091 2210/ 522// 60381=
ZZYY 52082 22091 0400/ 101951 155994 6113/
33311 88872 20002 32975 20025 32970 43470 20050 32955 43508
20075 32954 43514 20100 32849 43541 20125 32774 43540
20150 32628 43534 20200 31415 43463 20250 31020 43473
20300 30979 43471 20500 30761 43457 20750 30572 43452
444 20130 22091 0352/ 522//=
ZZYY 52082 22091 02004 101953 155999 6112/
11119 02201 29082 40105
22219 00296
33311 88872 20000 32955 20002 32955 20025 32969 43466
20050 32960 43510 20075 32956 43514 20100 32852 43540
20125 32780 43539 20150 32615 43533 20200 31618 43466
20250 31030 43473 20300 30982 43470 20500 30744 43456
20750 30570 43453
444 20120 22091 0212/ 522// 60381=
ZZYY 52082 22091 00004 101953 155997 6113/
11119 02202 29085 40121
22219 00294
33311 88872 20000 32939 20002 32939 20025 32967 43472
20050 32960 43510 20075 32941 43518 20100 32841 43541
20125 32757 43540 20150 32571 43533 20200 31614 43467
20250 31029 43473 20300 30982 43471 20500 30770 43457
20750 30567 43454
444 20130 21091 2352/ 522// 60381=
ZZYY 52085 21091 1900/ 300014 155952 6111/
11119 10258 29088 40095
22219 00291
33311 88872 20000 32912 20002 32912 43464 20025 32927 43510
20050 32909 43526 20075 32845 43542 20100 32764 43549
20125 32738 43563 20150 32381 43559 20200 31784 43525
20250 31293 43501 20300 31105 43481 20500 30755 43456
20750 30565 43453
444 20110 21091 1940/ 522//=
ZZYY 52085 21091 2100/ 300017 155952 6113/
11119 10268 29085 40110
22219 00291
33311 88872 20000 32913 20002 32913 43472 20025 32923 43505
20050 32910 43526 20075 32845 43542 20100 32759 43547
20125 32687 43562 20150 32329 43544 20200 31795 43523
20250 31378 43507 20300 31107 43480 20500 30756 43457
20750 30568 43454
444 20130 21091 2101/ 522//=
ZZYY 52085 21091 2300/ 300018 155952 6113/
11119 10276 29082 40123
22219 00291
33311 88872 20000 32908 20002 32908 43464 20025 32921 43501
20050 32914 43524 20075 32852 43542 20100 32779 43550
20125 32754 43560 20150 32457 43567 20200 31726 43512
20250 31254 43497 20300 31101 43481 20500 30750 43456
20750 30562 43453
444 20130 21091 2241/ 522//=
ZZYY 52085 21091 1900/ 300014 155952 6111/
11119 10258 29088 40095
22219 00291
33311 88872 20000 32912 20002 32912 43464 20025 32927 43510
20050 32909 43526 20075 32845 43542 20100 32764 43549
20125 32738 43563 20150 32381 43559 20200 31784 43525
20250 31293 43501 20300 31105 43481 20500 30755 43456
20750 30565 43453
444 20110 21091 1940/ 522//=
ZZYY 52085 22091 0100/ 300018 155952 6113/
11119 10279 29082 40113
22219 00291
33311 88872 20000 32909 20002 32909 43458 20025 32922 43506
20050 32912 43525 20075 32850 43543 20100 32773 43550
20125 32752 43561 20150 32437 43570 20200 31731 43512
20250 31233 43497 20300 31099 43481 20500 30770 43457
20750 30588 43455
444 20130 21091 2352/ 522//=
ZZYY 53057 21091 22004 301603 090074 6113/
11119 02911 10277 29075 40099
33311 88872 20001 32864 43217 20024 32866 43417 20040 32866 43418
20067 32517 20080 32186 20103 31973 43524 20119 31756 20140 31584
20205 31296 20311 31174 20513 30986
444 20130 22091 0312/ 522// 60311=
ZZYY 53057 21091 23004 301603 090074 6113/
11119 03313 10277 29076 40103
33311 88872 20001 32862 43218 20023 32865 43417 20040 32865 43418
20061 32340 20080 32181 20103 31925 43529 20120 31759 20140 31610
20206 31298 20311 31162 20513 30971
444 20130 22091 0312/ 522// 60311=
ZZYY 53057 22091 00004 301603 090074 6113/
11119 03314 10277 29076 40103
33311 88872 20001 32863 43215 20024 32865 43417 20039 32865 43418
20058 32327 20080 32181 20102 31987 43531 20120 31813 20140 31650
20206 31304 20311 31161 20513 30955
444 20130 22091 0312/ 522// 60311=
ZZYY 53057 22091 01004 301603 090074 6113/
11119 02814 10280 29076 40115
33311 88872 20001 32863 43218 20023 32865 43417 20040 32865 43419
20061 32346 20081 32183 20103 31995 43533 20121 31796 20141 31636
20207 31300 20312 31153 20514 30955
444 20130 22091 0312/ 522// 60311=
ZZYY 53057 22091 02004 301603 090074 6113/
11119 02913 10283 29073 40124
33311 88872 20001 32866 43216 20023 32866 43418 20040 32866 43419
20055 32317 20080 32170 20103 31913 43531 20120 31719 20139 31568
20205 31303 20310 31156 20512 30958
444 20130 22091 0312/ 522// 60311=
ZZYY 53057 22091 03004 301603 090074 6113/
11119 03112 10281 29076 40129
33311 88872 20001 32867 43215 20024 32866 43418 20040 32866 43420
20073 32487 20080 32186 20103 31939 43532 20120 31741 20140 31568
20206 31301 20311 31152 20513 30954
444 20130 22091 0312/ 522// 60311=
ZZYY 53040 21091 0200/ 308048 095091 6113/
11119 11200 29000 40137
33311 88872 20001 32752 43429 20080 32603 20100 32380 43450
20140 31797 20196 31262 20309 31089=
ZZYY 53040 21091 0300/ 308046 095092 6113/
11119 11200 29000 40142
33311 88872 20001 32754 43429 20080 32620 20101 32347 43454
20140 31814 20196 31277 20310 31096=
ZZYY 53040 21091 0400/ 308044 095092 6113/
11119 11200 29000 40137
33311 88872 20001 32759 43429 20080 32599 20100 32333 43462
20140 31815 20196 31298 20309 31096=
ZZYY 53040 21091 0500/ 308044 095092 6113/
11119 10283 29091 40130
33311 88872 20001 32761 43429 20080 32599 20102 32349 43459
20139 31813 20195 31253 20309 31085=
ZZYY 53040 21091 0600/ 308044 095092 6113/
11119 11200 29000 40119
33311 88872 20001 32766 43429 20080 32615 20101 32336 43461
20140 31796 20196 31224 20310 31068=
ZZYY 53040 21091 0700/ 308044 095093 6113/
11119 11200 29000 40111
33311 88872 20001 32769 43429 20080 32630 20100 32336 43460
20140 31807 20196 31232 20311 31065=
ZZYY 53040 21091 0800/ 308043 095088 6113/
11119 11200 29000 40107
22219 00277
33311 88872 20000 32771 43430 20080 32630 20100 32345 43457
20139 31881 20194 31240 20307 31064=
ZZYY 53040 21091 0900/ 308041 095082 6113/
11119 10276 29094 40103
33311 88872 20001 32771 43429 20072 32630 20090 32401 43452
20125 31983 20174 31323 20274 31122=
ZZYY 53056 21091 1600/ 305035 095055 6112/
11119 10267 29083
22219 00271
33311 88872 20000 32710 20001 32710 43404 20011 32710 43410
20020 32709 43418 20040 32701 43418 20081 32085 20100 31792 43496
20120 31489 20140 31293 20200 31209 20301 31090 20501 30936
444 20120 21091 1614/ 522//=
ZZYY 53056 21091 1700/ 305035 095055 6112/
11119 10267 29083
22219 00271
33311 88872 20000 32708 20001 32708 43405 20011 32709 43410
20020 32707 43420 20040 32700 43420 20081 32085 20100 31843 43499
20120 31531 20140 31309 20200 31223 20300 31092 20501 30937
444 20120 21091 1614/ 522//=
ZZYY 53056 22091 0100/ 305045 095054 6112/
11119 10265 29082
22219 00270
33311 88872 20000 32701 20001 32701 43406 20011 32701 43412
20021 32702 43422 20040 32698 43421 20081 32080 20100 31855 43502
20120 31418 20140 31252 20200 31191 20300 31087 20500 30940
444 20120 22091 0026/ 522//=
ZZYY 53056 22091 0300/ 305041 095063 6113/
11119 10268 29082
22219 00270
33311 88872 20000 32703 20001 32703 43406 20011 32702 43411
20021 32701 43421 20040 32701 43422 20081 32137 20100 31833 43495
20119 31448 20140 31277 20200 31206 20300 31098 20500 30946
444 20130 22091 0319/ 522//=
ZZYY 53056 22091 0200/ 305040 095061 6113/
11119 10267 29081
22219 00270
33311 88872 20000 32702 20001 32702 43406 20011 32702 43411
20020 32702 43421 20040 32702 43421 20081 32136 20100 31870 43499
20120 31427 20140 31260 20200 31206 20300 31096 20500 30943
444 20130 22091 0152/ 522//=
ZZYY 53056 22091 0000/ 305042 095056 6112/
11119 10264 29083
22219 00270
33311 88872 20000 32701 20001 32701 43407 20011 32702 43412
20020 32703 43422 20040 32698 43421 20081 32081 20100 31862 43501
20119 31415 20140 31251 20200 31197 20300 31093 20500 30942
444 20120 22091 0012/ 522//=
ZZYY 52075 21091 20004 107988 130039 6113/
11119 03005 10282 29080 40081
22219 00293
33311 88872 20000 32926 20002 32926 43333 20025 32928 43333
20050 32917 43344 20075 32594 43483 20100 32281 43490
20125 32003 43481 20150 31676 43465 20200 31210 43442
20250 31004 43445 20300 30941 43453 20500 30729 43449
444 20130 21091 1939/ 522// 60381=
ZZYY 52075 21091 18004 107987 130042 6113/
11119 02707 10282 29081 40080
22219 00292
33311 88872 20000 32920 20002 32920 43329 20025 32928 43333
20050 32900 43352 20075 32631 43473 20100 32357 43490
20125 32031 43484 20150 31707 43466 20200 31226 43442
20250 31021 43438 20300 30964 43452 20500 30744 43447
444 20130 21091 1802/ 522// 60381=
ZZYY 52075 22091 01004 107985 130038 6113/
11119 03005 10290 29076 40106
22219 00293
33311 88872 20000 32932 20002 32932 43330 20025 32928 43338
20050 32916 43351 20075 32562 43485 20100 32207 43490
20300 30944 43453
444 20130 22091 0132/ 522// 60381=
ZZYY 52075 22091 03004 107986 130042 6113/
11119 02707 10289 29076 40097
22219 00293
444 20130 22091 0355/ 522// 60381=
ZZYY 52078 21091 18004 105043 146953 6112/
11119 02908 10260 29093 40097
22219 00290
33311 88872 20000 32899 20002 32899 43307 20025 32953 43366
20050 32935 43383 20075 32854 43443 20100 32555 43488
20125 32230 43498 20150 31925 43479 20200 31281 43456
20250 31051 43461 20300 30908 43462 20500 30776 43458
20750 30608 43454=
ZZYY 52078 21091 23004 105043 146949 6113/
11119 03503 10273 29082 40110
22219 00289
33311 88872 20000 32889 20002 32889 43296 20025 32951 43364
20050 32943 43375 20075 32863 43447 20100 32516 43493
20125 32186 43496 20150 31749 43474 20200 31191 43457
20250 31000 43464 20300 30910 43461 20500 30747 43456
20750 30589 43453
444 20130 21091 2240/ 522// 60381=
ZZYY 52078 22091 0100/ 105042 146947 6112/
11119 10281 29077 40108
22219 00293
33311 88872 20000 32934 20002 32934 43318 20025 32951 43361
20050 32951 43366 20075 32900 43428 20100 32696 43477
20125 32295 43503 20150 31919 43480 20200 31233 43456
20250 31027 43463 20300 30919 43461 20500 30763 43457
20750 30601 43454
444 20120 21091 2351/ 522//=
ZZYY 52078 22091 03004 105041 146950 6112/
11119 00904 10281 29078 40101
22219 00296
33311 88872 20000 32959 20002 32959 43328 20025 32953 43363
20050 32951 43365 20075 32867 43448 20100 32683 43478
20125 32395 43501 20150 32135 43493 20200 31375 43457
20250 31070 43461 20300 30932 43462 20500 30781 43457
20750 30609 43454
444 20120 22091 0327/ 522// 60381=
ZZYY 52079 21091 21004 300025 146990 6112/
11119 01208 40098
22219 00296
33311 88872 20000 32955 20002 32955 43451 20025 32945 43520
20050 32864 43538 20075 32783 43540 20100 32754 43553
20125 32710 43550 20150 32601 43563 20200 31952 43538
20250 31649 43526 20300 31139 43482 20500 30797 43458
20750 30579 43453
444 20120 21091 2102/ 522// 60381=
ZZYY 52079 21091 19004 300023 146990 6113/
11119 01405 40093
22219 00294
33311 88872 20000 32937 20002 32937 43432 20025 32928 43535
20050 32853 43538 20075 32777 43543 20100 32755 43553
20125 32709 43550 20150 32640 43565 20200 31949 43532
20250 31642 43528 20300 31129 43484 20500 30791 43458
20750 30575 43452
444 20130 21091 1941/ 522// 60381=
ZZYY 52079 21091 17004 300028 146990 6112/
11119 03603 40092
22219 00294
33311 88872 20000 32942 20002 32942 43440 20025 32921 43536
20050 32861 43539 20075 32779 43542 20100 32741 43552
20125 32699 43548 20150 32636 43567 20200 31976 43526
20250 31646 43527 20300 31192 43492 20500 30791 43458
20750 30584 43452
444 20120 21091 1647/ 522// 60381=
ZZYY 52079 21091 22004 300018 146990 6112/
11119 01210 40110
22219 00295
33311 88872 20000 32948 20002 32948 43445 20025 32946 43521
20050 32859 43538 20075 32781 43540 20100 32749 43552
20125 32703 43549 20150 32520 43567 20200 31954 43539
20250 31640 43528 20300 31105 43482 20500 30804 43459
20750 30587 43452
444 20120 21091 2213/ 522// 60381=
ZZYY 52079 22091 0400/ 300026 146994 6112/
33311 88872 20002 32972 43404 20025 32906 43539 20050 32839 43537
20075 32776 43542 20100 32759 43552 20125 32707 43551
20150 32506 43567 20200 31955 43539 20250 31640 43528
20300 31104 43481 20500 30786 43458 20750 30587 43452
444 20120 22091 0352/ 522//=
ZZYY 52079 22091 02004 300023 146980 6111/
11119 01009 40105
22219 00294
33311 88872 20000 32936 20002 32936 43398 20025 32922 43533
20050 32854 43539 20075 32780 43540 20100 32762 43553
20125 32709 43550 20150 32507 43568 20200 31952 43539
20250 31645 43527 20300 31103 43481 20500 30829 43460
20750 30584 43452
444 20110 22091 0212/ 522// 60381=
ZZYY 52079 22091 00004 300028 146997 6112/
11119 01107 40115
22219 00295
33311 88872 20000 32951 20002 32951 43452 20025 32940 43527
20050 32853 43538 20075 32778 43542 20100 32743 43552
20125 32696 43548 20150 32296 43569 20200 31936 43540
20250 31607 43528 20300 31096 43480 20500 30810 43460
20750 30588 43453
444 20120 21091 2353/ 522// 60381=
ZZYY 52077 21091 21004 102074 146948 6112/
11119 03104 10280 29077 40099
22219 00289
33311 88872 20000 32890 20002 32890 43373 20025 32909 43418
20050 32916 43449 20075 32919 43471 20100 32915 43473
20125 32589 43551 20150 32363 43549 20200 31619 43478
20250 31195 43455 20300 31030 43472 20500 30814 43459
20750 30527 43453
444 20120 21091 2101/ 522// 60381=
ZZYY 52077 21091 23004 102075 146954 6112/
11119 00201 10287 29074 40112
22219 00292
33311 88872 20000 32921 20002 32921 43377 20025 32911 43424
20050 32919 43466 20075 32903 43477 20100 32652 43537
20125 32429 43557 20150 32362 43548 20200 31769 43491
20250 31289 43456 20300 31056 43460 20500 30823 43460
20750 30528 43454
444 20120 21091 2241/ 522// 60381=
####018001445####
SSVX13 LFVW 220514
ZZYY 55573 22091 0430/ 309374 142800 6113/
11119 40115 57026
22219 00261
444 20130 21091 2247/ 50101 80100 80000 9/015=
ZZYY 55590 22091 0330/ 328563 170163 6111/
11119 40123 57057
22219 00193
444 20110 22091 0315/ 50101 80009 80000 9/015=
ZZYY 55590 22091 0430/ 328563 170163 6111/
11119 40142 57024
22219 00193
444 20110 22091 0315/ 50101 80009 80000 9/015=
ZZYY 51682 22091 0430/ 311320 159621 6112/
11119 40100
22219 00286
444 20120 22091 0500/ 50101 80080 80098 9/015=
ZZYY 51682 22091 0500/ 311320 159621 6112/
11119 40097
22219 00286
444 50101 80080 80098 9/015=
ZZYY 52751 22091 0500/ 315944 170201 6111/
11119 40125
22219 00268
444 50101 80080 80100 9/015=
ZZYY 52751 22091 0430/ 315944 170201 6111/
11119 40123
22219 00268
444 20110 22091 0500/ 50101 80080 80098 9/015=
ZZYY 55577 22091 0500/ 332953 158287 6113/
11119 30224 40224 57012
444 20130 22091 0458/ 50101 80110 80081 9/015=
ZZYY 55577 22091 0400/ 332983 158294 6113/
11119 30224 40224 57014
444 20130 22091 0343/ 50101 80100 80100 9/015=
ZZYY 55578 22091 0350/ 339826 158152 6112/
11119 30199 40199 57002
444 20120 22091 0342/ 50101 80090 80000 9/015=
ZZYY 55578 22091 0450/ 339814 158149 6112/
11119 30199 40199 57002
444 20120 22091 0457/ 50101 80090 80000 9/015=
ZZYY 55081 22091 0440/ 349669 178807 6112/
11119 30172 40172 52004
444 20120 22091 0313/ 50101 9/015=
####018000146####
SSVX13 LFPW 220500
ZZYY 16531 22091 0500/ 341560 066614 6113/ 11119 40159 52012 22219
 00079 444 20130 22091 0500/ 50101 80144 80011 9/015=
