####018000155####
SSVX13 KARS 211812
ZZYY 21574 21091 1650/ 142122 171192 6112/
11119 30202 40202 52004
22219 00187
444 20120 21091 1610/ 50101 80120 80100 9/015=
####018000149####
SSVX12 KARS 211812
ZZYY 48518 21091 1800/ 774179 156491 6111/
11119 11001 40016 52001
22219 00225
444 20110 21091 1738/ 501// 80140 80000=
####018000201####
SSVX07 KARS 211812
ZZYY 48536 21091 1800/ 173120 153708 6112/
11119 11008 40077
444 20120 21091 1739/=
ZZYY 48534 21091 1800/ 783367 046224 6112/
11119 11105 40170
444 20120 21091 1736/=
####018000529####
SSVX06 KARS 211812
ZZYY 47558 21091 1804/ 773758 081643 6113/
444 20130 21091 1759/ 500// 9/000=
ZZYY 48506 21091 1802/ 779550 119112 6111/
11119 40054
444 20110 21091 1735/ 500//=
ZZYY 47554 21091 1804/ 774316 111713 6112/
444 20120 21091 1800/ 500// 9/000=
ZZYY 48505 21091 1805/ 780185 127778 6112/
11119 40039
444 20120 21091 1716/ 500//=
ZZYY 47553 21091 1804/ 779340 103379 6112/
444 20120 21091 1801/ 500// 9/000=
ZZYY 48713 21091 1802/ 175310 165352 6112/
444 20120 21091 1738/ 500// 9/000=
####018009923####
SSVX08 KARS 211812
ZZYY 51011 20091 1200/ 500157 124395 6111/
33311 88872 20001 32246 43477 20020 32119 20040 32003 20060 31663
20080 31439 20100 31421 20120 31423 20140 31403 20180 31323
20300 31217 20500 30828
444 20110 20091 1141/ 521//=
ZZYY 51011 21091 15004 500164 124393 6111/
11119 01113 10218 29093
22219 00226
444 20110 21091 1436/ 521// 60401=
ZZYY 51011 21091 16004 500158 124393 6111/
11119 01310 10227 29092
22219 00225=
ZZYY 51015 20091 1200/ 705099 124946 6111/
33311 88872 20001 32691 43479 20020 32683 20040 32680 20060 32670
20080 32557 20100 32512 20120 32360 20140 32055 20180 31237
20300 30970 20500 30797
444 20110 20091 1140/ 521//=
ZZYY 51015 21091 15004 705098 124944 6111/
11119 01713 10261 29080
22219 00268
444 20110 21091 1434/ 521// 60401=
ZZYY 32318 20091 1200/ 504978 110000 6111/
33311 88872 20001 32411 43521 20040 32403 20060 32365 20080 31737
20100 31484 20120 31411 20140 31354 20180 31301 20300 31171
20500 30862
444 20110 20091 1011/ 521//=
ZZYY 32318 21091 15004 504988 110003 6111/
11119 01018 10227 29084
22219 00241
444 20110 21091 1539/ 521// 60401=
ZZYY 32318 21091 16004 504986 110003 6111/
11119 01118 10237 29073
22219 00241
444 20110 21091 1557/ 521// 60401=
ZZYY 14043 20091 1200/ 312206 067221 6111/
33311 88872 20001 32608 43524 20020 32609 43523 20040 32608 43525
20060 32608 43525 20080 32607 20100 32546 20120 32090 20140 31884
20180 31635 20300 31164 20500 30851
444 20110 20091 1057/ 521//=
ZZYY 14043 21091 16004 312192 067211 6111/
11119 01120 10256 29075 40165
22219 00260
444 20110 21091 1614/ 521// 60401=
ZZYY 51008 20091 1200/ 702014 140021 6111/
33311 88870 20040 32615 20060 32579 20080 32448 20100 32311
20120 32006 20140 31572 20180 31361 20300 31153 20500 30913
444 20110 20091 1151/ 521//=
ZZYY 51008 21091 15004 702017 140021 6111/
11119 01213 10249 29079
444 20110 21091 1539/ 521// 60401=
ZZYY 43301 20091 12004 707993 094888 6111/
11119 02117 10270 29086
22219 00276
33311 88872 20000 32764 20001 32767 43282 20020 32640 20040 31702
20060 31416 20080 31339 20100 31318 20120 31302 20140 31274
20180 31231 20300 31091 20500 30817
444 20110 20091 1257/ 521// 60401=
ZZYY 32317 20091 1200/ 502008 110318 6112/
33311 88872 20001 32233 43478 20020 32170 20040 32045 20060 31985
20080 31525 20100 31343 20120 31325 20140 31313 20180 31284
20300 31179 20500 30851
444 20120 20091 1320/ 521//=
ZZYY 32317 21091 1500/ 501916 110428 6111/
11119 10227 29087
22219 00222
444 20110 21091 1540/ 521//=
ZZYY 32321 20091 12004 700219 095423 6111/
11119 01711 10210 29079
22219 00215
33311 88872 20000 32154 20001 32167 43441
444 20110 20091 1259/ 521// 60401=
ZZYY 32321 21091 15004 700215 095432 6113/
11119 01409 10207 29083
22219 00208
444 20130 21091 1525/ 521// 60401=
ZZYY 32304 20091 12004 505074 095073 6112/
11119 01508 10222 29070
22219 00220
33311 88872 20000 32204 20001 32212 43516 20020 32205 20040 32192
20060 31737 20080 31481 20100 31426 20120 31384 20140 31350
20180 31306 20300 31206 20500 30842
444 20120 20091 1301/ 521// 60401=
ZZYY 32304 21091 15004 505074 095072 6112/
11119 01214 10222 29081
22219 00220
444 20120 21091 1529/ 521// 60401=
ZZYY 32303 20091 12004 704915 094990 6111/
11119 01814 10254 29081
22219 00273
33311 88872 20000 32728 20001 32732 43299 20040 32490 20060 32010
20080 31794 20100 31556 20120 31414 20140 31376 20180 31327
20300 31141
444 20110 20091 1257/ 521// 60401=
ZZYY 32303 21091 15004 704943 095003 6113/
11119 01904 10259 29068
22219 00272
444 20130 21091 1525/ 521// 60401=
ZZYY 51307 20091 1200/ 708026 124996 6111/
33311 88872 20001 32755 43382 20020 32739 20040 32738 20060 32465
20080 31490 20100 31300 20120 31242 20140 31201 20180 31130
20300 31008 20500 30818
444 20110 20091 1139/ 521//=
ZZYY 14041 20091 12004 307935 055071 6112/
11119 00612 10262 29089
22219 00271
33311 88872 20000 32709 20001 32700 43545 20020 32693 43532
20040 32693 43540
444 20120 20091 1213/ 521// 60401=
ZZYY 14041 21091 16004 307937 055073 6111/
11119 01021 10263 29089
22219 00271
444 20110 21091 1627/ 521// 60401=
ZZYY 51308 20091 1200/ 507971 124989 6111/
33311 88872 20001 32573 43551 20020 32571 20040 32568 20060 32567
20080 32566 20100 32410 20120 32213 20140 32096 20180 31549
20300 31089 20500 30840
444 20110 20091 1143/ 521//=
ZZYY 51308 21091 15004 507973 124991 6112/
11119 01214 10251 29071
22219 00257
444 20120 21091 1541/ 521// 60401=
ZZYY 51308 21091 16004 507972 124993 6112/
11119 01214 10254 29071
22219 00257=
ZZYY 51311 20091 1200/ 700004 139937 6112/
33311 88872 20001 32359 43504 20020 32278 43482 20040 32179
20060 32098 20080 31956 20100 31771 20120 31638 20140 31549
20180 31343 20300 31220
444 20120 20091 1151/ 521//=
ZZYY 51311 21091 15004 500009 139928 6111/
11119 01013 10240 29086 40110
22219 00238
444 20110 21091 1540/ 521// 60401=
ZZYY 51016 20091 1200/ 701949 125048 6111/
33311 88870 20001 32620 20020 32622 20040 32621 20060 32490
20080 32065 20100 31588 20120 31465 20140 31385 20300 31163
20500 30874
444 20110 20091 1141/ 521//=
ZZYY 51016 21091 15004 701944 125055 6111/
11119 01314 10238 29083
22219 00269
444 20110 21091 1436/ 521// 60401=
ZZYY 32316 20091 1200/ 702047 110043 6111/
33311 88872 20001 32496 43391 20040 32190 20060 31660 20080 31447
20100 31373 20120 31347 20140 31338 20180 31318 20300 31147
20500 30829
444 20110 20091 1319/ 521//=
ZZYY 32316 21091 15004 702045 110043 6111/
11119 01418 10214 29087
22219 00221
444 20110 21091 1537/ 521// 60401=
ZZYY 43001 20091 1200/ 708043 110136 6111/
33311 88872 20001 32751 43306 20020 32746 20040 32723 20060 32304
20080 31811 20100 31468 20120 31326 20140 31246 20180 31157
20300 31038 20500 30877
444 20110 20091 1317/ 521//=
ZZYY 43001 21091 15004 708045 110127 6111/
11119 02019 10251 29095
22219 00274
444 20110 21091 1526/ 521// 60401=
ZZYY 32319 20091 1200/ 507985 110073 6111/
33311 88872 20001 32375 43509 20020 32370 20040 32367 20060 32366
20080 32334 20100 31910 20120 31534 20140 31424 20180 31338
20300 31163 20500 30856
444 20110 20091 1322/ 521//=
ZZYY 32319 21091 15004 507986 110078 6111/
11119 01015 10241 29072
22219 00239
444 20110 21091 1539/ 521// 60401=
ZZYY 32319 21091 16004 507992 110077 6111/
11119 00813 10242 29071
22219 00240=
ZZYY 51006 20091 1200/ 709010 140231 6113/
33311 88872 20001 32753 43392 20020 32780 20040 32736 20060 32181
20080 31610 20100 31281 20120 31207 20140 31152 20180 31088
20300 30987 20500 30829
444 20130 20091 1148/ 521//=
ZZYY 51006 21091 15004 708996 140234 6112/
11119 00905 10259 29090
22219 00277
444 20120 21091 1538/ 521// 60401=
ZZYY 14046 20091 12004 316004 055000 6111/
11119 01116 10246 29087 40174
33311 88872 20020 32456 43535 20040 32455 43555 20060 32455 43531
20080 32458 20100 32409 20120 32239 20140 32082 20500 30956
444 20110 20091 1212/ 521// 60401=
ZZYY 32323 20091 1200/ 700044 109918 6111/
33311 88872 20001 32150 43466 20020 31886 43478 20040 31651 43488
20060 31556 43496 20080 31463 20100 31438 20120 31403 20140 31369
20180 31290 20300 31156 20500 30815
444 20110 20091 1320/ 521//=
ZZYY 32323 21091 15004 700046 109915 6111/
11119 01211 10213 29094 40122
22219 00210
444 20110 21091 1527/ 521// 60401=
ZZYY 32323 21091 16004 700044 109917 6113/
11119 01109 10212 29095 40128
22219 00211
444 20130 21091 1556/ 521// 60401=
ZZYY 51017 20091 1200/ 502014 124900 6113/
33311 88872 20001 32307 43471 20020 32264 20040 32245 20080 32202
20100 31692 20120 31380 20140 31328 20180 31279 20300 31184
20500 30828
444 20130 20091 1141/ 521//=
ZZYY 51017 21091 15004 502015 124906 6112/
11119 00807 10228 29071
22219 00232
444 20120 21091 1540/ 521// 60401=
ZZYY 51017 21091 16004 502016 124904 6112/
11119 01006 10234 29071
22219 00232
444 20120 21091 1557/ 521// 60401=
ZZYY 32305 20091 12004 508023 095271 6111/
11119 01212 10211 29075
22219 00228
33311 88872 20000 32276 20001 32282 43527
444 20110 20091 1230/ 521// 60401=
ZZYY 32305 21091 15004 508025 095256 6111/
11119 01314 10207 29084
22219 00228
444 20110 21091 1529/ 521// 60401=
ZZYY 14042 20091 12004 312037 054984 6111/
11119 00914 10259 29089 40144
22219 00259
33311 88872 20000 32595 20001 32587 43552 20020 32585 43557
20040 32584 43557 20060 32586 43560 20080 32576 20100 32301
20140 31871 20180 31655 20300 31199
444 20110 20091 1213/ 521// 60401=
ZZYY 14042 21091 16004 312028 054986 6111/
11119 01117 10255 29078 40168
22219 00259
444 20110 21091 1644/ 521// 60401=
ZZYY 32320 20091 12004 702113 095420 6111/
11119 01812 10230 29073
33311 88870 20040 31959 20060 31709 20080 31563 20100 31467
20120 31408 20140 31383 20180 31324 20300 31089 20500 30807
444 20110 20091 0956/ 521// 60401=
ZZYY 32320 21091 15004 702112 095411 6112/
11119 01406 10225 29074
444 20120 21091 1526/ 521// 60401=
ZZYY 32315 20091 1200/ 705008 110064 6111/
33311 88872 20001 32693 43398 20020 32693 20040 32694 20060 32701
20080 32673 20100 31954 20120 31416 20140 31302 20180 31167
20300 31037 20500 30804
444 20110 20091 1318/ 521//=
ZZYY 32315 21091 15004 705023 110068 6111/
11119 01814 10247 29081
22219 00268
444 20110 21091 1524/ 521// 60401=
ZZYY 28401 20091 1200/ 132409 144532 6112/
33311 88872 20001 32750 43316 20040 32403 20060 31218 20080 32332
444 20120 20091 1142/ 521//=
ZZYY 28401 21091 17004 132443 144527 6112/
11119 01929 10276 29086
22219 00274
444 20120 21091 1641/ 521// 60401=
ZZYY 51009 21091 15004 502036 140011 6111/
11119 00913 10249 29085
444 20110 21091 1541/ 521// 60401=
ZZYY 51009 21091 16004 502035 140016 6111/
11119 00912 10253 29083=
####018014923####
SSVX02 KARS 211812
ZZYY 53604 21091 1757/ 133276 150990 6112/
22219 00276
444 20120 21091 1753/ 50101 80132 80001 9/015=
ZZYY 32679 21091 1757/ 128222 158771 6111/
22219 00275
444 50101 80102 80001 9/015=
ZZYY 52804 21091 1758/ 117090 157400 6113/
22219 00290
444 20130 21091 1755/ 50101 80115 80004 9/015=
ZZYY 21514 21091 1740/ 139115 145431 6111/
11119 39902 49902 52202
22219 00228
444 20110 21091 1753/ 50101 80120 80024 9/015=
ZZYY 14940 21091 1755/ 138528 149095 6112/
444 20120 21091 1605/ 50101 9/015=
ZZYY 21530 21091 1620/ 140590 152654 6111/
11119 30080 40080 52236
22219 00232
444 20110 21091 1630/ 50101 80120 80014 9/015=
ZZYY 52841 21091 1759/ 119401 158111 6113/
22219 00287
444 20130 21091 1756/ 50101 80146 80014 9/015=
ZZYY 52920 21091 1759/ 121129 151003 6113/
22219 00282
444 20130 21091 1756/ 50101 80121 80022 9/015=
ZZYY 21915 21091 1756/ 137416 146641 6112/
22219 00260
444 20120 20091 2224/ 50101 80110 80012 9/015=
ZZYY 52827 21091 1759/ 121997 161657 6112/
22219 00284
444 20120 21091 1611/ 50101 80144 80004 9/015=
ZZYY 52617 21091 1801/ 120758 157180 6112/
22219 00279
444 20120 21091 1756/ 50101 80123 80000 9/015=
ZZYY 51955 21091 1758/ 129842 179878 6113/
22219 00271
444 20130 21091 1612/ 50101 80148 80009 9/015=
ZZYY 46605 21091 1756/ 730648 176137 6113/
22219 00268
444 20130 21091 1610/ 50101 80142 80006 9/015=
ZZYY 46925 21091 1710/ 147400 166300 6112/
11119 30163 40163 52007
444 20120 21091 1629/ 50101 80077 80005 9/015=
ZZYY 51853 21091 1759/ 130082 162144 6111/
22219 00279
444 20110 21091 1637/ 50101 80121 80021 9/015=
ZZYY 21624 21091 1640/ 135952 154535 6112/
11119 30157 40157 52250
22219 00256
444 20120 21091 1638/ 50101 80100 80005 9/015=
ZZYY 21966 21091 1730/ 134258 167956 6111/
11119 30238 40238 52002
22219 00260
444 20110 21091 1745/ 50101 80120 80014 9/015=
ZZYY 51648 21091 1759/ 304820 163811 6112/
22219 00292
444 20120 21091 1621/ 50101 80107 80007 9/015=
ZZYY 21926 21091 1757/ 134168 159492 6111/
22219 00271
444 20110 21091 1745/ 50101 80110 80008 9/015=
ZZYY 52836 21091 1758/ 117638 143044 6112/
22219 00289
444 20120 21091 1641/ 50101 80126 80002 9/015=
ZZYY 21932 21091 1740/ 133861 178239 6112/
11119 30208 40208 54000
22219 00256
444 20120 21091 1611/ 50101 80120 80038 9/015=
ZZYY 53907 21091 1720/ 118160 139046 6111/
11119 30093 40093 52242
22219 00291
444 20110 21091 1756/ 50101 80110 80012 9/015=
ZZYY 52594 21091 1758/ 130482 151542 6113/
22219 00274
444 20130 21091 1755/ 50101 80126 80003 9/015=
ZZYY 53904 21091 1755/ 142179 171719 6111/
22219 00190
444 20110 21091 1744/ 50101 80132 80006 9/015=
ZZYY 22528 21091 1756/ 131596 142037 6111/
22219 00231
444 20110 21091 1754/ 50101 80096 80255 9/015=
ZZYY 52907 21091 1802/ 112435 138580 6111/
444 20110 21091 1757/ 50101 80120 80003 9/015=
ZZYY 43517 21091 1710/ 734363 167754 6111/
444 20110 21091 1613/ 50101 9////=
ZZYY 51816 21091 1747/ 727651 170100 6112/
22219 00270
444 20120 21091 1612/ 50101 80078 80018 9/015=
ZZYY 51930 21091 1757/ 727738 176962 6113/
22219 00271
444 20130 21091 1611/ 50101 80115 80023 9/015=
ZZYY 43522 21091 1759/ 125994 177334 6113/
22219 00283
444 20130 21091 1612/ 50101 80076 80003 9/015=
ZZYY 51927 21091 1759/ 117356 171062 6113/
22219 00287
444 20130 21091 1614/ 50101 80088 80005 9/015=
ZZYY 21545 21091 1750/ 122651 162951 6111/
11119 30175 40175 52002
22219 00281
444 20110 21091 1756/ 50101 80120 80092 9/015=
ZZYY 21545 21091 1700/ 122643 162948 6112/
11119 30171 40171 57005
22219 00281
444 20120 21091 1612/ 50101 80120 80100 9/015=
ZZYY 51617 21091 1758/ 710110 173363 6111/
22219 00280
444 20110 21091 1612/ 50101 80045 80000 9/015=
ZZYY 52613 21091 1758/ 105717 142598 6111/
22219 00290
444 20110 21091 1644/ 50101 80120 80031 9/015=
ZZYY 21910 21091 1756/ 128732 173961 6112/
22219 00279
444 20120 21091 1612/ 50101 80122 80010 9/015=
ZZYY 52601 21091 1801/ 120146 157900 6113/
22219 00285
444 20130 21091 1757/ 50101 80115 80008 9/015=
ZZYY 51531 21091 1759/ 307251 154693 6113/
22219 00290
444 20130 21091 1622/ 50101 80115 80004 9/015=
ZZYY 51909 21091 1757/ 136517 151318 6112/
22219 00271
444 20120 21091 1745/ 50101 80046 80000 9////=
ZZYY 51901 21091 1801/ 312888 159264 6113/
22219 00280
444 20130 21091 1625/ 50101 80115 80006 9/015=
ZZYY 14946 21091 1758/ 132299 170874 6111/
22219 00272
444 20110 21091 1744/ 50101 8//// 80000 9/015=
ZZYY 22919 21091 1757/ 131704 170465 6111/
22219 00277
444 20110 21091 1745/ 50101 80009 80000 9/015=
ZZYY 51868 21091 1758/ 120512 167452 6112/
22219 00283
444 20120 21091 1756/ 50101 80103 80009 9/015=
ZZYY 51892 21091 1801/ 710154 179069 6112/
22219 00281
444 20120 21091 1756/ 50101 80109 80005 9/015=
ZZYY 53525 21091 1756/ 136865 149688 6111/
22219 00260
444 20110 21091 1754/ 50101 80136 80002 9/015=
ZZYY 52618 21091 1758/ 709475 175748 6111/
22219 00279
444 20110 21091 1755/ 50101 80117 80003 9/015=
ZZYY 22536 21091 1757/ 131798 176435 6112/
22219 00269
444 20120 21091 1745/ 50101 80010 80001 9////=
ZZYY 51859 21091 1758/ 129054 151872 6111/
22219 00275
444 20110 21091 1755/ 50101 80480 80004 9/015=
ZZYY 21964 21091 1720/ 134948 174810 6111/
11119 30211 40211 52005
22219 00252
444 20110 21091 1744/ 50101 80009 80000 9////=
ZZYY 21948 21091 1758/ 130346 152722 6112/
22219 00275
444 20120 21091 1452/ 50101 80110 80035 9/015=
ZZYY 46909 21091 1758/ 719898 175867 6111/
444 20110 21091 1755/ 50101 80112 80000 9/015=
ZZYY 22572 21091 1757/ 137158 155238 6111/
22219 00254
444 20110 21091 1744/ 50101 80010 80083 9////=
ZZYY 21890 21091 1757/ 136410 149855 6112/
22219 00255
444 20120 21091 1451/ 50101 80120 80064 9/015=
ZZYY 46764 21091 1756/ 720824 177202 6113/
22219 00278
444 20130 21091 1612/ 50101 80072 80019 9/015=
ZZYY 51657 21091 1759/ 506813 179005 6112/
22219 00280
444 20120 21091 1616/ 50101 80117 80003 9/015=
ZZYY 52668 21091 1758/ 114729 138006 6112/
22219 00295
444 20120 21091 1640/ 50101 80120 80255 9/015=
ZZYY 51628 21091 1754/ 127643 179818 6113/
22219 00273
444 20130 21091 1612/ 50101 80088 80023 9/015=
ZZYY 51864 21091 1756/ 133382 146708 6112/
22219 00276
444 20120 21091 1745/ 50101 80117 80015 9/015=
ZZYY 52915 21091 1758/ 122062 159857 6111/
22219 00283
444 20110 21091 1756/ 50101 80144 80009 9/015=
ZZYY 51860 21091 1757/ 116060 156051 6111/
22219 00289
444 20110 21091 1641/ 50101 80117 80006 9/015=
ZZYY 22578 21091 1757/ 131515 173322 6112/
22219 00270
444 20120 21091 1746/ 50101 80010 80000 9/015=
ZZYY 53910 21091 1757/ 137863 163093 6111/
22219 00263
444 20110 21091 1744/ 50101 80136 80001 9/015=
ZZYY 21533 21091 1640/ 143507 149870 6112/
11119 30083 40083 57034
22219 00171
444 20120 21091 1628/ 50101 80120 80052 9/015=
ZZYY 51848 21091 1758/ 132160 166301 6111/
22219 00274
444 20110 21091 1745/ 50101 80117 80003 9/015=
ZZYY 22634 21091 1759/ 128822 149205 6111/
22219 00278
444 20110 21091 1756/ 50101 80048 80000 9////=
ZZYY 22626 21091 1759/ 132854 163106 6112/
22219 00272
444 20120 21091 1745/ 50101 80008 80000 9////=
ZZYY 51858 21091 1801/ 116523 157963 6113/
22219 00289
444 20130 21091 1757/ 50101 80119 80012 9/015=
ZZYY 53578 21091 1756/ 140472 155364 6111/
22219 00221
444 20110 21091 1749/ 50101 80108 80013 9/015=
ZZYY 52678 21091 1758/ 127977 161327 6112/
22219 00276
444 20120 21091 1746/ 50101 8//// 80017 9////=
ZZYY 22610 21091 1758/ 127431 152750 6111/
22219 00274
444 20110 21091 1756/ 50101 80009 80000 9////=
ZZYY 52908 21091 1755/ 121098 155518 6112/
22219 00284
444 20120 21091 1454/ 50101 80144 80004 9/015=
ZZYY 52671 21091 1801/ 103883 145742 6112/
22219 00290
444 20120 21091 1644/ 50101 80120 80025 9/015=
ZZYY 52842 21091 1757/ 131868 163923 6111/
22219 00274
444 20110 21091 1746/ 50101 80010 80020 9/015=
ZZYY 52662 21091 1802/ 102908 145777 6111/
22219 00288
444 20110 21091 1643/ 50101 80120 80029 9/015=
ZZYY 52901 21091 1758/ 132607 169949 6111/
22219 00268
444 20110 21091 1744/ 50101 80010 80090 9/015=
ZZYY 32552 21091 1756/ 122928 169729 6112/
22219 00271
444 20120 21091 1613/ 50101 80049 80022 9/015=
ZZYY 21923 21091 1756/ 139755 154648 6112/
22219 00226
444 20120 21091 1744/ 50101 80120 80039 9/015=
ZZYY 51536 21091 1759/ 110153 166166 6113/
22219 00287
444 20130 21091 1756/ 50101 80095 80005 9/015=
ZZYY 51829 21091 1758/ 127203 144305 6111/
22219 00274
444 20110 21091 1755/ 50101 80119 80009 9/015=
ZZYY 51972 21091 1759/ 311556 167636 6112/
22219 00287
444 20120 21091 1624/ 50101 80081 80005 9/015=
ZZYY 51644 21091 1758/ 311298 154767 6113/
22219 00281
444 20130 21091 1621/ 50101 80087 80005 9/015=
ZZYY 51855 21091 1757/ 133196 175449 6111/
22219 00260
444 20110 21091 1745/ 50101 80113 80006 9/015=
ZZYY 52838 21091 1757/ 126555 143344 6113/
22219 00277
444 20130 21091 1640/ 50101 80123 80014 9/015=
ZZYY 21901 21091 1759/ 126979 159477 6112/
22219 00277
444 20120 21091 1756/ 50101 80123 80005 9/015=
ZZYY 46908 21091 1759/ 124086 164008 6112/
22219 00282
444 20120 21091 1613/ 50101 80088 80037 9/015=
ZZYY 52815 21091 1758/ 129009 162061 6112/
22219 00278
444 20120 21091 1746/ 50101 80121 80009 9/015=
ZZYY 21538 21091 1757/ 126144 163152 6111/
22219 00279
444 20110 21091 1613/ 50101 80121 80017 9/015=
ZZYY 51668 21091 1758/ 122981 148015 6112/
444 20120 21091 1756/ 50101 80121 80022 9/015=
ZZYY 21521 21091 1758/ 135667 163652 6111/
22219 00256
444 20110 21091 1745/ 50101 80110 80002 9/015=
ZZYY 52906 21091 1759/ 115049 163803 6113/
22219 00289
444 20130 21091 1756/ 50101 80087 80018 9/015=
ZZYY 52611 21091 1758/ 130134 166651 6111/
22219 00273
444 20110 21091 1745/ 50101 80107 80000 9/015=
ZZYY 21961 21091 1756/ 134111 150313 6112/
22219 00274
444 20120 21091 1457/ 50101 80110 80105 9/015=
ZZYY 32713 21091 1801/ 305946 174896 6111/
22219 00285
444 20110 21091 1758/ 50101 80550 80034 9/015=
ZZYY 51870 21091 1759/ 304356 173556 6111/
444 20110 21091 1757/ 50101 80113 80012 9/015=
ZZYY 51744 21091 1758/ 134554 168006 6112/
22219 00266
444 20120 21091 1611/ 50101 80121 80005 9/015=
ZZYY 32667 21091 1758/ 127650 158277 6111/
22219 00278
444 20110 21091 1746/ 50101 80049 80000 9////=
ZZYY 63964 21091 1803/ 173754 023064 6111/
444 20110 21091 1735/ 50101 80009 80011 9/015=
ZZYY 63948 21091 1802/ 175359 035638 6111/
22219 00056
444 20110 21091 1736/ 50101 80008 80006 9/015=
ZZYY 63561 21091 1750/ 775964 000030 6111/
22219 00049
33311 88872 20000 30490 42048
444 20110 21091 1730/ 50101 80070 80100 9/015=
ZZYY 48659 21091 1800/ 788158 158566 6112/
11119 30095 40095 57006
22219 01100
444 20120 21091 1758/ 50101 80145 80001 9/015=
ZZYY 48656 21091 1750/ 780661 160343 6113/
22219 01022
444 20130 21091 1736/ 50101 80123 80001 9/015=
ZZYY 63584 21091 1803/ 777769 002075 6111/
22219 00043
444 50101 80007 80010 9/015=
ZZYY 46561 21091 1800/ 754068 144578 6111/
11119 39826 49826 52022
22219 00112
444 20110 21091 1741/ 50101 80145 80035 9/015=
ZZYY 64933 21091 1740/ 769258 002931 6111/
22219 00100
33311 88872 20000 31000 43511
444 20110 21091 1731/ 50101 80010 80014 9////=
ZZYY 63569 21091 1800/ 175103 002880 6111/
22219 00059
33311 88872 20000 30590 42048
444 20110 21091 1731/ 50101 80080 80100 9/015=
ZZYY 64930 21091 1800/ 776455 000571 6112/
22219 00047
33311 88872 20000 30470 43491
444 20120 21091 1732/ 50101 80011 80100 9////=
ZZYY 48652 21091 1750/ 788158 158545 6112/
11119 30092 40092 57006
22219 01052
444 20120 21091 1801/ 50101 80110 80004 9/015=
ZZYY 48673 21091 1803/ 776618 124028 6112/
444 20120 21091 1757/ 500// 9/000=
ZZYY 32675 21091 1602/ 703848 138532 6112/
22219 00261
444 20120 21091 1552/ 50101 80120 80094 9/015=
ZZYY 51969 21091 1605/ 506045 135048 6113/
22219 00255
444 20130 21091 1600/ 50101 80120 80027 9/015=
ZZYY 55910 21091 1610/ 553417 112061 6112/
11119 39932 49932 52012
22219 00051
444 20120 21091 1613/ 50101 80100 80000 9/015=
ZZYY 51795 21091 1606/ 505987 132431 6112/
22219 00248
444 20120 21091 1600/ 50101 80120 80040 9/015=
ZZYY 51967 21091 1559/ 706266 134029 6112/
22219 00270
444 20120 21091 1551/ 50101 80120 80034 9/015=
ZZYY 51518 21091 1605/ 501324 121425 6112/
22219 00232
444 20120 21091 1551/ 50101 80120 80027 9/015=
ZZYY 51679 21091 1601/ 704662 133832 6112/
22219 00266
444 20120 21091 1552/ 50101 80120 80032 9/015=
ZZYY 46769 21091 1558/ 721375 123371 6113/
22219 00241
444 20130 21091 1546/ 50101 80116 80103 9/015=
ZZYY 46616 21091 1558/ 721947 119223 6113/
22219 00234
444 20130 21091 1546/ 50101 80114 80099 9/015=
ZZYY 46609 21091 1556/ 722204 128685 6113/
22219 00225
444 20130 21091 1548/ 50101 80112 80110 9/015=
ZZYY 46559 21091 1559/ 712788 122230 6113/
22219 00278
444 20130 21091 1548/ 50101 80110 80011 9/015=
ZZYY 46583 21091 1558/ 716921 130551 6113/
22219 00255
444 20130 21091 1547/ 50101 80098 80032 9/015=
ZZYY 32676 21091 1550/ 500951 115295 6113/
11119 30129 40129 52020
22219 00221
444 20130 21091 1551/ 50101 80120 80077 9/015=
ZZYY 32730 21091 1600/ 509734 119097 6112/
22219 00246
444 20120 21091 1552/ 50101 80140 80002 9/015=
ZZYY 51513 21091 1555/ 708924 107131 6113/
22219 00274
444 20130 21091 1548/ 50101 80117 80035 9/015=
ZZYY 32695 21091 1609/ 523590 106056 6113/
22219 00205
444 20130 21091 1603/ 50101 80094 80062 9/015=
ZZYY 46762 21091 1557/ 720348 136196 6112/
22219 00231
444 20120 21091 1552/ 50101 80000 80022 9/015=
ZZYY 51808 21091 1606/ 507927 141006 6112/
22219 00264
444 20120 21091 1600/ 50101 80036 80000 9/015=
ZZYY 46904 21091 1553/ 719361 140184 6111/
22219 00245
444 20110 21091 1710/ 50101 80072 80113 9/015=
ZZYY 22635 21091 1556/ 722084 139579 6112/
444 20120 21091 1551/ 50101 80009 80099 9/015=
ZZYY 34538 21091 1612/ 530126 143103 6112/
22219 00196
444 20120 21091 1606/ 50101 80010 80000 9////=
ZZYY 17520 21091 1639/ 336019 045557 6113/
22219 00161
444 50101 80094 80000 9////=
ZZYY 33951 21091 1637/ 338959 087160 6112/
22219 00116
444 20120 21091 1633/ 50101 80072 80014 9/015=
ZZYY 46924 21091 1557/ 724338 127516 6113/
22219 00216
444 20130 21091 1546/ 50101 80100 80130 9/015=
ZZYY 46923 21091 1602/ 710641 129211 6112/
22219 00277
444 20120 21091 1550/ 50101 80106 80018 9/015=
ZZYY 16567 21091 1340/ 543883 115086 6112/
22219 00089
444 20120 21091 1127/ 50101 80100 80014 9////=
ZZYY 16593 21091 1640/ 328578 056728 6112/
11119 30230 40230 52010
22219 00210
444 50101 80100 80006 9////=
####018009509####
SSVX02 KARS 211812 RRA
ZZYY 33687 21091 1642/ 333702 061808 6112/
22219 00152
444 20120 21091 1638/ 50101 80070 80000 9/015=
ZZYY 33692 21091 1634/ 341194 091006 6111/
22219 00108
444 20110 21091 1632/ 50101 80074 80072 9/015=
ZZYY 32616 21091 1610/ 522571 140386 6113/
22219 00243
444 20130 21091 1605/ 50101 80100 80020 9/015=
ZZYY 32640 21091 1610/ 520675 124601 6111/
22219 00236
444 20110 21091 1602/ 50101 80098 80018 9/015=
ZZYY 32642 21091 1608/ 526380 132419 6113/
22219 00227
444 20130 21091 1605/ 50101 80104 80000 9/015=
ZZYY 32627 21091 1612/ 525812 119503 6112/
444 20120 21091 1604/ 50101 80094 80046 9/015=
ZZYY 32546 21091 1607/ 524022 135539 6112/
22219 00224
444 20120 21091 1604/ 50101 80050 80059 9/015=
ZZYY 17671 21091 1640/ 327409 055731 6112/
22219 00205
444 50101 80080 80099 9/015=
ZZYY 32624 21091 1602/ 511351 100646 6113/
22219 00222
444 20130 21091 1542/ 50101 80116 80180 9/015=
ZZYY 32711 21091 1609/ 515822 126472 6112/
22219 00243
444 20120 21091 1602/ 50101 80520 80099 9/015=
ZZYY 14925 21091 1550/ 310379 046852 6111/
11119 30149 40149 52018
22219 00248
444 20110 21091 1630/ 50101 80153 80009 9/015=
ZZYY 43556 21091 1558/ 720262 129000 6113/
22219 00227
444 20130 21091 1547/ 50101 80078 80022 9/015=
ZZYY 51620 21091 1556/ 707700 097022 6112/
22219 00275
444 20120 21091 1551/ 50101 80115 80008 9/015=
ZZYY 43555 21091 1558/ 717885 129716 6113/
22219 00253
444 20130 21091 1547/ 50101 80088 80018 9/015=
ZZYY 14927 21091 1520/ 317146 053349 6111/
11119 30200 40200 52021
22219 00244
444 20110 21091 1643/ 50101 80145 80008 9/015=
ZZYY 11908 21091 1640/ 105488 053612 6113/
11119 30125 40125 52019
22219 00265
444 20130 21091 1636/ 50101 80138 80002 9/015=
ZZYY 43557 21091 1558/ 722444 120072 6113/
22219 00231
444 20130 21091 1547/ 50101 80088 80012 9/015=
ZZYY 43558 21091 1557/ 722679 124642 6113/
444 20130 21091 1546/ 50101 80086 80255 9/015=
ZZYY 43553 21091 1558/ 721027 127775 6112/
22219 00228
444 20120 21091 1547/ 50101 80088 80038 9/015=
ZZYY 51623 21091 1600/ 709901 122345 6113/
22219 00275
444 20130 21091 1551/ 50101 80113 80059 9/015=
ZZYY 43554 21091 1555/ 728528 126442 6113/
22219 00203
444 20130 21091 1546/ 50101 80088 80034 9/015=
ZZYY 43551 21091 1556/ 723084 121207 6113/
22219 00221
444 20130 21091 1546/ 50101 80090 80017 9/015=
ZZYY 32533 21091 1603/ 514567 110351 6113/
22219 00231
444 20130 21091 1600/ 50101 80121 80011 9/015=
ZZYY 32709 21091 1610/ 520558 135685 6113/
22219 00245
444 20130 21091 1603/ 50101 80121 80010 9/015=
ZZYY 33568 21091 1630/ 344198 075761 6112/
22219 00104
444 20120 21091 1634/ 50101 80090 80100 9/015=
ZZYY 51958 21091 1602/ 706950 113807 6112/
22219 00273
444 20120 21091 1548/ 50101 80079 80009 9/015=
ZZYY 32729 21091 1607/ 512049 130319 6112/
22219 00252
444 20120 21091 1600/ 50101 80121 80031 9/015=
ZZYY 32817 21091 1610/ 517960 131062 6112/
22219 00246
444 20120 21091 1602/ 50101 80540 80099 9/015=
ZZYY 51770 21091 1558/ 710408 143607 6113/
22219 00272
444 20130 21091 1434/ 50101 80119 80043 9/015=
ZZYY 43543 21091 1559/ 720607 120911 6113/
22219 00241
444 20130 21091 1547/ 50101 80054 80015 9/015=
ZZYY 23678 21091 1637/ 340022 089018 6111/
22219 00114
444 20110 21091 1633/ 50101 80049 80099 9////=
ZZYY 32804 21091 1608/ 522956 130388 6113/
22219 00229
444 20130 21091 1603/ 50101 80048 80002 9/015=
ZZYY 51944 21091 1550/ 527228 156250 6111/
22219 00205
33311 88872 20000 32050 42048
444 20110 21091 1626/ 50101 80080 80029 9/015=
ZZYY 14921 21091 1640/ 306968 041492 6112/
11119 30149 40149 52018
22219 00264
444 20120 21091 1647/ 50101 80120 80030 9/015=
ZZYY 16575 21091 1640/ 338864 077709 6112/
11119 30195 40195 57002
22219 00127
444 20120 21091 1635/ 50101 80110 80000 9/015=
ZZYY 16577 21091 1640/ 340095 076434 6113/
11119 30176 40176
22219 00124
444 20130 21091 1636/ 50101 80100 80100 9/015=
ZZYY 51653 21091 1556/ 718800 135972 6112/
22219 00251
444 20120 21091 1551/ 50101 80122 80026 9/015=
ZZYY 14563 21091 1400/ 323607 041317 6113/
11119 30179 40179 57253
22219 00243
444 20130 21091 1341/ 50101 80110 80002 9/015=
ZZYY 55957 21091 1610/ 536807 108536 6111/
11119 49961 57007
22219 00141
444 20110 21091 1608/ 50101 80010 80000 9////=
ZZYY 55953 21091 1550/ 536604 099364 6111/
11119 40091 57020
22219 00143
444 20110 21091 1548/ 50101 80009 80000 9////=
ZZYY 14566 21091 1640/ 311214 049900 6111/
11119 30165 40165 57233
22219 00251
444 20110 21091 1625/ 50101 80110 80003 9/015=
ZZYY 14948 21091 1420/ 321255 050214 6111/
11119 30189 40189 57249
22219 00243
444 20110 21091 1341/ 50101 80110 80008 9/015=
ZZYY 14912 21091 1650/ 105641 065808 6112/
11119 30133 40133 57237
22219 00295
444 20120 21091 1647/ 50101 80110 80008 9/015=
ZZYY 32871 21091 1611/ 525790 149977 6112/
22219 00227
444 20120 21091 1607/ 50101 80104 80005 9/015=
ZZYY 32564 21091 1614/ 534051 133503 6113/
22219 00144
444 20130 21091 1607/ 50101 80007 80094 9/015=
ZZYY 32739 21091 1602/ 518277 095479 6111/
22219 00200
444 20110 21091 1543/ 50101 80120 80018 9/015=
ZZYY 32670 21091 1600/ 705063 132135 6113/
22219 00270
444 20130 21091 1552/ 50101 80120 80032 9/015=
ZZYY 32923 21091 1600/ 506112 117281 6112/
11119 30145 40145 52024
22219 00239
444 20120 21091 1551/ 50101 80120 80095 9/015=
ZZYY 51900 21091 1602/ 702328 138753 6112/
22219 00259
444 20120 21091 1557/ 50101 80120 80008 9/015=
ZZYY 32916 21091 1550/ 506767 107667 6112/
11119 30152 40152 52020
22219 00240
444 20120 21091 1558/ 50101 80120 80068 9/015=
ZZYY 32650 21091 1606/ 508727 119649 6113/
22219 00246
444 20130 21091 1559/ 50101 80110 80062 9/015=
ZZYY 32734 21091 1540/ 504155 111253 6113/
11119 30135 40135 52015
22219 00230
444 20130 21091 1533/ 50101 80120 80095 9/015=
ZZYY 51966 21091 1602/ 705060 134909 6113/
22219 00270
444 20130 21091 1552/ 50101 80120 80006 9/015=
ZZYY 51754 21091 1600/ 704768 134784 6113/
22219 00272
444 20130 21091 1551/ 50101 80110 80034 9/015=
ZZYY 51801 21091 1606/ 505774 131796 6113/
22219 00248
444 20130 21091 1600/ 50101 80120 80034 9/015=
ZZYY 32803 21091 1610/ 524034 116605 6112/
22219 00219
444 20120 21091 1602/ 50101 80102 80005 9/015=
ZZYY 32674 21091 1603/ 703321 136597 6112/
22219 00266
444 20120 21091 1558/ 50101 80120 80099 9/015=
ZZYY 32827 21091 1610/ 522816 139108 6112/
22219 00239
444 20120 21091 1604/ 50101 80102 80003 9/015=
ZZYY 54925 21091 1612/ 528965 133687 6112/
22219 00200
444 20120 21091 1605/ 50101 80104 80000 9/015=
ZZYY 32805 21091 1610/ 532729 101870 6112/
22219 00169
444 20120 21091 1604/ 50101 80104 80060 9/015=
ZZYY 32816 21091 1608/ 520009 130190 6112/
22219 00246
444 20120 21091 1602/ 50101 80102 80000 9/015=
ZZYY 32910 21091 1601/ 705821 134163 6113/
22219 00264
444 20130 21091 1552/ 50101 80122 80009 9/015=
ZZYY 51530 21091 1605/ 505566 123490 6112/
22219 00246
444 20120 21091 1552/ 50101 80120 80099 9/015=
ZZYY 51659 21091 1606/ 502190 121318 6111/
22219 00231
444 20110 21091 1551/ 50101 80120 80099 9/015=
ZZYY 32558 21091 1605/ 520104 153734 6111/
22219 00261
444 20110 21091 1623/ 50101 80108 80099 9/015=
ZZYY 55570 21091 1600/ 538504 116716 6112/
22219 00131
444 20120 21091 1606/ 50101 80010 80002 9////=
ZZYY 55569 21091 1610/ 533024 098949 6112/
22219 00160
444 20120 21091 1547/ 50101 80010 80000 9////=
ZZYY 51670 21091 1600/ 710179 106715 6112/
444 20120 21091 1548/ 50101 80111 80005 9/015=
ZZYY 51613 21091 1558/ 709355 141564 6111/
444 20110 21091 1555/ 50101 80115 80070 9/015=
ZZYY 33591 21091 1640/ 331634 051133 6113/
11119 30225 40225 52012
22219 00169
444 50101 80100 80000 9/015=
ZZYY 51882 21091 1559/ 711463 112461 6112/
22219 00281
444 20120 21091 1556/ 50101 80110 80001 9/015=
ZZYY 43540 21091 1559/ 715447 133085 6112/
22219 00261
444 20120 21091 1548/ 50101 80096 80013 9/015=
ZZYY 51759 21091 1603/ 700600 121685 6113/
22219 00229
444 20130 21091 1558/ 50101 80110 80054 9/015=
ZZYY 51904 21091 1559/ 709409 111592 6112/
22219 00274
444 20120 21091 1548/ 50101 80078 80001 9/015=
ZZYY 54923 21091 1410/ 530814 105525 6112/
11119 30122 40122 52009
22219 00178
444 20120 21091 1401/ 50101 8//// 80000 9////=
ZZYY 54918 21091 1610/ 525249 124852 6111/
11119 30161 40161 52023
22219 00214
444 20110 21091 1603/ 50101 8//// 80000 9////=
ZZYY 54926 21091 1550/ 529950 103088 6113/
11119 30163 40163 52007
22219 00190
444 20130 21091 1544/ 50101 8//// 80000 9////=
ZZYY 14916 21091 1630/ 320117 056726 6112/
11119 30218 40218 52016
22219 00238
444 20120 21091 1622/ 50101 80120 80028 9/015=
ZZYY 16949 21091 1430/ 536006 107614 6112/
11119 39994 49994 54000
22219 00139
444 20120 21091 1402/ 50101 8//// 80008 9////=
ZZYY 33571 21091 1630/ 328433 043001 6113/
11119 30222 40222 52018
22219 00231
444 20130 21091 1622/ 50101 8//// 80093 9////=
ZZYY 51975 21091 1559/ 709892 123475 6111/
22219 00275
444 20110 21091 1548/ 50101 80093 80009 9/015=
ZZYY 55949 21091 1600/ 527323 111134 6113/
11119 30137 40137 52015
22219 00203
444 20130 21091 1604/ 50101 8//// 80100 9////=
ZZYY 55610 21091 1600/ 526851 127589 6111/
22219 00207
444 20110 21091 1605/ 50101 8//// 80087 9////=
####018000143####
SSVX12 LFVW 211813
ZZYY 25619 21091 1800/ 183291 131845 6112/
11119 11107 49788 57050
22219 01038
444 20120 21091 1736/ 501// 80140=
####018000273####
SSVX13 LFVW 211813
ZZYY 17572 21091 1800/ 344256 147533 6110/
11119 40117 52005
22219 00124
444 2020/ 344256 147533 50101 80114 80000 9/015=
ZZYY 51682 21091 1730/ 311400 159680 6112/
11119 40093
22219 00286
444 20120 21091 1625/ 50101 80080 80078 9/015=
####018000435####
SSVX02 LFVW 211813
ZZYY 22692 21091 1758/ 133158 124552 6112/
22219 00232
444 50101 80146 80008 9/015=
ZZYY 22691 21091 1755/ 138857 131842 6111/
22219 00222
444 20110 21091 1304/ 50101 80146 80002 9/015=
ZZYY 21735 21091 1758/ 137253 130614 6112/
22219 00241
444 20120 21091 1754/ 50101 80038 80006 9/015=
ZZYY 22689 21091 1754/ 735804 177727 6112/
22219 00240
444 20120 21091 1749/ 50101 80114 80007 9/015=
####018014801####
SSVX11 LFVW 211813 RRA
ZZYY 52080 21091 10004 101994 138101 6113/
11119 02507 10284 29076 40091
22219 00289
33311 88872 20000 32892 20002 32892 43339 20025 32911 43438
20050 32852 43488 20075 32862 43499 20100 32847 43538
20125 32633 43541 20150 32532 43542 20200 31859 43533
20250 31420 43484 20300 31189 43473 20500 30766 43456
20750 30530 43452
444 20130 21091 1001/ 522// 60381=
ZZYY 52080 21091 12004 101987 138103 6112/
11119 02205 10284 29078 40110
22219 00290
33311 88872 20000 32895 20002 32895 43355 20025 32919 43433
20050 32886 43442 20075 32862 43498 20100 32871 43521
20125 32647 43543 20150 32553 43540 20200 32028 43542
20250 31436 43484 20300 31277 43488 20500 30768 43457
20750 30530 43452
444 20120 21091 1143/ 522// 60381=
ZZYY 52080 21091 06004 101984 138102 6112/
11119 02708 10286 29075 40072
22219 00291
33311 88872 20000 32908 20002 32908 43352 20025 32907 43438
20050 32847 43481 20075 32862 43498 20100 32871 43534
20125 32623 43540 20150 32547 43540 20200 32029 43544
20250 31472 43494 20300 31277 43489 20500 30768 43457
20750 30532 43451
444 20120 21091 0543/ 522// 60381=
ZZYY 52080 21091 11004 101996 138104 6112/
11119 02405 10284 29076 40103
22219 00289
33311 88872 20000 32893 20002 32893 43350 20025 32913 43437
20050 32854 43465 20075 32862 43499 20100 32869 43534
20125 32639 43542 20150 32544 43541 20200 31897 43531
20250 31416 43484 20300 31192 43474 20500 30765 43456
20750 30529 43452
444 20120 21091 1114/ 522// 60381=
ZZYY 52080 21091 13004 101994 138107 6112/
11119 01905 10283 29078 40111
22219 00290
33311 88872 20000 32896 20002 32896 43360 20025 32919 43433
20050 32882 43443 20075 32862 43498 20100 32870 43522
20125 32672 43545 20150 32552 43540 20200 32097 43547
20250 31467 43485 20300 31229 43469 20500 30767 43456
20750 30529 43453
444 20120 21091 1253/ 522// 60381=
ZZYY 52079 21091 11004 300025 146989 6112/
11119 01003 40105
22219 00301
33311 88872 20000 33014 20002 33014 43432 20025 32929 43531
20050 32860 43539 20075 32780 43542 20100 32742 43553
20125 32677 43546 20150 32501 43571 20200 31953 43539
20250 31636 43528 20300 31219 43496 20500 30805 43458
20750 30586 43452
444 20120 21091 1113/ 522// 60381=
ZZYY 52079 21091 07004 300025 146992 6113/
11119 01202 40076
22219 00303
33311 88872 20000 33028 20002 33028 43383 20025 32958 43503
20050 32880 43537 20075 32818 43542 20100 32770 43549
20125 32704 43549 20150 32543 43558 20200 31973 43527
20250 31684 43526 20300 31318 43508 20500 30793 43458
20750 30586 43451
444 20130 21091 0705/ 522// 60381=
ZZYY 52079 21091 09004 300022 146992 6112/
11119 01302 40093
22219 00298
33311 88872 20000 32978 20002 32978 43403 20025 32945 43523
20050 32868 43538 20075 32787 43542 20100 32749 43554
20125 32679 43550 20150 32531 43562 20200 31963 43525
20250 31636 43526 20300 31308 43501 20500 30802 43459
20750 30587 43451
444 20120 21091 0941/ 522// 60381=
ZZYY 52079 21091 14004 300022 146991 6113/
11119 00603 40106
22219 00294
33311 88872 20000 32939 20002 32939 43411 20025 32931 43534
20050 32861 43539 20075 32779 43542 20100 32728 43553
20125 32684 43545 20150 32499 43569 20200 31949 43537
20250 31639 43527 20300 31110 43483 20500 30803 43459
20750 30587 43451
444 20130 21091 1507/ 522// 60381=
ZZYY 52079 21091 16004 300024 146989 6113/
11119 00203 40097
22219 00294
33311 88872 20000 32937 20002 32937 43430 20025 32925 43535
20050 32867 43539 20075 32781 43542 20100 32741 43553
20125 32696 43546 20150 32546 43565 20200 31950 43532
20250 31649 43528 20300 31142 43485 20500 30791 43458
20750 30584 43452
444 20130 21091 1622/ 522// 60381=
ZZYY 52079 21091 12004 300025 146989 6112/
11119 01103 40110
22219 00299
33311 88872 20000 32993 20002 32993 43427 20025 32933 43532
20050 32860 43538 20075 32780 43542 20100 32740 43554
20125 32676 43545 20150 32490 43573 20200 31946 43540
20250 31607 43529 20300 31111 43482 20500 30803 43459
20750 30587 43451
444 20120 21091 1113/ 522// 60381=
ZZYY 52079 21091 06004 300031 146997 6112/
11119 01303 40075
22219 00298
33311 88872 20000 32981 20002 32981 43370 20025 32948 43511
20050 32879 43537 20075 32810 43541 20100 32767 43550
20125 32700 43547 20150 32545 43563 20200 31976 43526
20250 31690 43527 20300 31328 43506 20500 30795 43458
20750 30586 43452
444 20120 21091 0523/ 522// 60381=
ZZYY 52077 21091 08004 102075 146955 6113/
11119 02503 10280 29078 40085
22219 00296
33311 88872 20000 32960 20002 32960 43437 20025 32914 43444
20050 32918 43463 20075 32920 43474 20100 32917 43475
20125 32697 43513 20150 32402 43551 20200 31568 43467
20250 31131 43453 20300 31003 43471 20500 30822 43460
20750 30528 43454
444 20130 21091 0704/ 522// 60381=
ZZYY 52077 21091 0600/ 102082 146953 6111/
33311 88872 20002 32946 43435 20025 32912 43440 20050 32919 43464
20075 32919 43474 20100 32917 43476 20125 32671 43519
20150 32401 43551 20200 31569 43467 20250 31190 43451
20300 31026 43474 20500 30827 43460 20750 30520 43453
444 20110 21091 0524/ 522//=
ZZYY 52077 21091 15004 102075 146955 6113/
11119 03006 10276 29083 40105
22219 00291
33311 88872 20000 32912 20002 32912 43435 20025 32914 43442
20050 32919 43469 20075 32917 43472 20100 32867 43484
20125 32547 43551 20150 32369 43549 20200 31668 43479
20250 31225 43452 20300 31036 43468 20500 30818 43459
20750 30522 43453
444 20130 21091 1507/ 522// 60381=
ZZYY 52077 21091 17004 102072 146952 6112/
11119 02706 10272 29084 40099
22219 00291
33311 88872 20000 32911 20002 32911 43431 20025 32916 43443
20050 32919 43468 20075 32919 43471 20100 32916 43473
20125 32686 43522 20150 32384 43551 20200 31546 43468
20250 31090 43456 20300 30986 43470 20500 30777 43457
20750 30517 43453
444 20120 21091 1647/ 522// 60381=
ZZYY 52077 21091 13004 102068 146942 6111/
11119 03305 10276 29081 40114
22219 00293
33311 88872 20000 32927 20002 32927 43436 20025 32917 43455
20050 32918 43470 20075 32914 43470 20100 32745 43506
20125 32430 43555 20150 32369 43550 20200 31678 43476
20250 31217 43452 20300 31035 43470 20500 30812 43459
20750 30522 43454
444 20110 21091 1255/ 522// 60381=
ZZYY 52077 21091 11004 102075 146952 6112/
11119 02501 10280 29079 40110
22219 00296
33311 88872 20000 32956 20002 32956 43437 20025 32920 43459
20050 32918 43470 20075 32912 43471 20100 32682 43524
20125 32411 43555 20150 32368 43550 20200 31675 43475
20250 31230 43452 20300 31039 43465 20500 30829 43460
20750 30526 43453
444 20120 21091 1114/ 522// 60381=
ZZYY 52086 21091 1100/ 304967 156012 6111/
11119 10274 29077 40106
22219 00292
33311 88872 20000 32921 20002 32921 43436 20025 32961
20050 32962 43490 20075 32963 20100 32899 43556 20125 32828
20150 32702 43574 20200 32178 43595 20250 31504 43521
20300 31083 43485 20500 30814 43460 20750 30592 43454
444 20110 21091 1111/ 522//=
ZZYY 52086 21091 0700/ 304968 156017 6113/
11119 10266 29079 40084
22219 00295
33311 88872 20000 32948 20002 32948 43453 20025 32962
20050 32962 43490 20075 32963 20100 32937 43545 20125 32865
20150 32801 43568 20200 32371 43592 20250 31527 43522
20300 31024 43477 20500 30765 43459 20750 30572 43454=
ZZYY 52086 21091 1600/ 304966 156016 6113/
11119 10277 29078 40089
22219 00292
33311 88872 20000 32924 20125 32872 20150 32788 43568
20200 32130 43583 20250 31494 43519 20500 30803 43459
444 20130 21091 1623/ 522//=
ZZYY 52086 21091 1400/ 304962 156020 6111/
11119 10276 29077 40102
22219 00292
33311 88872 20000 32923 20002 32923 43441 20025 32961
20050 32961 43489 20075 32963 20100 32911 43552 20125 32830
20150 32703 43572 20200 32015 43576 20250 31484 43518
20300 31036 43478 20500 30801 43459 20750 30598 43454
444 20110 21091 1328/ 522//=
ZZYY 52086 21091 1000/ 304968 156015 6111/
11119 10274 29079 40102
22219 00293
33311 88872 20000 32925 20002 32925 43433 20025 32962
20050 32963 43489 20075 32963 20100 32892 43559 20125 32828
20150 32712 43571 20200 32184 43584 20250 31488 43518
20300 31107 43483 20500 30813 43460 20750 30586 43453=
ZZYY 52086 21091 1200/ 304967 156012 6111/
11119 10276 29077 40109
22219 00292
33311 88872 20000 32918 20002 32918 43436 20025 32961
20050 32961 43490 20075 32962 20100 32929 43546 20125 32836
20150 32727 43570 20200 32109 43586 20250 31488 43520
20300 31040 43480 20500 30815 43460 20750 30596 43455
444 20110 21091 1111/ 522//=
ZZYY 52086 21091 0800/ 304976 156021 6112/
11119 10272 29076 40091
22219 00293
33311 88872 20000 32934 20002 32934 43440 20025 32962
20050 32963 43490 20075 32963 20100 32913 43551 20125 32833
20150 32759 43569 20200 32153 43587 20250 31497 43520
20300 31079 43483 20500 30787 43460 20750 30581 43454=
ZZYY 52088 21091 11004 302011 155982 6111/
11119 02006 10279 29083 40105
22219 00295
33311 88872 20000 32947 20002 32947 43521 20025 32944 43524
20050 32940 43524 20075 32939 43528 20100 32878 43542
20125 32814 43560 20150 32683 43572 20200 31519 43522
20250 31016 43473 20300 31001 43473 20500 30752 43457
20750 30587 43451
444 20110 21091 1112/ 522// 60381=
ZZYY 52088 21091 07004 302013 155984 6113/
11119 02109 10283 29083 40081
22219 00296
33311 88872 20000 32962 20002 32962 43520 20025 32942 43523
20050 32941 43524 20075 32939 43527 20100 32895 43538
20125 32831 43552 20150 32803 43569 20200 32068 43585
20250 31095 43482 20300 31014 43473 20500 30771 43457
20750 30548 43453=
ZZYY 52088 21091 16004 302011 155983 6113/
11119 01705 10280 29082 40091
22219 00294
33311 88872 20000 32943 20002 32943 43524 20025 32944 43524
20050 32941 43524 20075 32939 43528 20100 32894 43539
20125 32831 43557 20150 32783 43573 20200 31916 43572
20250 31128 43485 20300 31015 43473 20500 30805 43459
20750 30565 43452
444 20130 21091 1622/ 522// 60381=
ZZYY 52088 21091 12004 302011 155982 6111/
11119 02107 10280 29084 40104
22219 00294
33311 88872 20000 32944 20002 32944 43522 20025 32942 43525
20050 32939 43525 20075 32939 43528 20100 32867 43545
20125 32816 43567 20150 32665 43567 20200 31541 43524
20250 31047 43477 20300 31007 43473 20500 30790 43459
20750 30585 43452
444 20110 21091 1112/ 522// 60381=
ZZYY 52088 21091 06004 302011 155983 6113/
11119 02208 10284 29084 40077
22219 00297
33311 88872 20000 32971 20002 32971 43522 20025 32941 43523
20050 32941 43524 20075 32939 43527 20100 32892 43539
20125 32826 43553 20150 32753 43569 20200 31922 43575
20250 31096 43482 20300 31014 43473 20500 30784 43460
20750 30552 43452
444 20130 21091 0522/ 522// 60381=
ZZYY 52085 21091 0800/ 300018 155950 6111/
11119 10287 29074 40084
22219 00303
33311 88872 20000 33034 20002 33034 43494 20025 32923 43515
20050 32915 43525 20075 32846 43542 20100 32787 43552
20125 32753 43560 20150 32465 43567 20200 31943 43523
20250 31363 43506 20300 31114 43482 20500 30747 43455
20750 30562 43454
444 20110 21091 0801/ 522//=
ZZYY 52085 21091 1100/ 300017 155953 6112/
11119 10287 29076 40103
22219 00295
33311 88872 20000 32947 20002 32947 43490 20025 32923 43516
20050 32892 43533 20075 32840 43543 20100 32776 43550
20125 32754 43560 20150 32498 43574 20200 31828 43541
20250 31321 43501 20300 31116 43481 20500 30760 43458
20750 30561 43454
444 20120 21091 1113/ 522//=
ZZYY 52085 21091 1300/ 300012 155957 6111/
11119 10276 29085 40106
22219 00295
33311 88872 20000 32950 20002 32950 43492 20025 32922 43515
20050 32907 43529 20075 32845 43542 20100 32803 43554
20125 32754 43558 20150 32567 43573 20200 31873 43529
20250 31306 43500 20300 31111 43480 20500 30754 43456
20750 30564 43453
444 20110 21091 1326/ 522//=
ZZYY 52085 21091 0900/ 300006 155953 6111/
11119 10287 29074 40090
22219 00303
33311 88872 20000 33026 20002 33026 43498 20025 32923 43515
20050 32914 43526 20075 32847 43542 20100 32789 43552
20125 32752 43560 20150 32452 43566 20200 31926 43530
20250 31447 43510 20300 31117 43480 20500 30748 43455
20750 30561 43453
444 20110 21091 0933/ 522//=
ZZYY 52084 21091 15004 105023 155963 6112/
11119 00911 10272 29093 40096
22219 00294
33311 88872 20000 32941 20002 32941 43356 20025 32939 43364
20050 32937 43377 20075 32890 43418 20100 32695 43484
20125 32492 43509 20150 32278 43508 20200 31436 43458
20250 31034 43461 20300 30947 43463 20500 30786 43458 20750 30587
444 20120 21091 1506/ 522// 60381=
ZZYY 52084 21091 11004 105022 155967 6112/
11119 00307 10279 29085 40110
22219 00295
33311 88872 20000 32952 20002 32952 43366 20025 32939 43365
20050 32942 43366 20075 32904 43410 20100 32693 43484
20125 32480 43513 20150 32187 43497 20200 31222 43456
20250 31010 43463 20300 30944 43463 20500 30785 43458 20750 30575
444 20120 21091 1115/ 522// 60381=
ZZYY 52084 21091 09004 105018 155955 6111/
11119 00407 10277 29089 40094
22219 00295
33311 88872 20000 32954 20002 32954 43367 20025 32942 43369
20050 32940 43369 20075 32906 43411 20100 32727 43476
20125 32504 43509 20150 32177 43495 20200 31164 43456
20250 31003 43462 20300 30933 43464 20500 30761 43458 20750 30574
444 20110 21091 0934/ 522// 60381=
ZZYY 52084 21091 07004 105021 155967 6113/
11119 03609 10278 29090 40083
22219 00297
33311 88872 20000 32971 20002 32971 43367 20025 32940 43369
20050 32942 43370 20075 32917 43402 20100 32749 43470
20125 32489 43510 20150 32135 43489 20200 31134 43456
20250 30987 43462 20300 30915 43463 20500 30750 43457 20750 30581
444 20130 21091 0703/ 522// 60381=
ZZYY 52084 21091 16004 105022 155967 6113/
11119 00609 10263 29094 40093
22219 00294
33311 88872 20000 32937 20002 32937 43356 20025 32939 43362
20050 32944 43373 20075 32905 43409 20100 32725 43479
20125 32501 43508 20150 32326 43515 20200 31473 43460
20250 31033 43461 20300 30938 43464 20500 30788 43459 20750 30601
444 20130 21091 1620/ 522// 60381=
ZZYY 52084 21091 10004 105017 155964 6111/
11119 00206 10277 29088 40103
22219 00295
33311 88872 20000 32950 20002 32950 43368 20025 32946 43369
20050 32941 43368 20075 32901 43412 20100 32664 43489
20125 32452 43514 20150 32183 43496 20200 31210 43453
20250 31010 43462 20300 30945 43464 20500 30780 43458 20750 30580
444 20110 21091 1002/ 522// 60381=
ZZYY 52084 21091 12004 105022 155967 6112/
11119 00408 10281 29081 40111
22219 00295
33311 88872 20000 32951 20002 32951 43363 20025 32937 43364
20050 32944 43371 20075 32895 43416 20100 32657 43488
20125 32479 43511 20150 32206 43499 20200 31340 43456
20250 31027 43462 20300 30950 43463 20500 30793 43458 20750 30586
444 20120 21091 1115/ 522// 60381=
####018006291####
SSVX11 LFVW 211813 RRB
ZZYY 52084 21091 08004 105025 155964 6112/
11119 00307 10279 29088 40085
22219 00297
33311 88872 20000 32965 20002 32965 43368 20025 32940 43369
20050 32942 43375 20075 32894 43419 20100 32707 43483
20125 32495 43509 20150 32123 43488 20200 31136 43457
20250 30999 43463 20300 30921 43464 20500 30754 43457 20750 30576
444 20120 21091 0802/ 522// 60381=
ZZYY 52084 21091 06004 105021 155963 6113/
11119 00311 10280 29088 40080
22219 00297
33311 88872 20000 32965 20002 32965 43362 20025 32938 43369
20050 32943 43379 20075 32914 43405 20100 32721 43480
20125 32465 43510 20150 32120 43487 20200 31244 43453
20250 31003 43462 20300 30922 43464 20500 30769 43457 20750 30596
444 20130 21091 0524/ 522// 60381=
ZZYY 52082 21091 13004 101949 156000 6111/
11119 00305 29084 40106
22219 00295
33311 88872 20000 32951 20002 32951 20025 32963 43479
20050 32959 43509 20075 32934 43519 20100 32812 43541
20125 32716 43538 20150 32496 43529 20200 31615 43463
20250 31054 43466 20300 31005 43473 20500 30819 43459
20750 30570 43453
444 20110 21091 1326/ 522// 60381=
ZZYY 52082 21091 11004 101954 156001 6112/
11119 00104 29087 40106
22219 00298
33311 88872 20000 32978 20002 32978 20025 32961 43486
20050 32960 43509 20075 32940 43520 20100 32810 43542
20125 32715 43537 20150 32545 43531 20200 31538 43461
20250 31035 43474 20300 30983 43470 20500 30783 43458
20750 30563 43452
444 20120 21091 1113/ 522// 60381=
ZZYY 52082 21091 07004 101953 155997 6113/
11119 03603 29080 40079
22219 00297
33311 88872 20000 32970 20002 32970 20025 32963 43478
20050 32960 43509 20075 32944 43517 20100 32820 43542
20125 32745 43539 20150 32600 43533 20200 31540 43464
20250 31036 43474 20300 30985 43470 20500 30819 43459
20750 30568 43453
444 20130 21091 0702/ 522// 60381=
ZZYY 52082 21091 1600/ 101954 156000 6113/
33311 88872 20002 32939 20025 32964 43472 20050 32960 43508
20075 32949 43516 20100 32829 43542 20125 32741 43539
20150 32578 43533 20200 31342 43460 20250 31027 43474
20300 30983 43470 20500 30802 43458 20750 30569 43453
444 20130 21091 1621/ 522//=
ZZYY 52082 21091 14004 101949 156000 6111/
11119 00204 29086 40099
22219 00295
33311 88872 20000 32952 20002 32952 20025 32965 43475
20050 32960 43508 20075 32950 43515 20100 32822 43542
20125 32745 43539 20150 32591 43533 20200 31681 43475
20250 31049 43466 20300 31004 43472 20500 30819 43459
20750 30571 43453
444 20110 21091 1326/ 522// 60381=
ZZYY 52082 21091 10004 101951 155994 6112/
11119 00103 29080 40100
22219 00299
33311 88872 20000 32986 20002 32986 20025 32961 43485
20050 32959 43510 20075 32921 43524 20100 32803 43541
20125 32712 43537 20150 32534 43529 20200 31629 43469
20250 31046 43469 20300 30985 43470 20500 30776 43457
20750 30563 43453
444 20120 21091 1002/ 522// 60381=
ZZYY 52082 21091 12004 101954 156001 6112/
11119 00306 29084 40110
22219 00297
33311 88872 20000 32967 20002 32967 20025 32960 43485
20050 32959 43509 20075 32939 43518 20100 32813 43542
20125 32704 43537 20150 32486 43530 20200 31425 43460
20250 31033 43474 20300 30983 43471 20500 30802 43458
20750 30566 43453
444 20120 21091 1113/ 522// 60381=
ZZYY 52083 21091 11004 107967 156035 6112/
11119 00711 10288 29078 40110
22219 00297
33311 88872 20000 32969 20002 32969 43377 20025 32971 43386
20050 32965 43399 20075 32928 43449 20100 32767 43489
20125 32377 43520 20150 32014 43494 20200 31331 43451
20250 31067 43457 20300 30957 43459 20500 30771 43456
20750 30570 43453
444 20120 21091 1115/ 522// 60381=
ZZYY 52083 21091 13004 107961 156034 6112/
11119 00908 10282 29081 40109
22219 00297
33311 88872 20000 32969 20002 32969 43375 20025 32970 43387
20050 32952 43420 20075 32915 43456 20100 32764 43489
20125 32400 43516 20150 32028 43492 20200 31332 43450
20250 31080 43456 20300 30954 43460 20500 30755 43455
20750 30572 43453
444 20120 21091 1439/ 522// 60381=
ZZYY 52083 21091 07004 107967 156034 6113/
11119 00506 10275 29082 40081
22219 00297
33311 88872 20000 32971 20002 32971 43376 20025 32972 43387
20050 32946 43423 20075 32854 43468 20100 32566 43511
20125 32210 43508 20150 31865 43484 20200 31227 43449
20250 31051 43454 20300 30952 43461 20500 30781 43457
20750 30582 43454
444 20130 21091 0705/ 522// 60381=
ZZYY 52083 21091 09004 107978 156032 6111/
11119 00606 10280 29081 40099
22219 00297
33311 88872 20000 32970 20002 32970 43376 20025 32972 43387
20050 32945 43425 20075 32868 43465 20100 32610 43510
20125 32337 43520 20150 31997 43494 20200 31324 43452
20250 31031 43455 20300 30950 43461 20500 30775 43457
20750 30579 43454
444 20110 21091 0825/ 522// 60381=
ZZYY 52083 21091 14004 107961 156034 6112/
11119 00710 10288 29078 40102
22219 00297
33311 88872 20000 32968 20002 32968 43376 20025 32969 43387
20050 32951 43421 20075 32918 43454 20100 32794 43486
20125 32393 43518 20150 32021 43492 20200 31338 43450
20250 31102 43454 20300 30971 43459 20500 30782 43456
20750 30593 43454
444 20120 21091 1439/ 522// 60381=
ZZYY 52083 21091 16004 107964 156036 6112/
11119 00810 10288 29077 40093
22219 00297
33311 88872 20000 32967 20002 32967 43377 20025 32969 43386
20050 32967 43394 20075 32937 43441 20100 32768 43488
20125 32391 43516 20150 32027 43490 20200 31328 43450
20250 31058 43455 20300 30950 43460 20500 30761 43455
20750 30580 43454
444 20120 21091 1619/ 522// 60381=
ZZYY 52083 21091 10004 107960 156033 6112/
11119 00809 10286 29077 40105
22219 00297
33311 88872 20000 32970 20002 32970 43376 20025 32971 43387
20050 32951 43418 20075 32891 43461 20100 32661 43505
20125 32334 43519 20150 31990 43491 20200 31331 43449
20250 31067 43455 20300 30956 43459 20500 30768 43456
20750 30571 43453
444 20120 21091 1004/ 522// 60381=
ZZYY 52083 21091 12004 107967 156035 6112/
11119 00709 10281 29082 40112
22219 00297
33311 88872 20000 32970 20002 32970 43375 20025 32971 43386
20050 32955 43416 20075 32918 43454 20100 32757 43490
20125 32400 43515 20150 32070 43495 20200 31361 43450
20250 31069 43455 20300 30951 43461 20500 30763 43456
20750 30569 43454
444 20120 21091 1115/ 522// 60381=
####018014597####
SSVX11 LFVW 211813
ZZYY 52075 21091 14004 107986 130041 6112/
11119 03004 10277 29080 40107
22219 00292
33311 88872 20000 32921 20002 32921 43328 20025 32927 43333
20050 32910 43344 20075 32558 43484 20100 32296 43490
20125 32027 43484 20150 31698 43465 20200 31195 43442
20250 31002 43443 20300 30943 43453 20500 30739 43450
444 20120 21091 1258/ 522// 60381=
ZZYY 52075 21091 10004 107981 130042 6111/
11119 02704 10284 29077 40087
22219 00293
33311 88872 20000 32926 20002 32926 43329 20025 32928 43338
20050 32886 43363 20075 32543 43486 20100 32148 43488
20125 31752 43468 20150 31549 43458 20200 31119 43440
20250 30983 43449 20300 30940 43454 20500 30738 43449
444 20110 21091 1005/ 522// 60381=
ZZYY 52075 21091 08004 107981 130042 6112/
11119 02708 10282 29080 40072
22219 00293
33311 88872 20000 32926 20002 32926 43329 20025 32929 43337
20050 32887 43363 20075 32555 43488 20100 32179 43491
20125 31807 43477 20150 31599 43463 20200 31177 43443
20250 31000 43450 20300 30948 43453 20500 30740 43449
444 20120 21091 0844/ 522// 60381=
ZZYY 52075 21091 06004 107983 130038 6112/
11119 03111 10278 29085 40072
22219 00293
33311 88872 20000 32926 20002 32926 43331 20025 32928 43337
20050 32896 43356 20075 32645 43476 20100 32379 43490
20125 32039 43485 20150 31679 43466 20200 31158 43441
20250 30976 43451 20300 30931 43455 20500 30737 43450
444 20120 21091 0546/ 522// 60381=
ZZYY 52075 21091 17004 107986 130040 6112/
11119 02706 10282 29081 40087
22219 00292
33311 88872 20000 32923 20125 32029 43483 20150 31716 43466
20200 31183 43440 20250 30998 43446 20500 30736 43450
444 20120 21091 1645/ 522// 60381=
ZZYY 52078 21091 13004 105043 146947 6112/
11119 00703 10249 29099 40118
22219 00290
33311 88872 20000 32901 20002 32901 43304 20025 32952 43362
20050 32952 43368 20075 32869 43433 20100 32688 43479
20125 32322 43509 20150 31888 43480 20200 31239 43456
20250 31031 43462 20300 30916 43461 20500 30771 43456
20750 30607 43453
444 20120 21091 1117/ 522// 60381=
ZZYY 52078 21091 14004 105042 146946 6113/
11119 02202 10252 29097 40114
22219 00290
33311 88872 20000 32898 20002 32898 43311 20025 32947 43358
20050 32952 43368 20075 32890 43424 20100 32724 43474
20125 32411 43498 20150 31977 43482 20200 31181 43457
20250 31015 43462 20300 30915 43460 20500 30760 43456
20750 30592 43453
444 20130 21091 1506/ 522// 60381=
ZZYY 52078 21091 12004 105043 146947 6112/
11119 00805 10248 29099 40123
22219 00291
33311 88872 20000 32905 20002 32905 43290 20025 32951 43362
20050 32943 43377 20075 32852 43438 20100 32656 43480
20125 32330 43506 20150 31926 43479 20200 31236 43454
20250 31049 43461 20300 30919 43461 20500 30763 43457
20750 30605 43453
444 20120 21091 1117/ 522// 60381=
ZZYY 52078 21091 10004 105037 146920 6111/
11119 02805 10253 29096 40106
22219 00292
33311 88872 20000 32922 20002 32922 43314 20025 32946 43360
20050 32951 43368 20075 32850 43439 20100 32585 43486
20125 32231 43499 20150 31869 43480 20200 31156 43457
20250 31021 43463 20300 30921 43461 20500 30762 43457
20750 30598 43454
444 20110 21091 1003/ 522// 60381=
ZZYY 52078 21091 06004 105044 146944 6111/
11119 02505 10281 29080 40080
22219 00295
33311 88872 20000 32953 20002 32953 43348 20025 32943 43358
20050 32951 43369 20075 32852 43438 20100 32538 43488
20125 32279 43502 20150 31933 43480 20200 31247 43455
20250 31061 43459 20300 30933 43461 20500 30782 43457
20750 30621 43454
444 20110 21091 0524/ 522// 60381=
ZZYY 52078 21091 08004 105043 146950 6113/
11119 02602 10281 29080 40088
22219 00295
33311 88872 20000 32949 20002 32949 43347 20025 32945 43360
20050 32946 43375 20075 32799 43452 20100 32400 43499
20125 32158 43493 20150 31808 43475 20200 31224 43455
20250 31045 43460 20300 30918 43462 20500 30758 43456
20750 30608 43454
444 20130 21091 0703/ 522// 60381=
ZZYY 52078 21091 15004 105042 146946 6113/
11119 02704 10254 29096 40109
22219 00290
33311 88872 20000 32898 20002 32898 43308 20025 32949 43361
20050 32948 43370 20075 32871 43433 20100 32675 43482
20125 32437 43491 20150 32112 43490 20200 31240 43457
20250 31014 43463 20300 30919 43461 20500 30779 43458
20750 30602 43454
444 20130 21091 1506/ 522// 60381=
ZZYY 52078 21091 17004 105041 146960 6112/
11119 02909 10259 29093 40100
22219 00289
444 20120 21091 1647/ 522// 60381=
ZZYY 52078 21091 11004 105043 146947 6112/
11119 01403 10255 29096 40118
22219 00293
33311 88872 20000 32930 20002 32930 43331 20025 32951 43364
20050 32941 43380 20075 32840 43442 20100 32558 43486
20125 32221 43499 20150 31867 43478 20200 31207 43457
20250 31058 43461 20300 30928 43461 20500 30753 43456
20750 30597 43455
444 20120 21091 1117/ 522// 60381=
ZZYY 52078 21091 13004 105043 146947 6112/
11119 00703 10249 29099 40118
22219 00290
33311 88872 20000 32901 20002 32901 43304 20025 32952 43362
20050 32952 43368 20075 32869 43433 20100 32688 43479
20125 32322 43509 20150 31888 43480 20200 31239 43456
20250 31031 43462 20300 30916 43461 20500 30771 43456
20750 30607 43453
444 20120 21091 1117/ 522// 60381=
ZZYY 52073 21091 1700/ 104856 137280 6113/
33311 88872 20002 32905 43328 20025 32924 43347 20050 32914 43398
20075 32831 20100 32587 43479 20125 32292 43486 20150 32012 43482
20200 31099 43445 20250 30931 43448 20300 30892 43458
20500 30753 43455 20750 30620 43450
444 20130 21091 1648/ 522//=
ZZYY 52073 21091 11004 104855 137279 6112/
11119 02809 10283 29081 40094
22219 00292
33311 88872 20000 32915 20002 32915 43338 20025 32917 43340
20050 32931 43394 20075 32851 20100 32656 43472 20125 32309 43489
20150 31998 43481 20200 31214 43446 20250 30944 43442
20300 30893 43457 20500 30735 43454 20750 30597 43450
444 20120 21091 1114/ 522// 60381=
ZZYY 52073 21091 13004 104854 137281 6112/
11119 02509 10277 29080 40103
22219 00291
33311 88872 20000 32914 20002 32914 43338 20025 32919 43340
20050 32930 43394 20075 32857 20100 32709 43464 20125 32352 43489
20150 32119 43484 20200 31256 43447 20250 30946 43441
20300 30893 43457 20500 30739 43453 20750 30597 43450
444 20120 21091 1256/ 522// 60381=
ZZYY 52073 21091 12004 104850 137282 6111/
11119 02707 10282 29082 40100
22219 00292
33311 88872 20000 32916 20125 32401 43486 20150 32090 43484
20200 31233 43448 20250 30943 43442 20500 30729 43454
444 20110 21091 1144/ 522// 60381=
ZZYY 52073 21091 10004 104854 137278 6112/
11119 02810 10281 29082 40087
22219 00292
33311 88872 20000 32915 20002 32915 43338 20025 32918 43339
20050 32929 43390 20075 32833 20100 32641 43474 20125 32307 43490
20150 31947 43479 20200 31212 43447 20250 30951 43440
20300 30904 43456 20500 30752 43455 20750 30601 43449
444 20120 21091 1003/ 522// 60381=
ZZYY 52073 21091 08004 104844 137282 6112/
11119 02712 10278 29080 40067
22219 00292
33311 88872 20000 32916 20002 32916 43338 20025 32918 43339
20050 32929 43396 20075 32856 20100 32610 43482 20125 32287 43491
20150 31913 43478 20200 31239 43447 20250 31009 43442
20300 30926 43454 20500 30782 43455 20750 30620 43450
444 20120 21091 0843/ 522// 60381=
ZZYY 52073 21091 15004 104855 137280 6112/
11119 02707 10262 29089 40099
22219 00291
33311 88872 20000 32905 20002 32905 43323 20025 32919 43340
20050 32908 43399 20075 32834 20100 32618 43477 20125 32305 43487
20150 31994 43482 20200 31168 43446 20250 30949 43441
20300 30906 43457 20500 30759 43454 20750 30607 43449
444 20120 21091 1506/ 522// 60381=
ZZYY 52073 21091 17004 104856 137280 6113/
11119 02408 10266 29086 40085
22219 00291
33311 88872 20000 32905 20002 32905 43328 20025 32924 43347
20050 32914 43398 20075 32831 20100 32587 43479 20125 32292 43486
20150 32012 43482 20200 31099 43445 20250 30931 43448
20300 30892 43458 20500 30753 43455 20750 30620 43450
444 20130 21091 1648/ 522// 60381=
ZZYY 52073 21091 13004 104854 137281 6112/
11119 02509 10277 29080 40103
22219 00291
33311 88872 20000 32914 20002 32914 43338 20025 32919 43340
20050 32930 43394 20075 32857 20100 32709 43464 20125 32352 43489
20150 32119 43484 20200 31256 43447 20250 30946 43441
20300 30893 43457 20500 30739 43453 20750 30597 43450
444 20120 21091 1256/ 522// 60381=
ZZYY 21210 21091 1300/ 138114 146405 6111/
22219 00250
444 20110 21091 1124/ 522//=
ZZYY 21210 21091 09004 138101 146388 6111/
11119 01619 10260 29089 40031
22219 00252
444 20110 21091 0834/ 522// 60371=
ZZYY 21210 21091 14004 138111 146391 6111/
11119 01726 10258 29089 49982
444 20110 21091 1455/ 522// 60371=
ZZYY 21210 21091 16004 138118 146388 6112/
11119 01829 10263 29086 49957
444 20120 21091 1609/ 522// 60371=
ZZYY 21210 21091 14004 138111 146391 6111/
11119 01726 10258 29089 49982
22219 00251
444 20110 21091 1455/ 522// 60371=
ZZYY 52081 21091 1500/ 100072 138039 6113/
33311 88872 20002 32924 43426 20025 32941 43441 20050 32928 43455
20075 32886 43493 20100 32827 43535 20125 32523 43555
20150 32186 43551 20200 31867 43536 20250 31553 43513
20300 31465 43508 20500 30807 43458 20750 30547 43451
444 20130 21091 1507/ 522//=
ZZYY 52081 21091 1000/ 100070 138039 6113/
33311 88872 20002 32947 43426 20025 32936 43442 20050 32924 43460
20075 32865 43490 20100 32833 43530 20125 32498 43555
20150 32266 43543 20200 31891 43537 20250 31568 43515
20300 31425 43509 20500 30775 43458 20750 30546 43451
444 20130 21091 1001/ 522//=
ZZYY 52081 21091 0800/ 100077 138028 6111/
33311 88872 20002 32962 43416 20025 32936 43439 20050 32923 43460
20075 32873 43493 20100 32801 43494 20125 32566 43555
20150 32270 43542 20200 31888 43537 20250 31566 43515
20300 31468 43509 20500 30793 43458 20750 30554 43450
444 20110 21091 0842/ 522//=
ZZYY 52081 21091 0600/ 100067 138029 6111/
33311 88872 20002 32940 43403 20025 32927 43434 20050 32923 43454
20075 32902 43490 20100 32825 43492 20125 32688 43551
20150 32354 43556 20200 31917 43538 20250 31603 43518
20300 31502 43509 20500 30816 43459 20750 30555 43451
444 20110 21091 0542/ 522//=
ZZYY 52081 21091 1500/ 100072 138039 6113/
33311 88872 20002 32924 43426 20025 32941 43441 20050 32928 43455
20075 32886 43493 20100 32827 43535 20125 32523 43555
20150 32186 43551 20200 31867 43536 20250 31553 43513
20300 31465 43508 20500 30807 43458 20750 30547 43451
444 20130 21091 1507/ 522//=
ZZYY 52087 21091 16004 107866 136489 6113/
11119 03504 10281 29083 40086
22219 00295
33311 88872 20000 32950 20002 32950 43363 20025 32952 43363
20050 32962 43390 20075 32823 43471 20100 32571 43496
20125 32319 43495 20150 32124 43491 20200 31510 43460
20250 31190 43453 20300 31058 43455 20500 30744 43451
20750 30610 43451
444 20130 21091 1620/ 522// 60381=
ZZYY 52087 21091 14004 107866 136490 6112/
11119 03205 10280 29086 40096
22219 00295
33311 88872 20000 32952 20002 32952 43363 20025 32954 43363
20050 32963 43392 20075 32752 43479 20100 32590 43495
20125 32267 43493 20150 32127 43492 20200 31473 43458
20250 31181 43453 20300 31029 43456 20500 30722 43451
20750 30592 43451
444 20120 21091 1257/ 522// 60381=
ZZYY 52087 21091 10004 107864 136485 6112/
11119 02710 10273 29085 40080
22219 00295
33311 88872 20000 32947 20002 32947 43353 20025 32955 43363
20050 32962 43380 20075 32841 43466 20100 32627 43494
20125 32360 43498 20150 32052 43486 20200 31379 43455
20250 31166 43453 20300 31019 43456 20500 30732 43452
20750 30594 43451
444 20120 21091 1004/ 522// 60381=
ZZYY 52087 21091 06004 107857 136503 6111/
11119 01405 10262 29088 40073
22219 00295
33311 88872 20000 32947 20002 32947 43349 20025 32950 43360
20050 32954 43368 20075 32925 43438 20100 32750 43483
20125 32519 43494 20150 32205 43494 20200 31438 43458
20250 31155 43452 20300 31000 43456 20500 30737 43452
20750 30602 43451
444 20110 21091 0544/ 522// 60381=
ZZYY 52087 21091 08004 107859 136495 6111/
11119 02011 10263 29092 40076
22219 00294
33311 88872 20000 32939 20002 32939 43339 20025 32951 43362
20050 32954 43366 20075 32868 43462 20100 32682 43490
20125 32396 43497 20150 32088 43487 20200 31359 43455
20250 31112 43453 20300 30983 43454 20500 30739 43451
20750 30598 43450
444 20110 21091 0844/ 522// 60381=
ZZYY 52087 21091 1700/ 107867 136491 6112/
33311 88872 20002 32949 43363 20025 32951 43363 20050 32959 43380
20075 32862 43461 20100 32647 43486 20125 32431 43495
20150 32158 43492 20200 31490 43459 20250 31196 43452
20300 31045 43456 20500 30745 43450 20750 30614 43451
444 20120 21091 1646/ 522//=
ZZYY 52087 21091 10004 107864 136485 6112/
11119 02710 10273 29085 40080
22219 00295
33311 88872 20000 32947 20002 32947 43353 20025 32955 43363
20050 32962 43380 20075 32841 43466 20100 32627 43494
20125 32360 43498 20150 32052 43486 20200 31379 43455
20250 31166 43453 20300 31019 43456 20500 30732 43452
20750 30594 43451
444 20120 21091 1004/ 522// 60381=
ZZYY 52087 21091 08004 107859 136495 6111/
11119 02011 10263 29092 40076
22219 00294
33311 88872 20000 32939 20002 32939 43339 20025 32951 43362
20050 32954 43366 20075 32868 43462 20100 32682 43490
20125 32396 43497 20150 32088 43487 20200 31359 43455
20250 31112 43453 20300 30983 43454 20500 30739 43451
20750 30598 43450
444 20110 21091 0844/ 522// 60381=
ZZYY 52080 21091 06004 101984 138102 6112/
11119 02708 10286 29075 40072
22219 00291
33311 88872 20000 32908 20002 32908 43352 20025 32907 43438
20050 32847 43481 20075 32862 43498 20100 32871 43534
20125 32623 43540 20150 32547 43540 20200 32029 43544
20250 31472 43494 20300 31277 43489 20500 30768 43457
20750 30532 43451
444 20120 21091 0543/ 522// 60381=
ZZYY 52080 21091 15004 101994 138104 6113/
11119 01905 10282 29079 40104
22219 00290
33311 88872 20000 32899 20002 32899 43366 20025 32921 43429
20050 32898 43444 20075 32861 43498 20100 32868 43517
20125 32676 43545 20150 32552 43540 20200 32091 43545
20250 31461 43487 20300 31245 43482 20500 30767 43456
20750 30528 43453
444 20130 21091 1507/ 522// 60381=
ZZYY 52080 21091 17004 101997 138104 6113/
11119 02603 10266 29089 40093
22219 00290
33311 88872 20000 32898 20002 32898 43370 20025 32921 43427
20050 32898 43443 20075 32860 43498 20100 32869 43520
20125 32682 43545 20150 32562 43538 20200 32026 43535
20250 31410 43483 20300 31178 43472 20500 30765 43456
20750 30529 43452
444 20130 21091 1648/ 522// 60381=
####018000143####
SSVX02 CWAO 211800
ZZYY 56513 21091 1800/ 312471 070467 6113/ 11119 40147 57022 22219 00256 444 20130 21091 1800/ 50501 80108 80002 9////=
####018000143####
SSVX02 CWAO 211800
ZZYY 56514 21091 1800/ 332386 114357 6113/ 11119 40196 57003 22219 00172 444 20130 21091 1800/ 50501 80138 80023 9/010=
####018000143####
SSVX02 CWAO 211800
ZZYY 56515 21091 1800/ 331582 089280 6113/ 11119 40296 57009 22219 00168 444 20130 21091 1800/ 50501 80138 80019 9/010=
####018000138####
SSVX02 CWAO 211800
ZZYY 56503 21091 1800/ 314713 095726 6113/ 11119 40170 57008 22219 00261 444 20130 21091 1800/ 50400 80108 80005 =
####018000143####
SSVX02 CWAO 211800
ZZYY 23566 21091 1800/ 100111 074256 6113/ 11119 40131 52005 22219 00294 444 20130 21091 1800/ 50501 80132 80003 9/010=
####018000141####
SSVX02 CWAO 211800
ZZYY 56503 21091 1800/ 314713 095726 6113/ 11119 40170 57008 22219 00261 444 20130 21091 1800/ 50400 80108 80005 =

####018000146####
SSVX02 CWAO 211800
ZZYY 23566 21091 1800/ 100111 074256 6113/ 11119 40131 52005 22219 00294 444 20130 21091 1800/ 50501 80132 80003 9/010=

####018000146####
SSVX02 CWAO 211800
ZZYY 56513 21091 1800/ 312471 070467 6113/ 11119 40147 57022 22219 00256 444 20130 21091 1800/ 50501 80108 80002 9////=

####018000146####
SSVX02 CWAO 211800
ZZYY 56514 21091 1800/ 332386 114357 6113/ 11119 40196 57003 22219 00172 444 20130 21091 1800/ 50501 80138 80023 9/010=

####018000146####
SSVX02 CWAO 211800
ZZYY 56515 21091 1800/ 331582 089280 6113/ 11119 40296 57009 22219 00168 444 20130 21091 1800/ 50501 80138 80019 9/010=

####018000146####
SSVX13 LFPW 211800
ZZYY 14534 21091 1800/ 304872 044277 6113/ 11119 40139 52014 22219
 00268 444 20130 21091 1800/ 50101 80108 80003 9/015=
####018000146####
SSVX13 LFPW 211800
ZZYY 16531 21091 1800/ 341655 066593 6113/ 11119 40119 52014 22219
 00075 444 20130 21091 1800/ 50101 80144 80008 9/015=
####018000146####
SSVX13 LFPW 211800
ZZYY 16533 21091 1800/ 347200 060998 6113/ 11119 40000 52018 22219
 00047 444 20130 21091 1800/ 50101 80144 80023 9/015=
####018000146####
SSVX13 LFPW 211800
ZZYY 16545 21091 1800/ 349310 089404 6113/ 11119 40024 57007 22219
 00070 444 20130 21091 1800/ 50101 80136 80005 9/015=
####018000146####
SSVX13 LFPW 211800
ZZYY 14535 21091 1800/ 314854 056947 6113/ 11119 40192 52011 22219
 00254 444 20130 21091 1800/ 50101 80104 80015 9/015=
####018000146####
SSVX13 LFPW 211800
ZZYY 16543 21091 1800/ 337846 094577 6113/ 11119 40199 52004 22219
 00123 444 20130 21091 1800/ 50101 80132 80006 9/015=
####018000146####
SSVX13 LFPW 211800
ZZYY 16541 21091 1800/ 340347 105445 6113/ 11119 49983 52009 22219
 00112 444 20130 21091 1800/ 50101 80132 80006 9/015=
####018000146####
SSVX13 LFPW 211800
ZZYY 48602 21091 1800/ 785018 129244 6113/ 11119 40017 52007 22219
 01050 444 20130 21091 1800/ 50101 80146 80002 9/015=
####018000146####
SSVX13 LFPW 211800
ZZYY 23583 21091 1800/ 318789 069109 6113/ 11119 40223 52006 22219
 00234 444 20130 21091 1800/ 50101 80122 80005 9/015=
####018000146####
SSVX13 LFPW 211800
ZZYY 16542 21091 1800/ 344346 105957 6113/ 11119 40072 57030 22219
 00105 444 20130 21091 1800/ 50101 80136 80011 9/015=
####018000146####
SSVX13 LFPW 211800
ZZYY 16548 21091 1800/ 348633 067540 6113/ 11119 49956 52018 22219
 00031 444 20130 21091 1700/ 50101 80144 80021 9/015=
####018000146####
SSVX13 LFPW 211800
ZZYY 23584 21091 1800/ 306155 077891 6113/ 11119 40138 57002 22219
 00286 444 20130 21091 1800/ 50101 80106 80003 9/015=
####018000146####
SSVX13 LFPW 211800
ZZYY 16549 21091 1800/ 345285 080603 6113/ 11119 40080 57019 22219
 00049 444 20130 21091 1800/ 50101 80146 80013 9/015=
####018000146####
SSVX13 LFPW 211800
ZZYY 25617 21091 1800/ 182600 111804 6113/ 11119 40114 52017 22219
 01050 444 20130 21091 1800/ 50101 80152 80002 9/015=
####018000146####
SSVX13 LFPW 211800
ZZYY 16537 21091 1800/ 339962 101244 6113/ 11119 40123 57010 22219
 00120 444 20130 21091 1800/ 50101 80134 80008 9/015=
####018000146####
SSVX13 LFPW 211800
ZZYY 16540 21091 1800/ 348279 113683 6113/ 11119 40093 52012 22219
 00072 444 20130 21091 1800/ 50101 80134 80005 9/015=
####018000146####
SSVX13 LFPW 211800
ZZYY 16546 21091 1800/ 345231 106098 6113/ 11119 40057 57033 22219
 00104 444 20130 21091 1800/ 50101 80136 80008 9/015=
####018000146####
SSVX13 LFPW 211800
ZZYY 16539 21091 1800/ 345764 119329 6113/ 11119 49931 52001 22219
 00100 444 20130 21091 1800/ 50101 80134 80011 9/015=
####018000146####
SSVX13 LFPW 211800
ZZYY 16535 21091 1800/ 347533 081898 6113/ 11119 40018 57026 22219
 00047 444 20130 21091 1800/ 50101 80138 80027 9/015=
####018000146####
SSVX13 LFPW 211800
ZZYY 16544 21091 1800/ 348099 107107 6113/ 11119 40044 57027 22219
 00062 444 20130 21091 1800/ 50101 80130 80015 9/015=
####018000146####
SSVX13 LFPW 211800
ZZYY 16532 21091 1800/ 346502 059343 6113/ 11119 40021 52019 22219
 00080 444 20130 21091 1800/ 50101 80144 80027 9/015=
####018000146####
SSVX13 LFPW 211800
ZZYY 16534 21091 1800/ 349666 060840 6113/ 11119 49906 52030 22219
 00036 444 20130 21091 1800/ 50101 80144 80005 9/015=
####018008515####
SSVX02 KARS 211816
ZZYY 33951 21091 1502/ 338962 087164 6113/
22219 00116
444 20130 21091 1456/ 50101 80072 80036 9/015=
ZZYY 32805 21091 1432/ 532722 101866 6111/
22219 00169
444 20110 21091 1420/ 50101 80104 80050 9/015=
ZZYY 33690 21091 1500/ 342369 099560 6113/
22219 00107
444 20130 21091 1453/ 50101 80074 80108 9/015=
ZZYY 33687 21091 1503/ 333716 061818 6113/
22219 00151
444 20130 21091 1457/ 50101 80070 80000 9/015=
ZZYY 33692 21091 1459/ 341190 091006 6112/
22219 00108
444 20120 21091 1454/ 50101 80074 80077 9/015=
ZZYY 32640 21091 1426/ 520677 124592 6112/
22219 00236
444 20120 21091 1420/ 50101 80098 80014 9/015=
ZZYY 32642 21091 1427/ 526392 132422 6112/
22219 00227
444 20120 21091 1445/ 50101 80102 80000 9/015=
ZZYY 32642 21091 1751/ 526380 132419 6113/
22219 00228
444 20130 21091 1605/ 50101 80104 80000 9/015=
ZZYY 32627 21091 1431/ 525832 119496 6112/
444 20120 21091 1419/ 50101 80096 80063 9/015=
ZZYY 14551 21091 1512/ 100835 082552 6112/
22219 00296
444 20120 21091 1506/ 50101 80126 80002 9/015=
ZZYY 32626 21091 1427/ 517599 090190 6113/
22219 00187
444 20130 21091 1417/ 50101 80116 80094 9/015=
ZZYY 32624 21091 1426/ 511351 100631 6112/
22219 00222
444 20120 21091 1419/ 50101 80116 80180 9/015=
ZZYY 32683 21091 1425/ 518732 095735 6113/
22219 00199
444 20130 21091 1422/ 50101 80116 80045 9/015=
ZZYY 32549 21091 1426/ 518900 093985 6113/
22219 00194
444 20130 21091 1420/ 50101 80114 80180 9/015=
ZZYY 32538 21091 1429/ 522557 092258 6113/
22219 00186
444 20130 21091 1419/ 50101 80116 80069 9/015=
ZZYY 32711 21091 1424/ 515823 126470 6113/
22219 00243
444 20130 21091 1543/ 50101 80520 80099 9/015=
ZZYY 32526 21091 1426/ 515048 094845 6112/
22219 00201
444 20120 21091 1420/ 50101 80570 80099 9/015=
ZZYY 14928 21091 1513/ 105984 087972 6111/
22219 00285
444 20110 21091 1507/ 50101 80093 80005 9/015=
ZZYY 32533 21091 1428/ 514568 110340 6112/
22219 00231
444 20120 21091 1418/ 50101 80121 80012 9/015=
ZZYY 23678 21091 1500/ 340034 089019 6112/
22219 00114
444 20120 21091 1453/ 50101 80049 80099 9////=
ZZYY 33582 21091 1710/ 549500 000310 6111/
11119 39933 49933 52072
22219 00037
444 20110 21091 1717/ 50101 80110 80006 9/015=
ZZYY 71703 21091 1732/ 550193 044997 6111/
22219 00027
444 20110 21091 1728/ 50101 80118 80104 9/015=
ZZYY 71635 21091 1729/ 548339 043226 6111/
22219 00047
444 50101 80116 80133 9/015=
ZZYY 71709 21091 1732/ 548633 040598 6112/
22219 00021
444 20120 21091 1728/ 50101 80116 80110 9/015=
ZZYY 56561 21091 1650/ 556460 076709 6112/
11119 30269 40269 57003
22219 00046
444 20120 21091 1727/ 50101 8//// 80008 9/015=
ZZYY 71573 21091 1730/ 553991 042773 6111/
22219 00011
444 20110 21091 1727/ 50101 80116 80104 9/015=
ZZYY 33570 21091 1729/ 546768 045275 6112/
22219 00089
444 20120 21091 1700/ 50101 80108 80038 9/015=
ZZYY 51945 21091 1750/ 533891 159222 6111/
22219 00165
33311 88872 20000 31650 42048
444 20110 21091 1448/ 50101 80060 80083 9/015=
ZZYY 33536 21091 1740/ 350745 164078 6111/
11119 40014 52010
22219 00079
444 20110 21091 1737/ 50101 80009 80000 9////=
ZZYY 51940 21091 1740/ 525417 169758 6111/
22219 00222
33311 88872 20000 32215 43546
444 20110 21091 1733/ 50101 80080 80008 9/015=
ZZYY 51952 21091 1740/ 525937 149476 6111/
22219 00228
33311 88872 20000 32275 43585
444 20110 21091 1605/ 50101 80100 80014 9/015=
ZZYY 51946 21091 1740/ 525507 165251 6112/
22219 00214
33311 88872 20000 32140 42048
444 20120 21091 1625/ 50101 80070 80016 9/015=
ZZYY 71606 21091 1740/ 556957 118140 6111/
22219 00031
444 20110 21091 1754/ 50101 80010 80000 9////=
ZZYY 71616 21091 1740/ 561286 130943 6112/
11119 40203 57001
22219 01003
444 20120 21091 1735/ 50101 80010 80000 9////=
ZZYY 55937 21091 1740/ 526720 127469 6111/
11119 30172 40172 52024
22219 00217
444 20110 21091 1604/ 50101 8//// 80054 9////=
ZZYY 55920 21091 1740/ 533958 135970 6111/
11119 30149 40149 52022
444 20110 21091 1734/ 50101 8//// 80068 9/015=
ZZYY 54948 21091 1740/ 529863 150634 6112/
11119 40159 57006
22219 00198
444 20120 21091 1607/ 50101 80010 80000 9////=
ZZYY 33665 21091 1750/ 548086 154933 6112/
11119 40184 57001
22219 00090
444 20120 21091 1753/ 50101 80010 80008 9////=
ZZYY 51802 21091 1751/ 523091 175474 6112/
22219 00231
444 20120 21091 1625/ 50101 80051 80008 9/015=
ZZYY 16942 21091 1640/ 559097 118616 6113/
11119 30115 40115 57003
22219 00013
444 20130 21091 1613/ 50101 80090 80000 9/015=
ZZYY 54550 21091 1740/ 531871 143593 6112/
11119 40200 52009
22219 00182
444 20120 21091 1607/ 50101 80010 80008 9////=
ZZYY 51655 21091 1753/ 528775 169999 6111/
22219 00186
444 20110 21091 1733/ 50101 80107 80009 9/015=
ZZYY 32871 21091 1752/ 525790 149977 6112/
22219 00227
444 20120 21091 1607/ 50101 80104 80013 9/015=
ZZYY 32564 21091 1753/ 534051 133503 6113/
22219 00144
444 20130 21091 1607/ 50101 80007 80097 9/015=
ZZYY 32564 21091 1431/ 534066 133523 6111/
22219 00144
444 20110 21091 1428/ 50101 80007 80098 9/015=
ZZYY 51753 21091 1752/ 521362 163014 6112/
22219 00256
444 20120 21091 1624/ 50101 80083 80008 9/015=
ZZYY 54922 21091 1640/ 529564 124862 6111/
11119 30128 40128 52024
444 20110 21091 1606/ 50101 8//// 80000 9////=
ZZYY 32973 21091 1752/ 520747 156191 6111/
22219 00255
444 20110 21091 1623/ 50101 80047 80014 9/015=
ZZYY 55934 21091 1750/ 557628 114687 6111/
22219 00039
444 20110 21091 1736/ 50101 8//// 80000 9////=
ZZYY 32684 21091 1751/ 518579 158541 6112/
22219 00262
444 20120 21091 1624/ 50101 80102 80017 9/015=
ZZYY 32682 21091 1752/ 521347 155461 6111/
22219 00251
444 20110 21091 1624/ 50101 80100 80016 9/015=
ZZYY 34538 21091 1753/ 530126 143103 6112/
22219 00196
444 20120 21091 1606/ 50101 80010 80000 9////=
ZZYY 54925 21091 1751/ 528965 133687 6112/
444 20120 21091 1605/ 50101 80104 80000 9/015=
ZZYY 33518 21091 1710/ 537677 135343 6111/
11119 30080 40080 52018
22219 00129
444 20110 21091 1734/ 50101 8//// 80100 9/015=
ZZYY 56570 21091 1750/ 558988 129509 6112/
11119 30204 40204 52018
22219 00022
444 20120 21091 1753/ 50101 80100 80006 9/015=
ZZYY 55610 21091 1700/ 526851 127589 6111/
22219 00207
444 20110 21091 1605/ 50101 8//// 80071 9////=
ZZYY 34512 21091 1750/ 548112 177533 6112/
11119 40173 52008
22219 00070
444 20120 21091 1752/ 50101 80010 80008 9////=
ZZYY 17522 21091 1450/ 339755 098483 6112/
11119 30134 40134
444 20120 21091 1454/ 50101 80090 80100 9/015=
ZZYY 14929 21091 1450/ 336027 081939 6111/
11119 30261 40261
22219 00129
444 20110 21091 1454/ 50101 80100 80100 9/015=
ZZYY 33635 21091 1450/ 338011 070909 6113/
22219 00136
444 20130 21091 1455/ 50101 80100 80100 9/015=
ZZYY 32736 21091 1427/ 514225 094756 6112/
444 20120 21091 1420/ 50101 80114 80000 9/015=
ZZYY 32520 21091 1424/ 519210 076697 6112/
22219 00166
444 20120 21091 1355/ 50101 80118 80136 9/015=
ZZYY 17914 21091 1450/ 327758 081753 6112/
22219 00189
444 20120 21091 1458/ 50101 80008 80100 9/015=
ZZYY 32731 21091 1426/ 516022 082331 6113/
22219 00166
444 20130 21091 1418/ 50101 80114 80125 9/015=
ZZYY 32708 21091 1426/ 515998 087170 6113/
22219 00179
444 20130 21091 1418/ 50101 80114 80180 9/015=
ZZYY 32705 21091 1427/ 515651 091597 6113/
22219 00195
444 20130 21091 1420/ 50101 80114 80042 9/015=
ZZYY 32704 21091 1427/ 522318 083539 6111/
22219 00169
444 20110 21091 1415/ 50101 80114 80071 9/015=
ZZYY 32702 21091 1426/ 515833 081551 6113/
22219 00171
444 20130 21091 1419/ 50101 80114 80010 9/015=
ZZYY 32912 21091 1426/ 517037 090726 6113/
22219 00191
444 20130 21091 1420/ 50101 80120 80112 9/015=
ZZYY 32695 21091 1430/ 523588 106062 6113/
22219 00205
444 20130 21091 1424/ 50101 80094 80050 9/015=
ZZYY 32548 21091 1427/ 516570 096230 6112/
22219 00204
444 20120 21091 1419/ 50101 80120 80029 9/015=
ZZYY 32917 21091 1428/ 519584 090206 6112/
22219 00189
444 20120 21091 1415/ 50101 80120 80103 9/015=
ZZYY 32528 21091 1427/ 518497 088392 6112/
22219 00185
444 20120 21091 1420/ 50101 80120 80079 9/015=
ZZYY 32650 21091 1424/ 508722 119644 6111/
22219 00246
444 20110 21091 1420/ 50101 80120 80039 9/015=
ZZYY 32803 21091 1429/ 524028 116612 6112/
22219 00218
444 20120 21091 1419/ 50101 80102 80021 9/015=
####018000277####
SSVX13 KARS 211816
ZZYY 23926 21091 1500/ 114602 090480 6111/
11119 40072 57237
22219 00285
444 2011/ 21091 1452/ 50101 80119 80009 9/015=
ZZYY 55644 21091 1700/ 337038 171767 6113/
11119 40133 57008
22219 00143
444 20130 21091 1630/ 50101 80112 80029 9/015=
####018009487####
SSVX08 KARS 211816
ZZYY 23001 20091 1200/ 100121 080522 6113/
33311 88872 20001 32936 43427 20020 32894 43439 20040 32858 43437
20060 32569 43524 20080 32453 20100 32254 20120 32089 20140 31959
20180 31504 20300 31152 20500 30963
444 20130 20091 1050/ 521//=
ZZYY 23001 21091 15004 100116 080530 6113/
11119 02206 10288 29072 40127
22219 00297
444 20130 21091 1505/ 521// 60401=
ZZYY 32318 20091 1200/ 504978 110000 6111/
33311 88872 20001 32411 43521 20040 32403 20060 32365 20080 31737
20100 31484 20120 31411 20140 31354 20180 31301 20300 31171
20500 30862
444 20110 20091 1011/ 521//=
ZZYY 32318 21091 14004 504987 109998 6112/
11119 01216 10236 29072
22219 00241=
ZZYY 23003 20091 1200/ 301502 080504 6112/
33311 88872 20001 32892 43439 20020 32891 43444 20040 32892 43448
20060 32801 43487 20080 32441 20100 32189 20120 31913 20140 31745
20180 31490 20300 31197 20500 30950
444 20120 20091 1047/ 521//=
ZZYY 23003 21091 15004 301507 080503 6112/
11119 03207 10284 29077
22219 00292
444 20120 21091 1504/ 521// 60401=
ZZYY 14043 20091 1200/ 312206 067221 6111/
33311 88872 20001 32608 43524 20020 32609 43523 20040 32608 43525
20060 32608 43525 20080 32607 20100 32546 20120 32090 20140 31884
20180 31635 20300 31164 20500 30851
444 20110 20091 1057/ 521//=
ZZYY 14043 21091 14004 312197 067212 6112/
11119 01219 10256 29076 40151
22219 00260
444 20120 21091 1445/ 521// 60401=
ZZYY 14043 21091 15004 312202 067210 6112/
11119 01121 10256 29075 40157
22219 00260
444 20120 21091 1504/ 521// 60401=
ZZYY 32316 20091 1200/ 702047 110043 6111/
33311 88872 20001 32496 43391 20040 32190 20060 31660 20080 31447
20100 31373 20120 31347 20140 31338 20180 31318 20300 31147
20500 30829
444 20110 20091 1319/ 521//=
ZZYY 23004 20091 1200/ 100025 089847 6113/
33311 88872 20001 32841 43300 20020 32866 43392 20040 32800 43418
20060 32324 43525 20080 32226 20100 32139 20120 31978 20140 31758
20180 31532 20300 31211 20500 30999
444 20130 20091 1318/ 521//=
ZZYY 23004 21091 15004 100021 089845 6112/
11119 01412 10283 29081
22219 00286
444 20120 21091 1505/ 521// 60401=
ZZYY 23006 20091 1200/ 103977 089591 6112/
33311 88872 20001 32881 20020 32872 43315 20040 32870 43327
20060 32831 43348 20080 32323 20100 31840 20120 31629 20140 31483
20180 31359 20300 31226 20500 31027
444 20120 20091 1318/ 521//=
ZZYY 23006 21091 15004 103970 089591 6111/
11119 02009 10282 29076
22219 00288
444 20110 21091 1506/ 521// 60401=
ZZYY 43001 20091 1200/ 708043 110136 6111/
33311 88872 20001 32751 43306 20020 32746 20040 32723 20060 32304
20080 31811 20100 31468 20120 31326 20140 31246 20180 31157
20300 31038 20500 30877
444 20110 20091 1317/ 521//=
ZZYY 32319 20091 1200/ 507985 110073 6111/
33311 88872 20001 32375 43509 20020 32370 20040 32367 20060 32366
20080 32334 20100 31910 20120 31534 20140 31424 20180 31338
20300 31163 20500 30856
444 20110 20091 1322/ 521//=
ZZYY 32319 21091 14004 507989 110079 6111/
11119 01214 10234 29080
22219 00238
444 20110 21091 1419/ 521// 60401=
ZZYY 53009 20091 1200/ 311878 093317 6111/
33311 88872 20020 32655 43402 20040 32653 43408 20060 32652 43405
20080 32652 20100 32639 20120 32539 20180 31954 20300 31234
20500 30911
444 20110 20091 1314/ 521//=
ZZYY 53009 21091 14004 311887 093304 6111/
11119 01121 10245 29086
444 20110 21091 1430/ 521// 60401=
ZZYY 32317 20091 1200/ 502008 110318 6112/
33311 88872 20001 32233 43478 20020 32170 20040 32045 20060 31985
20080 31525 20100 31343 20120 31325 20140 31313 20180 31284
20300 31179 20500 30851
444 20120 20091 1320/ 521//=
ZZYY 32317 21091 1400/ 501910 110419 6113/
11119 10225 29088
22219 00221
444 20130 21091 1418/ 521//=
ZZYY 32321 20091 12004 700219 095423 6111/
11119 01711 10210 29079
22219 00215
33311 88872 20000 32154 20001 32167 43441
444 20110 20091 1259/ 521// 60401=
ZZYY 32321 21091 14004 700216 095433 6112/
11119 01409 10204 29083
22219 00207
444 20120 21091 1356/ 521// 60401=
ZZYY 32304 20091 12004 505074 095073 6112/
11119 01508 10222 29070
22219 00220
33311 88872 20000 32204 20001 32212 43516 20020 32205 20040 32192
20060 31737 20080 31481 20100 31426 20120 31384 20140 31350
20180 31306 20300 31206 20500 30842
444 20120 20091 1301/ 521// 60401=
ZZYY 32304 21091 14004 505072 095077 6111/
11119 01413 10221 29077
22219 00220
444 20110 21091 1357/ 521// 60401=
ZZYY 32303 20091 12004 704915 094990 6111/
11119 01814 10254 29081
22219 00273
33311 88872 20000 32728 20001 32732 43299 20040 32490 20060 32010
20080 31794 20100 31556 20120 31414 20140 31376 20180 31327
20300 31141
444 20110 20091 1257/ 521// 60401=
ZZYY 32303 21091 14004 704944 094997 6111/
11119 01706 10262 29068
22219 00272
444 20110 21091 1355/ 521// 60401=
ZZYY 23010 20091 1200/ 303979 080493 6113/
33311 88872 20001 32881 43437 20020 32875 43458 20040 32873 43458
20060 32873 43459 20080 32726 20100 32430 20120 32025 20140 31627
20180 31367 20300 31101 20500 30912
444 20130 20091 1049/ 521//=
ZZYY 23010 21091 15004 303979 080491 6112/
11119 01113 10279 29082
22219 00286
444 20120 21091 1505/ 521// 60401=
ZZYY 14046 20091 12004 316004 055000 6111/
11119 01116 10246 29087 40174
33311 88872 20020 32456 43535 20040 32455 43555 20060 32455 43531
20080 32458 20100 32409 20120 32239 20140 32082 20500 30956
444 20110 20091 1212/ 521// 60401=
ZZYY 32323 20091 1200/ 700044 109918 6111/
33311 88872 20001 32150 43466 20020 31886 43478 20040 31651 43488
20060 31556 43496 20080 31463 20100 31438 20120 31403 20140 31369
20180 31290 20300 31156 20500 30815
444 20110 20091 1320/ 521//=
ZZYY 32305 20091 12004 508023 095271 6111/
11119 01212 10211 29075
22219 00228
33311 88872 20000 32276 20001 32282 43527
444 20110 20091 1230/ 521// 60401=
ZZYY 32305 21091 14004 508016 095280 6111/
11119 01215 10212 29078
22219 00228
444 20110 21091 1417/ 521// 60401=
ZZYY 14041 20091 12004 307935 055071 6112/
11119 00612 10262 29089
22219 00271
33311 88872 20000 32709 20001 32700 43545 20020 32693 43532
20040 32693 43540
444 20120 20091 1213/ 521// 60401=
ZZYY 14041 21091 15004 307936 055076 6111/
11119 01014 10253 29095
22219 00271
444 20110 21091 1506/ 521// 60401=
ZZYY 53006 20091 1200/ 312001 080518 6112/
33311 88872 20001 32639 43475 20020 32639 43473 20040 32639 43474
20060 32619 43473 20080 32244 20140 31598 20180 31425 20300 31132
20500 30861
444 20120 20091 1046/ 521//=
ZZYY 53006 21091 15004 312004 080521 6111/
11119 01219 10257 29078 40154
22219 00263
444 20110 21091 1502/ 521// 60401=
ZZYY 14042 20091 12004 312037 054984 6111/
11119 00914 10259 29089 40144
22219 00259
33311 88872 20000 32595 20001 32587 43552 20020 32585 43557
20040 32584 43557 20060 32586 43560 20080 32576 20100 32301
20140 31871 20180 31655 20300 31199
444 20110 20091 1213/ 521// 60401=
ZZYY 23002 20091 1200/ 101570 080510 6113/
33311 88872 20001 32900 43446 20020 32880 43449 20040 32854
20060 32703 43492 20080 32429 20100 32175 20120 31947 20140 31795
20180 31432 20300 31174
444 20130 20091 1050/ 521//=
ZZYY 23002 21091 1500/ 101571 080522 6112/
22219 00292
444 20120 21091 1506/ 521//=
ZZYY 53005 20091 1200/ 307997 080452 6112/
33311 88872 20001 32826 43482 20020 32827 43481 20040 32828 43483
20060 32558 43512 20080 32435 20100 32279 20120 32107 20140 31951
20180 31730 20300 31256 20500 30978
444 20120 20091 1048/ 521//=
ZZYY 53005 21091 15004 307998 080455 6111/
11119 00808 10269 29082
22219 00283
444 20110 21091 1503/ 521// 60401=
ZZYY 32320 20091 12004 702113 095420 6111/
11119 01812 10230 29073
33311 88870 20040 31959 20060 31709 20080 31563 20100 31467
20120 31408 20140 31383 20180 31324 20300 31089 20500 30807
444 20110 20091 0956/ 521// 60401=
ZZYY 32320 21091 14004 702114 095415 6112/
11119 01609 10224 29074
444 20120 21091 1356/ 521// 60401=
ZZYY 23007 20091 1200/ 108019 088997 6111/
33311 88872 20020 32854 43428 20040 32852 43429 20060 32847 43433
20080 32697 20100 32363 20120 32113 20140 31808 20180 31466
20300 31181 20500 31003
444 20110 20091 1320/ 521//=
ZZYY 23007 21091 15004 108014 089000 6111/
11119 02215 10286 29083
444 20110 21091 1507/ 521// 60401=
ZZYY 32315 20091 1200/ 705008 110064 6111/
33311 88872 20001 32693 43398 20020 32693 20040 32694 20060 32701
20080 32673 20100 31954 20120 31416 20140 31302 20180 31167
20300 31037 20500 30804
444 20110 20091 1318/ 521//=
ZZYY 32315 21091 14004 705004 110057 6111/
11119 01614 10248 29082
22219 00268
444 20110 21091 1357/ 521// 60401=
ZZYY 23005 20091 1200/ 101579 090082 6112/
33311 88872 20001 32890 43323 20020 32875 43356 20040 32881 43398
20060 32639 43441 20080 32147 20100 31994 20120 31794 20140 31609
20180 31427 20300 31232 20500 31006
444 20120 20091 1318/ 521//=
ZZYY 23005 21091 15004 101573 090087 6112/
11119 01408 10277 29079
22219 00286
444 20120 21091 1505/ 521// 60401=
ZZYY 23009 20091 1200/ 114984 089934 6112/
33311 88872 20001 32848 43227 20020 32860 43253 20040 32846 43289
20060 32762 43405 20080 32626 20100 32335 20120 32058 20140 31893
20180 31520 20300 31156 20500 30993
444 20120 20091 1053/ 521//=
ZZYY 23009 21091 15004 114996 089935 6111/
11119 02517 10274 29086 40063
22219 00285
444 20110 21091 1452/ 521// 60401=
