####018000134####
SSVX13 LFPW 100200
ZZYY 44621 10070 0200/ 754740 019967 6110/ 11119 40129 57005 444
 20100 10070 0200/ 50101 80113 80010 9/015=
####018000319####
SSVX02 KARS 100145
ZZYY 52849 10070 0140/ 123266 129621 6112/
22219 00294
444 20120 10070 0001/ 50101 80012 80000 9////=
ZZYY 46538 10070 0120/ 131462 135457 6112/
444 20120 09070 2358/ 50101 9/015=
ZZYY 21947 10070 0135/ 143643 137699 6111/
22219 00185
444 20110 09070 2354/ 50101 80096 80048 9/015=
####018000655####
SSVX02 LFVW 100145
ZZYY 22690 10070 0135/ 136514 135954 6112/
444 20120 09070 2328/ 50101 80146 80006 9/015=
ZZYY 22689 10070 0139/ 137832 131806 6111/
22219 00240
444 20110 10070 0137/ 50101 80146 80005 9/015=
ZZYY 21703 10070 0136/ 137550 134910 6112/
22219 00276
444 20120 09070 2043/ 50101 80144 80006 9/015=
ZZYY 22688 10070 0137/ 138766 131680 6113/
22219 00238
444 20130 09070 2357/ 50101 80146 80007 9/015=
ZZYY 21520 10070 0136/ 138291 132211 6112/
22219 00282
444 20120 09070 2327/ 50101 80144 80006 9/015=
ZZYY 21701 10070 0134/ 138368 135319 6111/
22219 00276
444 20110 09070 2327/ 50101 80144 80009 9/015=
####018000134####
SSVX13 LFPW 100200
ZZYY 63538 10070 0200/ 769133 002415 6110/ 11119 40012 52008 444
 20100 10070 0100/ 50101 80134 80052 9/015=
####018002515####
SSVX08 KARS 100147
ZZYY 51010 09070 12004 500038 170032 6113/
11119 00614 10269 29080 40107
22219 00271
33311 88872 20000 32714 20001 32719 43516 20025 32716 43536
20050 32711 43536 20075 32665 43538 20100 32384 20125 32007
20150 31717 20200 31390 20250 31221 20300 31151 20500 30804
444 20130 09070 1226/ 521// 60401=
ZZYY 52002 09070 1200/ 301991 164996 6113/
33311 88872 20001 33006 43495 20025 32991 20050 32967 20100 32883
20150 32376 20200 31456 20250 31193 20300 31125 20500 30911
444 20130 09070 1053/ 521//=
ZZYY 52312 09070 12004 501991 179922 6111/
11119 00713 10275 29077
22219 00286
33311 88872 20000 32861 20001 32867 43565 20025 32861 20050 32859
20075 32856 20100 32843 20125 32600 20200 31391 20250 31166
20300 31081 20500 30853
444 20110 09070 1227/ 521// 60401=
ZZYY 51301 09070 12004 707969 154993 6112/
11119 00714 10268 29085
22219 00278
33311 88870 20000 32776 20001 32783 20025 32737 20050 32683
20075 32117 20100 31535 20125 31282 20150 31209 20200 31142
20250 31051 20300 30992 20500 30817
444 20120 09070 1222/ 521// 60401=
ZZYY 52313 09070 12004 504977 179905 6111/
11119 00513 10285 29073
22219 00293
33311 88872 20000 32928 20001 32935 43556 20025 32916 20050 32910
20075 32896 20100 32885 20125 32869 20150 32744 20200 31906
20250 31343 20300 31065 20500 30818
444 20110 09070 1228/ 521// 60401=
ZZYY 52321 09070 1200/ 100011 165004 6112/
33311 88872 20001 32892 43541 20025 32836 43544 20050 32814 43528
20075 32788 43539 20100 32597 20125 32420 20150 32206 20200 31691
20250 31385 20300 31231 20500 30867
444 20120 09070 1054/ 521//=
ZZYY 52310 09070 12004 702012 179818 6111/
11119 01112 10281 29072
22219 00286
33311 88872 20000 32862 20001 32864 43503 20050 32854 20075 32830
20100 32528 20125 32173 20150 31673 20200 31228 20250 31131
20300 31092 20500 30822
444 20110 09070 1226/ 521// 60401=
ZZYY 52003 09070 1200/ 105033 165014 6111/
33311 88872 20001 32919 43452 20025 32919 20050 32908 20075 32905
20100 32780 20125 32351 20150 31910 20200 31206 20250 31025
20300 30950 20500 30784
444 20110 09070 1055/ 521//=
ZZYY 51020 09070 12004 704991 154911 6112/
11119 00910 10263 29086
22219 00282
33311 88872 20000 32823 20001 32830 43473 20050 32823 20075 32768
20100 32469 20125 31924 20150 31449 20200 31114
444 20120 09070 1222/ 521// 60401=
ZZYY 51020 10070 01004 704993 154917 6111/
11119 01214 10279 29075
22219 00284
444 20110 10070 0112/ 521// 60401=
####018010211####
SSVX02 KARS 100147
ZZYY 33568 09070 2340/ 545011 001902 6112/
11119 30280 40280
22219 00063
444 20120 09070 2301/ 50101 80110 80100 9/015=
ZZYY 14561 09070 2310/ 309074 042652 6112/
11119 30148 40148 57019
22219 00260
444 20120 09070 2251/ 50101 80110 80000 9/015=
ZZYY 14561 10070 0010/ 309074 042652 6112/
11119 30142 40142 57021
22219 00260
444 20120 09070 2251/ 50101 80110 80000 9/015=
ZZYY 17651 09070 2340/ 331742 013946 6111/
11119 30109 40109 57014
22219 00155
444 20110 09070 2300/ 50101 80120 80008 9/015=
ZZYY 33657 09070 2350/ 552038 009808 6112/
11119 30206 40206 52251
22219 00010
444 20120 10070 0037/ 50101 80100 80000 9/015=
ZZYY 74545 09070 2350/ 549138 139390 6112/
22219 00082
444 20120 09070 2326/ 50101 80011 80000 9////=
ZZYY 54938 10070 0010/ 548585 137853 6111/
11119 30115 40115 57056
22219 00082
444 20110 09070 2325/ 50101 80110 80000 9/015=
ZZYY 54936 10070 0010/ 548736 131823 6111/
11119 30315 40315 57033
22219 00078
444 20110 10070 0055/ 50101 80110 80063 9/015=
ZZYY 22619 10070 0126/ 127350 175315 6112/
22219 00301
444 20120 10070 0119/ 50101 80054 80099 9/015=
ZZYY 22536 10070 0125/ 126493 153257 6112/
22219 00277
444 20120 10070 0121/ 50101 80011 80000 9////=
ZZYY 21911 10070 0126/ 736901 179242 6113/
22219 00203
444 20130 10070 0121/ 50101 80009 80005 9/015=
ZZYY 22910 10070 0127/ 731394 172911 6112/
22219 00257
444 20120 10070 0119/ 50101 80011 80009 9////=
ZZYY 22610 10070 0124/ 729680 175782 6113/
22219 00268
444 20130 10070 0118/ 50101 80011 80000 9////=
ZZYY 16527 10070 0030/ 355586 162178 6111/
22219 00033
444 20110 09070 2352/ 50101 8//// 80013 9/015=
ZZYY 55942 10070 0010/ 546281 162090 6112/
11119 39941 49941 52025
22219 00106
444 20120 09070 2326/ 50101 80110 80037 9////=
ZZYY 51864 10070 0124/ 120925 173390 6113/
22219 00281
444 20130 10070 0120/ 50101 80143 80030 9/015=
ZZYY 16937 10070 0050/ 346555 160302 6112/
22219 00107
444 20120 09070 2351/ 50101 9/015=
ZZYY 51855 10070 0124/ 720397 171192 6112/
22219 00271
444 20120 10070 0115/ 50101 80143 80039 9/015=
ZZYY 51820 10070 0127/ 130904 150614 6111/
444 20110 10070 0122/ 50101 9////=
ZZYY 33580 10070 0030/ 355247 032335 6111/
11119 39732 49732 52005
22219 00003
444 20110 10070 0034/ 50101 8//// 80100 9////=
ZZYY 15601 10070 0033/ 519204 004055 6111/
22219 00210
444 20110 10070 0027/ 50101 80109 80065 9/015=
ZZYY 31920 10070 0038/ 536016 021226 6111/
22219 00140
444 20110 10070 0034/ 50101 80009 80051 9////=
ZZYY 55932 10070 0020/ 542098 124336 6112/
11119 40361 57002
22219 00122
444 20120 09070 2328/ 50101 80011 80008 9////=
ZZYY 31981 10070 0030/ 547898 156808 6111/
11119 39897 49897 57008
22219 00096
444 20110 10070 0058/ 50101 8//// 80000 9/015=
ZZYY 31991 10070 0010/ 530570 011427 6111/
11119 30298 40298 52003
22219 00188
444 20110 10070 0031/ 50101 8//// 80100 9/015=
ZZYY 51867 10070 0115/ 303466 160640 6112/
22219 00301
444 20120 09070 2335/ 50101 80057 80009 9/015=
ZZYY 15903 10070 0030/ 509119 003654 6112/
22219 00253
444 20120 10070 0024/ 50101 80116 80093 9/015=
ZZYY 15901 10070 0025/ 510452 007587 6111/
22219 00247
444 50101 80116 80117 9/015=
ZZYY 15651 10070 0027/ 510360 000966 6112/
22219 00246
444 20120 10070 0025/ 50101 80116 80100 9/015=
ZZYY 17508 10070 0000/ 526107 004560 6112/
11119 30278 40278 52007
22219 00204
444 20120 10070 0029/ 50101 8//// 80075 9/015=
ZZYY 51534 10070 0115/ 713253 150260 6111/
22219 00266
444 20110 09070 2343/ 50101 80010 80078 9////=
ZZYY 33951 10070 0040/ 344997 017993 6112/
22219 00067
444 20120 10070 0032/ 50101 80086 9/015=
ZZYY 33690 10070 0039/ 347029 020228 6111/
22219 00052
444 20110 10070 0033/ 50101 80086 9/015=
ZZYY 33687 10070 0038/ 340290 006682 6111/
22219 00097
444 20110 10070 0032/ 50101 80086 80095 9/015=
ZZYY 33692 10070 0039/ 346954 023778 6112/
22219 00053
444 20120 10070 0033/ 50101 80086 9/015=
ZZYY 15919 10070 0030/ 512235 005136 6111/
22219 00238
444 20110 10070 0025/ 50101 80114 80100 9/015=
ZZYY 15631 10070 0032/ 516945 004341 6111/
22219 00215
444 20110 10070 0026/ 50101 80114 9/015=
ZZYY 15649 10070 0030/ 512242 006362 6111/
22219 00240
444 20110 10070 0026/ 50101 80116 80000 9/015=
ZZYY 14568 10070 0029/ 325266 037133 6112/
22219 00228
444 20120 10070 0027/ 50101 80071 80013 9/015=
ZZYY 14555 10070 0034/ 333806 032947 6112/
22219 00206
444 20120 10070 0029/ 50101 80119 80008 9/015=
ZZYY 51754 10070 0123/ 717303 176182 6111/
22219 00274
444 20110 09070 2346/ 50101 80121 80011 9/015=
ZZYY 21539 10070 0020/ 131418 165822 6112/
11119 30201 40201 52254
22219 00267
444 20120 09070 2327/ 50101 80080 80010 9/015=
ZZYY 21994 10070 0030/ 131038 149702 6112/
11119 30203 40203
22219 00263
444 20120 09070 2359/ 50101 80100 80005 9/015=
ZZYY 21926 10070 0030/ 130134 151075 6112/
11119 30211 40211 57248
22219 00276
444 20120 09070 2358/ 50101 80110 80006 9/015=
ZZYY 32878 10070 0101/ 528474 136925 6111/
22219 00219
444 50101 80053 80000 9////=
ZZYY 71633 10070 0020/ 558341 050436 6111/
11119 39845 49845 57248
22219 01009
444 20110 10070 0041/ 50101 80110 80006 9/015=
ZZYY 54947 10070 0030/ 537588 133816 6111/
11119 40322 57014
22219 00155
444 20110 10070 0058/ 50101 80011 80000 9////=
ZZYY 52904 10070 0122/ 713587 171317 6112/
22219 00267
444 20120 10070 0115/ 50101 80010 80099 9/015=
ZZYY 54904 10070 0105/ 529026 162362 6112/
22219 00206
444 20120 10070 0102/ 50101 80106 80007 9/015=
ZZYY 32564 10070 0102/ 528373 134575 6111/
22219 00216
444 20110 09070 2331/ 50101 80011 80091 9/015=
ZZYY 22612 10070 0126/ 730632 179973 6111/
22219 00259
444 20110 10070 0120/ 50101 80011 80099 9////=
ZZYY 15635 10070 0032/ 521717 006350 6113/
22219 00222
444 20130 09070 2238/ 50101 80136 80009 9/015=
ZZYY 32629 10070 0101/ 528065 132923 6111/
22219 00218
444 20110 09070 2331/ 50101 80118 80001 9/015=
ZZYY 16949 10070 0050/ 539990 151706 6112/
11119 30062 40062 57012
22219 00135
444 20120 10070 0100/ 50101 8//// 80100 9////=
ZZYY 48673 10070 0124/ 781814 107155 6111/
444 20110 10070 0121/ 500// 9/000=
ZZYY 51721 10070 0122/ 727872 136272 6112/
22219 00208
444 20120 09070 2347/ 50101 80011 80101 9/015=
ZZYY 46624 10070 0119/ 727439 122908 6111/
22219 00200
444 50101 80108 80060 9/015=
ZZYY 46762 10070 0119/ 724580 121324 6112/
22219 00203
444 20120 09070 2203/ 50101 80108 80066 9/015=
ZZYY 46909 10070 0121/ 736739 123356 6111/
22219 00137
444 20110 10070 0119/ 50101 80126 80000 9/015=
ZZYY 51722 10070 0121/ 730288 150092 6111/
22219 00230
444 20110 09070 2348/ 50101 80010 80101 9/015=
ZZYY 46589 10070 0116/ 722256 114727 6111/
22219 00211
444 20110 10070 0058/ 50101 80106 80083 9/015=
ZZYY 46768 10070 0118/ 725886 122280 6112/
22219 00205
444 20120 10070 0059/ 50101 80108 80039 9/015=
ZZYY 46767 10070 0118/ 727032 119017 6113/
22219 00194
444 20130 09070 2206/ 50101 80110 80025 9/015=
ZZYY 46580 10070 0117/ 732223 116914 6112/
22219 00210
444 20120 10070 0100/ 50101 80114 80008 9/015=
ZZYY 46614 10070 0121/ 725426 132926 6111/
444 20110 09070 2344/ 50101 80010 80101 9/015=
ZZYY 46763 10070 0119/ 725298 125026 6111/
22219 00202
444 20110 09070 2346/ 50101 80110 80050 9/015=
ZZYY 46766 10070 0118/ 725275 121892 6112/
22219 00206
444 20120 09070 2207/ 50101 80110 80039 9/015=
ZZYY 46904 10070 0119/ 728438 117806 6112/
22219 00179
444 20120 10070 0100/ 50101 80114 80121 9/015=
ZZYY 46611 10070 0120/ 732319 117779 6111/
22219 00178
444 20110 10070 0118/ 50101 80114 80063 9/015=
ZZYY 46908 10070 0120/ 731425 118204 6111/
22219 00154
444 20110 10070 0101/ 50101 80116 80056 9/015=
ZZYY 46905 10070 0119/ 731116 117541 6112/
22219 00168
444 20120 10070 0100/ 50101 80114 80080 9/015=
ZZYY 46906 10070 0118/ 726960 118349 6112/
22219 00187
444 20120 10070 0059/ 50101 80114 80097 9/015=
ZZYY 46584 10070 0118/ 721244 120916 6111/
22219 00219
444 20110 10070 0059/ 50101 80100 80026 9/015=
ZZYY 46581 10070 0118/ 717057 131818 6111/
22219 00247
444 20110 09070 2343/ 50101 80100 80013 9/015=
ZZYY 14939 10070 0116/ 731174 156253 6111/
444 20110 09070 2337/ 50101 9/015=
ZZYY 14946 10070 0121/ 729424 127987 6112/
22219 00196
444 20120 09070 2346/ 50101 8//// 80099 9/015=
ZZYY 46612 10070 0121/ 733467 126598 6112/
22219 00181
444 20120 10070 0100/ 50101 80104 80036 9/015=
ZZYY 46615 10070 0120/ 732437 126205 6111/
22219 00182
444 20110 09070 2347/ 50101 80104 80060 9/015=
ZZYY 46620 10070 0119/ 725574 124437 6111/
22219 00202
444 20110 10070 0059/ 50101 80104 80049 9/015=
ZZYY 46617 10070 0118/ 724641 122972 6111/
22219 00211
444 20110 10070 0100/ 50101 80104 80013 9/015=
ZZYY 46567 10070 0119/ 726615 126780 6112/
22219 00198
444 20120 09070 2345/ 50101 80108 80051 9/015=
ZZYY 43517 10070 0040/ 730498 126246 6111/
11119 30165 40165 57009
22219 00186
444 20110 10070 0119/ 50101 8//// 80000 9////=
ZZYY 21514 10070 0040/ 716406 126327 6112/
11119 30117 40117 57011
22219 00268
444 20120 09070 2343/ 50101 8//// 80000 9////=
ZZYY 52801 10070 0050/ 731165 135301 6111/
11119 30189 40189 57010
22219 00196
444 20110 09070 2349/ 50101 80010 80000 9////=
ZZYY 21916 10070 0050/ 728981 129717 6111/
11119 30160 40160 57008
22219 00191
444 20110 09070 2344/ 50101 80010 80000 9////=
ZZYY 21944 10070 0100/ 745978 127111 6112/
11119 30206 40206 57001
22219 00149
444 20120 10070 0104/ 50101 80011 80000 9////=
ZZYY 21892 10070 0050/ 722912 124583 6111/
11119 30137 40137 57009
22219 00223
444 20110 09070 2336/ 50101 8//// 80000 9/015=
ZZYY 46539 10070 0040/ 729577 135104 6112/
11119 30183 40183 57012
22219 00198
444 20120 09070 2347/ 50101 8//// 80006 9////=
ZZYY 21927 10070 0119/ 733669 168150 6112/
22219 00243
444 20120 10070 0120/ 50101 80090 80000 9/015=
ZZYY 52911 10070 0142/ 118528 130316 6113/
22219 00305
444 20130 10070 0002/ 50101 80127 80000 9/015=
####018000179####
SSVX06 KARS 100147
ZZYY 47555 10070 0127/ 777279 096061 6111/
444 20110 10070 0117/ 500// 9/000=
ZZYY 47560 10070 0127/ 779471 106743 6113/
444 20130 10070 0120/ 500//=
####018000117####
SSVX12 KARS 100147
ZZYY 48525 10070 0130/ 776921 125436 6112/
11119 10003 39994 49994
444 20120 10070 0109/=
####018000129####
SSVX02 LFVW 100147
ZZYY 22688 10070 0138/ 138777 131687 6112/
22219 00238
444 20120 10070 0136/ 50101 80146 80007 9/015=
####018000146####
SSVX13 LFPW 100200
ZZYY 44616 10070 0200/ 759178 056097 6110/ 11119 40077 52009 22219
 00054 444 20100 10070 0200/ 50101 80137 80000 9/015=
