####018000103####
SSVX06 KARS 092028
ZZYY 47555 09070 2021/ 777291 096034 6112/
444 20120 09070 2006/ 500// 9/000=
####018000667####
SSVX02 KARS 092028 RRA
ZZYY 44915 09070 2010/ 724277 054936 6111/
11119 30207 40207 57007
444 20110 09070 2014/ 50101 80090 80000 9////=
ZZYY 44915 09070 1910/ 724261 054937 6112/
11119 30208 40208 57011
444 20120 09070 1839/ 50101 80090 80000 9////=
ZZYY 44905 09070 1940/ 725793 063259 6112/
11119 30204 40204 57010
22219 00282
444 20120 09070 1840/ 50101 8//// 80000 9/015=
ZZYY 44903 09070 1930/ 728652 064607 6112/
11119 30214 40214 57014
22219 00269
444 20120 09070 2014/ 50101 8//// 80074 9/015=
ZZYY 62905 09070 1940/ 728643 045349 6111/
11119 30245 40245 57009
22219 00260
444 20110 09070 1952/ 50101 8//// 80009 9/015=
####018000719####
SSVX08 KARS 092028
ZZYY 31002 08070 1200/ 704087 037981 6111/
33311 88872 20020 32851 43535 20040 32859 20060 32853 20080 32841
20180 31418 20300 31086 20500 30773
444 20110 08070 1100/ 521//=
ZZYY 41026 08070 1200/ 711495 038042 6112/
33311 88872 20060 32721 20080 32483 20100 32106 20120 31788 43627
444 20120 08070 1057/ 521//=
ZZYY 13008 08070 1200/ 714994 038019 6112/
33311 88872 20001 32669 20020 32668 43653 20040 32663 43624
20060 32657 43646 20080 32565 20100 32416 20120 32175 20140 32006
20180 31723 20300 31230 20500 30905
444 20120 08070 1055/ 521//=
ZZYY 13008 09070 20004 714994 038015 6112/
11119 00714 10262 29075 40140
22219 00267
444 20120 09070 1656/ 521// 60401=
####018014889####
SSVX02 KARS 092028
ZZYY 44755 09070 20004 741601 059187 6111/
11119 02110 40236 57010
22219 00237
444 20110 09070 2014/ 50101 80148 80092 9/015=
ZZYY 42570 09070 2010/ 725836 087102 6113/
22219 00298
444 20130 09070 2012/ 500//=
ZZYY 42573 09070 2020/ 730101 088939 6113/
22219 00291
444 20130 09070 2015/ 500//=
ZZYY 42576 09070 2020/ 726232 087305 6113/
22219 00297
444 20130 09070 2015/ 500//=
ZZYY 42524 09070 2013/ 725357 085920 6113/
22219 00293
444 20130 09070 1842/ 50101 80152 80006 9/015=
ZZYY 42520 09070 2015/ 724543 084883 6111/
22219 00295
444 20110 09070 1838/ 50101 80152 80004 9/015=
ZZYY 42521 09070 2015/ 724877 085898 6113/
22219 00297
444 20130 09070 1843/ 50101 80154 80007 9/015=
ZZYY 42549 09070 2015/ 724546 083470 6112/
22219 00297
444 20120 09070 1840/ 50101 80152 80007 9/015=
ZZYY 42516 09070 2017/ 724484 080875 6111/
22219 00313
444 20110 09070 1841/ 50101 80152 80003 9/015=
ZZYY 44936 09070 2010/ 756400 026800 6111/
11119 30090 40090 52003
22219 00117
444 20110 09070 2018/ 50101 80110 80020 9/015=
ZZYY 44938 09070 1930/ 750239 047135 6111/
11119 30102 40102 57013
22219 00093
444 20110 09070 2000/ 50101 80110 80004 9/015=
ZZYY 44893 09070 2010/ 744335 042293 6112/
11119 30234 40234 57010
444 20120 09070 2016/ 50101 80120 80000 9/015=
ZZYY 44844 09070 1950/ 739746 056108 6113/
11119 30266 40266 57006
22219 00256
444 20130 09070 2014/ 50101 80120 80045 9/015=
ZZYY 44846 09070 1920/ 739199 054128 6112/
11119 30274 40274 57005
22219 00255
444 20120 09070 1845/ 50101 80120 80041 9/015=
ZZYY 44899 09070 1930/ 736158 061672 6111/
11119 30249 40249 57009
22219 00273
444 20110 09070 2014/ 50101 80120 80026 9/015=
ZZYY 44887 09070 2020/ 750802 039803 6111/
11119 30141 40141 57015
22219 00115
444 20110 09070 1958/ 50101 80120 80000 9/015=
ZZYY 44933 09070 2000/ 741707 036878 6113/
444 20130 09070 1953/ 50101 80120 80005 9/015=
ZZYY 42555 09070 2016/ 724495 080776 6111/
22219 00319
444 20110 09070 1841/ 50101 80152 80005 9/015=
ZZYY 42559 09070 2016/ 725363 085893 6111/
22219 00296
444 20110 09070 1843/ 50101 80140 80005 9/015=
ZZYY 44752 09070 20004 742705 060220 6112/
11119 02510 40221 57009
22219 00204
444 20120 09070 2015/ 50101 80148 80079 9/015=
ZZYY 41989 09070 2016/ 729176 061134 6113/
22219 00274
444 20130 09070 1841/ 50101 80009 80009 9////=
ZZYY 31989 09070 2018/ 723083 065227 6111/
22219 00289
444 20110 09070 2014/ 50101 80007 80005 9////=
ZZYY 13625 09070 2017/ 726855 071916 6113/
22219 00288
444 20130 09070 2013/ 50101 80009 80000 9/015=
ZZYY 41991 09070 2018/ 728770 049267 6112/
22219 00267
444 20120 09070 2014/ 50101 80009 80088 9////=
ZZYY 44832 09070 2017/ 722036 060406 6112/
22219 00289
444 20120 09070 2013/ 50101 80009 80000 9////=
ZZYY 13638 09070 2015/ 722659 038182 6112/
22219 00258
444 20120 09070 1951/ 50101 80009 80022 9/015=
ZZYY 41558 09070 2000/ 731452 029199 6113/
11119 40230 54000
22219 00238
444 20130 09070 1951/ 50101 80011 80000 9////=
ZZYY 44849 09070 2000/ 730960 062053 6111/
11119 40227 57013
22219 00265
444 20110 09070 2014/ 50101 80011 80000 9////=
ZZYY 44849 09070 1900/ 730947 062019 6112/
11119 40232 57013
22219 00265
444 20120 09070 1841/ 50101 80011 80000 9////=
ZZYY 41717 09070 2000/ 732144 032504 6112/
11119 40229 57001
22219 00254
444 20120 09070 1953/ 50101 80011 80000 9////=
ZZYY 13588 09070 2012/ 727602 043133 6112/
22219 00258
444 20120 09070 1952/ 50101 80011 80017 9////=
ZZYY 13962 09070 2014/ 720338 065283 6113/
22219 00292
444 20130 09070 1838/ 50101 80009 80022 9////=
ZZYY 13965 09070 2014/ 725523 035197 6111/
22219 00248
444 20110 09070 1952/ 50101 80008 80024 9////=
ZZYY 13927 09070 2018/ 728982 063482 6112/
22219 00273
444 20120 09070 2014/ 50101 8//// 80001 9////=
ZZYY 13964 09070 2012/ 720708 038947 6112/
22219 00262
444 20120 09070 1950/ 50101 80010 80020 9////=
ZZYY 62926 09070 2010/ 762487 036841 6111/
22219 00103
444 20110 09070 2018/ 50101 80110 80005 9/015=
ZZYY 44880 09070 2020/ 745916 032108 6111/
11119 30225 40225 52007
22219 00163
444 20110 09070 2016/ 50101 80110 80004 9/015=
ZZYY 41571 09070 2010/ 727443 039395 6113/
11119 40219 57006
22219 00254
444 20130 09070 1952/ 50101 80010 80000 9////=
ZZYY 62929 09070 1940/ 723671 057075 6112/
11119 40195 57015
22219 00275
444 20120 09070 1840/ 50101 80010 80005 9////=
ZZYY 48673 09070 2021/ 781770 107092 6111/
444 20110 09070 2006/ 500// 9/000=
ZZYY 31902 09070 2013/ 713308 058118 6112/
22219 00291
444 20120 09070 1836/ 50101 80156 80083 9/015=
ZZYY 41578 09070 2018/ 727403 062674 6112/
22219 00274
444 20120 09070 2014/ 50101 80011 80000 9////=
ZZYY 41923 09070 2017/ 728095 068506 6113/
22219 00280
444 20130 09070 2014/ 50101 80009 80018 9/015=
ZZYY 41603 09070 2014/ 720783 072428 6112/
22219 00292
444 20120 09070 1828/ 50101 80108 80180 9/015=
ZZYY 41611 09070 2015/ 720061 065498 6112/
22219 00290
444 20120 09070 1838/ 50101 80112 80099 9/015=
ZZYY 41683 09070 2016/ 720960 067584 6112/
22219 00290
444 20120 09070 1837/ 50101 80108 80087 9/015=
ZZYY 41919 09070 2019/ 730681 066214 6111/
22219 00265
444 20110 09070 2015/ 50101 80013 80018 9/015=
ZZYY 41563 09070 2019/ 730682 071009 6112/
22219 00274
444 20120 09070 2015/ 50101 80146 80005 9/015=
ZZYY 41562 09070 2016/ 719285 067715 6113/
22219 00292
444 20130 09070 1837/ 50101 80100 80158 9/015=
ZZYY 41930 09070 2013/ 720060 062190 6112/
22219 00286
444 20120 09070 1838/ 50101 80134 80078 9/015=
ZZYY 42546 09070 2014/ 727559 085982 6112/
22219 00323
444 20120 09070 1842/ 50101 80142 80000 9/015=
ZZYY 13565 09070 2014/ 719590 047216 6112/
444 20120 09070 1830/ 50101 80012 80001 9////=
ZZYY 13959 09070 2013/ 711514 054389 6111/
22219 00287
444 20110 09070 1836/ 50101 80012 80002 9/015=
ZZYY 41945 09070 2017/ 726129 065719 6113/
22219 00278
444 20130 09070 2014/ 50101 80012 80001 9/015=
ZZYY 41979 09070 2018/ 729981 075703 6113/
22219 00282
444 20130 09070 2015/ 50101 80009 80001 9/015=
ZZYY 41935 09070 2017/ 731836 044661 6112/
22219 00270
444 20120 09070 2014/ 50101 80009 80001 9////=
ZZYY 13928 09070 2014/ 713885 058486 6112/
22219 00292
444 20120 09070 1836/ 50101 80012 80004 9/015=
ZZYY 13963 09070 2015/ 715889 052408 6111/
444 20110 09070 1839/ 50101 80010 80255 9/015=
ZZYY 41977 09070 2021/ 736676 049044 6112/
444 20120 09070 2015/ 50101 80011 80000 9/015=
ZZYY 41925 09070 2017/ 725452 057185 6112/
22219 00276
444 20120 09070 1838/ 50101 80009 80001 9/015=
ZZYY 13626 09070 2016/ 716193 059173 6112/
22219 00291
444 20120 09070 1837/ 50101 80075 80006 9/015=
ZZYY 13610 09070 2013/ 715918 039370 6111/
22219 00271
444 20110 09070 1949/ 50101 80056 80099 9/015=
ZZYY 13616 09070 2014/ 719125 039850 6111/
22219 00267
444 20110 09070 1830/ 50101 80056 80099 9/015=
ZZYY 41956 09070 2020/ 731268 060649 6111/
22219 00267
444 20110 09070 2015/ 50101 8//// 80099 9/015=
ZZYY 13623 09070 2015/ 724856 036258 6113/
22219 00252
444 20130 09070 1952/ 50101 80055 80099 9/015=
ZZYY 31527 09070 2018/ 726792 068106 6112/
22219 00279
444 20120 09070 2014/ 50101 8//// 80017 9////=
ZZYY 41554 09070 2019/ 731824 060363 6111/
22219 00267
444 20110 09070 2015/ 50101 8//// 80000 9////=
ZZYY 43520 09070 2019/ 729672 071115 6112/
22219 00281
444 20120 09070 2015/ 50101 80058 80025 9/015=
ZZYY 41932 09070 2019/ 727121 055984 6111/
22219 00276
444 20110 09070 2014/ 50101 80056 80012 9/015=
ZZYY 31982 09070 2016/ 721199 061849 6111/
22219 00290
444 20110 09070 2013/ 50101 80056 80099 9/015=
ZZYY 31775 09070 2012/ 710634 046005 6112/
444 20120 09070 1643/ 50101 80057 80099 9/015=
ZZYY 15611 09070 2012/ 709252 058688 6112/
22219 00294
444 20120 09070 1836/ 50101 80056 80092 9/015=
ZZYY 41959 09070 2015/ 718749 046488 6113/
22219 00278
444 20130 09070 1830/ 50101 80540 80099 9/015=
ZZYY 41938 09070 2020/ 726467 035424 6113/
11119 30205 40205 57005
22219 00250
444 20130 09070 1952/ 50101 80110 80000 9////=
ZZYY 44754 09070 1854/ 744331 056762 6111/
11119 40216 57005
22219 00150
444 20110 09070 1845/ 503// 80158 80008=
ZZYY 13615 09070 2018/ 734180 037424 6111/
22219 00253
444 20110 09070 2014/ 50101 8//// 80000 9/015=
ZZYY 13915 09070 2019/ 729901 064835 6111/
22219 00271
444 20110 09070 2014/ 50101 8//// 80004 9/015=
ZZYY 13518 09070 2016/ 728282 040517 6112/
22219 00254
444 20120 09070 1952/ 50101 8//// 80000 9////=
ZZYY 41929 09070 2019/ 725900 075994 6112/
22219 00298
444 20120 09070 2014/ 50101 80120 80007 9/015=
ZZYY 41720 09070 2019/ 729259 077372 6111/
22219 00288
444 20110 09070 2016/ 50101 80122 80011 9/015=
ZZYY 41921 09070 2017/ 723808 076751 6112/
22219 00308
444 20120 09070 2013/ 50101 80122 80010 9/015=
ZZYY 13941 09070 2018/ 737556 033090 6111/
22219 00236
444 20110 09070 1833/ 50101 80120 80013 9/015=
ZZYY 43523 09070 2015/ 736233 033030 6112/
444 20120 09070 2013/ 50101 8//// 80000 9////=
ZZYY 44924 09070 2020/ 759390 040846 6112/
22219 00099
444 20120 09070 1837/ 50101 80114 9/015=
ZZYY 41699 09070 2018/ 733775 065430 6112/
22219 00256
444 20120 09070 1835/ 50101 80120 80019 9/015=
ZZYY 44928 09070 2020/ 753526 029568 6111/
444 20110 09070 2017/ 50101 80104 80099 9/015=
ZZYY 41928 09070 2018/ 737811 066579 6112/
22219 00277
444 20120 09070 2014/ 50101 80120 80039 9/015=
ZZYY 41903 09070 2017/ 725466 074326 6112/
22219 00291
444 20120 09070 2013/ 50101 80120 80016 9/015=
ZZYY 41983 09070 2016/ 730426 078389 6111/
22219 00291
444 20110 09070 1639/ 50101 80120 80013 9/015=
ZZYY 44934 09070 2016/ 733284 073115 6111/
22219 00275
444 20110 09070 1843/ 50101 80118 80024 9/015=
ZZYY 41920 09070 2020/ 731916 076839 6112/
22219 00287
444 20120 09070 2015/ 50101 80120 80016 9/015=
ZZYY 41973 09070 2016/ 734181 057616 6111/
22219 00263
444 50101 80120 80022 9/015=
ZZYY 41855 09070 2018/ 726236 078310 6112/
22219 00307
444 20120 09070 1840/ 50101 80122 80001 9/015=
ZZYY 44886 09070 2019/ 736930 038704 6111/
22219 00237
444 20110 09070 2015/ 50101 80124 80011 9/015=
ZZYY 44888 09070 2018/ 739968 038021 6112/
22219 00222
444 20120 09070 2014/ 50101 80120 80023 9/015=
ZZYY 44877 09070 2015/ 740948 037708 6112/
22219 00209
444 20120 09070 1952/ 50101 80124 80022 9/015=
ZZYY 62909 09070 2017/ 736762 032563 6111/
22219 00226
444 20110 09070 1953/ 50101 80124 80014 9/015=
ZZYY 13595 09070 2013/ 724739 034985 6112/
22219 00251
444 20120 09070 1951/ 50101 80013 80058 9/015=
ZZYY 62927 09070 2017/ 739288 033036 6112/
22219 00223
444 20120 09070 1954/ 50101 80124 80011 9/015=
ZZYY 44921 09070 2017/ 741095 064473 6112/
22219 00219
444 20120 09070 2015/ 50101 80124 80011 9/015=
ZZYY 62936 09070 2014/ 738748 029605 6111/
22219 00221
444 20110 09070 1955/ 50101 80122 80017 9/015=
ZZYY 44907 09070 2020/ 742761 061996 6111/
22219 00200
444 20110 09070 1845/ 50101 80122 80015 9/015=
ZZYY 44916 09070 2020/ 740679 064843 6113/
22219 00221
444 20130 09070 1844/ 50101 80122 80011 9/015=
ZZYY 44898 09070 2015/ 740992 051717 6112/
22219 00238
444 20120 09070 1703/ 50101 80124 80015 9/015=
ZZYY 44906 09070 2020/ 741864 062635 6113/
22219 00210
444 20130 09070 1845/ 50101 80120 80015 9/015=
ZZYY 44901 09070 2017/ 739137 047521 6112/
22219 00233
444 20120 09070 1957/ 50101 80122 80006 9/015=
ZZYY 44894 09070 2018/ 737382 044462 6112/
22219 00245
444 20120 09070 2014/ 50101 80122 80011 9/015=
ZZYY 44897 09070 2020/ 741145 046768 6112/
22219 00223
444 20120 09070 2015/ 50101 80124 80011 9/015=
ZZYY 62934 09070 2017/ 735211 034144 6111/
22219 00229
444 20110 09070 2014/ 50101 80122 80013 9/015=
ZZYY 44850 09070 2020/ 739488 040874 6112/
22219 00217
444 20120 09070 2015/ 50101 80122 80016 9/015=
ZZYY 62933 09070 2017/ 737487 030073 6111/
22219 00219
444 20110 09070 1955/ 50101 80122 80016 9/015=
ZZYY 41987 09070 2018/ 735084 055778 6113/
22219 00261
444 20130 09070 2014/ 50101 80122 80008 9/015=
ZZYY 44941 09070 2017/ 742629 059133 6111/
22219 00226
444 20110 09070 1846/ 50101 80124 80015 9/015=
ZZYY 44940 09070 2020/ 740231 049186 6112/
22219 00240
444 20120 09070 2016/ 50101 80122 80009 9/015=
ZZYY 44939 09070 2020/ 742124 055459 6112/
22219 00232
444 20120 09070 2016/ 50101 80122 80010 9/015=
ZZYY 44929 09070 2019/ 737788 045025 6112/
22219 00241
444 20120 09070 2015/ 50101 80124 80009 9/015=
ZZYY 62930 09070 2017/ 737158 035575 6111/
22219 00237
444 20110 09070 2014/ 50101 80122 80013 9/015=
ZZYY 31511 09070 2010/ 709546 052290 6112/
22219 00296
444 20120 09070 1654/ 50101 80138 80010 9/015=
ZZYY 42558 09070 2011/ 728645 086815 6111/
444 20110 09070 1843/ 50101 80142 80006 9////=
ZZYY 41999 09070 2015/ 728121 054081 6111/
22219 00275
444 20110 09070 1700/ 50101 80120 80099 9/015=
ZZYY 15659 09070 2011/ 714717 073895 6111/
444 20110 09070 1506/ 50101 8//// 80002 9////=
ZZYY 44892 09070 2019/ 738118 042541 6113/
22219 00239
444 20130 09070 2014/ 50101 80124 80018 9/015=
ZZYY 44883 09070 2014/ 737955 049469 6113/
22219 00258
444 20130 09070 2015/ 50101 80122 80011 9/015=
ZZYY 44881 09070 2021/ 739273 047545 6112/
22219 00238
444 20120 09070 2015/ 50101 80122 80015 9/015=
ZZYY 13574 09070 2012/ 711905 041376 6111/
22219 00280
444 20110 09070 1654/ 50101 80142 80003 9////=
ZZYY 42542 09070 2016/ 725649 083710 6111/
444 20110 09070 1841/ 50101 80142 80001 9/015=
ZZYY 42536 09070 2012/ 728407 084611 6113/
22219 00309
444 20130 09070 1843/ 50101 80142 80003 9/015=
ZZYY 42518 09070 2013/ 727705 086630 6112/
22219 00310
444 20120 09070 1841/ 50101 80142 80006 9/015=
ZZYY 42535 09070 2014/ 727450 085767 6111/
22219 00329
444 20110 09070 1845/ 50101 80142 80003 9/015=
ZZYY 41968 09070 2000/ 726607 052724 6111/
11119 30230 40230
22219 00268
444 20110 09070 1840/ 50101 80100 80071 9/015=
ZZYY 41974 09070 2010/ 731225 063418 6112/
11119 30228 40228
22219 00272
444 20120 09070 2013/ 50101 80100 80068 9/015=
ZZYY 41981 09070 1920/ 728783 054876 6111/
11119 30243 40243
22219 00273
444 20110 09070 1832/ 50101 80110 80052 9/015=
ZZYY 44919 09070 1950/ 734005 042882 6111/
11119 30245 40245 57005
22219 00260
444 20110 09070 1953/ 50101 8//// 80000 9/015=
ZZYY 41996 09070 2000/ 732453 037934 6112/
11119 30236 40236
22219 00260
444 20120 09070 1953/ 50101 80120 80005 9/015=
ZZYY 41555 09070 2000/ 730136 050109 6111/
11119 30252 40252
22219 00270
444 20110 09070 2015/ 50101 80120 80006 9/015=
