####018000111####
SSVX07 KARS 220423
ZZYY 48536 22091 0410/ 173248 154250 6112/
11119 11005 40064
444 20120 22091 0348/=
####018000179####
SSVX06 KARS 220423
ZZYY 48505 22091 0413/ 780199 127687 6112/
444 20120 22091 0350/ 500//=
ZZYY 48713 22091 0413/ 175325 165584 6112/
444 20120 22091 0348/ 500// 9/000=
####018000249####
SSVX02 KARS 220423
ZZYY 48659 22091 0400/ 788172 160363 6112/
11119 30083 40083 52014
22219 01074
444 20120 22091 0346/ 50101 80145 80001 9/015=
ZZYY 63577 22091 0411/ 175092 067601 6113/
444 20130 22091 0345/ 50101 80009 80005 9/015=
####018000125####
SSVX02 CWAO 220415
ZZYY 47537 22091 0415/ 784419 064781 6113/ 22291 00003 444 20130 22091 0415/ 50701 80138 80001 9////=
####018000125####
SSVX02 CWAO 220415
ZZYY 47531 22091 0415/ 784419 064717 6113/ 11131 11001 444 20130 22091 0415/ 50701 80138 80001 9////=
####018000125####
SSVX02 CWAO 220415
ZZYY 47533 22091 0415/ 782990 062196 6113/ 22291 01008 444 20130 22091 0415/ 50701 80138 80001 9////=
####018000125####
SSVX02 CWAO 220415
ZZYY 47532 22091 0415/ 782992 062227 6113/ 11119 11102 444 20130 22091 0415/ 50701 80136 80001 9////=
####018000128####
SSVX02 CWAO 220415
ZZYY 47531 22091 0415/ 784419 064717 6113/ 11131 11001 444 20130 22091 0415/ 50701 80138 80001 9////=

####018000128####
SSVX02 CWAO 220415
ZZYY 47537 22091 0415/ 784419 064781 6113/ 22291 00003 444 20130 22091 0415/ 50701 80138 80001 9////=

####018000128####
SSVX02 CWAO 220415
ZZYY 47533 22091 0415/ 782990 062196 6113/ 22291 01008 444 20130 22091 0415/ 50701 80138 80001 9////=

####018000128####
SSVX02 CWAO 220415
ZZYY 47532 22091 0415/ 782992 062227 6113/ 11119 11102 444 20130 22091 0415/ 50701 80136 80001 9////=

####018000143####
SSVX12 LFVW 220424
ZZYY 25619 22091 0400/ 183256 131490 6113/
11119 11089 49804 52021
22219 01044
444 20130 22091 0343/ 501// 80140=
####018000329####
SSVX13 LFVW 220424
ZZYY 15955 22091 0050/ 503688 018024 6111/
11119 40149
22219 00251
33311 88872 20000 32506 43624
444 20110 21091 2300/ 50101 80118 80011 9/015=
ZZYY 15954 22091 0300/ 500506 045455 6112/
11119 40125
22219 00273
33311 88872 20000 32729 43560
444 20120 22091 0044/ 50101 80120 80003 9/015=
####018000473####
SSVX02 LFVW 220424
ZZYY 62775 22091 0400/ 743815 002173 6113/
22219 00213
444 20130 22091 0409/ 50101 80116 80056 9/015=
ZZYY 62775 22091 0330/ 743816 002171 6113/
22219 00213
444 20130 22091 0339/ 50101 80116 80056 9/015=
ZZYY 62773 22091 0400/ 747174 004938 6113/
22219 00162
444 20130 22091 0409/ 50101 80115 80054 9/050=
ZZYY 13982 22091 0415/ 723950 043805 6111/
22219 00273
33311 88872 20000 32729 43751
444 2011/ 22091 0411/ 50101 9/015=
####018004455####
SSVX08 KARS 220427
ZZYY 13001 21091 1200/ 711482 022977 6111/
33311 88872 20001 32883 43513 20020 32823 43556 20040 32122 43592
20060 31725 43575 20080 31544 20100 31440 20120 31360 20140 31326
20180 31282 20300 31133 20500 30955
444 20110 21091 1155/ 521//=
ZZYY 13001 22091 04004 711490 022996 6111/
11119 01703 10277 29082 40115
22219 00287
444 20110 22091 0410/ 521// 60401=
ZZYY 31007 21091 1200/ 700027 023006 6112/
33311 88872 20001 32588 43592 20020 32577 43594 20040 32534 43598
20080 32422 20100 32133 20120 31857 20140 31585 20180 31401
20300 31198 20500 30715
444 20120 21091 1051/ 521//=
ZZYY 31007 22091 04004 700025 023009 6111/
11119 01612 10253 29085 40124
22219 00258
444 20110 22091 0412/ 521// 60401=
ZZYY 31003 21091 1200/ 507911 030508 6112/
33311 88870 20001 32627 20020 32633 20040 32632 20060 32632
20080 32625 20100 32454 20120 32157 20140 31927 20300 30967
20500 30724
444 20120 21091 1053/ 521//=
ZZYY 15006 21091 1200/ 506040 009994 6112/
33311 88872 20001 32441 43620 20020 32435 43619 20040 32433 43623
20080 32093 20100 31719 20120 31491 20140 31324 20180 31107
20300 30911
444 20120 21091 1025/ 521//=
ZZYY 15002 21091 1200/ 700011 009863 6112/
33311 88872 20001 32424 20020 32402 43578 20040 32216 43583
20060 32046 43605 20080 31848 20100 31616 20120 31506 20140 31467
20180 31402 20300 31065 20500 30733
444 20120 21091 1022/ 521//=
ZZYY 15002 22091 04004 700009 009858 6112/
11119 01513 10237 29092
22219 00241
444 20120 22091 0120/ 521// 60401=
ZZYY 13002 21091 1200/ 720460 023120 6111/
33311 88872 20001 32497 43644 20020 32494 43644 20040 31995 43539
20060 31761 43572 20080 31715 20100 31663 20120 31617 20140 31582
20180 31537 20300 31407 20500 31195
444 20110 21091 1155/ 521//=
ZZYY 13002 22091 04004 720462 023125 6112/
11119 00811 10247 29091
22219 00251
444 20120 22091 0254/ 521// 60401=
ZZYY 31006 21091 1200/ 704038 022985 6112/
33311 88872 20001 32803 43463 20020 32798 43496 20040 32799 43499
20060 32750 43559 20080 32360 20100 31877 20120 31655 20140 31577
20180 31396 20300 31144
444 20120 21091 1051/ 521//=
ZZYY 31006 22091 04004 704037 022982 6111/
11119 01809 10266 29082
22219 00280
444 20110 22091 0411/ 521// 60401=
ZZYY 41139 21091 12004 720010 037843 6111/
11119 00618 10262 29081 40191
22219 00265
33311 88872 20000 32652 20001 32655 20020 32653 43708
20060 32555 43728 20100 32340 20120 32285 20140 32223 20180 32036
20300 31579 20500 31194
444 20110 21091 1155/ 521// 60401=
ZZYY 41139 22091 04004 720021 037865 6111/
11119 00616 10260 29080 40176
22219 00265
444 20110 22091 0410/ 521// 60401=
ZZYY 31004 21091 1200/ 513525 032608 6112/
444 20120 21091 1035/ 521//=
ZZYY 31004 22091 04004 513520 032597 6111/
11119 01311 10246 29074
444 20110 21091 2259/ 521// 60401=
ZZYY 31001 21091 1200/ 700011 035008 6112/
33311 88872 20001 32663 43591 20020 32661 43591 20040 32655 43595
20060 32633 20080 32563 20100 32355 20120 32117 43623 20140 31894
20180 31462 20300 31140 20500 30729
444 20120 21091 1053/ 521//=
ZZYY 31001 22091 04004 700008 035000 6112/
11119 01314 10263 29081
22219 00266
444 20120 21091 2316/ 521// 60401=
ZZYY 15001 21091 1200/ 509914 009974 6112/
33311 88872 20001 32346 43645 20020 32339 43645 20040 32338 43644
20060 32339 43645 20080 32319 20100 32089 20120 31750 20140 31557
20180 31309 20300 30973 20500 30741
444 20120 21091 1024/ 521//=
ZZYY 31002 21091 1200/ 704144 037954 6112/
33311 88872 20001 32826 43567 20020 32824 43578 20040 32823 43578
20060 32821 20080 32756 20100 32712 20120 32363 43634 20140 31857
20180 31250 20300 31019 20500 30761
444 20120 21091 1051/ 521//=
ZZYY 31002 22091 04004 704147 037990 6111/
11119 01513 10272 29081
22219 00282
444 20110 22091 0411/ 521// 60401=
ZZYY 13009 21091 1200/ 707944 038027 6111/
33311 88872 20001 32883 43440 20020 32887 43467 20060 32548
20080 32290 20100 31837 20120 31536 43564 20140 31373 20180 31169
20300 30994 20500 30794
444 20110 21091 1201/ 521//=
ZZYY 13008 21091 1200/ 714985 038019 6111/
33311 88872 20001 32728 43668 20020 32730 43667 20040 32728 43668
20060 32537 43686 20080 32357 20100 32197 20120 31999 20140 31851
20180 31636 20300 31288 20500 30954=
ZZYY 13008 22091 04004 714976 038016 6112/
11119 00715 10268 29078 40141
22219 00272
444 20120 22091 0410/ 521// 60401=
####018000405####
SSVX13 KARS 220427
ZZYY 13585 22091 0200/ 706010 019174 6111/
11119 40123 57016
22219 00277
444 20110 22091 0258/ 50101 80129 80000 9/015=
ZZYY 13585 22091 0300/ 706010 019174 6111/
11119 40114 57023
22219 00277
444 20110 22091 0258/ 50101 80128 80000 9/015=
ZZYY 13587 22091 0100/ 709986 048045 6112/
11119 40118 52009
22219 00292
444 20120 22091 0048/ 50101 80127 80063 9/015=
####018009093####
SSVX02 KARS 220427
ZZYY 13904 22091 0415/ 717159 019392 6111/
22219 00280
444 20110 22091 0405/ 50101 80128 80001 9/015=
ZZYY 15945 22091 0416/ 505665 017602 6111/
22219 00250
444 20110 22091 0413/ 50101 80084 80008 9/015=
ZZYY 13624 22091 0416/ 711916 029880 6112/
22219 00283
444 20120 22091 0407/ 50101 80132 80001 9/015=
ZZYY 42547 22091 0411/ 738458 037144 6112/
22219 00237
444 20120 22091 0400/ 50101 80094 80001 9/015=
ZZYY 44515 22091 0409/ 745268 025776 6112/
444 20120 22091 0358/ 50101 80142 9/015=
ZZYY 44518 22091 0410/ 743104 022844 6112/
22219 00200
444 20120 22091 0359/ 50101 80142 80002 9/015=
ZZYY 15943 22091 0415/ 504370 017837 6111/
22219 00248
444 20110 22091 0257/ 50101 80090 80255 9/015=
ZZYY 44900 22091 0400/ 731084 010480 6112/
11119 30188 40188 57008
444 20120 22091 0401/ 50101 80120 80026 9/015=
ZZYY 41573 22091 0320/ 727460 038011 6112/
11119 30218 40218 57012
22219 00269
444 20120 22091 0251/ 50101 80120 80000 9/015=
ZZYY 31984 22091 0320/ 701313 029351 6111/
11119 30130 40130
22219 00276
444 20110 22091 0257/ 50101 80110 80098 9/015=
ZZYY 15641 22091 0415/ 501917 031732 6111/
22219 00263
444 20110 22091 0045/ 50101 80124 80180 9/015=
ZZYY 15677 22091 0416/ 514590 024219 6111/
22219 00238
444 20110 22091 0126/ 50101 80128 80000 9/015=
ZZYY 41572 22091 0240/ 726135 048898 6112/
11119 30235 40235 57003
22219 00280
444 20120 22091 0406/ 50101 80110 80035 9/015=
ZZYY 41572 22091 0340/ 726135 048898 6112/
11119 30230 40230 57011
22219 00280
444 20120 22091 0406/ 50101 80110 80040 9/015=
ZZYY 15928 22091 0415/ 513068 029894 6111/
22219 00249
444 20110 22091 0037/ 50101 80126 80001 9/015=
ZZYY 13926 22091 0414/ 706174 023157 6112/
22219 00280
444 20120 22091 0253/ 50101 80109 80003 9/015=
ZZYY 13934 22091 0415/ 721796 028507 6112/
22219 00257
444 20120 22091 0405/ 50101 80124 80180 9/015=
ZZYY 41997 22091 0410/ 744041 040061 6113/
444 20130 22091 0359/ 50101 80094 80040 9/015=
ZZYY 13910 22091 0416/ 718387 018787 6112/
22219 00257
444 20120 22091 0406/ 50101 80044 80255 9/015=
ZZYY 41575 22091 0140/ 728766 050820 6112/
11119 30255 40255 52004
22219 00280
444 20120 22091 0051/ 50101 80110 80042 9/015=
ZZYY 41935 22091 0330/ 728667 033557 6112/
11119 30215 40215 57010
22219 00264
444 20120 22091 0408/ 50101 80110 80000 9/015=
ZZYY 13928 22091 0414/ 723555 034669 6113/
22219 00262
444 20130 22091 0406/ 50101 80124 80180 9/015=
ZZYY 13929 22091 0412/ 720816 029450 6113/
22219 00257
444 20130 22091 0251/ 50101 80124 80180 9/015=
ZZYY 41942 22091 0150/ 737326 046498 6113/
11119 30265 40265 52001
22219 00242
444 20130 22091 0052/ 50101 80120 80011 9/015=
ZZYY 15646 22091 0416/ 501903 031748 6111/
22219 00263
444 20110 22091 0046/ 50101 80122 80180 9/015=
ZZYY 62729 22091 0412/ 739740 026324 6112/
22219 00219
444 20120 22091 0405/ 50101 80116 80016 9/015=
ZZYY 41608 22091 0410/ 741359 035432 6113/
11119 30193 40193 54000
22219 00225
444 20130 22091 0359/ 50101 80110 80014 9/015=
ZZYY 44522 22091 0408/ 742424 043900 6112/
22219 00230
444 20120 22091 0402/ 50101 8//// 80026 9/015=
ZZYY 41914 22091 0412/ 739264 036315 6112/
22219 00238
444 20120 22091 0400/ 50101 80116 80014 9/015=
ZZYY 44899 22091 0413/ 729504 044917 6113/
22219 00276
444 20130 22091 0051/ 50101 80118 80012 9/015=
ZZYY 13943 22091 0415/ 708053 029916 6112/
22219 00282
444 20120 22091 0408/ 50101 80075 80255 9/015=
ZZYY 62726 22091 0412/ 736127 019029 6111/
22219 00230
444 20110 22091 0400/ 50101 80120 80013 9/015=
ZZYY 44896 22091 0310/ 718323 022710 6113/
11119 30148 40148 57005
22219 00257
444 20130 22091 0251/ 50101 80070 80000 9/015=
ZZYY 44896 22091 0410/ 718323 022710 6113/
11119 30144 40144 57011
22219 00258
444 20130 22091 0251/ 50101 80070 80000 9/015=
ZZYY 13623 22091 0413/ 722681 048949 6111/
22219 00279
444 20110 22091 0050/ 50101 80049 80099 9/015=
ZZYY 41565 22091 0240/ 729264 051089 6112/
11119 30255 40255 57003
22219 00280
444 20120 22091 0051/ 50101 80120 80006 9/015=
ZZYY 41903 22091 0411/ 736597 040738 6113/
22219 00246
444 20130 22091 0401/ 50101 80078 80004 9/015=
ZZYY 62722 22091 0350/ 738577 024615 6113/
11119 30234 40234 57010
22219 00227
444 20130 22091 0401/ 50101 80110 80031 9/015=
ZZYY 44886 22091 0415/ 728973 036930 6113/
22219 00267
444 20130 22091 0405/ 50101 80074 80003 9/015=
ZZYY 62909 22091 0414/ 730607 026700 6113/
22219 00258
444 20130 22091 0401/ 50101 80108 80003 9/015=
ZZYY 41606 22091 0410/ 735314 041589 6112/
444 20120 22091 0405/ 50101 80037 80005 9/015=
ZZYY 44921 22091 0413/ 738170 030199 6113/
22219 00237
444 20130 22091 0400/ 50101 80080 80001 9/015=
ZZYY 44898 22091 0411/ 731571 029738 6113/
22219 00258
444 20130 22091 0404/ 50101 80084 80002 9/015=
ZZYY 62723 22091 0413/ 740043 030275 6113/
22219 00222
444 20130 22091 0400/ 50101 80079 80006 9/015=
ZZYY 13903 22091 0416/ 724241 027828 6112/
22219 00252
444 20120 22091 0406/ 50101 80130 80100 9/015=
ZZYY 44894 22091 0412/ 742201 033360 6113/
22219 00209
444 20130 22091 0402/ 50101 80076 80005 9/015=
ZZYY 13960 22091 0415/ 713732 017370 6113/
22219 00291
444 20130 22091 0405/ 50101 80148 80009 9/015=
ZZYY 13945 22091 0415/ 714794 018204 6113/
22219 00290
444 20130 22091 0405/ 50101 80146 80008 9/015=
ZZYY 13590 22091 0415/ 725741 031380 6113/
22219 00260
444 20130 22091 0406/ 50101 80130 80100 9/015=
ZZYY 15906 22091 0413/ 507489 012079 6112/
444 20120 22091 0116/ 50101 80082 9/015=
ZZYY 44945 22091 0413/ 732351 035642 6111/
444 20110 22091 0405/ 50101 80052 80010 9/015=
ZZYY 13961 22091 0415/ 714742 017378 6112/
22219 00285
444 20120 22091 0257/ 50101 80144 80001 9/015=
ZZYY 44929 22091 0415/ 726616 031531 6112/
22219 00263
444 20120 22091 0406/ 50101 80072 80009 9/015=
ZZYY 62930 22091 0415/ 726617 031402 6112/
22219 00262
444 20120 22091 0406/ 50101 80084 80015 9/015=
ZZYY 13635 22091 0410/ 723446 032617 6113/
11119 30187 40187 57014
22219 00258
444 20130 22091 0406/ 50101 80120 80000 9/015=
ZZYY 15605 22091 0416/ 503510 035231 6111/
22219 00264
444 20110 22091 0045/ 50101 80088 80008 9/015=
ZZYY 31993 22091 0416/ 505876 032038 6112/
22219 00265
444 20120 22091 0045/ 50101 80122 80017 9/015=
ZZYY 31998 22091 0415/ 506195 033456 6111/
22219 00263
444 20110 22091 0044/ 50101 80122 80013 9/015=
ZZYY 44883 22091 0415/ 728750 037617 6111/
22219 00269
444 20110 22091 0407/ 50101 80058 80012 9/015=
ZZYY 44881 22091 0414/ 736329 033131 6113/
22219 00249
444 20130 22091 0401/ 50101 80074 80001 9/015=
ZZYY 13548 22091 0410/ 705566 021076 6112/
22219 00278
444 20120 22091 0412/ 500// 80010 9/001=
ZZYY 13548 22091 0420/ 705566 021076 6112/
444 20120 22091 0412/ 500// 9/001=
ZZYY 41980 22091 0200/ 717338 048451 6112/
11119 30161 40161 57003
22219 00276
444 20120 22091 0050/ 50101 80120 80043 9/015=
ZZYY 41980 22091 0100/ 717338 048451 6112/
11119 30165 40165 52009
22219 00276
444 20120 22091 0050/ 50101 80120 80027 9/015=
ZZYY 41980 22091 0300/ 717338 048451 6112/
11119 30158 40158 57006
22219 00276
444 20120 22091 0050/ 50101 80120 80043 9/015=
ZZYY 41978 22091 0210/ 710276 046363 6113/
11119 30108 40108 57002
444 20130 22091 0047/ 50101 80120 80037 9/015=
ZZYY 41978 22091 0410/ 710276 046363 6113/
11119 30097 40097 57014
444 20130 22091 0047/ 50101 80120 80038 9/015=
ZZYY 41569 22091 0110/ 720260 050412 6111/
11119 30195 40195 52011
22219 00281
444 20110 22091 0049/ 50101 80110 80009 9/015=
ZZYY 41569 22091 0410/ 720260 050412 6111/
11119 30180 40180 57015
22219 00280
444 20110 22091 0049/ 50101 80110 80008 9/015=
ZZYY 41569 22091 0310/ 720260 050412 6111/
11119 30188 40188 57006
22219 00280
444 20110 22091 0049/ 50101 80110 80008 9/015=
ZZYY 15923 22091 0400/ 514834 021481 6112/
11119 30178 40178 57017
22219 00232
444 20120 22091 0125/ 50101 80120 80018 9/015=
ZZYY 42518 22091 0412/ 728758 039105 6112/
22219 00274
444 20120 22091 0404/ 50101 80118 80001 9/015=
ZZYY 31711 22091 0415/ 507151 034259 6112/
22219 00260
444 20120 22091 0046/ 50101 80122 80017 9/015=
ZZYY 41616 22091 0310/ 712809 048929 6113/
11119 30121 40121 57008
22219 00285
444 20130 22091 0049/ 50101 80120 80047 9/015=
ZZYY 41616 22091 0110/ 712809 048929 6113/
11119 30130 40130 52005
22219 00285
444 20130 22091 0049/ 50101 80120 80037 9/015=
ZZYY 31786 22091 0414/ 503280 034273 6111/
22219 00265
444 20110 22091 0046/ 50101 80124 80014 9/015=
ZZYY 15602 22091 0415/ 502562 027404 6111/
22219 00263
444 20110 22091 0044/ 50101 80082 80014 9/015=
ZZYY 41607 22091 0400/ 717646 041714 6113/
11119 30164 40164 57010
22219 00271
444 20130 22091 0407/ 50101 80120 80032 9/015=
ZZYY 41607 22091 0300/ 717667 041704 6111/
11119 30167 40167 57012
22219 00271
444 20110 22091 0253/ 50101 80120 80030 9/015=
