####018000120####
SSVX02 CWAO 221030
ZZYY 47544 22091 1030/ 771827 101418 6113/ 22219 00014 444 20130 22091 1030/ 50700 80140 80001 =
####018001311####
SSVX02 KARS 221039
ZZYY 64936 22091 1020/ 176152 007158 6112/
22219 00073
33311 88872 20000 30725 43512
444 20120 22091 0957/ 50101 80100 80100 9/015=
ZZYY 63561 22091 1020/ 775976 000220 6111/
22219 00049
33311 88872 20000 30490 42048
444 20110 22091 0956/ 50101 80070 80100 9/015=
ZZYY 44930 22091 1036/ 765439 001685 6113/
444 20130 22091 0956/ 50101 80092 80099 9/015=
ZZYY 63579 22091 1034/ 169067 046824 6113/
22219 00083
444 50101 80005 80004 9////=
ZZYY 63964 22091 1033/ 173820 023041 6111/
444 20110 22091 1031/ 50101 80009 80012 9/015=
ZZYY 63951 22091 1034/ 765667 001333 6112/
22219 00107
444 20120 22091 0957/ 50101 80007 80006 9/015=
ZZYY 63948 22091 1034/ 175398 035528 6112/
22219 00057
444 50101 80007 80005 9/015=
ZZYY 63577 22091 1033/ 175079 067663 6113/
22219 00065
444 20130 22091 0949/ 50101 80009 80004 9/015=
ZZYY 63583 22091 1034/ 172573 046840 6113/
22219 00081
444 20130 22091 1032/ 50101 80007 80011 9/015=
ZZYY 63584 22091 1034/ 777835 002143 6112/
22219 00043
444 50101 80008 80012 9/015=
ZZYY 64932 22091 1010/ 770682 013701 6112/
33311 88872 20000 43477
444 20120 22091 0956/ 50101 80011 80100 9////=
ZZYY 63966 22091 1035/ 171472 015259 6112/
22219 00103
444 20120 22091 1033/ 50101 80009 80008 9/015=
####018000193####
SSVX06 KARS 221039
ZZYY 48506 22091 1036/ 779568 119152 6111/
11119 40069
444 20110 22091 0955/ 500//=
ZZYY 47553 22091 1036/ 779341 103385 6113/
444 20130 22091 0927/ 500// 9/000=
####018000123####
SSVX02 CWAO 221030
ZZYY 47544 22091 1030/ 771827 101418 6113/ 22219 00014 444 20130 22091 1030/ 50700 80140 80001 =

####018000143####
SSVX12 LFVW 221039
ZZYY 25619 22091 1000/ 183226 131690 6113/
11119 11104 49775 57013
22219 01046
444 20130 22091 0948/ 501// 80140=
####018000125####
SSVX02 CWAO 221030
ZZYY 47545 22091 1030/ 784551 110430 6113/ 22291 01013 444 20130 22091 1030/ 50701 80140 80001 9////=
####018000125####
SSVX02 CWAO 221030
ZZYY 47533 22091 1030/ 782986 062179 6113/ 22291 01011 444 20130 22091 1030/ 50701 80138 80001 9////=
####018000125####
SSVX02 CWAO 221030
ZZYY 47531 22091 1030/ 784416 064713 6113/ 11131 11001 444 20130 22091 1030/ 50701 80138 80001 9////=
####018000125####
SSVX02 CWAO 221030
ZZYY 47537 22091 1030/ 784416 064776 6113/ 22291 00003 444 20130 22091 1030/ 50701 80138 80001 9////=
####018000125####
SSVX02 CWAO 221030
ZZYY 47532 22091 1030/ 782988 062209 6113/ 11119 11110 444 20130 22091 1030/ 50701 80134 80001 9////=
####018000128####
SSVX02 CWAO 221030
ZZYY 47545 22091 1030/ 784551 110430 6113/ 22291 01013 444 20130 22091 1030/ 50701 80140 80001 9////=

####018000128####
SSVX02 CWAO 221030
ZZYY 47532 22091 1030/ 782988 062209 6113/ 11119 11110 444 20130 22091 1030/ 50701 80134 80001 9////=

####018000128####
SSVX02 CWAO 221030
ZZYY 47533 22091 1030/ 782986 062179 6113/ 22291 01011 444 20130 22091 1030/ 50701 80138 80001 9////=

####018000128####
SSVX02 CWAO 221030
ZZYY 47537 22091 1030/ 784416 064776 6113/ 22291 00003 444 20130 22091 1030/ 50701 80138 80001 9////=

####018000128####
SSVX02 CWAO 221030
ZZYY 47531 22091 1030/ 784416 064713 6113/ 11131 11001 444 20130 22091 1030/ 50701 80138 80001 9////=

####018000155####
SSVX02 KARS 221041
ZZYY 14930 22091 0850/ 309849 046388 6111/
11119 30154 40154 57005
22219 00251
444 20110 22091 1009/ 50101 80145 80009 9/015=
####018001335####
SSVX08 KARS 221041
ZZYY 23002 21091 1200/ 101571 080508 6111/
33311 88872 20001 32919 43444 20020 32895 43446 20040 32876 43462
20060 32718 43491 20080 32454 20100 32194 20120 31927 20140 31774
20180 31393 20300 31166
444 20110 21091 1306/ 521//=
ZZYY 23001 21091 1200/ 100101 080534 6111/
33311 88872 20001 32967 43417 20020 32895 43440 20040 32743 43463
20060 32542 43531 20080 32366 20100 32210 20120 32080 20140 31904
20180 31512 20300 31153 20500 30961
444 20110 21091 1306/ 521//=
ZZYY 23010 21091 1200/ 303984 080505 6111/
33311 88872 20001 32861 43435 20020 32870 43455 20040 32872 43459
20060 32869 43458 20080 32740 20100 32453 20120 32031 20140 31598
20180 31358 20300 31092 20500 30918
444 20110 21091 1306/ 521//=
ZZYY 23003 21091 1200/ 301521 080513 6112/
33311 88872 20001 32932 43441 20020 32892 43445 20040 32894 43451
20060 32742 43496 20080 32387 20100 32107 20120 31867 20140 31723
20180 31454 20300 31188 20500 30970
444 20120 21091 1326/ 521//=
ZZYY 14041 21091 12004 307940 055085 6112/
11119 01315 10257 29090
22219 00272
33311 88872 20000 32719 20001 32708 43544 20020 32701 43531
20040 32690 43539
444 20120 21091 1201/ 521// 60401=
ZZYY 14041 22091 10004 307934 055071 6111/
11119 01315 10269 29077
22219 00271
444 20110 22091 1011/ 521// 60401=
