####018005349####
SSVX02 KARS 211913
ZZYY 42538 21091 1902/ 733539 053893 6113/
22219 00295
444 20130 21091 1749/ 50101 80100 80001 9////=
ZZYY 41915 21091 1830/ 734526 056851 6113/
11119 30249 40249 57012
22219 00279
444 20130 21091 1858/ 50101 80110 80000 9/015=
ZZYY 41912 21091 1810/ 735018 056787 6112/
11119 30248 40248 57012
22219 00274
444 20120 21091 1750/ 50101 80110 80063 9/015=
ZZYY 41561 21091 1830/ 727072 056028 6112/
11119 30216 40216 57016
22219 00281
444 20120 21091 1857/ 50101 80110 80015 9/015=
ZZYY 41909 21091 1840/ 735245 068244 6112/
11119 30237 40237 57010
22219 00272
444 20120 21091 1858/ 50101 80120 80000 9/015=
ZZYY 15637 21091 1903/ 709273 058455 6111/
22219 00303
444 20110 21091 1850/ 50101 80126 80001 9/015=
ZZYY 41572 21091 1850/ 726175 048923 6112/
11119 30224 40224 57008
22219 00281
444 20120 21091 1902/ 50101 80110 80033 9/015=
ZZYY 41943 21091 1905/ 732392 065317 6112/
22219 00278
444 20120 21091 1902/ 50101 80144 80002 9/015=
ZZYY 51620 21091 1858/ 707687 097000 6113/
444 20130 21091 1705/ 50101 80115 80008 9/015=
ZZYY 41578 21091 1904/ 729807 058799 6112/
22219 00284
444 20120 21091 1751/ 50101 80144 80010 9/015=
ZZYY 41974 21091 1904/ 727241 066652 6111/
22219 00284
444 20110 21091 1856/ 50101 80144 80007 9/015=
ZZYY 42513 21091 1906/ 728056 085668 6113/
22219 00291
444 20130 21091 1858/ 50101 80094 80001 9/015=
ZZYY 13599 21091 1907/ 721950 066666 6113/
22219 00286
444 20130 21091 1903/ 50101 80109 80007 9/015=
ZZYY 42508 21091 1906/ 735826 049392 6112/
22219 00274
444 20120 21091 1750/ 50101 80126 80001 9/015=
ZZYY 41575 21091 1840/ 728747 050807 6113/
11119 30239 40239 57012
22219 00281
444 20130 21091 1748/ 50101 80110 80035 9/015=
ZZYY 41941 21091 1850/ 729386 071105 6111/
11119 30205 40205 57014
22219 00285
444 20110 21091 1742/ 50101 80120 80070 9/015=
ZZYY 41961 21091 1810/ 728129 069683 6111/
11119 30195 40195 57016
22219 00281
444 20110 21091 1725/ 50101 80138 80004 9/015=
ZZYY 41969 21091 1800/ 731828 073416 6111/
11119 30214 40214 57004
22219 00281
444 20110 21091 1750/ 50101 80138 80006 9/015=
ZZYY 13616 21091 1907/ 720698 063304 6112/
22219 00286
444 20120 21091 1856/ 50101 80052 80072 9/015=
ZZYY 41956 21091 1904/ 730605 064091 6113/
444 20130 21091 1749/ 50101 9/015=
ZZYY 41970 21091 1810/ 725578 055857 6113/
11119 30207 40207 57015
22219 00283
444 20130 21091 1740/ 50101 80120 80034 9/015=
ZZYY 13636 21091 1906/ 723633 063585 6112/
22219 00285
444 20120 21091 1857/ 50101 80099 80009 9/015=
ZZYY 13623 21091 1903/ 722676 048897 6111/
22219 00280
444 20110 21091 1858/ 50101 80049 80099 9/015=
ZZYY 31527 21091 1905/ 732857 075106 6111/
22219 00276
444 20110 21091 1857/ 50101 8//// 80000 9////=
ZZYY 41565 21091 1840/ 729235 051072 6112/
11119 30241 40241 57012
22219 00284
444 20120 21091 1858/ 50101 80120 80007 9/015=
ZZYY 41916 21091 1810/ 728342 076673 6112/
11119 30183 40183 57010
22219 00283
444 20120 21091 1750/ 50101 80120 80071 9/015=
ZZYY 41686 21091 1907/ 719484 067901 6112/
22219 00290
444 20120 21091 1857/ 50101 80110 80000 9/015=
ZZYY 41981 21091 1750/ 729056 079422 6112/
11119 30180 40180 57006
22219 00293
444 50101 80138 80001 9/015=
ZZYY 41981 21091 1850/ 729084 079444 6112/
11119 30173 40173 57011
22219 00294
444 20120 21091 1902/ 50101 80138 80001 9/015=
ZZYY 41855 21091 1810/ 729463 066891 6112/
11119 30213 40213 57015
22219 00270
444 20120 21091 1740/ 50101 80110 80000 9/015=
ZZYY 41611 21091 1901/ 727127 073190 6111/
22219 00290
444 20110 21091 1857/ 50101 80140 80008 9/015=
ZZYY 41570 21091 1900/ 727183 075211 6112/
22219 00285
444 20120 21091 1750/ 50101 80140 80003 9/015=
ZZYY 41926 21091 1810/ 733197 074443 6113/
11119 30209 40209 57003
22219 00272
444 20130 21091 1751/ 50101 80110 80034 9/015=
ZZYY 41924 21091 1810/ 732963 073845 6113/
11119 30212 40212 57003
22219 00276
444 20130 21091 1751/ 50101 80120 80033 9/015=
ZZYY 41937 21091 1840/ 728561 078309 6112/
11119 30182 40182 57009
22219 00284
444 20120 21091 1903/ 50101 80120 80077 9/015=
ZZYY 41939 21091 1810/ 731530 076402 6112/
11119 30204 40204 57004
22219 00276
444 20120 21091 1750/ 50101 80120 80079 9/015=
ZZYY 41610 21091 1903/ 731712 056587 6112/
22219 00291
444 50101 80094 80001 9/015=
ZZYY 31781 21091 1905/ 721026 068713 6112/
22219 00285
444 20120 21091 1740/ 50101 80120 80017 9/015=
ZZYY 44903 21091 1840/ 736917 062462 6113/
11119 30256 40256 57007
22219 00280
444 20130 21091 1751/ 50101 8//// 80000 9/015=
ZZYY 41932 21091 1905/ 732165 055445 6113/
22219 00291
444 20130 21091 1750/ 50101 80050 80097 9/015=
ZZYY 31982 21091 1902/ 731011 067150 6112/
22219 00268
444 20120 21091 1857/ 50101 80051 80071 9/015=
ZZYY 31775 21091 1906/ 726229 062799 6113/
444 20130 21091 1857/ 50101 80052 80068 9/015=
ZZYY 41569 21091 1810/ 720265 050431 6113/
11119 30174 40174 57012
22219 00281
444 20130 21091 1740/ 50101 80110 80009 9/015=
ZZYY 41593 21091 1820/ 726462 063440 6113/
11119 30206 40206 57010
22219 00276
444 20130 21091 1857/ 50101 80110 80029 9/015=
ZZYY 31785 21091 1900/ 705632 050647 6112/
444 20120 21091 1853/ 50101 80122 80011 9/015=
####018000577####
SSVX08 KARS 211913
ZZYY 43301 20091 12004 707993 094888 6111/
11119 02117 10270 29086
22219 00276
33311 88872 20000 32764 20001 32767 43282 20020 32640 20040 31702
20060 31416 20080 31339 20100 31318 20120 31302 20140 31274
20180 31231 20300 31091 20500 30817
444 20110 20091 1257/ 521// 60401=
ZZYY 32303 20091 12004 704915 094990 6111/
11119 01814 10254 29081
22219 00273
33311 88872 20000 32728 20001 32732 43299 20040 32490 20060 32010
20080 31794 20100 31556 20120 31414 20140 31376 20180 31327
20300 31141
444 20110 20091 1257/ 521// 60401=
####018000143####
SSVX02 CWAO 211900
ZZYY 56514 21091 1900/ 332386 114357 6113/ 11119 40197 52002 22219 00172 444 20130 21091 1900/ 50501 80138 80018 9/010=
####018000143####
SSVX02 CWAO 211900
ZZYY 56515 21091 1900/ 331582 089280 6113/ 11119 40295 57011 22219 00168 444 20130 21091 1900/ 50501 80138 80015 9/010=
####018000143####
SSVX02 CWAO 211900
ZZYY 23566 21091 1900/ 100111 074256 6113/ 11119 40121 57014 22219 00294 444 20130 21091 1900/ 50501 80132 80003 9/010=
####018000138####
SSVX02 CWAO 211900
ZZYY 56503 21091 1900/ 314713 095726 6113/ 11119 40162 57017 22219 00261 444 20130 21091 1900/ 50400 80108 80003 =
####018000143####
SSVX02 CWAO 211900
ZZYY 56513 21091 1900/ 312471 070467 6113/ 11122 40137 57036 22219 00256 444 20130 21091 1900/ 50501 80108 80002 9////=
####018000146####
SSVX02 CWAO 211900
ZZYY 56514 21091 1900/ 332386 114357 6113/ 11119 40197 52002 22219 00172 444 20130 21091 1900/ 50501 80138 80018 9/010=

####018000146####
SSVX02 CWAO 211900
ZZYY 56515 21091 1900/ 331582 089280 6113/ 11119 40295 57011 22219 00168 444 20130 21091 1900/ 50501 80138 80015 9/010=

####018000146####
SSVX02 CWAO 211900
ZZYY 56513 21091 1900/ 312471 070467 6113/ 11122 40137 57036 22219 00256 444 20130 21091 1900/ 50501 80108 80002 9////=

####018000146####
SSVX02 CWAO 211900
ZZYY 23566 21091 1900/ 100111 074256 6113/ 11119 40121 57014 22219 00294 444 20130 21091 1900/ 50501 80132 80003 9/010=

####018000141####
SSVX02 CWAO 211900
ZZYY 56503 21091 1900/ 314713 095726 6113/ 11119 40162 57017 22219 00261 444 20130 21091 1900/ 50400 80108 80003 =

####018000146####
SSVX13 LFPW 211900
ZZYY 33706 21091 1900/ 346279 016656 6113/ 11119 40051 52017 22219
 00068 444 20130 21091 1800/ 50101 80133 80016 9/015=
####018000143####
SSVX12 LFVW 211913
ZZYY 25618 21091 1840/ 181346 104004 6112/
11119 11047 49911 57014
22219 01008
444 20120 21091 1831/ 501// 80140=
####018000413####
SSVX03 LFVW 211913
ZZYY 31374 21091 18001 528500 047360 6113/
11119 02307 10173 20108 40162
22219 00189 10804 20080 21022
33311 66699 20007 23015 20030 02012 20055 20017
444 20130 21091 1735/ 518// 60371=
ZZYY 31051 21091 18001 525280 044927 6113/
11119 00000 10200 20158 40160
22219 00209 10704 20067 21020
33311 66699 20007 30024 20030 03021 20055 30021
444 20130 21091 1735/ 518// 60371=
####018000257####
SSVX02 LFVW 211913
ZZYY 22689 21091 1905/ 735804 177727 6112/
22219 00239
444 20120 21091 1749/ 50101 80114 80007 9/015=
ZZYY 41725 21091 1906/ 732286 054327 6111/
22219 00292
33311 88872 20000 32919 43674
444 2011/ 21091 1751/ 50101 9/015=
####018000117####
SSVX07 LFVW 211913
ZZYY 48548 21091 1900/ 774309 127577 6111/
11119 11009 39943 49943
444 20110 21091 1803/=
####018000149####
SSVX02 LFVW 211915
ZZYY 41725 21091 1904/ 732304 054341 6111/
22219 00292
33311 88872 20000 32919 43674
444 2011/ 21091 1901/ 50101 9/015=
####018000146####
SSVX13 LFPW 211900
ZZYY 25617 21091 1900/ 182597 111796 6113/ 11119 40119 52018 22219
 01050 444 20130 21091 1900/ 50101 80152 80002 9/015=
####018000146####
SSVX13 LFPW 211900
ZZYY 16549 21091 1900/ 345298 080636 6113/ 11119 40070 57026 22219
 00049 444 20130 21091 1900/ 50101 80146 80019 9/015=
####018000146####
SSVX13 LFPW 211900
ZZYY 16544 21091 1900/ 348112 107127 6113/ 11119 40034 57028 22219
 00062 444 20130 21091 1900/ 50101 80130 80010 9/015=
####018000146####
SSVX13 LFPW 211900
ZZYY 16531 21091 1900/ 341640 066595 6113/ 11119 40122 52013 22219
 00075 444 20130 21091 1900/ 50101 80144 80008 9/015=
####018000146####
SSVX13 LFPW 211900
ZZYY 16533 21091 1900/ 347190 061014 6113/ 11119 40002 52016 22219
 00046 444 20130 21091 1900/ 50101 80144 80035 9/015=
####018000146####
SSVX13 LFPW 211900
ZZYY 16542 21091 1900/ 344350 105959 6113/ 11119 40058 57034 22219
 00105 444 20130 21091 1900/ 50101 80136 80008 9/015=
####018000146####
SSVX13 LFPW 211900
ZZYY 48602 21091 1900/ 785021 129236 6113/ 11119 40022 52011 22219
 01050 444 20130 21091 1900/ 50101 80146 80002 9/015=
####018000146####
SSVX13 LFPW 211900
ZZYY 16534 21091 1900/ 349661 060851 6113/ 11119 49912 52029 22219
 00036 444 20130 21091 1900/ 50101 80144 80005 9/015=
####018000146####
SSVX13 LFPW 211900
ZZYY 16539 21091 1900/ 345758 119338 6113/ 11119 49928 54000 22219
 00100 444 20130 21091 1900/ 50101 80134 80011 9/015=
####018000146####
SSVX13 LFPW 211900
ZZYY 16535 21091 1900/ 347546 081932 6113/ 11119 40005 57034 22219
 00047 444 20130 21091 1900/ 50101 80138 80018 9/015=
####018000146####
SSVX13 LFPW 211900
ZZYY 23583 21091 1900/ 318787 069110 6113/ 11119 40221 54000 22219
 00234 444 20130 21091 1900/ 50101 80122 80005 9/015=
####018000146####
SSVX13 LFPW 211900
ZZYY 14535 21091 1900/ 314863 056943 6113/ 11119 40192 52005 22219
 00253 444 20130 21091 1900/ 50101 80104 80011 9/015=
####018000146####
SSVX13 LFPW 211900
ZZYY 16541 21091 1900/ 340353 105451 6113/ 11119 49984 52010 22219
 00112 444 20130 21091 1900/ 50101 80132 80005 9/015=
####018000146####
SSVX13 LFPW 211900
ZZYY 23584 21091 1900/ 306162 077883 6113/ 11119 40129 57013 22219
 00286 444 20130 21091 1900/ 50101 80106 80003 9/015=
####018000146####
SSVX13 LFPW 211900
ZZYY 16540 21091 1900/ 348276 113693 6113/ 11119 40093 52009 22219
 00071 444 20130 21091 1900/ 50101 80134 80003 9/015=
####018000146####
SSVX13 LFPW 211900
ZZYY 16548 21091 1900/ 348633 067540 6113/ 11119 49955 52008 22219
 00031 444 20130 21091 1700/ 50101 80144 80018 9/015=
####018000146####
SSVX13 LFPW 211900
ZZYY 16543 21091 1900/ 337844 094582 6113/ 11119 40201 52003 22219
 00123 444 20130 21091 1900/ 50101 80132 80005 9/015=
####018000146####
SSVX13 LFPW 211900
ZZYY 14534 21091 1900/ 304861 044279 6113/ 11119 40141 52011 22219
 00268 444 20130 21091 1900/ 50101 80108 80005 9/015=
####018000146####
SSVX13 LFPW 211900
ZZYY 16546 21091 1900/ 345236 106110 6113/ 11119 40043 57036 22219
 00104 444 20130 21091 1900/ 50101 80136 80008 9/015=
####018000146####
SSVX13 LFPW 211900
ZZYY 16545 21091 1900/ 349313 089438 6113/ 11119 40016 57014 22219
 00068 444 20130 21091 1900/ 50101 80136 80005 9/015=
####018000146####
SSVX13 LFPW 211900
ZZYY 16537 21091 1900/ 339963 101255 6113/ 11119 40129 52003 22219
 00120 444 20130 21091 1900/ 50101 80134 80011 9/015=
####018002517####
SSVX02 KARS 211917
ZZYY 42538 21091 1908/ 733534 053901 6111/
444 20110 21091 1901/ 50101 80100 80001 9////=
ZZYY 41592 21091 1911/ 732307 071316 6112/
444 20120 21091 1903/ 50101 80096 80029 9/015=
ZZYY 41956 21091 1910/ 730605 064091 6113/
444 20130 21091 1749/ 50101 9/015=
ZZYY 13636 21091 1909/ 723633 063585 6112/
22219 00285
444 20120 21091 1857/ 50101 80099 80009 9/015=
ZZYY 31527 21091 1912/ 732858 075098 6111/
22219 00276
444 20110 21091 1857/ 50101 8//// 80000 9////=
ZZYY 44553 21091 1910/ 729680 059901 6113/
22219 00283
444 20130 21091 1858/ 50101 80087 80012 9/015=
ZZYY 41570 21091 1911/ 727183 075211 6112/
22219 00285
444 20120 21091 1750/ 50101 80140 80003 9/015=
ZZYY 44915 21091 1911/ 736086 054880 6112/
22219 00276
444 20120 21091 1859/ 50101 80118 80013 9/015=
ZZYY 48673 21091 1912/ 776618 124044 6112/
444 20120 21091 1836/ 500// 9/000=
ZZYY 41563 21091 1911/ 731730 071493 6112/
22219 00273
444 20120 21091 1858/ 50101 80110 80003 9/015=
ZZYY 41924 21091 1910/ 732970 073823 6112/
11119 30214 40214 57001
22219 00276
444 20120 21091 1900/ 50101 80120 80034 9/015=
ZZYY 41933 21091 1820/ 737112 061841 6113/
11119 30263 40263 57005
22219 00273
444 20130 21091 1750/ 50101 80120 80044 9/015=
ZZYY 41945 21091 1910/ 730553 079581 6112/
11119 30178 40178
22219 00294
444 20120 21091 1858/ 50101 80110 80013 9/015=
ZZYY 41939 21091 1910/ 731532 076422 6111/
11119 30202 40202 57007
22219 00276
444 20110 21091 1857/ 50101 80120 80100 9/015=
ZZYY 41943 21091 1911/ 732392 065317 6112/
22219 00278
444 20120 21091 1902/ 50101 80144 80002 9/015=
ZZYY 41999 21091 1909/ 731023 060476 6112/
22219 00287
444 20120 21091 1858/ 50101 80110 80060 9/015=
ZZYY 41609 21091 1910/ 731879 066473 6111/
22219 00276
444 20110 21091 1858/ 50101 80144 80002 9/015=
ZZYY 41578 21091 1909/ 729819 058782 6111/
22219 00284
444 20110 21091 1901/ 50101 80144 80010 9/015=
ZZYY 42513 21091 1910/ 728054 085669 6113/
22219 00291
444 20130 21091 1858/ 50101 80094 80001 9/015=
ZZYY 31775 21091 1909/ 726228 062798 6113/
444 20130 21091 1857/ 50101 80052 80068 9/015=
ZZYY 42536 21091 1908/ 735459 057294 6111/
22219 00273
444 20110 21091 1751/ 50101 80118 80001 9/015=
ZZYY 43537 21091 1913/ 738366 065912 6113/
22219 00264
444 20130 21091 1903/ 50101 80122 80014 9/015=
ZZYY 41942 21091 1750/ 737504 046499 6112/
11119 30247 40247 57008
22219 00244
444 50101 80120 80009 9/015=
####018000275####
SSVX06 KARS 211917
ZZYY 47558 21091 1913/ 773757 081630 6111/
444 20110 21091 1856/ 500// 9/000=
ZZYY 48506 21091 1913/ 779556 119134 6111/
11119 40054
444 20110 21091 1858/ 500//=
ZZYY 47554 21091 1913/ 774317 111716 6113/
444 20130 21091 1836/ 500// 9/000=
