####018000453####
SSVX02 LFVW 220542
ZZYY 61793 22091 0500/ 140552 001600 6113/
22219 00245
444 20130 22091 0529/ 50101 80110 80021 9/050=
ZZYY 61793 22091 0430/ 140553 001599 6113/
22219 00245
444 20130 22091 0459/ 50101 80110 80021 9/050=
ZZYY 61851 22091 0530/ 140837 004464 6113/
22219 00241
444 20130 22091 0532/ 50101 80076 80038 9/015=
ZZYY 61851 22091 0500/ 140835 004464 6113/
22219 00241
444 20130 22091 0502/ 50101 80076 80038 9/015=
####018004239####
SSVX11 LFVW 220542
ZZYY 52081 21091 2300/ 100073 138039 6112/
33311 88872 20002 32909 43423 20025 32918 43429 20050 32935 43448
20075 32909 43490 20100 32868 43523 20125 32543 43546
20150 32327 43543 20200 31900 43534 20250 31556 43510
20300 31496 43508 20500 30829 43459 20750 30563 43451
444 20120 21091 2242/ 522//=
ZZYY 52081 22091 0300/ 100061 138041 6111/
33311 88872 20002 32938 43420 20025 32927 43432 20050 32933 43452
20075 32863 43488 20100 32849 43532 20125 32560 43551
20150 32348 43543 20200 31898 43533 20250 31554 43513
20300 31412 43509 20500 30820 43458 20750 30561 43449
444 20110 22091 0327/ 522//=
ZZYY 52081 22091 0100/ 100074 138039 6112/
33311 88872 20002 32928 43424 20025 32923 43431 20050 32930 43455
20075 32865 43489 20100 32851 43534 20125 32549 43552
20150 32329 43542 20200 31891 43535 20250 31556 43513
20300 31484 43508 20500 30829 43459 20750 30564 43450
444 20120 22091 0132/ 522//=
ZZYY 52087 21091 23004 107867 136491 6113/
11119 01603 10281 29085 40095
22219 00295
33311 88872 20000 32947 20002 32947 43364 20025 32948 43364
20050 32958 43373 20075 32874 43454 20100 32661 43488
20125 32449 43497 20150 32196 43494 20200 31473 43460
20250 31165 43453 20300 31007 43454 20500 30744 43449
20750 30577 43451
444 20130 21091 2241/ 522// 60381=
ZZYY 52087 22091 01004 107865 136490 6112/
11119 02011 10275 29087 40099
22219 00295
33311 88872 20000 32950 20002 32950 43363 20025 32950 43365
20050 32959 43373 20075 32875 43453 20100 32653 43488
20125 32414 43495 20150 32113 43492 20200 31441 43458
20250 31179 43452 20300 31039 43455 20500 30741 43453
20750 30592 43451
444 20120 22091 0132/ 522// 60381=
ZZYY 52080 21091 23004 101998 138100 6112/
11119 01705 10277 29082 40114
22219 00289
33311 88872 20000 32890 20002 32890 43367 20025 32911 43438
20050 32837 43467 20075 32861 43501 20100 32856 43534
20125 32630 43539 20150 32540 43541 20200 31850 43512
20250 31342 43471 20300 31141 43472 20500 30761 43455
20750 30528 43451
444 20120 21091 2241/ 522// 60381=
ZZYY 52080 22091 03004 102005 138101 6111/
11119 0//10 10277 29080 40098
22219 00291
33311 88872 20000 32907 20002 32907 43378 20025 32917 43427
20050 32895 43442 20075 32859 43499 20100 32865 43531
20125 32640 43541 20150 32546 43539 20200 32064 43536
20250 31455 43478 20300 31217 43465 20500 30776 43456
20750 30531 43452
444 20110 22091 0328/ 522// 60381=
ZZYY 52080 22091 01004 101997 138100 6112/
11119 01910 10284 29080 40112
22219 00290
33311 88872 20000 32902 20002 32902 43380 20025 32912 43434
20050 32859 43443 20075 32861 43501 20100 32871 43532
20125 32635 43540 20150 32543 43540 20200 31927 43525
20250 31355 43467 20300 31177 43473 20500 30764 43456
20750 30527 43452
444 20120 22091 0133/ 522// 60381=
ZZYY 52075 22091 0500/ 107982 130038 6113/
33311 88872 20002 32929 43333 20025 32928 43342 20050 32923 43346
20075 32733 43454 20100 32462 43491 20125 32020 43483
20150 31755 43471 20200 31257 43445 20250 30999 43444
20300 30953 43454 20500 30745 43446
444 20130 22091 0509/ 522//=
ZZYY 52075 22091 03004 107986 130042 6113/
11119 02707 10289 29076 40097
22219 00293
33311 88872 20000 32933 20002 32933 43330 20025 32929 43344
20050 32908 43358 20075 32565 43484 20100 32230 43490
20125 31951 43479 20150 31625 43463 20200 31196 43442
20250 31003 43449 20300 30950 43453 20500 30742 43448
444 20130 22091 0355/ 522// 60381=
ZZYY 52073 22091 05004 104852 137262 6111/
11119 02608 10264 29085 40081
22219 00290
33311 88872 20000 32898 20002 32898 43315 20025 32917 43332
20050 32894 43389 20075 32814 20100 32612 43480 20125 32338 43485
20150 31882 43473 20200 31269 43447 20250 30955 43441
20300 30894 43458 20500 30754 43454 20750 30615 43450
444 20110 22091 0508/ 522// 60381=
ZZYY 52073 22091 01004 104854 137278 6112/
11119 03015 10258 29089 40116
22219 00291
33311 88872 20000 32905 20002 32905 43326 20025 32913 43330
20050 32916 43385 20075 32858 20100 32741 43458 20125 32467 43492
20150 32034 43481 20200 31289 43448 20250 30943 43444
20300 30892 43458 20500 30748 43454 20750 30606 43450
444 20120 22091 0132/ 522// 60381=
####018000105####
SSVX07 KARS 220544
ZZYY 48534 22091 0530/ 783367 046204 6111/
11119 40159
444 20110 22091 0448/=
####018006771####
SSVX02 KARS 220544
ZZYY 64936 22091 0520/ 176131 007145 6112/
22219 00073
33311 88872 20000 30725 43511
444 20120 22091 0530/ 50101 80100 80100 9/015=
ZZYY 42547 22091 0535/ 738461 037148 6111/
22219 00237
444 20110 22091 0425/ 50101 80094 80001 9/015=
ZZYY 44514 22091 0538/ 749322 022031 6113/
22219 00147
444 20130 22091 0534/ 50101 80142 80002 9/015=
ZZYY 62724 22091 0450/ 739416 026494 6113/
11119 30230 40230 57011
22219 00225
444 20130 22091 0427/ 50101 80120 80023 9/015=
ZZYY 44513 22091 0536/ 750897 033889 6112/
22219 00132
444 20120 22091 0359/ 50101 80142 80008 9/015=
ZZYY 44516 22091 0536/ 749148 026263 6113/
22219 00152
444 20130 22091 0532/ 50101 80140 80028 9/015=
ZZYY 44515 22091 0537/ 745276 025779 6113/
22219 00168
444 20130 22091 0423/ 50101 80142 80011 9/015=
ZZYY 63561 22091 0520/ 775988 000170 6112/
22219 00049
33311 88872 20000 30485 42048
444 20120 22091 0448/ 50101 80070 80100 9/015=
ZZYY 44932 22091 0537/ 750904 025320 6111/
22219 00141
444 20110 22091 0532/ 50101 80142 80003 9/015=
ZZYY 44518 22091 0539/ 743084 022828 6112/
22219 00200
444 20120 22091 0534/ 50101 80142 80002 9/015=
ZZYY 44885 22091 0520/ 744831 032985 6112/
11119 30166 40166 52006
22219 00188
444 20120 22091 0425/ 50101 80110 80031 9/015=
ZZYY 44913 22091 0500/ 758787 016428 6112/
11119 39934 49934 52014
22219 00121
444 20120 22091 0533/ 50101 80100 80000 9/015=
ZZYY 44517 22091 0538/ 751766 019966 6113/
22219 00137
444 20130 22091 0534/ 50101 80142 80008 9/015=
ZZYY 44519 22091 0539/ 750864 019491 6113/
22219 00145
444 20130 22091 0534/ 50101 80140 80001 9/015=
ZZYY 44562 22091 0500/ 757730 007844 6113/
22219 00130
444 20130 22091 0532/ 50101 80110 80000 9/015=
ZZYY 44831 22091 0500/ 755922 012897 6113/
11119 30109 40109 52014
22219 00130
444 20130 22091 0532/ 50101 80110 80006 9/015=
ZZYY 62926 22091 0450/ 759935 018066 6113/
22219 00118
444 20130 22091 0421/ 50101 80110 80005 9/015=
ZZYY 44900 22091 0500/ 731083 010484 6112/
11119 30185 40185 57007
444 20120 22091 0430/ 50101 80120 80025 9/015=
ZZYY 62935 22091 0450/ 735149 030589 6113/
11119 30219 40219
22219 00246
444 20130 22091 0425/ 50101 80100 80100 9/015=
ZZYY 44926 22091 0450/ 746988 029543 6113/
11119 30117 40117 57016
22219 00151
444 20130 22091 0424/ 50101 80138 80001 9/015=
ZZYY 41555 22091 0500/ 734611 024431 6113/
11119 30225 40225
22219 00251
444 20130 22091 0425/ 50101 80100 80000 9/015=
ZZYY 44925 22091 0450/ 749123 023375 6113/
11119 30162 40162 57027
22219 00144
444 20130 22091 0422/ 50101 80138 80002 9/015=
ZZYY 44931 22091 0510/ 746254 027473 6113/
11119 30152 40152 57027
22219 00180
444 20130 22091 0425/ 50101 80138 80002 9/015=
ZZYY 41935 22091 0530/ 728666 033558 6113/
11119 30207 40207 57013
22219 00264
444 20130 22091 0428/ 50101 80110 80000 9/015=
ZZYY 62729 22091 0539/ 739735 026317 6112/
22219 00219
444 20120 22091 0427/ 50101 80116 80020 9/015=
ZZYY 41608 22091 0510/ 741356 035432 6111/
11119 30189 40189 57004
22219 00225
444 20110 22091 0534/ 50101 80110 80014 9/015=
ZZYY 62725 22091 0535/ 742301 020374 6111/
22219 00203
444 50101 80118 80012 9/015=
ZZYY 62726 22091 0539/ 736113 019032 6113/
22219 00230
444 20130 22091 0536/ 50101 80120 80012 9/015=
ZZYY 44924 22091 0536/ 748625 033967 6111/
22219 00155
444 20110 22091 0423/ 50101 80102 9/015=
ZZYY 44930 22091 0535/ 765396 001683 6113/
444 20130 22091 0531/ 50101 80092 80099 9/015=
ZZYY 41983 22091 0537/ 741072 038864 6112/
444 20120 22091 0425/ 50101 8//// 80019 9/015=
ZZYY 62722 22091 0450/ 738576 024613 6113/
11119 30231 40231 57009
22219 00227
444 20130 22091 0425/ 50101 80110 80033 9/015=
ZZYY 44917 22091 0520/ 742544 015386 6113/
11119 30248 40248 57008
444 20130 22091 0534/ 50101 80100 80063 9/015=
ZZYY 62909 22091 0537/ 730605 026698 6113/
22219 00258
444 20130 22091 0428/ 50101 80108 80003 9/015=
ZZYY 44921 22091 0538/ 738168 030197 6113/
22219 00237
444 20130 22091 0425/ 50101 80078 80001 9/015=
ZZYY 62723 22091 0539/ 740043 030266 6113/
22219 00222
444 20130 22091 0536/ 50101 80069 80006 9/015=
ZZYY 64930 22091 0500/ 776436 000764 6113/
22219 00048
33311 88872 20000 30480 43490
444 20130 22091 0529/ 50101 80011 80100 9////=
ZZYY 41613 22091 0440/ 748293 026489 6112/
11119 30133 40133 57029
22219 00150
444 20120 22091 0422/ 50101 80120 80002 9/015=
ZZYY 44894 22091 0539/ 742184 033347 6111/
22219 00209
444 20110 22091 0536/ 50101 80078 80005 9/015=
ZZYY 44942 22091 0440/ 761030 013318 6112/
11119 39976 49976 52020
22219 00119
444 20120 22091 0422/ 50101 80110 80000 9/015=
ZZYY 62727 22091 0537/ 741573 019733 6112/
22219 00207
444 20120 22091 0533/ 50101 80118 80017 9/015=
ZZYY 62930 22091 0539/ 726616 031405 6112/
22219 00261
444 20120 22091 0430/ 50101 80084 80015 9/015=
ZZYY 13956 22091 0510/ 728615 015868 6112/
11119 30184 40184 57012
22219 00236
444 20120 22091 0429/ 50101 80120 80006 9/015=
ZZYY 63579 22091 0530/ 169029 046956 6111/
22219 00085
444 50101 80007 80005 9////=
ZZYY 63964 22091 0532/ 173800 023059 6112/
444 50101 80007 80011 9/015=
ZZYY 63951 22091 0534/ 765683 001346 6112/
22219 00106
444 20120 22091 0531/ 50101 80007 80012 9/015=
ZZYY 63948 22091 0532/ 175389 035550 6113/
22219 00056
444 20130 22091 0448/ 50101 80008 80007 9/015=
ZZYY 13589 22091 0536/ 728684 014009 6113/
22219 00217
444 20130 22091 0402/ 50101 80106 80000 9/015=
ZZYY 44881 22091 0537/ 736327 033130 6112/
22219 00249
444 20120 22091 0426/ 50101 80074 80001 9/015=
ZZYY 63577 22091 0528/ 175084 067580 6113/
22219 00061
444 20130 22091 0447/ 50101 80007 80005 9/015=
ZZYY 63583 22091 0530/ 172533 046774 6113/
22219 00081
444 20130 22091 0447/ 50101 80009 80009 9/015=
ZZYY 63584 22091 0532/ 777811 002205 6112/
22219 00043
444 20120 22091 0530/ 50101 80008 80013 9/015=
ZZYY 64932 22091 0510/ 770676 013679 6113/
33311 88872 20000 43477
444 20130 22091 0530/ 50101 80011 80100 9////=
ZZYY 63569 22091 0530/ 175117 002903 6111/
22219 00059
33311 88872 20000 30590 42048
444 20110 22091 0447/ 50101 80080 80100 9/015=
ZZYY 44904 22091 0530/ 746835 027835 6111/
11119 30135 40135 57026
22219 00166
444 20110 22091 0535/ 50101 80130 80002 9/015=
ZZYY 44911 22091 0520/ 753442 012278 6113/
11119 30156 40156 52006
444 20130 22091 0532/ 50101 80123 80001 9/015=
ZZYY 63966 22091 0532/ 171474 015150 6111/
22219 00103
444 50101 80008 80007 9/015=
ZZYY 44923 22091 0520/ 752642 028205 6112/
11119 39980 49980 57103
22219 00125
444 20120 22091 0533/ 50101 80130 80001 9/015=
####018000179####
SSVX06 KARS 220544
ZZYY 48506 22091 0527/ 779550 119136 6112/
444 20120 22091 0446/ 500//=
ZZYY 47553 22091 0528/ 779341 103381 6112/
444 20120 22091 0429/ 500// 9/000=
####018000393####
SSVX08 KARS 220544
ZZYY 13002 21091 1200/ 720460 023120 6111/
33311 88872 20001 32497 43644 20020 32494 43644 20040 31995 43539
20060 31761 43572 20080 31715 20100 31663 20120 31617 20140 31582
20180 31537 20300 31407 20500 31195
444 20110 21091 1155/ 521//=
ZZYY 13002 22091 05004 720462 023125 6111/
11119 00911 10247 29091
22219 00251
444 20110 22091 0436/ 521// 60401=
####018000669####
SSVX02 LFVW 220544
ZZYY 62775 22091 0530/ 743812 002177 6113/
22219 00213
444 20130 22091 0537/ 50101 80115 80046 9/015=
ZZYY 62775 22091 0500/ 743813 002176 6113/
22219 00213
444 20130 22091 0507/ 50101 80115 80052 9/015=
ZZYY 61850 22091 0530/ 138185 003248 6113/
22219 00251
444 20130 22091 0537/ 50101 80086 80016 9/015=
ZZYY 61850 22091 0500/ 138183 003255 6113/
22219 00251
444 20130 22091 0507/ 50101 80086 80016 9/015=
ZZYY 61788 22091 0500/ 140116 004462 6113/
22219 00256
444 20130 22091 0529/ 50101 80100 80032 9/050=
ZZYY 61788 22091 0430/ 140118 004462 6113/
22219 00256
444 20130 22091 0459/ 50101 80100 80033 9/050=
####018000143####
SSVX12 LFVW 220544
ZZYY 25619 22091 0500/ 183257 131502 6113/
11119 11095 49795 52011
22219 01044
444 20130 22091 0443/ 501// 80140=
####018000193####
SSVX07 LFVW 220544
ZZYY 25518 22091 0600/ 785115 027486 6112/
444 20120 22091 0536/ 504//=
ZZYY 48548 22091 0530/ 774303 128087 6113/
11119 11007 39898 49898
444 20130 22091 0454/=
####018000447####
SSVX06 KARS 220546
ZZYY 47558 22091 0537/ 773765 081524 6111/
444 20110 22091 0427/ 500// 9/000=
ZZYY 48506 22091 0537/ 779547 119133 6111/
11119 40067
444 20110 22091 0534/ 500//=
ZZYY 48505 22091 0534/ 780191 127673 6111/
11119 40061
444 20110 22091 0455/ 500//=
ZZYY 47554 22091 0537/ 774358 112161 6112/
444 20120 22091 0456/ 500// 9/000=
ZZYY 47553 22091 0540/ 779339 103380 6111/
444 20110 22091 0535/ 500// 9/000=
####018000111####
SSVX07 KARS 220546
ZZYY 48534 22091 0540/ 783371 046215 6113/
11119 11144 40159
444 20130 22091 0536/=
####018002339####
SSVX02 KARS 220546
ZZYY 13570 22091 0500/ 737720 030856 6113/
11119 30222 40222 57012
22219 00236
444 20130 22091 0425/ 50101 80110 80057 9/015=
ZZYY 44514 22091 0541/ 749322 022031 6113/
22219 00147
444 20130 22091 0534/ 50101 80142 80002 9/015=
ZZYY 44516 22091 0541/ 749148 026263 6113/
22219 00152
444 20130 22091 0532/ 50101 80140 80028 9/015=
ZZYY 44932 22091 0541/ 750904 025320 6111/
22219 00141
444 20110 22091 0532/ 50101 80142 80003 9/015=
ZZYY 44518 22091 0541/ 743084 022828 6112/
22219 00200
444 20120 22091 0534/ 50101 80142 80002 9/015=
ZZYY 44519 22091 0541/ 750867 019488 6111/
22219 00145
444 20110 22091 0539/ 50101 80140 80001 9/015=
ZZYY 44924 22091 0541/ 748625 033967 6111/
22219 00155
444 20110 22091 0423/ 50101 80102 9/015=
ZZYY 48659 22091 0500/ 788178 160392 6113/
11119 30090 40090 52021
22219 01068
444 20130 22091 0443/ 50101 80145 80001 9/015=
ZZYY 48656 22091 0450/ 780676 160288 6113/
22219 01022
444 20130 22091 0442/ 50101 80123 80001 9/015=
ZZYY 41983 22091 0540/ 741072 038864 6112/
22219 00231
444 20120 22091 0425/ 50101 80078 9/015=
ZZYY 44921 22091 0541/ 738168 030197 6113/
22219 00237
444 20130 22091 0425/ 50101 80078 80001 9/015=
ZZYY 41590 22091 0540/ 746062 033435 6111/
11119 30121 40121 57007
444 20110 22091 0426/ 50101 80120 80017 9/015=
ZZYY 41590 22091 0440/ 746062 033435 6111/
11119 30122 40122 57009
444 20110 22091 0426/ 50101 80120 80019 9/015=
ZZYY 63579 22091 0538/ 169029 046956 6111/
22219 00085
444 20110 22091 0529/ 50101 80007 80005 9////=
ZZYY 63964 22091 0540/ 173798 023058 6113/
444 20130 22091 0536/ 50101 80009 80013 9/015=
ZZYY 63951 22091 0540/ 765678 001338 6112/
22219 00106
444 20120 22091 0536/ 50101 80008 80009 9/015=
ZZYY 63948 22091 0539/ 175387 035553 6113/
22219 00056
444 20130 22091 0527/ 50101 80008 80007 9/015=
ZZYY 63577 22091 0536/ 175084 067580 6113/
22219 00061
444 20130 22091 0447/ 50101 80007 80005 9/015=
ZZYY 63583 22091 0538/ 172537 046767 6112/
22219 00081
444 20120 22091 0536/ 50101 80009 80009 9/015=
ZZYY 63584 22091 0539/ 777817 002193 6111/
22219 00043
444 20110 22091 0536/ 50101 80007 80009 9/015=
ZZYY 63966 22091 0539/ 171473 015154 6113/
22219 00103
444 20130 22091 0536/ 50101 80008 80007 9/015=
####018002951####
SSVX08 KARS 220548
ZZYY 43001 21091 1200/ 708055 110126 6112/
33311 88872 20001 32743 43313 20020 32744 20040 32737 20060 32401
20080 31724 20100 31437 20120 31283 20140 31231 20180 31170
20300 31035 20500 30878
444 20120 21091 0956/ 521//=
ZZYY 43001 22091 04004 708049 110117 6111/
11119 01816 10265 29081
22219 00274
444 20110 22091 0412/ 521// 60401=
ZZYY 32323 21091 1200/ 700048 109918 6112/
33311 88872 20001 32127 43474 20020 31909 43485 20040 31724 43490
20060 31609 43498 20080 31527 20100 31455 20120 31430 20140 31383
20180 31286 20300 31145 20500 30798
444 20120 21091 1357/ 521//=
ZZYY 32323 22091 03004 700048 109922 6111/
11119 01011 10208 29092 40128
22219 00208
444 20110 22091 0255/ 521// 60401=
ZZYY 32319 21091 1200/ 507989 110076 6111/
33311 88872 20001 32385 43517 20020 32383 20040 32381 20060 32379
20080 32328 20100 31897 20120 31547 20140 31430 20180 31332
20300 31145 20500 30849
444 20110 21091 1001/ 521//=
ZZYY 32319 22091 04004 507984 110071 6111/
11119 01115 10236 29079
22219 00241
444 20110 22091 0405/ 521// 60401=
ZZYY 51017 21091 1200/ 502015 124902 6112/
33311 88872 20001 32336 43475 20020 32312 20040 32282 20080 31976
20100 31469 20120 31364 20140 31327 20180 31287 20300 31188
20500 30826
444 20120 21091 1115/ 521//=
ZZYY 51017 22091 04004 502016 124898 6111/
11119 01307 10238 29070
22219 00237
444 20110 22091 0434/ 521// 60401=
ZZYY 32317 21091 1200/ 501932 110405 6111/
33311 88872 20001 32227 43478 20020 32187 20040 32048 20060 31987
20080 31638 20100 31372 20120 31333 20140 31316 20180 31284
20300 31175 20500 30865
444 20110 21091 1000/ 521//=
ZZYY 32318 21091 1200/ 504980 110007 6111/
33311 88872 20001 32410 43524 20040 32406 20060 32381 20080 31680
20100 31451 20120 31383 20140 31336 20180 31292 20300 31158
20500 30854
444 20110 21091 1001/ 521//=
ZZYY 32318 22091 04004 504983 110014 6111/
11119 01115 10232 29082
22219 00239
444 20110 22091 0406/ 521// 60401=
ZZYY 32315 21091 1200/ 705004 110057 6111/
33311 88872 20001 32688 43401 20020 32689 20040 32690 20060 32690
20080 32678 20100 32011 20120 31581 20140 31321 20180 31143
20300 31034 20500 30804
444 20110 21091 1357/ 521//=
ZZYY 51308 21091 1200/ 507973 124992 6112/
33311 88872 20001 32576 43552 20020 32573 20040 32572 20060 32570
20080 32570 20100 32358 20120 32210 20140 32107 20180 31558
20300 31085 20500 30833
444 20120 21091 1117/ 521//=
ZZYY 51308 22091 04004 507980 124985 6112/
11119 01313 10252 29072
22219 00258
444 20120 21091 2355/ 521// 60401=
ZZYY 32316 21091 1200/ 702051 110046 6111/
33311 88872 20001 32252 43447 20040 32152 20060 31682 20080 31483
20100 31394 20120 31353 20140 31337 20180 31318 20300 31133
20500 30825
444 20110 21091 1357/ 521//=
ZZYY 32316 22091 04004 702045 110044 6111/
11119 01218 10211 29085
22219 00221
444 20110 22091 0408/ 521// 60401=
####018003781####
SSVX02 KARS 220548
ZZYY 32533 22091 0404/ 514598 110423 6111/
22219 00233
444 20110 22091 0358/ 50101 80121 80011 9/015=
ZZYY 32739 22091 0406/ 518332 095562 6111/
22219 00200
444 20110 22091 0251/ 50101 80120 80016 9/015=
ZZYY 32912 22091 0403/ 517049 090790 6111/
22219 00191
444 20110 22091 0408/ 50101 80120 9/015=
ZZYY 32695 22091 0408/ 523571 106027 6112/
22219 00206
444 20120 22091 0357/ 50101 80094 80055 9/015=
ZZYY 32917 22091 0407/ 519609 090236 6112/
22219 00191
444 20120 22091 0356/ 50101 80120 80097 9/015=
ZZYY 32528 22091 0406/ 518493 088436 6111/
22219 00186
444 20110 22091 0357/ 50101 80120 80079 9/015=
ZZYY 32650 22091 0409/ 508764 119673 6111/
22219 00247
444 50101 80110 80039 9/015=
ZZYY 32648 22091 0409/ 508642 119748 6111/
22219 00246
444 20110 22091 0431/ 50101 80110 80052 9/015=
ZZYY 32626 22091 0407/ 517607 090250 6112/
22219 00187
444 20120 22091 0408/ 50101 80116 80103 9/015=
ZZYY 32803 22091 0405/ 524045 116506 6112/
22219 00220
444 20120 22091 0428/ 50101 80102 80017 9/015=
ZZYY 32683 22091 0408/ 518782 095878 6111/
22219 00198
444 20110 22091 0249/ 50101 80116 80057 9/015=
ZZYY 32549 22091 0408/ 518915 094036 6111/
22219 00195
444 50101 80114 80180 9/015=
ZZYY 32538 22091 0407/ 522562 092271 6111/
22219 00186
444 20110 22091 0357/ 50101 80116 80067 9/015=
ZZYY 32805 22091 0402/ 532839 101773 6112/
22219 00170
444 20120 22091 0355/ 50101 80104 80074 9/015=
ZZYY 51518 22091 0407/ 501330 121637 6111/
22219 00234
444 20110 22091 0412/ 50101 80120 80027 9/015=
ZZYY 32520 22091 0404/ 519115 076651 6111/
22219 00167
444 20110 22091 0226/ 50101 80118 80130 9/015=
ZZYY 32731 22091 0405/ 516019 082360 6112/
22219 00166
444 20120 22091 0358/ 50101 9/015=
ZZYY 32708 22091 0406/ 515963 087223 6112/
22219 00180
444 20120 22091 0357/ 50101 80114 80180 9/015=
ZZYY 32704 22091 0407/ 522299 083540 6112/
22219 00169
444 20120 22091 0355/ 50101 80114 80074 9/015=
ZZYY 32702 22091 0402/ 515844 081668 6112/
22219 00169
444 20120 22091 0357/ 50101 80114 80012 9/015=
ZZYY 51530 22091 0408/ 505572 123626 6111/
22219 00248
444 20110 22091 0434/ 50101 80120 80099 9/015=
ZZYY 32526 22091 0408/ 515064 094939 6111/
22219 00202
444 20110 22091 0358/ 50101 80570 80099 9/015=
ZZYY 51659 22091 0408/ 502277 121520 6112/
22219 00233
444 20120 22091 0434/ 50101 80120 80099 9/015=
ZZYY 51759 22091 0409/ 700706 121868 6111/
22219 00230
444 20110 22091 0437/ 50101 80110 80065 9/015=
ZZYY 32904 22091 0310/ 506875 122940 6111/
11119 30139 40139 52021
22219 00237
444 20110 22091 0250/ 50101 80140 80000 9/015=
ZZYY 32730 22091 0300/ 509693 119070 6112/
22219 00246
444 20120 22091 0251/ 50101 80140 80003 9/015=
ZZYY 41915 22091 0530/ 734414 056959 6113/
11119 30260 40260 57007
22219 00275
444 20130 22091 0427/ 50101 80110 80000 9/015=
ZZYY 42547 22091 0541/ 738461 037148 6111/
22219 00237
444 20110 22091 0425/ 50101 80094 80001 9/015=
ZZYY 41903 22091 0541/ 736593 040746 6112/
444 20120 22091 0427/ 50101 80074 80003 9/015=
ZZYY 41972 22091 0530/ 737607 060447 6112/
11119 30271 40271
22219 00264
444 20120 22091 0430/ 50101 80120 80079 9/015=
ZZYY 62905 22091 0510/ 736839 053948 6113/
11119 30254 40254 57005
22219 00269
444 20130 22091 0428/ 50101 8//// 80000 9/015=
ZZYY 64933 22091 0540/ 769276 003039 6112/
22219 00100
33311 88872 20000 31000 43513
444 20120 22091 0536/ 50101 80010 80011 9////=
ZZYY 13520 22091 0450/ 732283 028809 6112/
11119 30215 40215 57011
22219 00254
444 20120 22091 0427/ 50101 80120 80008 9/015=
ZZYY 63966 22091 0540/ 171473 015154 6113/
22219 00103
444 20130 22091 0536/ 50101 80008 80007 9/015=
