####018000146####
SSVX13 LFPW 220600
ZZYY 62532 22091 0600/ 747852 017372 6113/ 11119 40229 57006 22219
 00169 444 20130 22091 0600/ 50101 80136 80003 9/015=
####018003849####
SSVX08 KARS 220608
ZZYY 14046 21091 1200/ 316002 054996 6111/
33311 88872 20020 32457 43535 20040 32455 43555 20060 32455 43531
20080 32454 20100 32372 20120 32234 20140 32096 20180 31857
20500 30941
444 20110 21091 1201/ 521//=
ZZYY 14046 21091 1200/ 316002 054996 6111/
33311 88872 20020 32457 43535 20040 32455 43555 20060 32455 43531
20080 32454 20100 32372 20120 32234 20140 32096 20180 31857
20500 30941
444 20110 21091 1201/ 521//=
ZZYY 14046 22091 05004 315996 054995 6112/
11119 01016 10245 29080 40191
444 20120 22091 0502/ 521// 60401=
ZZYY 14043 21091 1200/ 312200 067216 6111/
33311 88872 20001 32602 43525 20020 32603 43524 20040 32603 43526
20060 32603 43526 20080 32602 20100 32514 20120 32155 20140 31900
20180 31615 20300 31154 20500 30850
444 20110 21091 1046/ 521//=
ZZYY 14043 21091 1200/ 312200 067216 6111/
33311 88872 20001 32602 43525 20020 32603 43524 20040 32603 43526
20060 32603 43526 20080 32602 20100 32514 20120 32155 20140 31900
20180 31615 20300 31154 20500 30850
444 20110 21091 1046/ 521//=
ZZYY 14043 22091 04004 312200 067215 6112/
11119 01219 10256 29073 40159
22219 00260
444 20120 22091 0348/ 521// 60401=
ZZYY 14041 21091 12004 307940 055085 6112/
11119 01315 10257 29090
22219 00272
33311 88872 20000 32719 20001 32708 43544 20020 32701 43531
20040 32690 43539
444 20120 21091 1201/ 521// 60401=
ZZYY 14041 21091 12004 307940 055085 6112/
11119 01315 10257 29090
22219 00272
33311 88872 20000 32719 20001 32708 43544 20020 32701 43531
20040 32690 43539
444 20120 21091 1201/ 521// 60401=
ZZYY 14041 22091 05004 307933 055069 6112/
11119 01217 10266 29079
22219 00270=
ZZYY 14041 22091 04004 307935 055075 6111/
11119 01318 10270 29075
22219 00270
444 20110 22091 0348/ 521// 60401=
ZZYY 14042 21091 12004 312024 054982 6112/
11119 01119 10259 29077 40141
22219 00259
33311 88872 20000 32594 20001 32588 43553 20020 32586 43557
20040 32585 43557 20060 32587 43560 20080 32542 20100 32297
20140 31893 20180 31645 20300 31209
444 20120 21091 1202/ 521// 60401=
ZZYY 14042 21091 12004 312024 054982 6112/
11119 01119 10259 29077 40141
22219 00259
33311 88872 20000 32594 20001 32588 43553 20020 32586 43557
20040 32585 43557 20060 32587 43560 20080 32542 20100 32297
20140 31893 20180 31645 20300 31209
444 20120 21091 1202/ 521// 60401=
ZZYY 14042 22091 05004 312026 054984 6112/
11119 01015 10256 29078 40165
22219 00258
444 20120 22091 0501/ 521// 60401=
ZZYY 14042 22091 04004 312027 054983 6112/
11119 01015 10255 29079 40164
22219 00258
444 20120 22091 0349/ 521// 60401=
ZZYY 23002 21091 1200/ 101571 080508 6111/
33311 88872 20001 32919 43444 20020 32895 43446 20040 32876 43462
20060 32718 43491 20080 32454 20100 32194 20120 31927 20140 31774
20180 31393 20300 31166
444 20110 21091 1306/ 521//=
ZZYY 23002 21091 1200/ 101571 080508 6111/
33311 88872 20001 32919 43444 20020 32895 43446 20040 32876 43462
20060 32718 43491 20080 32454 20100 32194 20120 31927 20140 31774
20180 31393 20300 31166
444 20110 21091 1306/ 521//=
ZZYY 23002 22091 0400/ 101572 080520 6112/
22219 00291
444 20120 22091 0343/ 521//=
ZZYY 23001 21091 1200/ 100101 080534 6111/
33311 88872 20001 32967 43417 20020 32895 43440 20040 32743 43463
20060 32542 43531 20080 32366 20100 32210 20120 32080 20140 31904
20180 31512 20300 31153 20500 30961
444 20110 21091 1306/ 521//=
ZZYY 23001 22091 04004 100122 080519 6111/
11119 01302 10270 29085 40135
22219 00292
444 20110 22091 0344/ 521// 60401=
ZZYY 23010 21091 1200/ 303984 080505 6111/
33311 88872 20001 32861 43435 20020 32870 43455 20040 32872 43459
20060 32869 43458 20080 32740 20100 32453 20120 32031 20140 31598
20180 31358 20300 31092 20500 30918
444 20110 21091 1306/ 521//=
####018000146####
SSVX13 LFPW 220600
ZZYY 62600 22091 0600/ 756556 031379 6113/ 11119 49999 57021 22219
 00105 444 20130 22091 0600/ 50101 80138 80015 9/015=
####018000271####
SSVX13 KARS 220608
ZZYY 14917 22091 0400/ 326472 074087 6112/
11119 30280 40280 52014
22219 00214
444 20120 22091 0351/ 50101 80115 80002 9/015=
ZZYY 14917 22091 0500/ 326479 074102 6112/
11119 30280 40280 52008
22219 00214
444 50101 80115 80002 9/015=
####018006467####
SSVX02 KARS 220608
ZZYY 16555 22091 0400/ 333722 078278 6113/
22219 00155
444 20130 22091 0353/ 50101 80110 80000 9/015=
ZZYY 16555 22091 0500/ 333727 078283 6112/
22219 00155
444 20120 22091 0506/ 50101 80110 80000 9/015=
ZZYY 16575 22091 0440/ 338863 077903 6112/
11119 30175 40175 52001
22219 00125
444 20120 22091 0508/ 50101 80110 80000 9/015=
ZZYY 33906 22091 0450/ 350616 068782 6112/
22219 00020
444 20120 22091 0509/ 50101 80100 80100 9/015=
ZZYY 16577 22091 0440/ 340223 076510 6112/
11119 30150 40150
22219 00124
444 20120 22091 0509/ 50101 80100 80100 9/015=
ZZYY 16560 22091 0500/ 338325 069951 6113/
11119 30187 40187
22219 00133
444 20130 22091 0508/ 50101 80110 80100 9/015=
ZZYY 17656 22091 0500/ 333097 081038 6112/
11119 30291 40291 52007
22219 00150
444 20120 22091 0506/ 50101 80110 80000 9/015=
ZZYY 17656 22091 0400/ 333096 081017 6112/
11119 30289 40289 52006
22219 00150
444 20120 22091 0324/ 50101 80110 80000 9/015=
ZZYY 17902 22091 0440/ 344809 077203 6112/
22219 00106
444 20120 22091 0509/ 50101 80110 80100 9/015=
ZZYY 14563 22091 0500/ 323708 041405 6113/
11119 30211 40211 57238
22219 00231
444 20130 22091 0234/ 50101 80110 80003 9/015=
ZZYY 33595 22091 0410/ 341086 043906 6111/
11119 30331 40331
22219 00126
444 20110 22091 0354/ 50101 80090 80100 9/015=
ZZYY 33656 22091 0410/ 348208 030029 6112/
11119 30051 40051
22219 00075
444 20120 22091 0401/ 50101 80110 80100 9/015=
ZZYY 14929 22091 0450/ 335989 082056 6111/
11119 30243 40243
22219 00130
444 20110 22091 0506/ 50101 80100 80100 9/015=
ZZYY 14545 22091 0350/ 317665 055445 6112/
11119 30202 40202 57245
22219 00240
444 50101 80110 80011 9/015=
ZZYY 14545 22091 0450/ 317665 055445 6112/
11119 30205 40205 57245
22219 00240
444 20120 22091 0349/ 50101 80110 80011 9/015=
ZZYY 14550 22091 0410/ 332363 036915 6113/
11119 30265 40265
22219 00192
444 20130 22091 0357/ 50101 80110 80100 9/015=
ZZYY 33651 22091 0440/ 345165 078768 6112/
22219 00044
444 20120 22091 0509/ 50101 80100 80000 9/015=
ZZYY 33883 22091 0420/ 349123 032236 6112/
11119 30027 40027
22219 00024
444 20120 22091 0401/ 50101 80100 80100 9/015=
ZZYY 17914 22091 0450/ 327771 081589 6112/
22219 00184
444 20120 22091 0505/ 50101 80008 80100 9/015=
ZZYY 14925 22091 0350/ 310312 046494 6112/
11119 30155 40155 52013
22219 00246
444 50101 80145 80009 9/015=
ZZYY 17517 22091 0350/ 333996 080936 6112/
11119 30278 40278 52004
22219 00146
444 20120 22091 0354/ 50101 80110 80000 9/015=
ZZYY 17517 22091 0450/ 333994 080945 6113/
11119 30276 40276 52001
22219 00146
444 20130 22091 0506/ 50101 80110 80000 9/015=
ZZYY 14939 22091 0450/ 319612 055531 6111/
11119 30219 40219 52012
22219 00238
444 20110 22091 0456/ 50101 80145 80008 9/015=
ZZYY 14947 22091 0250/ 309249 046449 6111/
11119 30144 40144 52007
22219 00252
444 20110 22091 0224/ 50101 80138 80007 9/015=
ZZYY 14947 22091 0450/ 309245 046381 6111/
11119 30155 40155 52015
22219 00252
444 20110 22091 0503/ 50101 80138 80008 9/015=
ZZYY 55595 22091 0340/ 341271 091687 6113/
11119 40198 57009
22219 00107
444 20130 22091 0325/ 50101 80009 80000 9////=
ZZYY 14554 22091 0430/ 332245 065633 6113/
11119 40232 52006
22219 00177
444 20130 22091 0353/ 50101 80010 80000 9////=
ZZYY 33568 22091 0430/ 344056 075944 6111/
22219 00104
444 20110 22091 0356/ 50101 80090 80100 9/015=
ZZYY 17520 22091 0511/ 336010 045550 6112/
22219 00160
444 20120 22091 0508/ 50101 80094 80005 9////=
ZZYY 33951 22091 0511/ 338977 087197 6111/
22219 00116
444 20110 22091 0508/ 50101 80072 80050 9/015=
ZZYY 56906 22091 0440/ 324265 079286 6113/
11119 30267 40267 52003
22219 00219
444 20130 22091 0458/ 50101 80090 80041 9/015=
ZZYY 16595 22091 0440/ 327888 089168 6111/
11119 30291 40291 52003
22219 00202
444 20110 22091 0504/ 50101 80080 80000 9/015=
ZZYY 16595 22091 0340/ 327886 089176 6113/
11119 30294 40294 52009
22219 00202
444 20130 22091 0323/ 50101 80080 80000 9/015=
ZZYY 16565 22091 0450/ 323536 076899 6113/
11119 30265 40265 52004
22219 00218
444 20130 22091 0457/ 50101 80100 80007 9////=
ZZYY 33687 22091 0514/ 333695 061725 6112/
22219 00152
444 20120 22091 0500/ 50101 80070 80000 9/015=
ZZYY 11948 22091 0130/ 308205 048534 6113/
22219 00262=
ZZYY 11948 22091 0500/ 308212 048524 6113/
22219 00262=
ZZYY 11948 22091 0430/ 308209 048524 6113/
22219 00262=
ZZYY 16511 22091 0410/ 341019 025487 6112/
11119 30227 40227 57010
22219 00114
444 20120 22091 0359/ 50101 80110 80001 9/015=
ZZYY 33569 22091 0450/ 337052 085533 6111/
11119 30224 40224 57005
22219 00124
444 20110 22091 0507/ 50101 80110 80010 9/015=
ZZYY 55615 22091 0420/ 337951 089199 6113/
11119 30215 40215 57008
22219 00119
444 20130 22091 0324/ 50101 8//// 80100 9////=
ZZYY 23678 22091 0510/ 340029 089170 6113/
22219 00112
444 20130 22091 0325/ 50101 80049 80099 9////=
ZZYY 33881 22091 0430/ 348530 085261 6111/
11119 39984 49984 52022
22219 00058
444 20110 22091 0510/ 50101 80110 80085 9/015=
ZZYY 33880 22091 0430/ 345787 085887 6111/
11119 30036 40036 57018
22219 00081
444 20110 22091 0358/ 50101 80110 80100 9/015=
ZZYY 14551 22091 0458/ 100909 082569 6112/
444 20120 22091 0450/ 50101 80126 9/015=
ZZYY 23974 22091 0340/ 309397 087104 6112/
11119 30146 40146 57239
22219 00278
444 20120 22091 0319/ 50101 80110 80013 9/015=
ZZYY 14566 22091 0440/ 311111 049716 6113/
11119 30161 40161 57244
22219 00250
444 20130 22091 0348/ 50101 80110 80002 9/015=
ZZYY 14948 22091 0420/ 321191 050302 6112/
11119 30216 40216 57238
22219 00241
444 20120 22091 0351/ 50101 80110 80008 9/015=
ZZYY 33659 22091 0420/ 325789 075954 6112/
11119 40283 52008
22219 00201
444 20120 22091 0352/ 50101 80010 80004 9////=
ZZYY 14543 22091 0420/ 318514 074550 6113/
11119 30217 40217 57247
22219 00237
444 20130 22091 0349/ 50101 80110 80013 9/015=
ZZYY 14930 22091 0450/ 309788 046606 6112/
11119 30155 40155 52015
22219 00250
444 20120 22091 0048/ 50101 80145 80019 9/015=
ZZYY 17518 22091 0450/ 323541 067071 6112/
11119 30247 40247 52007
22219 00222
444 20120 22091 0351/ 50101 80110 80000 9/015=
ZZYY 16963 22091 0410/ 325474 059901 6112/
11119 40234 52011
22219 00225
444 20120 22091 0351/ 50101 80009 80000 9////=
####018000125####
SSVX02 CWAO 220600
ZZYY 48526 22091 0600/ 772753 148148 6113/ 11119 49966 444 20130 22091 0600/ 51201 80143 80001 9////=
####018000143####
SSVX05 CWAO 220600
ZZYY 44669 22091 0600/ 744641 051704 6113/ 11121 40186 57006 22219 00168 444 20130 22091 0600/ 50501 80146 80002 9////=
####018000138####
SSVX05 CWAO 220600
ZZYY 44668 22091 0600/ 743513 048554 6113/ 11119 40218 57001 22219 00148 444 20130 22091 0600/ 50500 80144 80018 =
####018000131####
SSVX02 CWAO 220600
ZZYY 47549 22091 0600/ 782643 057090 6113/ 11119 11089 40152 444 20130 22091 0600/ 50101 80140 80001 9////=
####018000120####
SSVX02 CWAO 220600
ZZYY 48517 22091 0600/ 776660 137087 6113/ 11119 40009 444 20130 22091 0600/ 50300 80143 80001 =
####018000120####
SSVX02 CWAO 220600
ZZYY 48516 22091 0600/ 775150 136796 6113/ 11119 49967 444 20130 22091 0600/ 50300 80146 80001 =
####018000509####
SSVX13 LFVW 220608
ZZYY 23925 22091 0400/ 330856 048404 6112/
11119 30244 40244 52013
22219 00180
444 20120 22091 0354/ 50101 80130 80000 9/015=
ZZYY 56518 22091 0500/ 311666 050790 6112/
11119 30182 40182 52012
22219 00250
444 20120 22091 0456/ 50101 80060 80005 9/015=
ZZYY 17526 22091 0600/ 341512 022883 6113/
11119 40175 57010
22219 00114
444 50101 80102 80000 9/015=
ZZYY 16551 22091 0600/ 333320 083315 6113/
11119 40288 57004
22219 00156
444 50101 80106 80008 9/015=
####018000134####
SSVX02 CWAO 220600
ZZYY 47549 22091 0600/ 782643 057090 6113/ 11119 11089 40152 444 20130 22091 0600/ 50101 80140 80001 9////=

####018000141####
SSVX05 CWAO 220600
ZZYY 44668 22091 0600/ 743513 048554 6113/ 11119 40218 57001 22219 00148 444 20130 22091 0600/ 50500 80144 80018 =

####018000123####
SSVX02 CWAO 220600
ZZYY 48516 22091 0600/ 775150 136796 6113/ 11119 49967 444 20130 22091 0600/ 50300 80146 80001 =

####018000123####
SSVX02 CWAO 220600
ZZYY 48517 22091 0600/ 776660 137087 6113/ 11119 40009 444 20130 22091 0600/ 50300 80143 80001 =

####018000146####
SSVX05 CWAO 220600
ZZYY 44669 22091 0600/ 744641 051704 6113/ 11121 40186 57006 22219 00168 444 20130 22091 0600/ 50501 80146 80002 9////=

####018000128####
SSVX02 CWAO 220600
ZZYY 48526 22091 0600/ 772753 148148 6113/ 11119 49966 444 20130 22091 0600/ 51201 80143 80001 9////=

####018000149####
SSVX02 CWAO 220600
ZZYY 48631 22091 0600/ 788550 047517 6113/ 11193 00000 11182 29087 40161 52007 444 20130 22091 0600/ 50401 80138 80001 9////=
####018000125####
SSVX02 CWAO 220600
ZZYY 47531 22091 0600/ 784419 064711 6113/ 11131 11001 444 20130 22091 0600/ 50701 80138 80001 9////=
####018000120####
SSVX02 CWAO 220600
ZZYY 48633 22091 0600/ 173459 175176 6113/ 11119 40099 444 20130 22091 0600/ 50100 80137 80001 =
####018000138####
SSVX02 CWAO 220600
ZZYY 55579 22091 0600/ 344382 159125 6113/ 11119 40170 52003 22219 00123 444 20130 22091 0600/ 50500 80138 80008 =
####018000120####
SSVX02 CWAO 220600
ZZYY 47544 22091 0600/ 771790 101293 6113/ 22219 00014 444 20130 22091 0600/ 50700 80140 80001 =
####018000125####
SSVX02 CWAO 220600
ZZYY 47537 22091 0600/ 784418 064775 6113/ 22291 00003 444 20130 22091 0600/ 50701 80138 80001 9////=
####018000125####
SSVX02 CWAO 220600
ZZYY 47532 22091 0600/ 782991 062223 6113/ 11119 11104 444 20130 22091 0600/ 50701 80136 80001 9////=
####018000138####
SSVX02 CWAO 220600
ZZYY 55580 22091 0600/ 340947 151422 6113/ 11119 40149 57018 22219 00144 444 20130 22091 0600/ 50500 80138 80015 =
####018000125####
SSVX02 CWAO 220600
ZZYY 47533 22091 0600/ 782990 062192 6113/ 22291 01009 444 20130 22091 0600/ 50701 80138 80001 9////=
####018000138####
SSVX05 CWAO 220600
ZZYY 44674 22091 0600/ 740391 041177 6113/ 11119 40223 52001 22219 00224 444 20130 22091 0600/ 50500 80140 80003 =
####018000126####
SSVX02 CWAO 220600
ZZYY 47546 22091 0600/ 783383 079623 6113/ 11119 40151 52003 444 20130 22091 0600/ 50600 80136 80001 =
####018000138####
SSVX05 CWAO 220600
ZZYY 44673 22091 0600/ 747920 041839 6113/ 11119 40103 57001 22219 00170 444 20130 22091 0600/ 50500 80140 80015 =
####018000143####
SSVX05 CWAO 220600
ZZYY 44675 22091 0600/ 739666 061339 6113/ 11119 40272 54000 22219 00226 444 20130 22091 0600/ 50501 80140 80011 9/010=
####018000125####
SSVX02 CWAO 220600
ZZYY 47545 22091 0600/ 784541 110421 6113/ 22291 01014 444 20130 22091 0600/ 50701 80140 80001 9////=
####018000128####
SSVX02 CWAO 220600
ZZYY 47532 22091 0600/ 782991 062223 6113/ 11119 11104 444 20130 22091 0600/ 50701 80136 80001 9////=

####018000123####
SSVX02 CWAO 220600
ZZYY 47544 22091 0600/ 771790 101293 6113/ 22219 00014 444 20130 22091 0600/ 50700 80140 80001 =

####018000141####
SSVX02 CWAO 220600
ZZYY 55579 22091 0600/ 344382 159125 6113/ 11119 40170 52003 22219 00123 444 20130 22091 0600/ 50500 80138 80008 =

####018000152####
SSVX02 CWAO 220600
ZZYY 48631 22091 0600/ 788550 047517 6113/ 11193 00000 11182 29087 40161 52007 444 20130 22091 0600/ 50401 80138 80001 9////=

####018000128####
SSVX02 CWAO 220600
ZZYY 47545 22091 0600/ 784541 110421 6113/ 22291 01014 444 20130 22091 0600/ 50701 80140 80001 9////=

####018000128####
SSVX02 CWAO 220600
ZZYY 47533 22091 0600/ 782990 062192 6113/ 22291 01009 444 20130 22091 0600/ 50701 80138 80001 9////=

####018000141####
SSVX05 CWAO 220600
ZZYY 44673 22091 0600/ 747920 041839 6113/ 11119 40103 57001 22219 00170 444 20130 22091 0600/ 50500 80140 80015 =

####018000129####
SSVX02 CWAO 220600
ZZYY 47546 22091 0600/ 783383 079623 6113/ 11119 40151 52003 444 20130 22091 0600/ 50600 80136 80001 =

####018000141####
SSVX05 CWAO 220600
ZZYY 44674 22091 0600/ 740391 041177 6113/ 11119 40223 52001 22219 00224 444 20130 22091 0600/ 50500 80140 80003 =

####018000141####
SSVX02 CWAO 220600
ZZYY 55580 22091 0600/ 340947 151422 6113/ 11119 40149 57018 22219 00144 444 20130 22091 0600/ 50500 80138 80015 =

####018000128####
SSVX02 CWAO 220600
ZZYY 47537 22091 0600/ 784418 064775 6113/ 22291 00003 444 20130 22091 0600/ 50701 80138 80001 9////=

####018000123####
SSVX02 CWAO 220600
ZZYY 48633 22091 0600/ 173459 175176 6113/ 11119 40099 444 20130 22091 0600/ 50100 80137 80001 =

####018000146####
SSVX05 CWAO 220600
ZZYY 44675 22091 0600/ 739666 061339 6113/ 11119 40272 54000 22219 00226 444 20130 22091 0600/ 50501 80140 80011 9/010=

####018000128####
SSVX02 CWAO 220600
ZZYY 47531 22091 0600/ 784419 064711 6113/ 11131 11001 444 20130 22091 0600/ 50701 80138 80001 9////=

####018000125####
SSVX02 CWAO 220600
ZZYY 48630 22091 0600/ 174009 173163 6113/ 22219 01008 444 20130 22091 0600/ 50101 80140 80001 9////=
####018000125####
SSVX02 CWAO 220600
ZZYY 48527 22091 0600/ 778086 155429 6113/ 11119 40044 444 20130 22091 0600/ 51201 80138 80001 9////=
####018000125####
SSVX02 CWAO 220600
ZZYY 48529 22091 0600/ 775151 177636 6113/ 11119 40078 444 20130 22091 0600/ 51201 80139 80001 9////=
####018000120####
SSVX02 CWAO 220600
ZZYY 47555 22091 0600/ 771629 067567 6113/ 22219 00027 444 20130 22091 0600/ 50500 80140 80001 =
####018000128####
SSVX02 CWAO 220600
ZZYY 48527 22091 0600/ 778086 155429 6113/ 11119 40044 444 20130 22091 0600/ 51201 80138 80001 9////=

####018000128####
SSVX02 CWAO 220600
ZZYY 48630 22091 0600/ 174009 173163 6113/ 22219 01008 444 20130 22091 0600/ 50101 80140 80001 9////=

####018000123####
SSVX02 CWAO 220600
ZZYY 47555 22091 0600/ 771629 067567 6113/ 22219 00027 444 20130 22091 0600/ 50500 80140 80001 =

####018000128####
SSVX02 CWAO 220600
ZZYY 48529 22091 0600/ 775151 177636 6113/ 11119 40078 444 20130 22091 0600/ 51201 80139 80001 9////=

####018000146####
SSVX13 LFPW 220600
ZZYY 33702 22091 0600/ 338616 028957 6113/ 11119 40116 52047 22219
 00172 444 20130 22091 0300/ 50101 80133 80003 9/015=
####018000146####
SSVX13 LFPW 220600
ZZYY 33700 22091 0600/ 336126 006770 6113/ 11119 40277 52011 22219
 00154 444 20130 22091 0600/ 50101 80133 80006 9/015=
####018000146####
SSVX13 LFPW 220600
ZZYY 25616 22091 0600/ 183823 133809 6113/ 11119 40100 57012 22219
 01050 444 20130 22091 0600/ 50101 80150 80002 9/015=
####018000146####
SSVX13 LFPW 220600
ZZYY 64614 22091 0600/ 758993 033492 6113/ 11119 49988 57009 22219
 00100 444 20130 22091 0600/ 50101 80143 80021 9/015=
####018000146####
SSVX13 LFPW 220600
ZZYY 44761 22091 0600/ 753666 035252 6113/ 11119 49981 57012 22219
 00105 444 20130 22091 0600/ 50101 80126 80050 9/015=
####018000146####
SSVX13 LFPW 220600
ZZYY 44762 22091 0600/ 752183 041280 6113/ 11119 40012 57002 22219
 00118 444 20130 22091 0600/ 50101 80128 80016 9/015=
####018000146####
SSVX13 LFPW 220600
ZZYY 44763 22091 0600/ 746372 038692 6113/ 11119 40115 52001 22219
 00180 444 20130 22091 0600/ 50101 80132 80005 9/015=
####018000134####
SSVX13 LFPW 220559
ZZYY 25615 22091 0559/ 184231 152604 6113/ 11119 49962 57009 444
 20130 22091 0555/ 50101 80138 8//// 9/015=
####018000146####
SSVX13 LFPW 220600
ZZYY 33701 22091 0600/ 531436 006028 6113/ 11119 40282 52005 22219
 00173 444 20130 22091 0600/ 50101 80133 80010 9/015=
####018000146####
SSVX13 LFPW 220600
ZZYY 44546 22091 0600/ 754311 039553 6113/ 11119 40011 57003 22219
 00097 444 20130 22091 0600/ 50101 80143 80010 9/015=
####018000128####
SSVX13 LFPW 220600
ZZYY 33699 22091 0600/ 520993 004953 6113/ 22219 00194 444 20130
 22091 0600/ 50101 80137 80002 9/015=
####018000146####
SSVX13 LFPW 220600
ZZYY 62575 22091 0600/ 762046 033817 6113/ 11119 40000 57001 22219
 00097 444 20130 22091 0600/ 50101 80118 80005 9/015=
####018000146####
SSVX13 LFPW 220600
ZZYY 33706 22091 0600/ 346404 016897 6113/ 11119 40010 57007 22219
 00068 444 20130 22091 0600/ 50101 80133 80013 9/015=
####018000146####
SSVX13 LFPW 220600
ZZYY 62574 22091 0600/ 760775 013012 6113/ 11119 49985 52019 22219
 00120 444 20130 22091 0600/ 50101 80108 80002 9/015=
####018000149####
SSVX13 KARS 220610
ZZYY 13587 22091 0500/ 709997 048082 6112/
11119 40096 57021
22219 00290
444 20120 22091 0435/ 50101 80127 80002 9/015=
####018008371####
SSVX02 KARS 220610
ZZYY 32520 22091 0605/ 519115 076651 6111/
22219 00167
444 20110 22091 0226/ 50101 80118 80145 9/015=
ZZYY 32704 22091 0605/ 522299 083540 6112/
22219 00169
444 20120 22091 0355/ 50101 80114 80077 9/015=
ZZYY 17676 22091 0400/ 522783 036744 6113/
11119 30184 40184 57012
22219 00220
444 20130 22091 0308/ 50101 80110 80006 9/015=
ZZYY 17676 22091 0600/ 522783 036744 6113/
11119 30180 40180 57011
22219 00219
444 20130 22091 0308/ 50101 80110 80002 9/015=
ZZYY 15637 22091 0603/ 709685 058571 6112/
22219 00296
444 20120 22091 0435/ 50101 80126 80002 9/015=
ZZYY 31759 22091 0605/ 524318 043664 6112/
22219 00220
444 20120 22091 0309/ 50101 80116 80002 9/015=
ZZYY 15950 22091 0510/ 532044 035941 6112/
11119 30130 40130 57002
22219 00169
444 20120 22091 0454/ 50101 80050 80005 9/015=
ZZYY 15941 22091 0605/ 516675 032479 6113/
22219 00241
444 20130 22091 0308/ 50101 80128 80001 9/015=
ZZYY 55592 22091 0500/ 525910 080474 6111/
444 20110 22091 0356/ 50101 80010 80000 9////=
ZZYY 15631 22091 0605/ 527948 040812 6113/
22219 00198
444 20130 22091 0444/ 50101 80102 80020 9/015=
ZZYY 31911 22091 0606/ 527456 045064 6112/
22219 00191
444 20120 22091 0443/ 50101 80047 80000 9/015=
ZZYY 31542 22091 0604/ 532075 041306 6113/
22219 00166
444 20130 22091 0454/ 50101 80057 80015 9/015=
ZZYY 31785 22091 0603/ 706049 050791 6112/
22219 00293
444 20120 22091 0436/ 50101 80122 80011 9/015=
ZZYY 15615 22091 0604/ 531550 038438 6113/
22219 00167
444 20130 22091 0454/ 50101 80050 80096 9/015=
ZZYY 15940 22091 0604/ 523776 036323 6113/
22219 00219
444 20130 22091 0309/ 50101 80119 80004 9/015=
ZZYY 31990 22091 0605/ 523269 039627 6111/
22219 00233
444 20110 22091 0453/ 50101 80098 80002 9/015=
ZZYY 46762 22091 0553/ 720333 136251 6112/
22219 00232
444 20120 22091 0435/ 50101 80000 80029 9/015=
ZZYY 22927 22091 0555/ 741492 152239 6112/
444 20120 22091 0450/ 50101 80009 80099 9////=
ZZYY 32615 22091 0556/ 708918 143732 6112/
22219 00274
444 20120 22091 0439/ 50101 80005 80019 9/015=
ZZYY 46768 22091 0553/ 718029 139792 6111/
22219 00244
444 20110 22091 0446/ 50101 80072 80029 9/015=
ZZYY 51788 22091 0556/ 709364 149736 6111/
22219 00275
444 20110 22091 0440/ 50101 80088 80000 9/015=
ZZYY 51958 22091 0556/ 706936 113753 6111/
22219 00273
444 20110 22091 0436/ 50101 80079 80014 9/015=
ZZYY 46903 22091 0556/ 730524 134516 6111/
22219 00216
444 20110 22091 0448/ 50101 80138 80000 9/015=
ZZYY 51754 22091 0556/ 704682 134649 6112/
22219 00274
444 20120 22091 0440/ 50101 80110 80040 9/015=
ZZYY 46766 22091 0555/ 723276 152351 6111/
22219 00253
444 20110 22091 0447/ 50101 80082 80021 9/015=
ZZYY 46516 22091 0556/ 735427 140007 6111/
22219 00231
444 20110 22091 0449/ 50101 80094 80074 9////=
ZZYY 46904 22091 0555/ 719347 140168 6111/
22219 00245
444 20110 22091 0448/ 50101 80072 80076 9/015=
ZZYY 22635 22091 0556/ 722013 139791 6111/
444 20110 22091 0447/ 50101 80009 80048 9/015=
ZZYY 52667 22091 0556/ 741624 154611 6112/
444 20120 22091 0449/ 50101 9////=
ZZYY 32551 22091 0510/ 704340 119299 6112/
11119 30128 40128 52024
444 20120 22091 0436/ 50101 80077 80000 9/015=
ZZYY 32674 22091 0557/ 703097 136770 6112/
22219 00267
444 20120 22091 0438/ 50101 80120 80099 9/015=
ZZYY 46924 22091 0556/ 724325 127497 6111/
22219 00218
444 20110 22091 0446/ 50101 80100 80132 9/015=
ZZYY 46923 22091 0556/ 710629 129307 6112/
22219 00276
444 20120 22091 0438/ 50101 80106 80014 9/015=
ZZYY 22616 22091 0556/ 732180 154436 6113/
22219 00258
444 20130 22091 0449/ 50101 80045 80000 9/015=
ZZYY 46539 22091 0500/ 736377 155818 6112/
11119 30094 40094 57009
22219 00243
444 20120 22091 0449/ 50101 8//// 80100 9////=
ZZYY 51967 22091 0556/ 706218 134029 6111/
22219 00272
444 20110 22091 0438/ 50101 80120 80037 9/015=
ZZYY 51518 22091 0555/ 501346 121655 6111/
22219 00234
444 20110 22091 0435/ 50101 80120 80027 9/015=
ZZYY 51679 22091 0556/ 704825 133860 6112/
22219 00268
444 20120 22091 0437/ 50101 80120 80034 9/015=
ZZYY 46607 22091 0520/ 728297 146773 6112/
11119 30201 40201
22219 00248
444 20120 22091 0448/ 50101 80100 80000 9/015=
ZZYY 46535 22091 0540/ 739165 141032 6111/
11119 30136 40136 54000
22219 00216
444 20110 22091 0450/ 50101 80123 80002 9/015=
ZZYY 32910 22091 0557/ 705955 134182 6111/
22219 00266
444 20110 22091 0438/ 50101 80122 80005 9/015=
ZZYY 46769 22091 0556/ 721404 123393 6111/
22219 00241
444 20110 22091 0447/ 50101 80116 80110 9/015=
ZZYY 43556 22091 0557/ 720188 129050 6111/
22219 00227
444 20110 22091 0554/ 50101 80078 80022 9/015=
ZZYY 43555 22091 0557/ 717824 129738 6111/
22219 00253
444 20110 22091 0554/ 50101 80088 80017 9/015=
ZZYY 46927 22091 0556/ 733091 145696 6113/
22219 00242
444 20130 22091 0449/ 50101 80138 80002 9/015=
ZZYY 46616 22091 0556/ 721914 119211 6113/
22219 00235
444 20130 22091 0554/ 50101 80114 80088 9/015=
ZZYY 51975 22091 0556/ 710001 123233 6112/
22219 00276
444 20120 22091 0437/ 50101 80093 80011 9/015=
ZZYY 46540 22091 0540/ 742443 144571 6111/
11119 30041 40041 57038
22219 00184
444 20110 22091 0448/ 50101 80123 80010 9/015=
ZZYY 46559 22091 0557/ 712762 122461 6112/
22219 00282
444 20120 22091 0554/ 50101 80110 80014 9/015=
ZZYY 43557 22091 0557/ 722391 120063 6113/
22219 00232
444 20130 22091 0554/ 50101 80088 80013 9/015=
ZZYY 46583 22091 0557/ 716929 130680 6111/
22219 00255
444 20110 22091 0446/ 50101 80098 80024 9/015=
ZZYY 43558 22091 0556/ 722674 124668 6112/
444 20120 22091 0447/ 50101 80086 80255 9/015=
ZZYY 43532 22091 0552/ 718806 141650 6111/
444 20110 22091 0447/ 50101 80074 80023 9/015=
ZZYY 51770 22091 0556/ 710463 143542 6112/
22219 00273
444 20120 22091 0445/ 50101 80119 80037 9/015=
ZZYY 43553 22091 0556/ 721048 127829 6113/
22219 00228
444 20130 22091 0434/ 50101 80088 80046 9/015=
ZZYY 46905 22091 0554/ 710084 152979 6111/
22219 00276
444 20110 22091 0440/ 50101 80084 80023 9/015=
ZZYY 51882 22091 0555/ 711507 112484 6111/
22219 00285
444 20110 22091 0438/ 50101 80110 80001 9/015=
ZZYY 52801 22091 0510/ 728502 154617 6113/
11119 30194 40194 52006
22219 00263
444 20130 22091 0448/ 50101 80009 80000 9////=
ZZYY 46906 22091 0555/ 712498 149612 6111/
22219 00270
444 20110 22091 0446/ 50101 80076 80028 9/015=
ZZYY 43540 22091 0556/ 715423 133217 6111/
22219 00261
444 20110 22091 0434/ 50101 80096 80015 9/015=
ZZYY 51623 22091 0556/ 710052 122058 6112/
22219 00278
444 20120 22091 0437/ 50101 80113 80005 9/015=
ZZYY 43554 22091 0555/ 728570 126420 6112/
22219 00203
444 20120 22091 0448/ 50101 80090 80030 9/015=
ZZYY 21997 22091 0510/ 742649 159576 6113/
11119 30038 40038 52039
22219 00161
444 20130 22091 0450/ 50101 80110 80029 9/015=
ZZYY 43543 22091 0556/ 720587 120941 6113/
22219 00242
444 20130 22091 0446/ 50101 80054 80020 9/015=
ZZYY 51759 22091 0554/ 700706 121868 6111/
22219 00229
444 20110 22091 0437/ 50101 80110 80062 9/015=
ZZYY 43551 22091 0556/ 723082 121165 6112/
22219 00221
444 20120 22091 0447/ 50101 80090 80016 9/015=
ZZYY 51904 22091 0556/ 709410 111446 6113/
22219 00275
444 20130 22091 0413/ 50101 80078 80001 9/015=
ZZYY 22576 22091 0557/ 732669 140235 6112/
22219 00240
444 20120 22091 0449/ 50101 80010 80000 9/015=
ZZYY 46926 22091 0556/ 724953 142995 6112/
22219 00241
444 20120 22091 0447/ 50101 80138 80001 9/015=
ZZYY 46917 22091 0530/ 737834 144387 6113/
11119 30119 40119 57006
22219 00224
444 20130 22091 0449/ 50101 80050 80063 9/015=
ZZYY 14945 22091 0557/ 739455 158794 6112/
444 20120 22091 0449/ 50101 9/015=
ZZYY 51670 22091 0555/ 710210 106503 6111/
444 20110 22091 0413/ 50101 80111 80005 9/015=
ZZYY 43552 22091 0555/ 728417 123279 6112/
444 20120 22091 0448/ 50101 80088 80019 9/015=
ZZYY 51647 22091 0557/ 710602 151062 6112/
22219 00273
444 20120 22091 0445/ 50101 80109 80005 9/015=
ZZYY 51739 22091 0556/ 714591 153754 6111/
22219 00268
444 20110 22091 0445/ 50101 80109 80009 9/015=
ZZYY 21998 22091 0530/ 744264 145448 6111/
11119 30025 40025 57039
22219 00157
444 20110 22091 0450/ 50101 80100 80000 9/015=
####018002573####
SSVX08 KARS 220610
ZZYY 51006 21091 12004 709008 140233 6112/
11119 00416 10251 29092
22219 00277
33311 88872 20000 32768 20001 32773 43393 20020 32784 20040 32699
20060 32246 20080 31586 20100 31269 20120 31226 20140 31164
20180 31099 20300 31000 20500 30822
444 20120 21091 1137/ 521// 60401=
ZZYY 51006 22091 05004 709008 140234 6112/
11119 02212 10248 29100
22219 00277
444 20120 22091 0439/ 521// 60401=
ZZYY 51307 21091 1200/ 708024 125004 6111/
33311 88872 20001 32765 43385 20020 32736 20040 32746 20060 32502
20080 31619 20100 31337 20120 31255 20140 31204 20180 31128
20300 31010 20500 30820
444 20110 21091 1138/ 521//=
ZZYY 51307 22091 0500/ 708018 125001 6112/
11119 10258 29091
22219 00277
444 20120 22091 0438/ 521//=
ZZYY 51011 21091 1200/ 500157 124390 6112/
33311 88872 20001 32275 43481 20020 32196 20040 31910 20060 31739
20080 31602 20100 31533 20120 31468 20140 31445 20180 31346
20300 31177 20500 30843
444 20120 21091 1115/ 521//=
ZZYY 51011 22091 05004 500152 124383 6111/
11119 01512 10231 29091
22219 00230
444 20110 22091 0242/ 521// 60401=
ZZYY 51017 21091 1200/ 502015 124902 6112/
33311 88872 20001 32336 43475 20020 32312 20040 32282 20080 31976
20100 31469 20120 31364 20140 31327 20180 31287 20300 31188
20500 30826
444 20120 21091 1115/ 521//=
ZZYY 51017 22091 05004 502016 124898 6111/
11119 01207 10238 29070
22219 00236
444 20110 22091 0434/ 521// 60401=
ZZYY 51015 21091 1200/ 705088 124944 6111/
33311 88872 20001 32688 43480 20020 32685 20040 32684 20060 32679
20080 32586 20100 32476 20120 32240 20140 31721 20180 31173
20300 30963 20500 30799
444 20110 21091 1113/ 521//=
ZZYY 51015 22091 05004 705092 124941 6112/
11119 01816 10261 29080
22219 00269
444 20120 22091 0437/ 521// 60401=
ZZYY 48400 21091 12004 750128 144800 6112/
11119 02725 10111 29078
22219 00125
33311 88872 20000 31246 20001 31249 43784
444 20120 21091 1126/ 521// 60401=
ZZYY 48400 22091 05004 750121 144798 6111/
11119 02317 10114 29077
22219 00124
444 20110 22091 0423/ 521// 60401=
ZZYY 51016 21091 1200/ 701950 125053 6112/
33311 88870 20001 32681 20020 32683 20040 32633 20060 32291
20080 31936 20100 31554 20120 31460 20140 31369 20300 31175
20500 30881
444 20120 21091 1114/ 521//=
ZZYY 51301 21091 12004 707986 154984 6113/
11119 00409 10273 29081
22219 00285
33311 88870 20000 32845 20001 32853 20050 32834 20100 32156
20125 31663 20150 31312 20200 31119 20300 31009 20500 30828
444 20130 21091 1138/ 521// 60401=
####018000146####
SSVX13 LFPW 220600
ZZYY 64615 22091 0600/ 747555 047519 6113/ 11119 40140 52005 22219
 00097 444 20130 22091 0600/ 50101 80136 80024 9/015=
####018000149####
SSVX03 LFVW 220610
ZZYY 31051 22091 04001 525280 044927 6113/
11119 00000 10197 20149 40175
22219 00208
444 20130 22091 0443/ 518// 60371=
####018000329####
SSVX13 LFVW 220610
ZZYY 15954 22091 0600/ 500507 045553 6112/
11119 40110
22219 00273
33311 88872 20000 32733 43561
444 20120 22091 0557/ 50101 80120 80003 9/015=
ZZYY 15954 22091 0500/ 500507 045553 6112/
11119 40113
22219 00273
33311 88872 20000 32732 43561
444 20120 22091 0557/ 50101 80120 80003 9/015=
####018000146####
SSVX13 LFPW 220600
ZZYY 33703 22091 0600/ 337800 045176 6113/ 11119 40289 52016 22219
 00166 444 20130 22091 0600/ 50101 80126 80000 9/015=
####018000134####
SSVX13 LFPW 220600
ZZYY 31864 22091 0600/ 538186 022786 6113/ 11119 40188 57023 444
 20130 22091 0600/ 50101 80126 80002 9/015=
####018002001####
SSVX08 KARS 220612
ZZYY 13002 21091 1200/ 720460 023120 6111/
33311 88872 20001 32497 43644 20020 32494 43644 20040 31995 43539
20060 31761 43572 20080 31715 20100 31663 20120 31617 20140 31582
20180 31537 20300 31407 20500 31195
444 20110 21091 1155/ 521//=
ZZYY 41139 21091 12004 720010 037843 6111/
11119 00618 10262 29081 40191
22219 00265
33311 88872 20000 32652 20001 32655 20020 32653 43708
20060 32555 43728 20100 32340 20120 32285 20140 32223 20180 32036
20300 31579 20500 31194
444 20110 21091 1155/ 521// 60401=
ZZYY 41139 22091 05004 720020 037863 6112/
11119 00714 10259 29081 40169
22219 00265
444 20120 22091 0436/ 521// 60401=
ZZYY 31001 21091 1200/ 700011 035008 6112/
33311 88872 20001 32663 43591 20020 32661 43591 20040 32655 43595
20060 32633 20080 32563 20100 32355 20120 32117 43623 20140 31894
20180 31462 20300 31140 20500 30729
444 20120 21091 1053/ 521//=
ZZYY 31002 21091 1200/ 704144 037954 6112/
33311 88872 20001 32826 43567 20020 32824 43578 20040 32823 43578
20060 32821 20080 32756 20100 32712 20120 32363 43634 20140 31857
20180 31250 20300 31019 20500 30761
444 20120 21091 1051/ 521//=
ZZYY 31002 22091 05004 704149 037951 6113/
11119 01513 10271 29081
22219 00282
444 20130 22091 0439/ 521// 60401=
ZZYY 13009 21091 1200/ 707944 038027 6111/
33311 88872 20001 32883 43440 20020 32887 43467 20060 32548
20080 32290 20100 31837 20120 31536 43564 20140 31373 20180 31169
20300 30994 20500 30794
444 20110 21091 1201/ 521//=
ZZYY 13009 22091 05004 707938 038008 6113/
11119 01906 10281 29077
22219 00289
444 20130 22091 0439/ 521// 60401=
ZZYY 13008 21091 1200/ 714985 038019 6111/
33311 88872 20001 32728 43668 20020 32730 43667 20040 32728 43668
20060 32537 43686 20080 32357 20100 32197 20120 31999 20140 31851
20180 31636 20300 31288 20500 30954=
ZZYY 13008 22091 05004 714977 038018 6112/
11119 00813 10268 29078 40135
22219 00272
444 20120 22091 0438/ 521// 60401=
####018004735####
SSVX02 KARS 220612
ZZYY 42538 22091 0555/ 733477 053886 6113/
22219 00285
444 20130 22091 0542/ 50101 80100 80001 9////=
ZZYY 13624 22091 0556/ 711924 029888 6111/
22219 00282
444 20110 22091 0542/ 50101 80132 80001 9/015=
ZZYY 41561 22091 0530/ 727061 056056 6113/
11119 30225 40225 57012
22219 00280
444 20130 22091 0548/ 50101 80110 80011 9/015=
ZZYY 15637 22091 0600/ 709725 058579 6113/
22219 00296
444 20130 22091 0549/ 50101 80126 80001 9/015=
ZZYY 44880 22091 0550/ 726033 036017 6113/
11119 30197 40197 57015
22219 00263
444 20130 22091 0545/ 50101 80110 80004 9/015=
ZZYY 15641 22091 0600/ 501931 031762 6113/
22219 00263
444 20130 22091 0258/ 50101 80124 80180 9/015=
ZZYY 32702 22091 0604/ 515844 081668 6112/
22219 00169
444 20120 22091 0357/ 50101 80114 80011 9/015=
ZZYY 41609 22091 0557/ 732007 066702 6113/
22219 00275
444 20130 22091 0544/ 50101 80144 80002 9/015=
ZZYY 41578 22091 0557/ 729815 058769 6113/
22219 00282
444 20130 22091 0548/ 50101 80144 80011 9/015=
ZZYY 13599 22091 0558/ 721878 066730 6112/
22219 00285
444 20120 22091 0548/ 50101 80109 80008 9/015=
ZZYY 13934 22091 0556/ 721798 028508 6112/
22219 00257
444 20120 22091 0548/ 50101 80124 80180 9/015=
ZZYY 41921 22091 0510/ 720206 056661 6113/
22219 00280
444 20130 22091 0434/ 50101 80120 80052 9/015=
ZZYY 13928 22091 0558/ 723560 034675 6113/
22219 00262
444 20130 22091 0545/ 50101 80124 80180 9/015=
ZZYY 41941 22091 0350/ 729474 071078 6112/
11119 30215 40215 57005
22219 00284
444 20120 22091 0228/ 50101 80120 80071 9/015=
ZZYY 41941 22091 0250/ 729474 071078 6112/
11119 30221 40221 52005
22219 00284
444 20120 22091 0228/ 50101 80120 80066 9/015=
ZZYY 41942 22091 0550/ 737260 046466 6112/
11119 30260 40260 57004
22219 00242
444 20120 22091 0541/ 50101 80120 80009 9/015=
ZZYY 15646 22091 0556/ 501916 031778 6112/
22219 00263
444 20120 22091 0258/ 50101 8//// 80180 9/015=
ZZYY 13943 22091 0556/ 708054 029921 6112/
22219 00281
444 20120 22091 0437/ 50101 80085 80255 9/015=
ZZYY 13616 22091 0556/ 720773 063359 6111/
22219 00284
444 20110 22091 0548/ 50101 80052 80099 9/015=
ZZYY 41956 22091 0556/ 730664 064178 6113/
22219 00280
444 20130 22091 0545/ 50101 8//// 80000 9/015=
ZZYY 13636 22091 0557/ 723631 063559 6112/
22219 00284
444 20120 22091 0549/ 50101 80105 80008 9/015=
ZZYY 13623 22091 0600/ 722692 048977 6111/
22219 00279
444 20110 22091 0544/ 50101 80049 80099 9/015=
ZZYY 41686 22091 0600/ 719392 067966 6111/
22219 00288
444 20110 22091 0549/ 50101 80110 80000 9/015=
ZZYY 41611 22091 0556/ 727227 073208 6112/
22219 00289
444 20120 22091 0228/ 50101 80140 80006 9/015=
ZZYY 44553 22091 0551/ 729720 059889 6113/
22219 00281
444 20130 22091 0545/ 50101 80095 80010 9/015=
ZZYY 13590 22091 0556/ 725745 031385 6113/
22219 00259
444 20130 22091 0545/ 50101 80130 80100 9/015=
ZZYY 31902 22091 0600/ 504260 035807 6111/
22219 00263
444 20110 22091 0557/ 50101 80122 80015 9/015=
ZZYY 41610 22091 0555/ 731653 056633 6113/
22219 00287
444 20130 22091 0543/ 50101 80094 80001 9/015=
ZZYY 15605 22091 0602/ 503464 035354 6111/
22219 00264
444 50101 80088 80010 9/015=
ZZYY 31993 22091 0601/ 505891 032067 6112/
22219 00265
444 50101 80122 80012 9/015=
ZZYY 31901 22091 0601/ 501749 044651 6113/
22219 00269
444 50101 80116 80000 9/015=
ZZYY 44905 22091 0520/ 736362 058195 6113/
11119 30265 40265 57001
22219 00269
444 20130 22091 0542/ 50101 8//// 80000 9/015=
ZZYY 31925 22091 0559/ 502877 041661 6111/
22219 00272
444 20110 22091 0044/ 50101 80118 80001 9/015=
ZZYY 41999 22091 0557/ 731030 060528 6112/
22219 00283
444 20120 22091 0544/ 50101 80110 80064 9/015=
ZZYY 44883 22091 0557/ 728769 037603 6111/
22219 00269
444 20110 22091 0543/ 50101 80058 80013 9/015=
ZZYY 44881 22091 0551/ 736330 033132 6113/
444 20130 22091 0541/ 50101 80074 80001 9/015=
ZZYY 17676 22091 0500/ 522787 036732 6112/
11119 30179 40179 57016
22219 00219
444 20120 22091 0603/ 50101 80110 80000 9/015=
ZZYY 41980 22091 0500/ 717350 048460 6112/
11119 30143 40143 57018
22219 00276
444 20120 22091 0431/ 50101 80120 80034 9/015=
ZZYY 41978 22091 0510/ 710258 046359 6111/
11119 30092 40092 57016
444 20110 22091 0435/ 50101 80120 80032 9/015=
ZZYY 42518 22091 0556/ 728757 039111 6112/
22219 00274
444 20120 22091 0545/ 50101 80118 80001 9/015=
ZZYY 31711 22091 0603/ 507070 034282 6112/
22219 00259
444 20120 22091 0441/ 50101 80122 80016 9/015=
ZZYY 41616 22091 0510/ 712820 048975 6112/
11119 30105 40105 57021
22219 00285
444 20120 22091 0435/ 50101 80120 80035 9/015=
