####018000146####
SSVX13 LFPW 212300
ZZYY 14535 21091 2300/ 314884 056918 6113/ 11119 40175 57017 22219
 00253 444 20130 21091 2300/ 50101 80104 80013 9/015=
####018000146####
SSVX13 LFPW 212300
ZZYY 16546 21091 2300/ 345232 106176 6113/ 11119 40051 52018 22219
 00104 444 20130 21091 2300/ 50101 80136 80010 9/015=
####018000146####
SSVX13 LFPW 212300
ZZYY 16539 21091 2300/ 345733 119377 6113/ 11119 49945 52019 22219
 00100 444 20130 21091 2300/ 50101 80134 80010 9/015=
####018000146####
SSVX13 LFPW 212300
ZZYY 23583 21091 2300/ 318776 069126 6113/ 11119 40200 57013 22219
 00234 444 20130 21091 2300/ 50101 80120 80005 9/015=
####018000146####
SSVX13 LFPW 212300
ZZYY 16544 21091 2300/ 348176 107224 6113/ 11119 49989 57032 22219
 00062 444 20130 21091 2300/ 50101 80130 80013 9/015=
####018000146####
SSVX13 LFPW 212300
ZZYY 16537 21091 2300/ 339968 101282 6113/ 11119 40152 52022 22219
 00120 444 20130 21091 2300/ 50101 80134 80008 9/015=
####018000146####
SSVX13 LFPW 212300
ZZYY 23584 21091 2300/ 306182 077851 6113/ 11119 40117 57006 22219
 00286 444 20130 21091 2300/ 50101 80106 80003 9/015=
####018000146####
SSVX13 LFPW 212300
ZZYY 16540 21091 2300/ 348269 113723 6113/ 11119 40097 52003 22219
 00070 444 20130 21091 2300/ 50101 80134 80003 9/015=
####018000146####
SSVX13 LFPW 212300
ZZYY 16542 21091 2300/ 344351 105976 6113/ 11119 40064 52017 22219
 00105 444 20130 21091 2300/ 50101 80136 80008 9/015=
####018000146####
SSVX13 LFPW 212300
ZZYY 48602 21091 2300/ 785040 129197 6113/ 11119 40045 52019 22219
 01050 444 20130 21091 2300/ 50101 80146 80000 9/015=
####018000146####
SSVX13 LFPW 212300
ZZYY 25617 21091 2300/ 182573 111675 6113/ 11119 40145 52020 22219
 01050 444 20130 21091 2300/ 50101 80152 80002 9/015=
####018000146####
SSVX13 LFPW 212300
ZZYY 16541 21091 2300/ 340376 105486 6113/ 11119 49992 52004 22219
 00112 444 20130 21091 2300/ 50101 80132 80005 9/015=
####018000146####
SSVX13 LFPW 212300
ZZYY 16543 21091 2300/ 337834 094594 6113/ 11119 40210 52009 22219
 00123 444 20130 21091 2300/ 50101 80132 80006 9/015=
####018000146####
SSVX13 LFPW 212300
ZZYY 16545 21091 2300/ 349330 089555 6113/ 11119 49978 57030 22219
 00066 444 20130 21091 2300/ 50101 80136 80005 9/015=
####018000143####
SSVX02 CWAO 212300
ZZYY 56513 21091 2300/ 312468 070411 6113/ 11121 40117 57002 22219 00256 444 20130 21091 2300/ 50501 80108 80002 9////=
####018000138####
SSVX02 CWAO 212300
ZZYY 56503 21091 2300/ 314708 095734 6113/ 11119 40164 52005 22219 00260 444 20130 21091 2300/ 50400 80108 80006 =
####018000143####
SSVX02 CWAO 212300
ZZYY 56515 21091 2300/ 331593 089276 6113/ 11119 40281 57009 22219 00168 444 20130 21091 2300/ 50501 80138 80016 9/010=
####018000143####
SSVX02 CWAO 212300
ZZYY 56514 21091 2300/ 332392 114352 6113/ 11119 40218 52019 22221 00171 444 20130 21091 2300/ 50501 80138 80021 9/010=
####018000143####
SSVX02 CWAO 212300
ZZYY 23566 21091 2300/ 100149 074275 6113/ 11119 40104 57010 22219 00293 444 20130 21091 2300/ 50501 80132 80003 9/010=
####018000146####
SSVX02 CWAO 212300
ZZYY 56515 21091 2300/ 331593 089276 6113/ 11119 40281 57009 22219 00168 444 20130 21091 2300/ 50501 80138 80016 9/010=

####018000146####
SSVX02 CWAO 212300
ZZYY 56514 21091 2300/ 332392 114352 6113/ 11119 40218 52019 22221 00171 444 20130 21091 2300/ 50501 80138 80021 9/010=

####018000146####
SSVX02 CWAO 212300
ZZYY 56513 21091 2300/ 312468 070411 6113/ 11121 40117 57002 22219 00256 444 20130 21091 2300/ 50501 80108 80002 9////=

####018000141####
SSVX02 CWAO 212300
ZZYY 56503 21091 2300/ 314708 095734 6113/ 11119 40164 52005 22219 00260 444 20130 21091 2300/ 50400 80108 80006 =

####018000146####
SSVX02 CWAO 212300
ZZYY 23566 21091 2300/ 100149 074275 6113/ 11119 40104 57010 22219 00293 444 20130 21091 2300/ 50501 80132 80003 9/010=

####018001891####
SSVX08 KARS 212314
ZZYY 52003 20091 1200/ 105099 165036 6111/
33311 88872 20001 32950 43392 20025 32943 20050 32942 20075 32953
20100 32855 20125 32512 20150 31970 20200 31155 20250 30998
20300 30940 20500 30782
444 20110 20091 1335/ 521//=
ZZYY 52003 21091 22004 105096 165028 6112/
11119 01009 10286 29078
22219 00294
444 20120 21091 2211/ 521// 60401=
ZZYY 52004 20091 1200/ 305005 165155 6111/
33311 88872 20001 32911 43554 20025 32909 20075 32907 20100 32907
20125 32880 20200 32048
444 20110 20091 1023/ 521//=
ZZYY 52004 21091 22004 305006 165165 6111/
11119 00814 10290 29075
22219 00292
444 20110 21091 2213/ 521// 60401=
ZZYY 52001 20091 1200/ 102016 164997 6112/
33311 88872 20001 32957 43474 20025 32950 20050 32946 20075 32910
20100 32726 20125 32585 20150 32452 20200 31333 20250 31098
20300 31074 20500 30784
444 20120 20091 1026/ 521//=
ZZYY 52001 21091 22004 102026 165003 6112/
11119 01008 10276 29078
22219 00294
444 20120 21091 2209/ 521// 60401=
ZZYY 52007 20091 1200/ 308040 164788 6112/
33311 88872 20001 32913 43535 20025 32905 20050 32903
444 20120 20091 1022/ 521//=
ZZYY 52007 21091 22004 308026 164772 6111/
11119 00910 10290 29073
22219 00291
444 20110 21091 2215/ 521// 60401=
ZZYY 52002 20091 1200/ 302000 164967 6111/
22219 00290
33311 88872 20000 32899 43552 20500 30794
444 20110 20091 1024/ 521//=
ZZYY 52002 21091 22004 302006 164985 6112/
11119 01114 10290 29073
22219 00290
444 20120 21091 2212/ 521// 60001=
ZZYY 52321 20091 1200/ 100004 164966 6112/
33311 88872 20001 32905 20025 32895 43520 20050 32886 43525
20075 32871 43530 20100 32825 20125 32555 20150 32338 20200 31725
20250 31322 20500 30779
444 20120 20091 1336/ 521//=
ZZYY 52321 21091 22004 100004 164968 6112/
11119 00914 10282 29081 40117
22219 00287
444 20120 21091 2212/ 521// 60401=
####018000155####
SSVX13 KARS 212314
ZZYY 21574 21091 2150/ 142092 171205 6113/
11119 30220 40220 52005
22219 00187
444 20130 21091 2046/ 50101 80120 80100 9/015=
####018000201####
SSVX07 KARS 212314
ZZYY 48536 21091 2150/ 173165 153918 6111/
11119 11010 40065
444 20110 21091 2152/=
ZZYY 48534 21091 2150/ 783366 046238 6113/
11119 11130 40169
444 20130 21091 2144/=
####018014945####
SSVX02 KARS 212314
ZZYY 51955 21091 2200/ 129832 179887 6111/
22219 00273
444 20110 21091 2025/ 50101 80148 80010 9/015=
ZZYY 51955 21091 2210/ 129833 179885 6111/
22219 00273
444 20110 21091 2158/ 50101 80148 80010 9/015=
ZZYY 51973 21091 2159/ 733751 163897 6112/
22219 00254
444 20120 21091 2255/ 50101 80117 80035 9/015=
ZZYY 51973 21091 2206/ 733746 163900 6112/
22219 00254
444 20120 21091 2157/ 50101 80117 80035 9/015=
ZZYY 46925 21091 2110/ 147432 166357 6113/
11119 30177 40177 52011
444 20130 21091 2031/ 50101 80077 80005 9/015=
ZZYY 21905 21091 2100/ 148377 162721 6112/
11119 30179 40179 52015
22219 00128
444 20120 21091 2046/ 50101 80140 80063 9/015=
ZZYY 51853 21091 2159/ 130095 162175 6112/
22219 00278
444 20120 21091 2218/ 50101 80121 80021 9/015=
ZZYY 51853 21091 2210/ 130095 162175 6112/
22219 00278
444 20120 21091 2218/ 50101 80121 80021 9/015=
ZZYY 21906 21091 2100/ 144344 161521 6112/
11119 30186 40186 52011
22219 00182
444 20120 21091 2216/ 50101 80140 80012 9/015=
ZZYY 46919 21091 2110/ 147909 161281 6113/
11119 30191 40191 52015
444 20130 21091 2044/ 50101 80077 80010 9/015=
ZZYY 21991 21091 2110/ 144943 164422 6111/
11119 30191 40191 52007
444 20110 21091 2045/ 50101 80140 80000 9/015=
ZZYY 21902 21091 2100/ 144715 163632 6113/
22219 00169
444 20130 21091 2031/ 50101 80140 80008 9/015=
ZZYY 48673 21091 2154/ 776608 124109 6113/
444 20130 21091 2155/ 500// 9/000=
ZZYY 48673 21091 2147/ 776608 124109 6113/
444 20130 21091 2155/ 500// 9/000=
ZZYY 51974 21091 2159/ 736609 163958 6112/
22219 00238
444 20120 21091 2255/ 50101 80119 80009 9/015=
ZZYY 51974 21091 2205/ 736609 163984 6112/
22219 00238
444 20120 21091 2156/ 50101 80119 80009 9/015=
ZZYY 32619 21091 2200/ 135469 153955 6112/
22219 00274
444 20120 21091 2219/ 50101 80049 80079 9////=
ZZYY 32619 21091 2207/ 135477 153939 6112/
22219 00274
444 20120 21091 2159/ 50101 80049 80079 9////=
ZZYY 21525 21091 2159/ 140718 168186 6111/
22219 00219
444 20110 21091 2210/ 50101 80110 80063 9/015=
ZZYY 21963 21091 2100/ 148330 173486 6112/
11119 30163 40163 52021
22219 00113
444 20120 21091 2026/ 50101 80140 80014 9/015=
ZZYY 21537 21091 2200/ 141790 153678 6111/
22219 00223
444 20110 21091 2217/ 50101 80110 80035 9/015=
ZZYY 21537 21091 2206/ 141794 153670 6111/
22219 00223
444 20110 21091 2157/ 50101 80110 80035 9/015=
ZZYY 21854 21091 2100/ 138885 168198 6113/
11119 30225 40225
22219 00239
444 20130 21091 2046/ 50101 80100 80000 9/015=
ZZYY 21932 21091 2140/ 133844 178263 6111/
11119 30222 40222 52009
22219 00256
444 20110 21091 2046/ 50101 80120 80041 9/015=
ZZYY 53904 21091 2200/ 142113 171773 6111/
22219 00190
444 20110 21091 2157/ 50101 80132 80005 9/015=
ZZYY 53904 21091 2206/ 142111 171786 6112/
22219 00190
444 20120 21091 2157/ 50101 80132 80005 9/015=
ZZYY 51816 21091 2157/ 727647 170085 6111/
22219 00274
444 20110 21091 2255/ 50101 80078 80020 9/015=
ZZYY 51816 21091 2209/ 727658 170087 6112/
22219 00274
444 20120 21091 2158/ 50101 80078 80020 9/015=
ZZYY 51930 21091 2159/ 727721 176901 6111/
22219 00271
444 20110 21091 2257/ 50101 80115 80018 9/015=
ZZYY 51930 21091 2208/ 727719 176905 6113/
22219 00271
444 20130 21091 2158/ 50101 80115 80018 9/015=
ZZYY 43522 21091 2159/ 126003 177277 6112/
22219 00283
444 20120 21091 2024/ 50101 80076 80002 9/015=
ZZYY 43522 21091 2211/ 126006 177264 6111/
22219 00284
444 20110 21091 2158/ 50101 80076 80002 9/015=
ZZYY 51931 21091 2200/ 729331 161312 6113/
22219 00266
444 20130 21091 2255/ 50101 80068 80013 9/015=
ZZYY 51931 21091 2208/ 729330 161314 6112/
22219 00266
444 20120 21091 2158/ 50101 80068 80013 9/015=
ZZYY 21910 21091 2159/ 128740 173955 6113/
22219 00279
444 20130 21091 1754/ 50101 80122 80008 9/015=
ZZYY 21910 21091 2210/ 128763 173962 6111/
22219 00279
444 20110 21091 2158/ 50101 80122 80008 9/015=
ZZYY 21912 21091 2159/ 127956 176065 6111/
22219 00276
444 20110 21091 1855/ 50101 80148 80006 9/015=
ZZYY 21912 21091 2205/ 127956 176065 6111/
22219 00276
444 20110 21091 1855/ 50101 80148 80007 9/015=
ZZYY 51641 21091 2159/ 732635 172601 6112/
22219 00263
444 20120 21091 2256/ 50101 80117 80045 9/015=
ZZYY 51641 21091 2209/ 732634 172610 6113/
22219 00263
444 20130 21091 2158/ 50101 80117 80045 9/015=
ZZYY 14942 21091 2159/ 726835 165727 6113/
444 20130 21091 2254/ 50101 9/015=
ZZYY 14942 21091 2208/ 726842 165722 6113/
22219 00273
444 20130 21091 2159/ 50101 8//// 80000 9/015=
ZZYY 14946 21091 2159/ 132311 170907 6112/
22219 00272
444 20120 21091 2032/ 50101 8//// 80000 9/015=
ZZYY 14946 21091 2210/ 132313 170929 6113/
22219 00272
444 20130 21091 2158/ 50101 8//// 80000 9/015=
ZZYY 22919 21091 2159/ 131774 170456 6111/
22219 00276
444 20110 21091 2216/ 50101 80009 80000 9/015=
ZZYY 22919 21091 2209/ 131774 170456 6111/
22219 00276
444 20110 21091 2216/ 50101 80009 80000 9/015=
ZZYY 14945 21091 2200/ 739436 158947 6111/
22219 00198
444 20110 21091 2157/ 50101 8//// 80037 9/015=
ZZYY 14945 21091 2204/ 739436 158950 6112/
22219 00198
444 20120 21091 2157/ 50101 8//// 80037 9/015=
ZZYY 21951 21091 2140/ 734329 171725 6112/
11119 30177 40177 57003
22219 00248
444 20120 21091 2031/ 50101 80090 80000 9/015=
ZZYY 22536 21091 2159/ 131773 176447 6112/
22219 00269
444 20120 21091 2048/ 50101 80010 80001 9////=
ZZYY 22536 21091 2210/ 131773 176447 6112/
22219 00269
444 20120 21091 2048/ 50101 80010 80001 9////=
ZZYY 21855 21091 2200/ 141558 150482 6111/
22219 00210
444 20110 21091 1630/ 50101 80110 80069 9/015=
ZZYY 21855 21091 2206/ 141621 150540 6111/
22219 00210
444 20110 21091 2158/ 50101 80110 80069 9/015=
ZZYY 22910 21091 2159/ 740320 151659 6111/
22219 00200
444 20110 21091 2156/ 50101 80009 80047 9////=
ZZYY 22910 21091 2202/ 740319 151668 6111/
22219 00200
444 20110 21091 2156/ 50101 80009 80047 9////=
ZZYY 22927 21091 2159/ 741402 152331 6111/
22219 00175
444 20110 21091 2156/ 50101 80009 80099 9////=
ZZYY 22927 21091 2202/ 741402 152340 6112/
22219 00175
444 20120 21091 2156/ 50101 80009 80099 9////=
ZZYY 21952 21091 2200/ 135293 170235 6111/
22219 00260
444 20110 21091 2157/ 50101 80110 80081 9/015=
ZZYY 21952 21091 2208/ 135294 170232 6113/
22219 00260
444 20130 21091 2157/ 50101 80110 80081 9/015=
ZZYY 22572 21091 2159/ 137140 155329 6111/
22219 00253
444 20110 21091 2219/ 50101 80010 80083 9////=
ZZYY 22572 21091 2208/ 137141 155319 6112/
22219 00253
444 20120 21091 2158/ 50101 80010 80083 9////=
ZZYY 51628 21091 2158/ 127625 179813 6111/
22219 00274
444 20110 21091 2048/ 50101 80090 80019 9/015=
ZZYY 51628 21091 2209/ 127623 179788 6111/
22219 00274
444 20110 21091 2158/ 50101 80090 80018 9/015=
ZZYY 22578 21091 2158/ 131501 173322 6111/
22219 00272
444 20110 21091 2024/ 50101 80010 80000 9/015=
ZZYY 22578 21091 2210/ 131489 173316 6112/
22219 00273
444 20120 21091 2158/ 50101 80010 80000 9/015=
ZZYY 52667 21091 2159/ 741575 154769 6111/
22219 00171
444 20110 21091 2156/ 50101 8//// 80010 9////=
ZZYY 52667 21091 2204/ 741571 154783 6111/
22219 00171
444 20110 21091 2156/ 50101 8//// 80010 9////=
ZZYY 53910 21091 2157/ 137905 163101 6111/
22219 00262
444 20110 21091 2216/ 50101 80136 80001 9/015=
ZZYY 53910 21091 2209/ 137905 163101 6111/
22219 00263
444 20110 21091 2216/ 50101 80136 80001 9/015=
ZZYY 51848 21091 2159/ 132132 166290 6112/
22219 00274
444 20120 21091 2216/ 50101 80119 80003 9/015=
ZZYY 51848 21091 2210/ 132132 166290 6112/
22219 00274
444 20120 21091 2216/ 50101 80119 80003 9/015=
ZZYY 22626 21091 2200/ 132874 163100 6112/
22219 00272
444 20120 21091 2033/ 50101 80008 80000 9////=
ZZYY 22626 21091 2210/ 132880 163100 6113/
22219 00272
444 20130 21091 2158/ 50101 80008 80000 9////=
ZZYY 53578 21091 2159/ 140535 155348 6111/
22219 00221
444 50101 80108 80014 9/015=
ZZYY 53578 21091 2206/ 140541 155359 6112/
22219 00221
444 20120 21091 2158/ 50101 80108 80014 9/015=
ZZYY 52678 21091 2200/ 127994 161307 6113/
444 20130 21091 2219/ 50101 9////=
ZZYY 52678 21091 2210/ 127994 161307 6113/
22219 00276
444 20130 21091 2219/ 50101 8//// 80021 9////=
ZZYY 22616 21091 2159/ 732184 154465 6112/
22219 00259
444 20120 21091 2233/ 50101 80045 80000 9/015=
ZZYY 22616 21091 2204/ 732190 154468 6111/
22219 00259
444 20110 21091 2158/ 50101 80045 80000 9/015=
ZZYY 52901 21091 2159/ 132634 170020 6113/
22219 00268
444 20130 21091 2217/ 50101 80010 80017 9/015=
ZZYY 52901 21091 2207/ 132633 170008 6113/
22219 00268
444 20130 21091 2157/ 50101 80010 80017 9/015=
ZZYY 21923 21091 2159/ 139801 154658 6112/
22219 00226
444 20120 21091 2217/ 50101 80120 80043 9/015=
ZZYY 21923 21091 2206/ 139797 154653 6112/
22219 00226
444 20120 21091 2158/ 50101 80120 80043 9/015=
ZZYY 21617 21091 2156/ 133536 172553 6112/
444 20120 21091 2031/ 50101 80110 80051 9/015=
ZZYY 21617 21091 2207/ 133517 172581 6111/
22219 00260
444 20110 21091 2156/ 50101 80110 80051 9/015=
ZZYY 51855 21091 2200/ 133243 175520 6111/
22219 00259
444 20110 21091 2217/ 50101 80111 80008 9/015=
ZZYY 51855 21091 2210/ 133243 175520 6111/
22219 00260
444 20110 21091 2217/ 50101 80111 80008 9/015=
ZZYY 63584 21091 2149/ 777780 002136 6112/
22219 00043
444 20120 21091 2154/ 50101 80007 80011 9/015=
ZZYY 63584 21091 2146/ 777781 002112 6112/
22219 00043
444 20120 21091 2140/ 50101 80007 80011 9/015=
ZZYY 21521 21091 2159/ 135670 163634 6112/
22219 00256
444 20120 21091 2219/ 50101 80110 80004 9/015=
ZZYY 21521 21091 2205/ 135673 163633 6113/
22219 00256
444 20130 21091 2157/ 50101 80110 80004 9/015=
ZZYY 46618 21091 2110/ 145930 168240 6111/
11119 30190 40190 52008
22219 00134
444 20110 21091 2045/ 50101 80077 80063 9/015=
ZZYY 51744 21091 2200/ 134465 168074 6112/
22219 00266
444 20120 21091 2218/ 50101 80121 80004 9/015=
ZZYY 51744 21091 2210/ 134465 168074 6112/
22219 00266
444 20120 21091 2218/ 50101 80121 80004 9/015=
ZZYY 14940 21091 2206/ 138576 149169 6111/
22219 00248
444 20110 21091 2203/ 50101 8//// 80099 9/015=
ZZYY 21522 21091 2206/ 140782 152952 6111/
22219 00218
444 20110 21091 1755/ 50101 80110 80076 9/015=
ZZYY 21926 21091 2209/ 134163 159445 6112/
22219 00271
444 20120 21091 2218/ 50101 80110 80009 9/015=
ZZYY 21545 21091 2050/ 122668 162957 6113/
11119 30191 40191 52016
22219 00281
444 20130 21091 2206/ 50101 80120 80100 9/015=
ZZYY 51909 21091 2207/ 136626 151234 6111/
22219 00271
444 20110 21091 2158/ 50101 80046 80000 9////=
ZZYY 46909 21091 2213/ 719899 175895 6112/
444 20120 21091 2159/ 50101 80112 80000 9/015=
ZZYY 46767 21091 2210/ 715883 168498 6112/
22219 00273
444 20120 21091 2206/ 50101 80084 80028 9/015=
ZZYY 21895 21091 2205/ 136001 149044 6111/
22219 00263
444 20110 21091 2158/ 50101 80120 80033 9/015=
ZZYY 21890 21091 2206/ 136476 149893 6112/
22219 00254
444 20120 21091 1755/ 50101 80120 80118 9/015=
ZZYY 46764 21091 2211/ 720806 177256 6113/
22219 00278
444 20130 21091 2159/ 50101 80072 80015 9/015=
ZZYY 51657 21091 2211/ 506817 179075 6113/
22219 00281
444 50101 80115 80003 9/015=
ZZYY 22579 21091 2209/ 129754 154022 6112/
22219 00274
444 20120 21091 2205/ 50101 80007 80013 9/015=
ZZYY 22610 21091 2210/ 127463 152725 6112/
22219 00274
444 20120 21091 2206/ 50101 80009 80000 9////=
ZZYY 52842 21091 2208/ 131906 163927 6112/
22219 00275
444 20120 21091 2205/ 50101 80010 80017 9/015=
ZZYY 52662 21091 2214/ 102894 145841 6111/
22219 00289
444 20110 21091 2211/ 50101 80120 80029 9/015=
ZZYY 21625 21091 2204/ 135724 146883 6112/
22219 00247
444 20120 21091 1637/ 50101 80120 80054 9/015=
ZZYY 22593 21091 2203/ 739598 154271 6111/
22219 00205
444 20110 21091 2255/ 50101 80007 80099 9/015=
ZZYY 46908 21091 2211/ 124106 163935 6112/
22219 00282
444 20120 21091 2207/ 50101 80088 80031 9/015=
ZZYY 51538 21091 2213/ 319244 167923 6113/
22219 00242
444 50101 80086 80001 9/015=
ZZYY 32617 21091 2213/ 324526 169971 6112/
22219 00230
444 20120 21091 2214/ 50101 80082 80003 9/015=
ZZYY 51671 21091 2215/ 306126 173426 6112/
22219 00287
444 20120 21091 2210/ 50101 80119 80031 9/015=
ZZYY 21961 21091 2207/ 134111 150313 6112/
22219 00274
444 20120 21091 1457/ 50101 80110 80091 9/015=
ZZYY 51870 21091 2214/ 304343 173486 6113/
444 20130 21091 2210/ 50101 80111 80012 9/015=
ZZYY 53604 21091 2206/ 133296 151017 6111/
22219 00276
444 20110 21091 1926/ 50101 80132 80002 9/015=
ZZYY 32679 21091 2209/ 128251 158822 6111/
22219 00272
444 20110 21091 2206/ 50101 80102 80001 9/015=
ZZYY 53601 21091 2206/ 139524 150619 6111/
22219 00241
444 20110 21091 2203/ 50101 80130 80005 9/015=
ZZYY 52919 21091 2211/ 121723 149265 6111/
22219 00280
444 20110 21091 2207/ 50101 80119 80025 9/015=
ZZYY 52804 21091 2214/ 117105 157412 6112/
22219 00290
444 20120 21091 2208/ 50101 80115 80005 9/015=
ZZYY 51512 21091 2214/ 319744 176850 6112/
22219 00246
444 20120 21091 2212/ 50101 80115 80031 9/015=
ZZYY 52841 21091 2212/ 119434 158077 6111/
22219 00287
444 20110 21091 2206/ 50101 80146 80012 9/015=
ZZYY 52920 21091 2211/ 121141 151017 6112/
22219 00282
444 20120 21091 2207/ 50101 80121 80022 9/015=
ZZYY 52839 21091 2212/ 123788 161615 6112/
22219 00278
444 20120 21091 2206/ 50101 80144 80008 9/015=
ZZYY 21915 21091 2204/ 137416 146641 6112/
22219 00254
444 20120 20091 2224/ 50101 80110 80009 9/015=
ZZYY 52617 21091 2213/ 120778 157125 6112/
22219 00280
444 20120 21091 2207/ 50101 80123 80000 9/015=
ZZYY 52827 21091 2204/ 122018 161696 6112/
22219 00284
444 20120 21091 2205/ 50101 80144 80004 9/015=
ZZYY 46605 21091 2208/ 730662 176150 6111/
22219 00269
444 20110 21091 2158/ 50101 80142 80007 9/015=
ZZYY 21894 21091 2205/ 141026 157961 6113/
22219 00207
444 20130 21091 1925/ 50101 80110 80044 9/015=
ZZYY 51664 21091 2214/ 712947 172388 6112/
22219 00275
444 20120 21091 2207/ 50101 80109 80123 9/015=
ZZYY 51727 21091 2215/ 509472 177330 6112/
22219 00284
444 20120 21091 2211/ 50101 80107 80255 9/015=
ZZYY 51965 21091 2213/ 316671 176017 6112/
22219 00271
444 50101 80117 80006 9/015=
ZZYY 51648 21091 2214/ 304794 163721 6113/
22219 00292
444 20130 21091 2210/ 50101 80107 80009 9/015=
ZZYY 51948 21091 2214/ 502183 178794 6113/
22219 00281
444 20130 21091 2209/ 50101 80119 80009 9/015=
ZZYY 51913 21091 2214/ 515751 173334 6112/
22219 00209
444 20120 21091 2212/ 50101 80115 80014 9/015=
ZZYY 52594 21091 2208/ 130495 151525 6111/
22219 00274
444 20110 21091 2204/ 50101 80126 80002 9/015=
####018005365####
SSVX02 KARS 212314 RRA
ZZYY 51669 21091 2215/ 511816 174781 6112/
22219 00280
444 20120 21091 2212/ 50101 80103 80000 9/015=
ZZYY 51927 21091 2215/ 117345 171033 6112/
22219 00288
444 20120 21091 2207/ 50101 80088 80005 9/015=
ZZYY 51614 21091 2215/ 318883 173167 6113/
22219 00256
444 20130 21091 2212/ 50101 80046 80029 9/015=
ZZYY 51617 21091 2213/ 710076 173442 6112/
22219 00281
444 20120 21091 2208/ 50101 80045 80000 9/015=
ZZYY 51627 21091 2215/ 517818 169384 6112/
22219 00274
444 20120 21091 2213/ 50101 80113 80000 9/015=
ZZYY 52601 21091 2213/ 120163 157872 6113/
22219 00286
444 20130 21091 2207/ 50101 80115 80008 9/015=
ZZYY 51531 21091 2214/ 307274 154766 6112/
22219 00290
444 20120 21091 2212/ 50101 80115 80005 9/015=
ZZYY 51901 21091 2214/ 312844 159277 6112/
22219 00281
444 20120 21091 2212/ 50101 80115 80005 9/015=
ZZYY 51868 21091 2210/ 120486 167427 6113/
22219 00283
444 20130 21091 2206/ 50101 80103 80007 9/015=
ZZYY 51663 21091 2214/ 512165 170430 6111/
22219 00276
444 20110 21091 2212/ 50101 80111 80008 9/015=
ZZYY 43529 21091 2212/ 717049 172233 6113/
22219 00272
444 20130 21091 2206/ 50101 80084 80002 9/015=
ZZYY 43518 21091 2207/ 728840 169803 6113/
22219 00272
444 20130 21091 2159/ 50101 80074 80003 9/015=
ZZYY 51892 21091 2212/ 710125 179084 6112/
22219 00283
444 20120 21091 2207/ 50101 80109 80005 9/015=
ZZYY 53525 21091 2206/ 137027 149751 6111/
22219 00258
444 20110 21091 2227/ 50101 80136 80002 9/015=
ZZYY 52618 21091 2211/ 709439 175772 6112/
22219 00282
444 20120 21091 2208/ 50101 80117 80005 9/015=
ZZYY 32725 21091 2214/ 513082 167682 6111/
22219 00277
444 20110 21091 2029/ 50101 80121 80005 9/015=
ZZYY 51859 21091 2208/ 129108 151885 6112/
22219 00275
444 20120 21091 2204/ 50101 80510 80004 9/015=
ZZYY 21948 21091 2205/ 130432 152776 6112/
22219 00274
444 20120 21091 2203/ 50101 80110 80050 9/015=
ZZYY 51652 21091 2209/ 705050 169388 6112/
22219 00276
444 50101 80123 80020 9/015=
ZZYY 46567 21091 2207/ 720146 163476 6111/
22219 00272
444 20110 21091 2205/ 50101 80078 80030 9/015=
ZZYY 21577 21091 2204/ 137751 149938 6113/
22219 00273
444 20130 21091 1610/ 50101 80120 80082 9/015=
ZZYY 51864 21091 2205/ 133302 146698 6111/
22219 00276
444 20110 21091 2219/ 50101 80117 80025 9/015=
ZZYY 51860 21091 2214/ 116023 155994 6112/
22219 00290
444 20120 21091 2208/ 50101 80117 80006 9/015=
ZZYY 52915 21091 2212/ 122050 159900 6111/
22219 00283
444 20110 21091 2207/ 50101 80144 80009 9/015=
ZZYY 22634 21091 2208/ 128886 149175 6111/
22219 00278
444 20110 21091 2205/ 50101 80048 80000 9////=
ZZYY 51858 21091 2214/ 116520 157953 6112/
22219 00289
444 20120 21091 2208/ 50101 80119 80011 9/015=
ZZYY 52908 21091 2212/ 121138 155478 6111/
22219 00284
444 20110 21091 2206/ 50101 80144 80005 9/015=
ZZYY 52671 21091 2215/ 103861 145809 6112/
22219 00290
444 20120 21091 2212/ 50101 80120 80028 9/015=
ZZYY 32552 21091 2212/ 122936 169660 6111/
22219 00271
444 20110 21091 2219/ 50101 80049 80037 9/015=
ZZYY 51624 21091 2214/ 516190 174305 6111/
22219 00275
444 20110 21091 2212/ 50101 80087 80019 9/015=
ZZYY 32719 21091 2214/ 510527 167221 6111/
444 20110 21091 2212/ 50101 80540 80036 9/015=
ZZYY 51536 21091 2215/ 110149 166137 6113/
22219 00287
444 20130 21091 2209/ 50101 80095 80006 9/015=
ZZYY 51972 21091 2214/ 311581 167602 6111/
22219 00287
444 20110 21091 2211/ 50101 80081 80006 9/015=
ZZYY 51644 21091 2215/ 311248 154699 6113/
22219 00281
444 20130 21091 2212/ 50101 80087 80004 9/015=
ZZYY 21901 21091 2211/ 126988 159412 6112/
22219 00278
444 20120 21091 2206/ 50101 80121 80005 9/015=
ZZYY 51918 21091 2214/ 504581 170814 6112/
22219 00277
444 20120 21091 2211/ 50101 80121 80007 9/015=
ZZYY 52815 21091 2209/ 129041 162030 6113/
22219 00278
444 20130 21091 2205/ 50101 80121 80012 9/015=
ZZYY 21538 21091 2211/ 126163 163165 6113/
22219 00279
444 20130 21091 2219/ 50101 80121 80018 9/015=
ZZYY 52615 21091 2208/ 131438 151518 6111/
22219 00274
444 20110 21091 2204/ 50101 80119 80025 9/015=
ZZYY 51668 21091 2209/ 123030 147984 6111/
444 20110 21091 2218/ 50101 80121 80030 9/015=
ZZYY 51639 21091 2214/ 504903 174735 6113/
444 20130 21091 2211/ 50101 80117 80255 9/015=
ZZYY 51781 21091 2215/ 505233 169684 6111/
22219 00277
444 20110 21091 2212/ 50101 80121 80050 9/015=
ZZYY 52906 21091 2214/ 115029 163783 6112/
22219 00289
444 20120 21091 2208/ 50101 80087 80017 9/015=
ZZYY 52611 21091 2209/ 130116 166662 6113/
22219 00273
444 20130 21091 2159/ 50101 80105 80000 9/015=
ZZYY 32713 21091 2212/ 305947 174826 6113/
22219 00285
444 20130 21091 2210/ 50101 80550 80085 9/015=
ZZYY 52591 21091 2211/ 122499 148190 6112/
22219 00280
444 20120 21091 2207/ 50101 80121 80013 9/015=
ZZYY 32667 21091 2210/ 127669 158317 6112/
22219 00278
444 20120 21091 2159/ 50101 80049 80001 9////=
ZZYY 63948 21091 2146/ 175371 035619 6112/
22219 00056
444 20120 21091 2141/ 50101 80008 80009 9/015=
ZZYY 63577 21091 2146/ 175164 067644 6112/
22219 00062
444 20120 21091 2143/ 50101 80009 80006 9/015=
ZZYY 63583 21091 2146/ 172520 046818 6111/
22219 00081
444 20110 21091 2143/ 50101 80009 80010 9/015=
####018000947####
SSVX06 KARS 212314
ZZYY 47558 21091 2149/ 773761 081606 6112/
444 20120 21091 2144/ 500// 9/000=
ZZYY 47558 21091 2147/ 773761 081606 6112/
444 20120 21091 2143/ 500// 9/000=
ZZYY 48505 21091 2152/ 780207 127786 6111/
11119 40049
444 20110 21091 2149/ 500//=
ZZYY 48505 21091 2148/ 780183 127691 6113/
11119 40049
444 20130 21091 2125/ 500//=
ZZYY 48713 21091 2154/ 175317 165426 6112/
444 20120 21091 2151/ 500// 9/000=
ZZYY 48713 21091 2148/ 175318 165436 6113/
444 20130 21091 2203/ 500// 9/000=
ZZYY 47554 21091 2153/ 774328 111843 6112/
444 20120 21091 2147/ 500// 9/000=
ZZYY 47554 21091 2147/ 774347 111856 6111/
444 20110 21091 2144/ 500// 9/000=
ZZYY 47553 21091 2152/ 779335 103384 6112/
444 20120 21091 2146/ 500// 9/000=
ZZYY 47553 21091 2148/ 779340 103391 6112/
444 20120 21091 2144/ 500// 9/000=
ZZYY 48506 21091 2147/ 779539 119122 6111/
11119 40061
444 20110 21091 2200/ 500//=
####018000093####
SSVX07 LFVW 212316
ZZYY 48548 21091 2150/ 774311 127722 6112/
11119 11010 39761 49761=
####018000129####
SSVX02 LFVW 212316
ZZYY 22689 21091 2158/ 735799 177787 6111/
22219 00239
444 20110 21091 2259/ 50101 80114 80007 9/015=
####018000201####
SSVX07 KARS 212316
ZZYY 48536 21091 2310/ 173195 154004 6111/
11119 11011 40070
444 20110 21091 2306/=
ZZYY 48534 21091 2310/ 783361 046223 6111/
11119 11140 40169
444 20110 21091 2308/=
####018000447####
SSVX06 KARS 212316
ZZYY 48713 21091 2309/ 175320 165451 6113/
444 20130 21091 2243/ 500// 9/000=
ZZYY 48506 21091 2310/ 779549 119155 6112/
11119 40064
444 20120 21091 2307/ 500//=
ZZYY 47554 21091 2309/ 774338 111870 6111/
444 20110 21091 2239/ 500// 9/000=
ZZYY 48505 21091 2309/ 780182 127716 6112/
11119 40052
444 20120 21091 2240/ 500//=
ZZYY 47553 21091 2311/ 779338 103379 6111/
444 20110 21091 2307/ 500// 9/000=
####018000533####
SSVX13 KARS 212316
ZZYY 55962 21091 2200/ 337437 168547 6113/
11119 40140 52011
22219 00144
444 20130 21091 2222/ 50101 80108 80011 9/015=
ZZYY 55645 21091 2200/ 336214 170582 6112/
11119 40153 52005
22219 00148
444 20120 21091 2221/ 50101 80110 80000 9/015=
ZZYY 55644 21091 2200/ 337034 171775 6112/
11119 40125 57007
22219 00143
444 20120 21091 2111/ 50101 80112 80031 9/015=
ZZYY 55961 21091 2200/ 334341 163929 6113/
11119 40197 52013
22219 00157
444 20130 21091 2224/ 50101 80110 80016 9/015=
####018005401####
SSVX02 KARS 212316
ZZYY 33649 21091 2140/ 349452 177436 6113/
11119 40191 52009
22219 00071
444 20130 21091 2112/ 50101 80010 80000 9////=
ZZYY 51512 21091 2223/ 319744 176850 6112/
22219 00246
444 20120 21091 2212/ 50101 80115 80031 9/015=
ZZYY 51940 21091 2210/ 525386 169807 6111/
22219 00223
33311 88872 20000 32225 43546
444 20110 21091 2218/ 50101 80080 80014 9/015=
ZZYY 51727 21091 2219/ 509472 177330 6112/
22219 00284
444 20120 21091 2211/ 50101 80107 80255 9/015=
ZZYY 71627 21091 2130/ 353683 175274 6112/
22219 00072
444 20120 21091 2113/ 50101 80110 80004 9/015=
ZZYY 51965 21091 2223/ 316671 176017 6112/
22219 00270
444 20120 21091 2212/ 50101 80119 80005 9/015=
ZZYY 48673 21091 2309/ 776604 124138 6113/
444 20130 21091 2304/ 500// 9/000=
ZZYY 63948 21091 2309/ 175373 035607 6113/
22219 00056
444 20130 21091 2245/ 50101 80007 80006 9/015=
ZZYY 46568 21091 2300/ 753450 160435 6112/
11119 39914 49914 52003
22219 00104
444 20120 21091 2257/ 50101 80145 80051 9/015=
ZZYY 63577 21091 2309/ 175153 067626 6113/
22219 00062
444 20130 21091 2243/ 50101 80007 80006 9/015=
ZZYY 63583 21091 2309/ 172519 046805 6113/
22219 00081
444 20130 21091 2244/ 50101 80009 80007 9/015=
ZZYY 63584 21091 2309/ 777783 002119 6112/
22219 00043
444 20120 21091 2241/ 50101 80008 80013 9/015=
ZZYY 48652 21091 2250/ 788153 159381 6112/
11119 30070 40070 57013
22219 01052
444 20120 21091 2238/ 50101 80110 80004 9/015=
ZZYY 51648 21091 2220/ 304794 163721 6113/
22219 00292
444 20130 21091 2210/ 50101 80107 80009 9/015=
ZZYY 51802 21091 2220/ 522912 175327 6112/
22219 00233
444 20120 21091 2213/ 50101 80051 80008 9/015=
ZZYY 51948 21091 2218/ 502183 178794 6113/
22219 00281
444 20130 21091 2209/ 50101 80119 80009 9/015=
ZZYY 14547 21091 2230/ 349041 176071 6113/
11119 30199 40199 52017
22219 00072
444 20130 21091 2224/ 50101 80100 80063 9/015=
ZZYY 14547 21091 2130/ 349047 176083 6112/
11119 30206 40206 52032
22219 00072
444 20120 21091 2113/ 50101 80100 80063 9/015=
ZZYY 51913 21091 2220/ 515751 173334 6112/
22219 00209
444 20120 21091 2212/ 50101 80115 80014 9/015=
ZZYY 51669 21091 2220/ 511816 174781 6112/
22219 00280
444 20120 21091 2212/ 50101 80103 80000 9/015=
ZZYY 51614 21091 2222/ 318883 173167 6113/
22219 00256
444 20130 21091 2212/ 50101 80046 80029 9/015=
ZZYY 51627 21091 2219/ 517818 169384 6112/
22219 00274
444 20120 21091 2213/ 50101 80113 80000 9/015=
ZZYY 51531 21091 2222/ 307272 154768 6112/
22219 00290
444 20120 21091 2224/ 50101 80115 80005 9/015=
ZZYY 51901 21091 2223/ 312837 159276 6111/
22219 00281
444 20110 21091 2225/ 50101 80115 80005 9/015=
ZZYY 51655 21091 2224/ 528713 169978 6111/
22219 00186
444 20110 21091 2219/ 50101 80107 80010 9/015=
ZZYY 51663 21091 2218/ 512165 170430 6111/
22219 00276
444 20110 21091 2212/ 50101 80111 80008 9/015=
ZZYY 55614 21091 2100/ 538428 168907 6113/
11119 39935 49935 57008
22219 00137
444 20130 21091 2040/ 50101 80110 80000 9/015=
ZZYY 55614 21091 2200/ 538413 168914 6111/
11119 39929 49929 57012
22219 00137
444 20110 21091 2222/ 50101 80110 80000 9/015=
ZZYY 51657 21091 2219/ 506817 179075 6113/
22219 00282
444 20130 21091 2211/ 50101 80115 80003 9/015=
ZZYY 33695 21091 2229/ 339757 130944 6111/
22219 00126
444 20110 21091 2225/ 50101 80072 80005 9/015=
ZZYY 52662 21091 2217/ 102901 145832 6111/
22219 00290
444 20110 21091 2221/ 50101 80120 80029 9/015=
ZZYY 51624 21091 2221/ 516190 174305 6111/
22219 00276
444 20110 21091 2212/ 50101 80087 80013 9/015=
ZZYY 51972 21091 2219/ 311581 167602 6111/
22219 00287
444 20110 21091 2211/ 50101 80081 80006 9/015=
ZZYY 51538 21091 2222/ 319244 167923 6113/
22219 00242
444 20130 21091 2212/ 50101 80086 80001 9/015=
ZZYY 51918 21091 2217/ 504581 170814 6112/
22219 00277
444 20120 21091 2211/ 50101 80121 80007 9/015=
ZZYY 32617 21091 2223/ 324526 169971 6112/
22219 00230
444 20120 21091 2214/ 50101 80082 80003 9/015=
ZZYY 51639 21091 2218/ 504903 174735 6113/
444 20130 21091 2211/ 50101 80117 80255 9/015=
ZZYY 51671 21091 2220/ 306126 173426 6112/
22219 00287
444 20120 21091 2210/ 50101 80119 80031 9/015=
ZZYY 32713 21091 2221/ 305947 174826 6113/
22219 00285
444 20130 21091 2210/ 50101 80550 80085 9/015=
ZZYY 55631 21091 2210/ 332377 168740 6113/
11119 30176 40176 52011
22219 00160
444 20130 21091 2213/ 50101 80110 80014 9/015=
ZZYY 55627 21091 2210/ 335089 170626 6113/
11119 30142 40142 52012
22219 00153
444 20130 21091 2223/ 50101 80110 80016 9/015=
ZZYY 51870 21091 2220/ 304343 173486 6113/
444 20130 21091 2210/ 50101 80111 80012 9/015=
ZZYY 34512 21091 2150/ 548101 177536 6112/
11119 40219 52039
22219 00070
444 20120 21091 2224/ 50101 80010 80007 9////=
ZZYY 56551 21091 2200/ 336754 168114 6112/
11119 30168 40168 52036
22219 00151
444 20120 21091 2222/ 50101 80110 80020 9/015=
ZZYY 48659 21091 2300/ 788153 159507 6112/
11119 30073 40073 57013
22219 01098
444 20120 21091 2305/ 50101 80145 80001 9/015=
ZZYY 48656 21091 2250/ 780648 160375 6113/
22219 01022
444 20130 21091 2237/ 50101 80123 80001 9/015=
ZZYY 46916 21091 2310/ 748720 175509 6112/
11119 30054 40054 57017
22219 00104
444 20120 21091 2256/ 50101 80077 80003 9/015=
####018001899####
SSVX08 KARS 212316
ZZYY 52007 20091 1200/ 308040 164788 6112/
33311 88872 20001 32913 43535 20025 32905 20050 32903
444 20120 20091 1022/ 521//=
ZZYY 52007 21091 22004 308026 164772 6111/
11119 00910 10290 29073
22219 00291
444 20110 21091 2215/ 521// 60401=
ZZYY 52002 20091 1200/ 302000 164967 6111/
22219 00290
33311 88872 20000 32899 43552 20500 30794
444 20110 20091 1024/ 521//=
ZZYY 52003 20091 1200/ 105099 165036 6111/
33311 88872 20001 32950 43392 20025 32943 20050 32942 20075 32953
20100 32855 20125 32512 20150 31970 20200 31155 20250 30998
20300 30940 20500 30782
444 20110 20091 1335/ 521//=
ZZYY 52004 20091 1200/ 305005 165155 6111/
33311 88872 20001 32911 43554 20025 32909 20075 32907 20100 32907
20125 32880 20200 32048
444 20110 20091 1023/ 521//=
ZZYY 52004 21091 22004 305006 165165 6111/
11119 00814 10290 29075
22219 00292
444 20110 21091 2213/ 521// 60401=
ZZYY 52321 20091 1200/ 100004 164966 6112/
33311 88872 20001 32905 20025 32895 43520 20050 32886 43525
20075 32871 43530 20100 32825 20125 32555 20150 32338 20200 31725
20250 31322 20500 30779
444 20120 20091 1336/ 521//=
ZZYY 52321 21091 22004 100004 164968 6112/
11119 00914 10282 29081 40117
22219 00287
444 20120 21091 2212/ 521// 60401=
ZZYY 52001 20091 1200/ 102016 164997 6112/
33311 88872 20001 32957 43474 20025 32950 20050 32946 20075 32910
20100 32726 20125 32585 20150 32452 20200 31333 20250 31098
20300 31074 20500 30784
444 20120 20091 1026/ 521//=
ZZYY 52001 21091 22004 102026 165003 6112/
11119 01008 10276 29078
22219 00294
444 20120 21091 2209/ 521// 60401=
ZZYY 48400 20091 12004 750130 144819 6111/
11119 02224 10122 29088
22219 00127
33311 88872 20000 31266 20001 31265 43798
444 20110 20091 1139/ 521// 60401=
ZZYY 48400 21091 23004 750124 144806 6111/
11119 02520 10105 29084
22219 00124=
####018000146####
SSVX13 LFPW 212300
ZZYY 16535 21091 2300/ 347593 082075 6113/ 11119 49982 57014 22219
 00047 444 20130 21091 2300/ 50101 80138 80019 9/015=
####018000146####
SSVX13 LFPW 212300
ZZYY 16549 21091 2300/ 345355 080760 6113/ 11119 40040 57024 22219
 00050 444 20130 21091 2300/ 50101 80146 80023 9/015=
