####018000175####
SSVX13 LFVW 220448
ZZYY 15954 22091 0430/ 500506 045455 6112/
11119 40114
22219 00273
33311 88872 20000 32731 43560
444 20120 22091 0044/ 50101 80120 80003 9/015=
####018000213####
SSVX07 LFVW 220448
ZZYY 48548 22091 0430/ 774305 128054 6112/
11119 11007 39897 49897
444 20120 22091 0428/=
ZZYY 48548 22091 0440/ 774305 128065 6111/
11119 11007 39895 49895
444 20110 22091 0441/=
####018000143####
SSVX12 LFVW 220448
ZZYY 25618 22091 0440/ 181302 103710 6112/
11119 11085 49836 57016
22219 01019
444 20120 22091 0432/ 501// 80140=
####018000277####
SSVX02 LFVW 220448
ZZYY 41725 22091 0434/ 732321 054392 6113/
22219 00285
33311 88872 20000 32850 43683
444 2013/ 22091 0433/ 50101 9/015=
ZZYY 13982 22091 0437/ 723950 043805 6111/
22219 00273
33311 88872 20000 32728 43750
444 2011/ 22091 0411/ 50101 9/015=
####018004935####
SSVX02 KARS 220450
ZZYY 31784 22091 0420/ 533091 025976 6112/
11119 30213 40213 57007
22219 00168
444 20120 22091 0130/ 50101 80050 80000 9/015=
ZZYY 71690 22091 0430/ 551411 024899 6111/
22219 00021
444 20110 22091 0244/ 50101 80110 80014 9/015=
ZZYY 71679 22091 0350/ 556221 034751 6112/
11119 39910 49910 57018
22219 01003
444 20120 22091 0215/ 50101 80100 80000 9/015=
ZZYY 31753 22091 0420/ 533438 031904 6111/
11119 30125 40125 57010
22219 00154
444 20110 22091 0131/ 50101 80060 80000 9/015=
ZZYY 33672 22091 0400/ 543052 044417 6112/
11119 39996 49996
22219 00087
444 20120 22091 0210/ 50101 80110 80100 9/015=
ZZYY 33510 22091 0330/ 548980 054111 6112/
11119 30155 40155
22219 00052
444 20120 22091 0224/ 50101 80110 80100 9/015=
ZZYY 33510 22091 0430/ 548980 054111 6112/
11119 30164 40164
22219 00052
444 20120 22091 0224/ 50101 80110 80100 9/015=
ZZYY 33579 22091 0340/ 551451 013479 6112/
11119 30082 40082
22219 00016
444 20120 22091 0242/ 50101 80110 80100 9/015=
ZZYY 33509 22091 0350/ 549122 046882 6111/
11119 30068 40068
22219 00056
444 20110 22091 0136/ 50101 80110 80100 9/015=
ZZYY 33532 22091 0420/ 548478 021805 6113/
11119 30144 40144
22219 00025
444 20130 22091 0134/ 50101 80100 80100 9/015=
ZZYY 31528 22091 0433/ 532103 032115 6111/
22219 00178
444 20110 22091 0131/ 50101 80340 80001 9/015=
ZZYY 33660 22091 0340/ 546735 024542 6112/
22219 00043
444 20120 22091 0134/ 50101 80110 80100 9/015=
ZZYY 71642 22091 0320/ 545200 014036 6111/
11119 30204 40204 52001
444 20110 22091 0238/ 50101 80110 80061 9/015=
ZZYY 71673 22091 0340/ 554231 025490 6112/
11119 39939 49939
22219 00004
444 20120 22091 0246/ 50101 80110 80000 9/015=
ZZYY 71635 22091 0433/ 548347 043215 6112/
22219 00046
444 20120 22091 0208/ 50101 80116 80121 9/015=
ZZYY 33581 22091 0400/ 545744 023236 6112/
11119 30128 40128
22219 00064
444 20120 22091 0131/ 50101 80110 80100 9/015=
ZZYY 71701 22091 0432/ 551911 043410 6111/
22219 00012
444 20110 22091 0221/ 50101 80114 80097 9/015=
ZZYY 71674 22091 0400/ 544280 034698 6112/
11119 39992 49992
22219 00067
444 20120 22091 0210/ 50101 80110 80100 9/015=
ZZYY 71671 22091 0340/ 553140 038850 6112/
11119 39877 49877
22219 00004
444 20120 22091 0221/ 50101 80110 80000 9/015=
ZZYY 71696 22091 0432/ 548873 033938 6111/
22219 00038
444 20110 22091 0209/ 50101 80116 80140 9/015=
ZZYY 71576 22091 0300/ 552930 043496 6112/
11119 39970 49970 52004
22219 00007
444 20120 22091 0222/ 50101 80110 80033 9/015=
ZZYY 71675 22091 0420/ 550870 030678 6111/
11119 39923 49923
22219 00018
444 20110 22091 0209/ 50101 80110 80100 9/015=
ZZYY 71677 22091 0420/ 546952 028592 6112/
11119 30024 40024
22219 00039
444 20120 22091 0211/ 50101 80110 80100 9/015=
ZZYY 17676 22091 0200/ 522770 036746 6111/
11119 30195 40195 52001
22219 00220
444 20110 22091 0043/ 50101 80110 80006 9/015=
ZZYY 33909 22091 0300/ 543319 042814 6112/
11119 30013 40013 57027
22219 00080
444 20120 22091 0210/ 50101 80110 80061 9/015=
ZZYY 33533 22091 0400/ 549435 046820 6113/
11119 30027 40027
444 20130 22091 0210/ 50101 80110 80100 9/015=
ZZYY 33554 22091 0230/ 538163 044709 6112/
11119 30100 40100 57010
22219 00146
444 20120 22091 0211/ 50101 80110 80016 9/015=
ZZYY 33517 22091 0430/ 554578 031332 6112/
11119 39853 49853
22219 01011
444 20120 22091 0247/ 50101 80100 80100 9/015=
ZZYY 71661 22091 0410/ 546759 026937 6112/
11119 30055 40055
22219 00043
444 20120 22091 0207/ 50101 80110 80002 9/015=
ZZYY 33578 22091 0434/ 547049 051734 6113/
22219 00084
444 20130 21091 2203/ 50101 80104 80057 9/015=
ZZYY 33905 22091 0434/ 541361 050767 6112/
22219 00106
444 20120 22091 0211/ 50101 80114 80013 9/015=
ZZYY 31911 22091 0432/ 527454 045062 6112/
22219 00191
444 20120 22091 0212/ 50101 80061 80000 9/015=
ZZYY 31542 22091 0433/ 532081 041300 6111/
22219 00167
444 20110 22091 0211/ 50101 80039 80014 9/015=
ZZYY 34518 22091 0430/ 542142 046858 6112/
11119 30012 40012 57028
444 20120 22091 0210/ 50101 80110 80058 9/015=
ZZYY 34518 22091 0330/ 542142 046858 6112/
11119 30021 40021 57026
444 20120 22091 0210/ 50101 80110 80055 9/015=
ZZYY 34518 22091 0230/ 542142 046858 6112/
11119 30024 40024 57025
444 20120 22091 0210/ 50101 80110 80050 9/015=
ZZYY 15615 22091 0433/ 531574 038478 6111/
22219 00166
444 20110 22091 0045/ 50101 80050 80098 9/015=
ZZYY 34519 22091 0340/ 543879 047348 6112/
11119 30020 40020 52004
22219 00093
444 20120 22091 0210/ 50101 80110 80025 9/015=
ZZYY 34519 22091 0240/ 543879 047348 6112/
11119 30015 40015 57002
22219 00093
444 20120 22091 0210/ 50101 80110 80023 9/015=
ZZYY 17672 22091 0410/ 537771 011400 6113/
11119 30249 40249 57006
22219 00123
444 20130 22091 0130/ 50101 80110 80004 9/015=
####018000149####
SSVX13 KARS 220450
ZZYY 71653 22091 0410/ 556887 031872 6111/
11119 39928 49928
22219 01016
444 20110 22091 0247/ 50101 80110 80100 9/015=
####018000333####
SSVX07 KARS 220452
ZZYY 48536 22091 0450/ 173250 154259 6111/
11119 11006 40064
444 20110 22091 0444/=
ZZYY 48536 22091 0430/ 173258 154254 6113/
11119 11005 40064=
ZZYY 48534 22091 0450/ 783369 046204 6113/
11119 11138 40159
444 20130 22091 0430/=
ZZYY 48534 22091 0430/ 783369 046204 6113/
11119 11137 40159=
####018000937####
SSVX06 KARS 220452
ZZYY 48506 22091 0447/ 779544 119088 6112/
11119 40069
444 20120 22091 0443/ 500//=
ZZYY 48506 22091 0435/ 779553 119108 6112/
11119 40069
444 20120 22091 0429/ 500//=
ZZYY 47554 22091 0445/ 774357 112122 6112/
444 20120 22091 0427/ 500// 9/000=
ZZYY 47554 22091 0431/ 774357 112122 6112/
444 20120 22091 0427/ 500// 9/000=
ZZYY 48505 22091 0448/ 780194 127685 6113/
11119 40061
444 20130 22091 0444/ 500//=
ZZYY 48505 22091 0434/ 780193 127730 6112/
11119 40061
444 20120 22091 0428/ 500//=
ZZYY 47553 22091 0449/ 779341 103381 6112/
444 20120 22091 0429/ 500// 9/000=
ZZYY 47553 22091 0433/ 779341 103381 6112/
444 20120 22091 0429/ 500// 9/000=
ZZYY 48713 22091 0447/ 175328 165610 6113/
444 500// 9/000=
ZZYY 48713 22091 0433/ 175329 165601 6113/
444 20130 22091 0430/ 500// 9/000=
ZZYY 47558 22091 0432/ 773765 081524 6111/
444 20110 22091 0427/ 500// 9/000=
####018002949####
SSVX08 KARS 220452
ZZYY 48400 21091 12004 750128 144800 6112/
11119 02725 10111 29078
22219 00125
33311 88872 20000 31246 20001 31249 43784
444 20120 21091 1126/ 521// 60401=
ZZYY 48400 21091 12004 750128 144800 6112/
11119 02725 10111 29078
22219 00125
33311 88872 20000 31246 20001 31249 43784
444 20120 21091 1126/ 521// 60401=
ZZYY 48400 22091 04004 750121 144798 6111/
11119 02417 10114 29075
22219 00124
444 20110 22091 0423/ 521// 60401=
ZZYY 13001 21091 1200/ 711482 022977 6111/
33311 88872 20001 32883 43513 20020 32823 43556 20040 32122 43592
20060 31725 43575 20080 31544 20100 31440 20120 31360 20140 31326
20180 31282 20300 31133 20500 30955
444 20110 21091 1155/ 521//=
ZZYY 13002 21091 1200/ 720460 023120 6111/
33311 88872 20001 32497 43644 20020 32494 43644 20040 31995 43539
20060 31761 43572 20080 31715 20100 31663 20120 31617 20140 31582
20180 31537 20300 31407 20500 31195
444 20110 21091 1155/ 521//=
ZZYY 13002 22091 04004 720462 023125 6112/
11119 00811 10247 29091
22219 00251
444 20120 22091 0254/ 521// 60401=
ZZYY 41139 21091 12004 720010 037843 6111/
11119 00618 10262 29081 40191
22219 00265
33311 88872 20000 32652 20001 32655 20020 32653 43708
20060 32555 43728 20100 32340 20120 32285 20140 32223 20180 32036
20300 31579 20500 31194
444 20110 21091 1155/ 521// 60401=
ZZYY 41139 22091 04004 720021 037865 6111/
11119 00616 10260 29080 40176
22219 00265
444 20110 22091 0410/ 521// 60401=
ZZYY 31001 21091 1200/ 700011 035008 6112/
33311 88872 20001 32663 43591 20020 32661 43591 20040 32655 43595
20060 32633 20080 32563 20100 32355 20120 32117 43623 20140 31894
20180 31462 20300 31140 20500 30729
444 20120 21091 1053/ 521//=
ZZYY 31001 22091 04004 700008 035000 6112/
11119 01314 10263 29081
22219 00266
444 20120 21091 2316/ 521// 60401=
ZZYY 31002 21091 1200/ 704144 037954 6112/
33311 88872 20001 32826 43567 20020 32824 43578 20040 32823 43578
20060 32821 20080 32756 20100 32712 20120 32363 43634 20140 31857
20180 31250 20300 31019 20500 30761
444 20120 21091 1051/ 521//=
ZZYY 31002 22091 04004 704147 037990 6111/
11119 01513 10272 29081
22219 00282
444 20110 22091 0411/ 521// 60401=
ZZYY 13009 21091 1200/ 707944 038027 6111/
33311 88872 20001 32883 43440 20020 32887 43467 20060 32548
20080 32290 20100 31837 20120 31536 43564 20140 31373 20180 31169
20300 30994 20500 30794
444 20110 21091 1201/ 521//=
ZZYY 13009 22091 04004 707939 038015 6112/
11119 01707 10281 29077
22219 00289
444 20120 22091 0048/ 521// 60401=
ZZYY 13008 21091 1200/ 714985 038019 6111/
33311 88872 20001 32728 43668 20020 32730 43667 20040 32728 43668
20060 32537 43686 20080 32357 20100 32197 20120 31999 20140 31851
20180 31636 20300 31288 20500 30954=
ZZYY 13008 22091 04004 714976 038016 6112/
11119 00715 10268 29078 40141
22219 00272
444 20120 22091 0410/ 521// 60401=
####018000149####
SSVX13 KARS 220452
ZZYY 13587 22091 0200/ 709986 048045 6112/
11119 40117 52002
22219 00291
444 20120 22091 0048/ 50101 80127 80002 9/015=
####018014345####
SSVX02 KARS 220452
ZZYY 41558 22091 0130/ 729514 053373 6112/
11119 40254 52005
22219 00289
444 20120 22091 0052/ 50101 80008 80000 9////=
ZZYY 41558 22091 0430/ 729515 053398 6112/
11119 40245 57009
22219 00289
444 50101 80008 80000 9////=
ZZYY 41558 22091 0330/ 729515 053398 6112/
11119 40249 57008
22219 00289
444 20120 22091 0430/ 50101 80008 80000 9////=
ZZYY 42538 22091 0435/ 733488 053882 6111/
22219 00286
444 20110 22091 0428/ 50101 80100 80001 9////=
ZZYY 41915 22091 0330/ 734415 056959 6112/
11119 30264 40264 57003
22219 00275
444 20120 22091 0427/ 50101 80110 80000 9/015=
ZZYY 13904 22091 0437/ 717159 019392 6111/
22219 00280
444 20110 22091 0405/ 50101 80128 80001 9/015=
ZZYY 44882 22091 0330/ 729783 062433 6111/
11119 40241 54000
444 20110 22091 0232/ 50101 80009 80000 9////=
ZZYY 13624 22091 0438/ 711916 029880 6112/
22219 00283
444 20120 22091 0407/ 50101 80132 80001 9/015=
ZZYY 42547 22091 0435/ 738461 037148 6111/
22219 00237
444 20110 22091 0425/ 50101 80094 80001 9/015=
ZZYY 44514 22091 0436/ 749307 022027 6113/
22219 00146
444 20130 22091 0424/ 50101 80142 80001 9/015=
ZZYY 44513 22091 0430/ 750897 033889 6112/
22219 00132
444 20120 22091 0359/ 50101 80142 9/015=
ZZYY 44516 22091 0436/ 749145 026271 6113/
22219 00152
444 20130 22091 0422/ 50101 80140 80030 9/015=
ZZYY 44515 22091 0437/ 745276 025779 6113/
22219 00168
444 20130 22091 0423/ 50101 80142 80013 9/015=
ZZYY 41561 22091 0430/ 727066 056055 6112/
11119 30229 40229 57009
22219 00280
444 50101 80110 80011 9/015=
ZZYY 41561 22091 0330/ 727079 056043 6111/
11119 30233 40233 57005
22219 00280
444 20110 22091 0232/ 50101 80110 80012 9/015=
ZZYY 44932 22091 0436/ 750895 025320 6112/
22219 00141
444 20120 22091 0423/ 50101 80142 80003 9/015=
ZZYY 41909 22091 0340/ 735348 068310 6112/
11119 30250 40250 57003
22219 00271
444 20120 22091 0228/ 50101 80120 80000 9/015=
ZZYY 15637 22091 0437/ 709597 058556 6111/
22219 00296
444 20110 22091 0227/ 50101 80126 80001 9/015=
ZZYY 44518 22091 0436/ 743099 022829 6113/
22219 00200
444 20130 22091 0426/ 50101 80142 80001 9/015=
ZZYY 13568 22091 0310/ 725246 052370 6112/
11119 30227 40227 57004
22219 00280
444 20120 22091 0430/ 50101 80100 80000 9////=
ZZYY 13568 22091 0210/ 725256 052322 6112/
11119 30230 40230 52001
22219 00280
444 20120 22091 0053/ 50101 80100 80000 9////=
ZZYY 44517 22091 0430/ 751775 019986 6113/
22219 00137
444 20130 22091 0422/ 50101 80142 80009 9/015=
ZZYY 44519 22091 0433/ 750858 019506 6112/
22219 00145
444 20120 22091 0423/ 50101 80140 80002 9/015=
ZZYY 41944 22091 0430/ 732654 070916 6113/
11119 30229 40229
22219 00271
444 20130 22091 0228/ 50101 80110 80097 9/015=
ZZYY 41572 22091 0140/ 726140 048899 6112/
11119 30239 40239 52002
22219 00280
444 20120 22091 0049/ 50101 80110 80033 9/015=
ZZYY 41979 22091 0410/ 729966 060298 6112/
11119 30249 40249 57004
22219 00282
444 20120 22091 0430/ 50101 80110 80047 9/015=
ZZYY 41979 22091 0310/ 729983 060286 6112/
11119 30253 40253 52003
22219 00283
444 20120 22091 0232/ 50101 80110 80043 9/015=
ZZYY 41943 22091 0437/ 732469 065314 6111/
22219 00275
444 20110 22091 0431/ 50101 80144 80003 9/015=
ZZYY 41609 22091 0438/ 731985 066700 6111/
22219 00275
444 20110 22091 0431/ 50101 80144 80001 9/015=
ZZYY 41578 22091 0438/ 729817 058764 6111/
22219 00282
444 20110 22091 0435/ 50101 80144 80009 9/015=
ZZYY 41974 22091 0436/ 727267 066564 6112/
22219 00282
444 20120 22091 0228/ 50101 80144 80008 9/015=
ZZYY 13926 22091 0437/ 706174 023157 6112/
22219 00280
444 20120 22091 0253/ 50101 80109 80003 9/015=
ZZYY 13599 22091 0437/ 721925 066688 6112/
22219 00286
444 20120 22091 0231/ 50101 80109 80008 9/015=
ZZYY 42508 22091 0437/ 735875 049406 6113/
22219 00272
444 20130 22091 0427/ 50101 80126 80002 9/015=
ZZYY 13934 22091 0436/ 721796 028507 6112/
22219 00257
444 20120 22091 0405/ 50101 80124 80180 9/015=
ZZYY 44554 22091 0437/ 733785 038114 6111/
444 20110 22091 0426/ 50101 80098 80099 9/015=
ZZYY 41921 22091 0410/ 720209 056666 6111/
22219 00280
444 20110 22091 0434/ 50101 80120 80063 9/015=
ZZYY 41921 22091 0310/ 720209 056666 6111/
22219 00280
444 20110 22091 0434/ 50101 80120 80053 9/015=
ZZYY 41997 22091 0437/ 744043 040057 6112/
444 20120 22091 0425/ 50101 80094 80035 9/015=
ZZYY 13967 22091 0200/ 724832 033512 6112/
11119 30206 40206 57009
22219 00261
444 20120 22091 0050/ 50101 80110 80035 9/015=
ZZYY 13527 22091 0420/ 712773 051749 6113/
11119 30123 40123
22219 00287
444 20130 21091 2335/ 50101 80070 80000 9/015=
ZZYY 41935 22091 0430/ 728667 033558 6113/
11119 30206 40206 57015
22219 00264
444 20130 22091 0428/ 50101 80110 80000 9/015=
ZZYY 13928 22091 0435/ 723555 034669 6113/
22219 00262
444 20130 22091 0406/ 50101 80124 80180 9/015=
ZZYY 13929 22091 0437/ 720816 029448 6111/
22219 00256
444 20110 22091 0430/ 50101 80124 80180 9/015=
ZZYY 41623 22091 0420/ 727558 053555 6113/
11119 30234 40234 57008
22219 00282
444 20130 22091 0430/ 50101 80120 80038 9/015=
ZZYY 41623 22091 0320/ 727558 053555 6113/
11119 30238 40238 57005
22219 00282
444 20130 22091 0430/ 50101 80120 80036 9/015=
ZZYY 41982 22091 0430/ 729134 063562 6111/
11119 30236 40236 57006
22219 00278
444 20110 22091 0435/ 50101 80120 80011 9/015=
ZZYY 41982 22091 0330/ 729146 063577 6112/
11119 30240 40240 52002
22219 00278
444 20120 22091 0227/ 50101 80120 80011 9/015=
ZZYY 62729 22091 0436/ 739735 026317 6112/
22219 00219
444 20120 22091 0427/ 50101 80116 80016 9/015=
ZZYY 44522 22091 0437/ 742423 043889 6113/
22219 00230
444 20130 22091 0425/ 50101 80118 80026 9/015=
ZZYY 62725 22091 0436/ 742304 020381 6112/
22219 00203
444 20120 22091 0426/ 50101 80118 80017 9/015=
ZZYY 41592 22091 0434/ 732245 071312 6113/
444 20130 22091 0228/ 50101 80096 9/015=
ZZYY 41961 22091 0310/ 728206 069675 6113/
11119 30211 40211 52006
22219 00280
444 20130 22091 0228/ 50101 80138 80004 9/015=
ZZYY 41914 22091 0433/ 739259 036318 6112/
22219 00238
444 20120 22091 0427/ 50101 80116 80014 9/015=
ZZYY 44899 22091 0438/ 729502 044910 6111/
22219 00276
444 20110 22091 0428/ 50101 80118 80012 9/015=
ZZYY 13943 22091 0438/ 708053 029916 6112/
22219 00282
444 20120 22091 0408/ 50101 80075 80255 9/015=
ZZYY 62726 22091 0437/ 736122 019026 6112/
22219 00230
444 20120 22091 0430/ 50101 80120 80013 9/015=
ZZYY 13616 22091 0437/ 720753 063360 6111/
22219 00284
444 20110 22091 0227/ 50101 80052 80099 9/015=
ZZYY 44924 22091 0436/ 748625 033967 6111/
22219 00155
444 20110 22091 0423/ 50101 80102 9/015=
ZZYY 41956 22091 0437/ 730665 064164 6112/
22219 00280
444 20120 22091 0430/ 50101 8//// 80000 9/015=
ZZYY 13623 22091 0437/ 722688 048971 6112/
22219 00279
444 20120 22091 0431/ 50101 80049 80099 9/015=
ZZYY 13636 22091 0438/ 723636 063575 6112/
22219 00284
444 20120 22091 0228/ 50101 80099 80008 9/015=
ZZYY 41970 22091 0410/ 725614 055833 6111/
11119 30222 40222 57009
22219 00281
444 20110 22091 0430/ 50101 80120 80033 9/015=
ZZYY 41970 22091 0310/ 725616 055823 6111/
11119 30227 40227 57002
22219 00281
444 20110 22091 0232/ 50101 80120 80031 9/015=
ZZYY 41565 22091 0140/ 729264 051089 6112/
11119 30258 40258 52004
22219 00280
444 20120 22091 0051/ 50101 80120 80006 9/015=
ZZYY 41903 22091 0438/ 736594 040746 6112/
22219 00246
444 20120 22091 0427/ 50101 80074 80003 9/015=
ZZYY 13970 22091 0430/ 721698 034510 6112/
11119 30179 40179 57014
22219 00260
444 50101 80100 80009 9/015=
ZZYY 41686 22091 0435/ 719426 067933 6113/
22219 00288
444 20130 22091 0228/ 50101 8//// 80000 9/015=
ZZYY 41983 22091 0437/ 741072 038864 6112/
22219 00231
444 20120 22091 0425/ 50101 80078 80024 9/015=
ZZYY 41855 22091 0310/ 729554 067022 6113/
11119 30226 40226 52004
22219 00264
444 20130 22091 0228/ 50101 80110 80000 9/015=
ZZYY 44886 22091 0438/ 728974 036930 6112/
22219 00267
444 20120 22091 0428/ 50101 80074 80003 9/015=
ZZYY 44553 22091 0436/ 729714 059887 6111/
22219 00282
444 20110 22091 0430/ 50101 80087 80010 9/015=
ZZYY 62909 22091 0436/ 730606 026697 6112/
22219 00258
444 20120 22091 0428/ 50101 80108 80003 9/015=
ZZYY 41606 22091 0438/ 735312 041591 6112/
22219 00263
444 20120 22091 0427/ 50101 80057 80006 9/015=
ZZYY 44914 22091 0437/ 734989 044227 6112/
22219 00266
444 20120 22091 0430/ 50101 80075 80009 9/015=
ZZYY 44898 22091 0435/ 731571 029738 6113/
22219 00258
444 20130 22091 0404/ 50101 80084 80002 9/015=
ZZYY 62723 22091 0437/ 740043 030271 6112/
22219 00222
444 20120 22091 0424/ 50101 80079 80006 9/015=
ZZYY 13903 22091 0438/ 724245 027835 6112/
22219 00252
444 20120 22091 0430/ 50101 80130 80100 9/015=
ZZYY 44894 22091 0437/ 742195 033348 6112/
22219 00209
444 20120 22091 0425/ 50101 80078 80005 9/015=
ZZYY 13945 22091 0438/ 714794 018204 6113/
22219 00290
444 20130 22091 0405/ 50101 80146 80007 9/015=
ZZYY 44915 22091 0436/ 736014 054943 6112/
22219 00273
444 20120 22091 0428/ 50101 80118 80013 9/015=
ZZYY 13590 22091 0437/ 725742 031379 6113/
22219 00260
444 20130 22091 0429/ 50101 80130 80100 9/015=
ZZYY 62727 22091 0437/ 741568 019738 6112/
22219 00207
444 20120 22091 0425/ 50101 80118 80017 9/015=
ZZYY 44945 22091 0437/ 732339 035647 6111/
444 20110 22091 0431/ 50101 80054 80010 9/015=
ZZYY 44919 22091 0434/ 733687 056755 6111/
22219 00277
444 20110 22091 0051/ 50101 80116 80011 9/015=
ZZYY 44939 22091 0436/ 737231 037912 6111/
22219 00244
444 20110 22091 0250/ 50101 80052 80003 9/015=
ZZYY 41933 22091 0420/ 737126 061910 6113/
11119 30273 40273 57004
22219 00268
444 20130 22091 0430/ 50101 80120 80044 9/015=
ZZYY 44929 22091 0437/ 726616 031531 6112/
22219 00262
444 20120 22091 0406/ 50101 80072 80009 9/015=
ZZYY 41998 22091 0437/ 745804 041834 6112/
444 20120 22091 0426/ 50101 80068 80018 9/015=
ZZYY 41610 22091 0437/ 731656 056623 6113/
22219 00288
444 20130 22091 0430/ 50101 80094 80001 9/015=
ZZYY 44905 22091 0420/ 736340 058206 6113/
11119 30263 40263 57003
22219 00269
444 20130 22091 0427/ 50101 8//// 80000 9/015=
ZZYY 31781 22091 0435/ 721090 068762 6112/
22219 00285
444 20120 22091 0228/ 50101 80120 9/015=
ZZYY 41999 22091 0434/ 731028 060503 6112/
22219 00284
444 20120 22091 0231/ 50101 80110 80084 9/015=
ZZYY 13589 22091 0431/ 728684 014009 6113/
444 20130 22091 0402/ 50101 8//// 80000 9/015=
ZZYY 44883 22091 0436/ 728783 037632 6111/
22219 00269
444 20110 22091 0430/ 50101 80056 80012 9/015=
ZZYY 62905 22091 0210/ 736820 053953 6111/
11119 30259 40259 57006
22219 00269
444 20110 22091 0233/ 50101 8//// 80000 9/015=
ZZYY 44881 22091 0438/ 736328 033129 6112/
22219 00249
444 20120 22091 0426/ 50101 80074 80001 9/015=
ZZYY 41932 22091 0438/ 732153 055519 6113/
22219 00286
444 20130 22091 0428/ 50101 80050 80000 9/015=
ZZYY 31982 22091 0437/ 731141 067175 6111/
22219 00264
444 20110 22091 0431/ 50101 80051 80091 9/015=
ZZYY 31775 22091 0438/ 726243 062778 6111/
444 20110 22091 0431/ 50101 80052 80099 9/015=
ZZYY 41978 22091 0310/ 710276 046363 6113/
11119 30104 40104 57010
444 20130 22091 0047/ 50101 80120 80034 9/015=
ZZYY 41569 22091 0210/ 720260 050412 6111/
11119 30192 40192 52003
22219 00281
444 20110 22091 0049/ 50101 80110 80008 9/015=
ZZYY 41593 22091 0420/ 726489 063450 6111/
11119 30214 40214 57007
22219 00274
444 20110 22091 0435/ 50101 80110 80030 9/015=
ZZYY 41593 22091 0320/ 726478 063446 6112/
11119 30218 40218 52003
22219 00274
444 20120 22091 0226/ 50101 80110 80042 9/015=
ZZYY 42536 22091 0436/ 735450 057306 6112/
22219 00270
444 20120 22091 0428/ 50101 80118 80001 9/015=
ZZYY 42518 22091 0435/ 728759 039111 6111/
22219 00274
444 20110 22091 0430/ 50101 80118 80001 9/015=
ZZYY 41622 22091 0410/ 725999 065656 6113/
11119 30203 40203 57005
22219 00284
444 20130 22091 0228/ 50101 80120 80010 9/015=
ZZYY 41622 22091 0310/ 725999 065656 6113/
11119 30211 40211 52008
22219 00284
444 20130 22091 0228/ 50101 80120 80008 9/015=
ZZYY 31785 22091 0437/ 705873 050754 6111/
22219 00294
444 20110 22091 0047/ 50101 80122 80012 9/015=
ZZYY 41616 22091 0410/ 712809 048929 6113/
11119 30118 40118 57012
22219 00285
444 20130 22091 0049/ 50101 80120 80043 9/015=
ZZYY 44904 22091 0430/ 746839 027840 6112/
11119 30142 40142 57023
22219 00166
444 20120 22091 0424/ 50101 80130 80001 9/015=
ZZYY 43537 22091 0437/ 738409 066010 6112/
22219 00261
444 20120 22091 0430/ 50101 80122 80014 9/015=
ZZYY 63948 22091 0447/ 175387 035562 6113/
22219 00056
444 20130 22091 0412/ 50101 80007 80005 9/015=
ZZYY 63948 22091 0433/ 175387 035562 6113/
22219 00056
444 20130 22091 0412/ 50101 80007 80005 9/015=
ZZYY 46587 22091 0400/ 753920 172551 6112/
11119 30005 40005 52005
22219 00087
444 20120 22091 0335/ 50101 80138 80046 9/015=
ZZYY 63577 22091 0447/ 175088 067600 6113/
22219 00061
444 20130 22091 0412/ 50101 80007 80005 9/015=
ZZYY 63577 22091 0258/ 175101 067601 6112/
22219 00061
444 20120 22091 0251/ 50101 80007 80005 9/015=
ZZYY 63577 22091 0432/ 175088 067600 6113/
22219 00061
444 20130 22091 0412/ 50101 80009 80005 9/015=
ZZYY 48653 22091 0440/ 788115 166881 6112/
11119 30085 40085 52018
22219 01074
444 20120 22091 0444/ 50101 80145 80001 9/015=
ZZYY 63584 22091 0447/ 777800 002171 6111/
22219 00043
444 20110 22091 0431/ 50101 80008 80013 9/015=
ZZYY 63584 22091 0432/ 777800 002171 6111/
22219 00043
444 50101 80007 80012 9/015=
ZZYY 48673 22091 0447/ 776598 124332 6113/
444 20130 22091 0442/ 500// 9/000=
ZZYY 48673 22091 0432/ 776599 124317 6113/
444 20130 22091 0422/ 500// 9/000=
ZZYY 63579 22091 0433/ 169023 046962 6112/
22219 00085
444 20120 22091 0412/ 50101 80005 80006 9////=
ZZYY 63964 22091 0432/ 173799 023055 6112/
444 20120 22091 0419/ 50101 80009 80010 9/015=
ZZYY 63583 22091 0433/ 172532 046787 6113/
22219 00081
444 20130 22091 0413/ 50101 80007 80010 9/015=
