####018000123####
SSVX12 KARS 220028
ZZYY 48512 22091 0000/ 783931 154534 6111/
11119 11112 40025
444 20110 21091 2357/ 504// 80014=
####018011523####
SSVX08 KARS 220028
ZZYY 31003 20091 1200/ 507903 030522 6111/
33311 88872 20001 32604 43294 20020 32573 43477 20040 32608 43330
20060 32550 20080 32536 20100 32307 20120 32137 43302 20140 31841
20300 30953 20500 30739
444 20110 20091 1118/ 521//=
ZZYY 31003 21091 21004 507914 030508 6111/
11119 01313 10245 29095
22219 00263
444 20110 21091 2133/ 521// 60401=
ZZYY 15006 20091 1200/ 506038 010002 6111/
33311 88872 20001 32442 43619 20020 32429 43619 20040 32429 43624
20080 31958 20100 31643 20120 31387 20140 31251 20180 31085
20300 30923
444 20110 20091 1044/ 521//=
ZZYY 15006 21091 21004 506033 010005 6113/
11119 01415 10238 29083
22219 00244
444 20130 21091 2133/ 521// 60401=
ZZYY 52313 20091 1200/ 305842 176732 6111/
33311 88872 20001 32842 43557 20025 32842 20050 32840 20075 32840
20100 32840 20125 32841 20150 32819 20200 32245 20250 31633
20300 31240 20500 30805
444 20110 20091 1311/ 521//=
ZZYY 15002 20091 1200/ 700013 009867 6112/
33311 88872 20001 32424 20020 32394 43578 20040 32346 43579
20060 32135 43585 20080 31923 20100 31693 20120 31534 20140 31500
20180 31413 20300 31075 20500 30742
444 20120 20091 1043/ 521//=
ZZYY 31005 20091 1200/ 518872 034684 6111/
33311 88872 20001 32367 20060 32363 43723 20100 32362 20120 32363
20140 32334 20180 32043 20300 31447
444 20110 20091 1119/ 521//=
ZZYY 31005 21091 21004 518875 034691 6111/
11119 00706 40189
22219 00238
444 20110 21091 2131/ 521// 60401=
ZZYY 41139 20091 12004 720015 037851 6111/
11119 00816 10266 29079 40181
22219 00266
33311 88872 20000 32656 20001 32660 20020 32658 43702
20060 32543 43727 20100 32344 20120 32290 20140 32226 20180 32032
20300 31581 20500 31203
444 20110 20091 1219/ 521// 60401=
ZZYY 31004 20091 1200/ 513518 032607 6111/
33311 88872 20020 32538 43685 20040 32538 43699 20060 32535
20080 32536 20100 32542 20120 32558 43723 20140 32501 20180 32206
20300 31344 20500 30719
444 20110 20091 1119/ 521//=
ZZYY 31004 21091 21004 513524 032605 6111/
11119 01310 10247 29066
444 20110 21091 2131/ 521// 60401=
ZZYY 51309 20091 1200/ 708015 170037 6112/
33311 88872 20001 32838 43427 20050 32840 20075 32792 20100 32483
20150 31555 20200 31164 20250 31078 20300 31017 20500 30834
444 20120 20091 1151/ 521//=
ZZYY 51309 21091 20004 708007 170048 6112/
11119 01607 10266 29086
22219 00284
444 20120 21091 2026/ 521// 60401=
ZZYY 52004 20091 1200/ 305005 165155 6111/
33311 88872 20001 32911 43554 20025 32909 20075 32907 20100 32907
20125 32880 20200 32048
444 20110 20091 1023/ 521//=
ZZYY 52004 21091 20004 305003 165166 6111/
11119 00813 10288 29076
22219 00291
444 20110 21091 2101/ 521// 60401=
ZZYY 15001 20091 1200/ 509918 009981 6112/
33311 88872 20001 32341 43644 20020 32340 43644 20040 32340 43644
20060 32341 43644 20080 32330 20100 32088 20120 31803 20140 31574
20180 31297 20300 30956 20500 30733
444 20120 20091 1046/ 521//=
ZZYY 15001 21091 21004 509911 009980 6111/
11119 01315 10229 29085 40168
22219 00235
444 20110 21091 2120/ 521// 60401=
ZZYY 31002 20091 1200/ 704142 037952 6111/
444 20110 20091 1223/ 521//=
ZZYY 31002 21091 21004 704141 037956 6112/
11119 01511 10275 29079
22219 00283
444 20120 21091 2137/ 521// 60401=
ZZYY 52312 20091 1200/ 501971 179922 6111/
33311 88872 20001 32822 43544 20025 32821 20050 32820 20075 32819
20100 32820 20125 32753 20150 32247 20200 31306 20250 31140
20300 31082 20500 30776
444 20110 20091 1310/ 521//=
ZZYY 52312 21091 20004 501979 179920 6112/
11119 01212 10280 29083
22219 00282
444 20120 21091 2032/ 521// 60401=
ZZYY 52001 20091 1200/ 102016 164997 6112/
33311 88872 20001 32957 43474 20025 32950 20050 32946 20075 32910
20100 32726 20125 32585 20150 32452 20200 31333 20250 31098
20300 31074 20500 30784
444 20120 20091 1026/ 521//=
ZZYY 52001 21091 20004 102018 165002 6111/
11119 01212 10286 29076
22219 00294
444 20110 21091 1921/ 521// 60401=
ZZYY 13009 20091 1200/ 707940 038006 6111/
444 20110 20091 1221/ 521//=
ZZYY 13009 21091 21004 707939 038014 6112/
11119 01708 10284 29078
22219 00289
444 20120 21091 2138/ 521// 60401=
ZZYY 52310 20091 1200/ 702018 179831 6111/
33311 88872 20001 32793 43516 20050 32790 20075 32789 20100 32786
20125 32734 20150 32211 20200 31235 20250 31142 20300 31092
20500 30823
444 20110 20091 1310/ 521//=
ZZYY 52310 21091 20004 702019 179835 6111/
11119 01015 10282 29079
22219 00280
444 20110 21091 2029/ 521// 60401=
ZZYY 51305 20091 1200/ 702036 170053 6112/
33311 88872 20001 32723 43510 20025 32724 20050 32717 20075 32714
20100 32693 20125 32444 20150 31809 20200 31163 20250 31143
20300 31117
444 20120 20091 1153/ 521//=
ZZYY 51305 21091 2000/ 702036 170054 6111/
11119 10270 29084
22219 00270
444 20110 21091 2029/ 521//=
ZZYY 28401 20091 1200/ 132409 144532 6112/
33311 88872 20001 32750 43316 20040 32403 20060 31218 20080 32332
444 20120 20091 1142/ 521//=
ZZYY 28401 21091 20004 132433 144549 6111/
11119 02026 10270 29087
22219 00274
444 20110 21091 2220/ 521// 60401=
ZZYY 13002 20091 1200/ 720454 023122 6112/
33311 88872 20001 32485 43642 20020 32484 43642 20040 31964 43529
20060 31772 43572 20080 31725 20100 31675 20120 31629 20140 31592
20180 31558 20300 31429 20500 31192
444 20120 20091 1111/ 521//=
ZZYY 13002 21091 21004 720462 023107 6111/
11119 00511 10249 29089
22219 00251
444 20110 21091 2129/ 521// 60401=
ZZYY 31006 20091 1200/ 704041 022993 6111/
33311 88872 20001 32781 43457 20020 32777 43490 20040 32783 43504
20060 32703 43569 20080 32398 20100 31922 20120 31669 20140 31579
20180 31418 20300 31166
444 20110 20091 1114/ 521//=
ZZYY 52316 20091 1200/ 507987 179856 6111/
33311 88870 20025 32854 20050 32852 20075 32851 20100 32851
20125 32843 20150 32763 20200 32318 20300 31459 20500 30799
444 20110 20091 1336/ 521//=
ZZYY 51010 20091 1200/ 500027 170065 6112/
33311 88872 20001 32716 43522 20025 32712 43524 20050 32698 43525
20125 32119 20150 31786 20200 31400 20250 31250 20300 31150
20500 30826
444 20120 20091 1154/ 521//=
ZZYY 51010 21091 20004 500031 170057 6112/
11119 01011 10268 29083 40121
22219 00266
444 20120 21091 2031/ 521// 60401=
ZZYY 52003 20091 1200/ 105099 165036 6111/
33311 88872 20001 32950 43392 20025 32943 20050 32942 20075 32953
20100 32855 20125 32512 20150 31970 20200 31155 20250 30998
20300 30940 20500 30782
444 20110 20091 1335/ 521//=
ZZYY 52003 21091 20004 105100 165034 6111/
11119 00809 10281 29080
22219 00293
444 20110 21091 2042/ 521// 60401=
ZZYY 13001 20091 1200/ 711490 022997 6112/
33311 88872 20001 32869 43510 20020 32829 43543 20040 32165 43596
20060 31710 43573 20080 31509 20100 31412 20120 31349 20140 31312
20180 31262 20300 31133 20500 30965
444 20120 20091 1112/ 521//=
ZZYY 13001 21091 21004 711496 023000 6111/
11119 01309 10282 29084 40122
22219 00288
444 20110 21091 2125/ 521// 60401=
ZZYY 52007 20091 1200/ 308040 164788 6112/
33311 88872 20001 32913 43535 20025 32905 20050 32903 20150 32281
444 20120 20091 1022/ 521//=
ZZYY 31007 20091 1200/ 700020 023002 6112/
33311 88872 20001 32587 43591 20020 32579 43593 20040 32521 43596
20080 32335 20100 32033 20120 31760 20140 31528 20180 31391
20300 31187 20500 30742
444 20120 20091 1044/ 521//=
ZZYY 31007 21091 21004 700020 023004 6111/
11119 01410 10256 29084 40138
22219 00259
444 20110 21091 2135/ 521// 60401=
ZZYY 52315 20091 1200/ 707983 179855 6112/
33311 88872 20001 32879 43419 20025 32881 20050 32882 20075 32850
20100 32778 20125 32301 20150 31789 20200 31200 20250 31089
20500 30830
444 20120 20091 0953/ 521//=
ZZYY 52315 21091 20004 707970 179854 6112/
11119 01007 10279 29075
22219 00288
444 20120 21091 2029/ 521// 60401=
ZZYY 52002 20091 1200/ 302000 164967 6111/
22219 00290
33311 88872 20000 32899 43552 20500 30794
444 20110 20091 1024/ 521//=
ZZYY 52002 21091 20004 302006 164985 6112/
11119 01115 10280 29079
22219 00289
444 20120 21091 2212/ 521// 60001=
ZZYY 51304 20091 1200/ 504993 170026 6112/
33311 88872 20001 32779 43543 20025 32778 20050 32777 20125 32682
20150 32522 20200 31890 20250 31354 20300 31117 20500 30821
444 20120 20091 1154/ 521//=
ZZYY 51304 21091 20004 505003 170025 6111/
11119 01015 10279 29073
22219 00277
444 20110 21091 2031/ 521// 60401=
ZZYY 52311 20091 1200/ 700046 179922 6112/
33311 88872 20001 32771 43536 20025 32770 20050 32763 20075 32744
20100 32624 20125 32282 20150 31949 20200 31453 20250 31295
20500 30799
444 20120 20091 1310/ 521//=
ZZYY 52311 21091 20004 700039 179915 6112/
11119 00912 10277 29080
22219 00277
444 20120 21091 2032/ 521// 60401=
ZZYY 31001 20091 1200/ 700012 035003 6112/
444 20120 20091 1115/ 521//=
ZZYY 31001 21091 21004 700008 035003 6112/
11119 01215 10267 29077
22219 00267
444 20120 21091 2151/ 521// 60401=
ZZYY 52321 20091 1200/ 100004 164966 6112/
33311 88872 20001 32905 20025 32895 43520 20050 32886 43525
20075 32871 43530 20100 32825 20125 32555 20150 32338 20200 31725
20250 31322 20500 30779
444 20120 20091 1336/ 521//=
ZZYY 52321 21091 20004 100005 164977 6111/
11119 01012 10281 29083 40102
22219 00287
444 20110 21091 1921/ 521// 60401=
ZZYY 51310 20091 12004 508018 170061 6112/
11119 01213 10277 29078
22219 00281
33311 88872 20000 32808 20001 32811 43556 20025 32810 20050 32809
20075 32809 20100 32809 20125 32797 20150 32668 20200 32234
444 20120 20091 1156/ 521// 60401=
ZZYY 51310 21091 20004 508016 170068 6111/
11119 01113 10281 29071
22219 00281
444 20110 21091 2033/ 521// 60401=
ZZYY 41026 20091 1200/ 711495 037977 6112/
444 20120 20091 1221/ 521//=
ZZYY 41026 21091 18004 711498 037976 6111/
11119 00510 10274 29085
22219 00281
444 20110 21091 1853/ 521// 60401=
ZZYY 51303 20091 1200/ 705052 170014 6111/
33311 88872 20001 32775 43524 20025 32775 20050 32775 20075 32774
20100 32768 20200 31564 20250 31106 20300 31014 20500 30852
444 20110 20091 1150/ 521//=
ZZYY 51303 21091 2000/ 705020 169980 6111/
11119 10268 29080
22219 00275
444 20110 21091 2029/ 521//=
ZZYY 52309 21091 2000/ 705008 179919 6111/
11119 10263 29089
444 20110 21091 2030/ 521//=
ZZYY 23004 21091 12004 100014 089844 6111/
11119 01408 10276 29082
22219 00285
33311 88872 20000 32851 20001 32848 43336 20020 32861 43390
20040 32728 43448 20060 32333 43529 20080 32214 20100 32077
20120 31869 20140 31648 20180 31508 20300 31214 20500 31005
444 20110 21091 1205/ 521// 60401=
ZZYY 23004 22091 00004 100024 089848 6112/
11119 01511 10281 29080
22219 00286
444 20120 21091 2127/ 521// 60401=
ZZYY 23006 21091 12004 103957 089581 6111/
11119 02212 10278 29076
22219 00289
33311 88870 20000 32888 20001 32882 20020 32875 20040 32871
20060 32830 20080 32263 20100 31831 20120 31600 20140 31479
20180 31364 20300 31224 20500 31028
444 20110 21091 1206/ 521// 60401=
ZZYY 23005 21091 12004 101558 090080 6112/
11119 01511 10274 29082
22219 00287
33311 88870 20000 32866 20001 32865 20020 32867 20040 32888
20060 32748 20080 32172 20100 31996 20120 31830 20140 31636
20180 31421 20300 31221 20500 31002
444 20120 21091 1205/ 521// 60401=
ZZYY 48400 21091 12004 750128 144800 6112/
11119 02725 10111 29078
22219 00125
33311 88872 20000 31246 20001 31249 43784
444 20120 21091 1126/ 521// 60401=
####018000149####
SSVX13 KARS 220028
ZZYY 13585 21091 2100/ 706039 019144 6111/
11119 40129 52009
22219 00278
444 20110 21091 2137/ 50101 80129 80000 9/015=
####018000111####
SSVX07 KARS 220028
ZZYY 48536 22091 0010/ 173193 153998 6112/
11119 11011 40069
444 20120 21091 2309/=
####018000261####
SSVX06 KARS 220028
ZZYY 47553 22091 0013/ 779341 103373 6111/
444 20110 21091 2353/ 500// 9/000=
ZZYY 48505 22091 0003/ 780185 127691 6112/
444 20120 21091 2308/ 500//=
ZZYY 48713 22091 0002/ 175319 165488 6112/
444 20120 21091 2345/ 500// 9/000=
####018005009####
SSVX02 KARS 220028 RRA
ZZYY 31990 21091 2130/ 523183 039642 6112/
22219 00236
444 50101 80098 80002 9/015=
ZZYY 15601 21091 2132/ 522830 026530 6112/
22219 00217
444 20120 21091 2130/ 50101 80069 80029 9/015=
ZZYY 31921 21091 2133/ 534376 017641 6111/
22219 00160
444 20110 21091 2126/ 50101 80043 80026 9////=
ZZYY 31758 21091 2130/ 527846 033280 6112/
22219 00189
444 20120 21091 2127/ 50101 80008 80061 9/015=
ZZYY 71664 21091 2110/ 555245 024860 6112/
11119 39994 49994
22219 00000
444 20120 20091 0512/ 50101 80110 80100 9/015=
ZZYY 43522 21091 2044/ 126007 177276 6112/
22219 00283
444 20120 21091 2047/ 50101 80076 80003 9/015=
ZZYY 51927 21091 2044/ 117349 171050 6111/
22219 00288
444 20110 21091 2035/ 50101 80090 80005 9/015=
ZZYY 51931 21091 2038/ 729336 161324 6112/
22219 00265
444 20120 21091 2033/ 50101 80070 80010 9/015=
ZZYY 31911 21091 2126/ 527450 045065 6112/
22219 00191
444 20120 21091 2144/ 50101 80047 80000 9/015=
ZZYY 31542 21091 2133/ 532114 041343 6112/
22219 00167
444 20120 21091 2127/ 50101 80057 80014 9/015=
ZZYY 31914 21091 2133/ 534662 016351 6112/
22219 00159
444 20120 21091 2126/ 50101 80075 80045 9/015=
ZZYY 51875 21091 2051/ 310100 147727 6111/
22219 00174
444 20110 21091 2225/ 50101 80062 80000 9/015=
ZZYY 31926 21091 2132/ 533139 006192 6113/
22219 00172
444 20130 21091 2125/ 50101 80007 80023 9////=
ZZYY 43529 21091 2044/ 717047 172221 6112/
22219 00272
444 20120 21091 2035/ 50101 80084 80002 9/015=
ZZYY 31708 21091 2127/ 331481 009902 6112/
22219 00166
444 20120 21091 2123/ 50101 80004 80023 9////=
ZZYY 31537 21091 2134/ 532192 020980 6111/
22219 00159
444 20110 21091 2140/ 50101 80061 80019 9/015=
ZZYY 21855 21091 2038/ 141606 150522 6112/
22219 00210
444 20120 21091 2046/ 50101 80110 80054 9/015=
ZZYY 21948 21091 2042/ 130420 152767 6113/
22219 00274
444 20130 21091 2047/ 50101 80110 80039 9/015=
ZZYY 21952 21091 2042/ 135283 170243 6112/
22219 00260
444 20120 21091 2050/ 50101 80110 80073 9/015=
ZZYY 51536 21091 2049/ 110151 166145 6112/
22219 00287
444 20120 21091 2035/ 50101 80095 80005 9/015=
ZZYY 13548 21091 2140/ 705603 021146 6112/
22219 00279
444 20120 21091 2137/ 500// 80010 9/001=
ZZYY 51972 21091 2050/ 311574 167610 6112/
22219 00287
444 20120 21091 2052/ 50101 80081 80006 9/015=
ZZYY 51829 21091 2040/ 127195 144311 6111/
22219 00274
444 20110 21091 2035/ 50101 80119 80011 9/015=
ZZYY 51668 21091 2044/ 123009 148000 6112/
444 20120 21091 2050/ 50101 80121 80030 9/015=
ZZYY 51744 21091 2042/ 134490 168048 6112/
22219 00266
444 20120 21091 2047/ 50101 80121 80005 9/015=
ZZYY 48673 21091 2356/ 776607 124151 6111/
444 20110 21091 2349/ 500// 9/000=
ZZYY 33567 21091 2340/ 343138 111426 6112/
11119 30138 40138 57007
22219 00101
444 20120 21091 2252/ 50101 80100 80000 9/015=
ZZYY 14929 21091 2350/ 336009 081991 6113/
11119 30240 40240
22219 00130
444 20130 21091 2135/ 50101 80100 80100 9/015=
ZZYY 55945 21091 2310/ 343489 122085 6111/
11119 30111 40111 52038
22219 00099
444 20110 21091 2252/ 50101 8//// 80000 9////=
ZZYY 17660 21091 2350/ 327518 101426 6111/
11119 30252 40252 52011
22219 00201
444 20110 22091 0013/ 50101 80110 80035 9////=
ZZYY 17669 21091 2350/ 342396 121608 6112/
11119 30134 40134 52036
22219 00108
444 20120 21091 2251/ 50101 80080 80100 9/015=
ZZYY 14915 21091 2240/ 329011 094814 6112/
11119 30271 40271 57004
22219 00171
444 20120 21091 2130/ 50101 80080 80004 9/015=
ZZYY 14915 21091 2340/ 328993 094823 6111/
11119 30274 40274 52001
22219 00171
444 20110 22091 0014/ 50101 80090 80004 9/015=
ZZYY 55615 21091 2320/ 337925 089170 6112/
11119 30229 40229 52005
22219 00119
444 20120 21091 2136/ 50101 8//// 80100 9////=
ZZYY 55615 21091 2220/ 337925 089170 6112/
11119 30225 40225 57005
22219 00119
444 20120 21091 2136/ 50101 8//// 80100 9////=
ZZYY 55907 21091 2310/ 336088 111901 6112/
11119 30215 40215 52014
22219 00151
444 20120 21091 2253/ 50101 8//// 80024 9////=
ZZYY 55907 22091 0010/ 336088 111901 6112/
11119 30222 40222 52018
22219 00151
444 20120 21091 2253/ 50101 8//// 80047 9////=
ZZYY 34544 21091 2310/ 345869 112583 6112/
11119 40118 57004
22219 00099
444 20120 21091 2254/ 50101 80010 80020 9////=
ZZYY 48659 22091 0000/ 788166 159748 6111/
11119 30070 40070 57008
22219 01095
444 20110 21091 2350/ 50101 80145 80001 9/015=
ZZYY 53597 22091 0009/ 115037 121794 6111/
444 20110 21091 2238/ 50101 80094 80124 9/015=
ZZYY 17664 22091 0010/ 340559 125116 6112/
11119 30105 40105 52061
22219 00120
444 20120 21091 2253/ 50101 80110 80054 9/015=
ZZYY 16513 22091 0000/ 336465 099497 6111/
11119 30203 40203 52015
22219 00141
444 20110 21091 2237/ 50101 8//// 80000 9////=
ZZYY 34902 22091 0020/ 340763 129087 6111/
11119 49977 52018
22219 00114
444 20110 21091 2234/ 50101 80010 80010 9////=
####018014945####
SSVX02 KARS 220028
ZZYY 31905 21091 2127/ 534325 011650 6113/
22219 00156
444 20130 21091 2123/ 50101 8//// 80000 9/015=
ZZYY 21522 21091 2039/ 140810 152935 6111/
22219 00217
444 20110 21091 2033/ 50101 80110 80075 9/015=
ZZYY 21524 21091 2032/ 140124 148660 6113/
444 20130 21091 1606/ 50101 80120 9/015=
ZZYY 21524 22091 0009/ 140124 148660 6113/
22219 00219
444 20130 21091 1606/ 50101 80120 80080 9/015=
ZZYY 33992 21091 2100/ 547155 022137 6112/
11119 40155 57251
22219 00047
444 2012/ 21091 2122/ 50101 80084 80000 9/015=
ZZYY 21537 21091 2039/ 141785 153627 6111/
22219 00223
444 20110 21091 2031/ 50101 80110 80013 9/015=
ZZYY 21926 21091 2042/ 134165 159466 6113/
22219 00271
444 20130 21091 2047/ 50101 80110 80009 9/015=
ZZYY 22919 21091 2042/ 131757 170448 6112/
22219 00276
444 20120 21091 2048/ 50101 80009 80000 9/015=
ZZYY 22536 21091 2043/ 131774 176448 6112/
22219 00269
444 20120 21091 2048/ 50101 80010 80001 9////=
ZZYY 46909 21091 2044/ 719897 175889 6112/
444 20120 21091 2050/ 50101 80112 80000 9/015=
ZZYY 22572 21091 2041/ 137151 155306 6112/
22219 00253
444 20120 21091 2048/ 50101 80010 80081 9////=
ZZYY 46767 21091 2038/ 715906 168467 6113/
22219 00273
444 20130 21091 2025/ 50101 80076 80029 9/015=
ZZYY 46764 21091 2044/ 720813 177252 6112/
22219 00278
444 20120 21091 2047/ 50101 80072 80021 9/015=
ZZYY 51657 21091 2050/ 506810 179063 6112/
22219 00281
444 50101 80117 80004 9/015=
ZZYY 22578 21091 2041/ 131493 173330 6112/
22219 00271
444 20120 21091 2047/ 50101 80010 80000 9/015=
ZZYY 22626 21091 2042/ 132876 163104 6113/
22219 00272
444 20130 21091 2046/ 50101 80008 80000 9////=
ZZYY 53578 21091 2039/ 140517 155356 6112/
22219 00221
444 20120 21091 2033/ 50101 80108 80015 9/015=
ZZYY 22610 21091 2042/ 127453 152737 6112/
22219 00274
444 20120 21091 2049/ 50101 80009 80001 9////=
ZZYY 52662 21091 2051/ 102898 145819 6111/
22219 00289
444 50101 80120 80029 9/015=
ZZYY 21625 21091 2039/ 135665 147009 6111/
22219 00250
444 20110 21091 2033/ 50101 80120 80079 9/015=
ZZYY 33691 21091 2130/ 527653 002164 6112/
22219 00184
444 20120 21091 2125/ 50101 80070 80005 9/015=
ZZYY 15926 21091 2135/ 526655 031374 6113/
22219 00198
444 20130 21091 2128/ 50101 80092 80050 9/015=
ZZYY 46908 21091 2046/ 124101 163953 6112/
22219 00282
444 20120 21091 2047/ 50101 80088 80028 9/015=
ZZYY 15631 21091 2134/ 527988 040775 6112/
22219 00198
444 20120 21091 2128/ 50101 80100 80020 9/015=
ZZYY 32679 21091 2042/ 128243 158808 6111/
22219 00274
444 20110 21091 2049/ 50101 80102 80002 9/015=
ZZYY 53601 21091 2039/ 139497 150595 6112/
22219 00241
444 20120 21091 2032/ 50101 80130 80003 9/015=
ZZYY 15945 21091 2135/ 505717 017576 6112/
22219 00251
444 20120 21091 2133/ 50101 80084 80013 9/015=
ZZYY 52919 21091 2044/ 121726 149262 6112/
22219 00280
444 20120 21091 2051/ 50101 80119 80025 9/015=
ZZYY 52804 21091 2047/ 117099 157408 6113/
22219 00290
444 20130 21091 2050/ 50101 80115 80003 9/015=
ZZYY 13624 21091 2145/ 711895 029844 6112/
22219 00284
444 20120 21091 2307/ 50101 80134 80001 9/015=
ZZYY 13518 21091 2142/ 706616 013233 6111/
22219 00277
444 20110 21091 2135/ 50101 80134 80001 9/015=
ZZYY 52841 21091 2044/ 119434 158102 6111/
22219 00287
444 20110 21091 2033/ 50101 80146 80010 9/015=
ZZYY 52920 21091 2045/ 121138 151007 6113/
22219 00282
444 20130 21091 2035/ 50101 80121 80024 9/015=
ZZYY 52839 21091 2041/ 123766 161626 6111/
22219 00278
444 20110 21091 2033/ 50101 80144 80008 9/015=
ZZYY 52617 21091 2044/ 120771 157136 6113/
22219 00279
444 20130 21091 2050/ 50101 80123 80000 9/015=
ZZYY 52827 21091 2044/ 122018 161679 6112/
22219 00284
444 20120 21091 2033/ 50101 80144 80004 9/015=
ZZYY 51955 21091 2043/ 129833 179902 6111/
22219 00272
444 20110 21091 2047/ 50101 80148 80008 9/015=
ZZYY 15943 21091 2141/ 504420 017767 6112/
22219 00249
444 20120 21091 2133/ 50101 80090 80255 9/015=
ZZYY 15941 21091 2139/ 516698 032498 6112/
22219 00242
444 20120 21091 2132/ 50101 80128 80002 9/015=
ZZYY 51664 21091 2044/ 712943 172379 6112/
22219 00275
444 20120 21091 2035/ 50101 80111 80119 9/015=
ZZYY 51727 21091 2046/ 509471 177319 6111/
22219 00283
444 20110 21091 2050/ 50101 80111 80255 9/015=
ZZYY 15618 21091 2134/ 520800 002162 6112/
22219 00189
444 20120 21091 2128/ 50101 80124 80180 9/015=
ZZYY 51948 21091 2048/ 502180 178758 6111/
22219 00280
444 20110 21091 2045/ 50101 80119 80008 9/015=
ZZYY 15641 21091 2142/ 501903 031694 6112/
22219 00263
444 20120 21091 2136/ 50101 80124 80180 9/015=
ZZYY 52836 21091 2044/ 117640 143056 6111/
22219 00289
444 20110 21091 2041/ 50101 80126 80002 9/015=
ZZYY 15677 21091 2138/ 514599 024221 6111/
22219 00239
444 20110 21091 2302/ 50101 80128 80001 9/015=
ZZYY 15928 21091 2139/ 513087 029890 6112/
22219 00250
444 20120 21091 2132/ 50101 80126 80001 9/015=
ZZYY 52594 21091 2041/ 130493 151536 6112/
22219 00274
444 20120 21091 2033/ 50101 80126 80002 9/015=
ZZYY 13926 21091 2138/ 706164 023176 6112/
22219 00280
444 20120 21091 2144/ 50101 80109 80003 9/015=
ZZYY 53904 21091 2040/ 142131 171772 6112/
22219 00190
444 20120 21091 2045/ 50101 80132 80007 9/015=
ZZYY 51669 21091 2051/ 511813 174776 6112/
22219 00279
444 50101 80105 80127 9/015=
ZZYY 51816 21091 2041/ 727655 170075 6113/
22219 00271
444 20130 21091 2047/ 50101 80078 80019 9/015=
ZZYY 51930 21091 2043/ 727731 176918 6113/
22219 00270
444 20130 21091 2047/ 50101 80115 80017 9/015=
ZZYY 13910 21091 2141/ 718408 018848 6112/
22219 00259
444 20120 21091 1716/ 50101 80044 80255 9/015=
ZZYY 51617 21091 2046/ 710084 173421 6112/
22219 00281
444 20120 21091 2041/ 50101 80045 80000 9/015=
ZZYY 21910 21091 2043/ 128766 173938 6111/
22219 00279
444 20110 21091 2048/ 50101 80122 80008 9/015=
ZZYY 21912 21091 2044/ 127959 176048 6111/
22219 00275
444 20110 21091 2049/ 50101 80148 80010 9/015=
ZZYY 52601 21091 2045/ 120154 157883 6112/
22219 00285
444 20120 21091 2049/ 50101 80115 80008 9/015=
ZZYY 51641 21091 2041/ 732630 172622 6112/
22219 00263
444 20120 21091 2046/ 50101 80117 80058 9/015=
ZZYY 15675 21091 2139/ 514657 025409 6111/
22219 00241
444 20110 21091 2145/ 50101 80128 80001 9/015=
ZZYY 14942 21091 2040/ 726844 165729 6111/
22219 00271
444 20110 21091 2033/ 50101 8//// 80000 9/015=
ZZYY 13929 21091 2145/ 720830 029444 6112/
22219 00257
444 50101 80124 80180 9/015=
ZZYY 14946 21091 2043/ 132312 170909 6111/
22219 00271
444 20110 21091 2048/ 50101 8//// 80000 9/015=
ZZYY 51868 21091 2046/ 120497 167423 6111/
22219 00283
444 20110 21091 2033/ 50101 80109 80010 9/015=
ZZYY 51663 21091 2049/ 512158 170404 6111/
22219 00276
444 20110 21091 2046/ 50101 80111 80007 9/015=
ZZYY 15646 21091 2142/ 501885 031708 6113/
22219 00264
444 20130 21091 2135/ 50101 80122 80180 9/015=
ZZYY 51892 21091 2047/ 710134 179073 6113/
22219 00282
444 20130 21091 2036/ 50101 80105 80005 9/015=
ZZYY 52618 21091 2046/ 709450 175762 6112/
22219 00281
444 20120 21091 2035/ 50101 80117 80003 9/015=
ZZYY 51859 21091 2043/ 129097 151877 6113/
22219 00275
444 20130 21091 2048/ 50101 80500 80003 9/015=
ZZYY 13943 21091 2145/ 708046 029970 6111/
22219 00283
444 50101 80085 80255 9/015=
ZZYY 51652 21091 2045/ 705025 169404 6112/
22219 00274
444 20120 21091 2041/ 50101 80123 80021 9/015=
ZZYY 51628 21091 2041/ 127629 179802 6113/
22219 00273
444 20130 21091 2048/ 50101 80090 80020 9/015=
ZZYY 46567 21091 2039/ 720170 163502 6111/
22219 00272
444 20110 21091 2025/ 50101 80078 80033 9/015=
ZZYY 51864 21091 2040/ 133317 146697 6111/
22219 00276
444 20110 21091 2049/ 50101 80117 80015 9/015=
ZZYY 52915 21091 2043/ 122054 159897 6112/
22219 00283
444 20120 21091 2050/ 50101 80144 80007 9/015=
ZZYY 51860 21091 2047/ 116029 156014 6112/
22219 00289
444 20120 21091 2035/ 50101 80117 80006 9/015=
ZZYY 52803 21091 2048/ 105714 142354 6112/
22219 00297
444 20120 21091 1937/ 50101 80120 80018 9/015=
ZZYY 53910 21091 2040/ 137878 163083 6111/
22219 00262
444 20110 21091 2046/ 50101 80136 80001 9/015=
ZZYY 51848 21091 2042/ 132139 166296 6112/
22219 00274
444 20120 21091 2046/ 50101 80119 80004 9/015=
ZZYY 22634 21091 2041/ 128867 149187 6112/
22219 00278
444 20120 21091 2034/ 50101 80048 80000 9////=
ZZYY 51858 21091 2047/ 116519 157955 6113/
22219 00289
444 20130 21091 2051/ 50101 80119 80011 9/015=
ZZYY 52678 21091 2042/ 127983 161310 6113/
22219 00276
444 20130 21091 2047/ 50101 8//// 80023 9////=
ZZYY 13960 21091 2146/ 713756 017366 6113/
22219 00293
444 50101 80148 80011 9/015=
ZZYY 15906 21091 2136/ 507513 012037 6112/
22219 00239
444 20120 21091 2130/ 50101 80082 80012 9/015=
ZZYY 52908 21091 2046/ 121132 155490 6111/
22219 00284
444 20110 21091 2100/ 50101 80144 80005 9/015=
ZZYY 15604 21091 2136/ 525200 031050 6113/
22219 00212
444 20130 21091 2129/ 50101 80119 80013 9/015=
ZZYY 31528 21091 2128/ 532044 032135 6111/
22219 00179
444 50101 80340 80001 9/015=
ZZYY 52671 21091 2050/ 103866 145795 6112/
22219 00290
444 50101 80120 80024 9/015=
ZZYY 15940 21091 2136/ 523762 036323 6112/
22219 00219
444 20120 21091 2129/ 50101 80119 80004 9/015=
ZZYY 32552 21091 2042/ 122939 169677 6111/
22219 00271
444 20110 21091 2033/ 50101 80049 80029 9/015=
ZZYY 71703 21091 2125/ 550207 044971 6112/
22219 00026
444 20120 21091 2120/ 50101 80118 80131 9/015=
ZZYY 15605 21091 2143/ 503542 035156 6112/
22219 00264
444 20120 21091 2135/ 50101 80088 80011 9/015=
ZZYY 71635 21091 2124/ 548357 043212 6112/
22219 00047
444 20120 21091 2122/ 50101 80114 80122 9/015=
ZZYY 71701 21091 2125/ 551920 043428 6111/
22219 00013
444 20110 21091 2121/ 50101 80114 80088 9/015=
ZZYY 71696 21091 2126/ 548887 033912 6112/
22219 00038
444 20120 21091 2122/ 50101 80114 80135 9/015=
ZZYY 71709 21091 2125/ 548692 040400 6111/
22219 00021
444 20110 21091 2122/ 50101 80116 80153 9/015=
ZZYY 71573 21091 2124/ 553978 042825 6111/
22219 00010
444 20110 21091 2115/ 50101 80116 80092 9/015=
ZZYY 41932 21091 2145/ 732160 055463 6112/
22219 00289
444 20120 21091 2149/ 50101 80050 80010 9/015=
ZZYY 51855 21091 2041/ 133231 175503 6112/
22219 00259
444 20120 21091 2046/ 50101 80111 80007 9/015=
ZZYY 52838 21091 2040/ 126537 143337 6111/
22219 00277
444 20110 21091 2055/ 50101 80123 80014 9/015=
ZZYY 21901 21091 2043/ 126981 159422 6113/
22219 00277
444 20130 21091 2048/ 50101 80123 80005 9/015=
ZZYY 51918 21091 2048/ 504583 170779 6112/
22219 00276
444 20120 21091 2044/ 50101 80121 80005 9/015=
ZZYY 52815 21091 2043/ 129034 162039 6113/
22219 00278
444 20130 21091 2049/ 50101 80121 80012 9/015=
ZZYY 21538 21091 2045/ 126162 163162 6113/
22219 00279
444 20130 21091 2048/ 50101 80121 80014 9/015=
ZZYY 52615 21091 2041/ 131428 151540 6112/
22219 00274
444 20120 21091 2034/ 50101 80119 80024 9/015=
ZZYY 51639 21091 2048/ 504897 174711 6111/
444 20110 21091 2043/ 50101 80117 80255 9/015=
ZZYY 52906 21091 2043/ 115034 163784 6113/
22219 00289
444 20130 21091 2035/ 50101 80087 80017 9/015=
ZZYY 52611 21091 2039/ 130124 166662 6113/
22219 00273
444 20130 21091 2032/ 50101 80105 80000 9/015=
ZZYY 15615 21091 2130/ 531596 038538 6112/
22219 00166
444 20120 21091 2125/ 50101 80050 80099 9/015=
ZZYY 33995 21091 2100/ 544868 040443 6112/
11119 40043 52230
22219 00085
444 2012/ 21091 2123/ 50101 80103 80000 9/015=
ZZYY 15602 21091 2142/ 502552 027396 6111/
22219 00263
444 20110 21091 2135/ 50101 80082 80010 9/015=
ZZYY 52591 21091 2044/ 122506 148194 6112/
22219 00280
444 20120 21091 2040/ 50101 80121 80013 9/015=
ZZYY 32667 21091 2043/ 127670 158307 6113/
22219 00278
444 20130 21091 2047/ 50101 80049 80002 9////=
ZZYY 14940 21091 2039/ 138578 149149 6111/
444 20110 21091 1925/ 50101 9/015=
ZZYY 51853 21091 2043/ 130085 162167 6113/
22219 00279
444 20130 21091 2049/ 50101 80121 80023 9/015=
ZZYY 32619 21091 2040/ 135502 153869 6112/
22219 00274
444 20120 21091 2033/ 50101 80049 80082 9////=
ZZYY 52613 21091 2046/ 105720 142635 6112/
22219 00290
444 20120 21091 1936/ 50101 80120 80035 9/015=
ZZYY 51909 21091 2039/ 136589 151263 6112/
22219 00271
444 20120 21091 2032/ 50101 80046 80000 9////=
ZZYY 41983 21091 2148/ 741100 038894 6112/
22219 00231
444 20120 21091 2154/ 50101 80080 80020 9/015=
ZZYY 22579 21091 2043/ 129740 154014 6112/
22219 00274
444 20120 21091 2048/ 50101 80007 80014 9/015=
ZZYY 44898 21091 2147/ 731578 029714 6112/
22219 00260
444 50101 80084 80001 9/015=
ZZYY 52842 21091 2038/ 131893 163922 6113/
22219 00274
444 20130 21091 2033/ 50101 80010 80007 9/015=
ZZYY 44929 21091 2143/ 726623 031499 6111/
22219 00264
444 20110 21091 2202/ 50101 80072 80012 9/015=
ZZYY 52901 21091 2044/ 132632 169986 6112/
22219 00268
444 20120 21091 2047/ 50101 80010 80061 9/015=
ZZYY 31902 21091 2141/ 504499 035385 6112/
22219 00264
444 20120 21091 2136/ 50101 80120 80018 9/015=
ZZYY 21617 21091 2042/ 133534 172555 6111/
22219 00260
444 20110 21091 2046/ 50101 80110 80053 9/015=
ZZYY 31915 21091 2139/ 504635 032630 6111/
22219 00267
444 20110 21091 2133/ 50101 80118 80018 9/015=
ZZYY 31993 21091 2138/ 505855 032017 6112/
22219 00265
444 20120 21091 2134/ 50101 80122 80015 9/015=
ZZYY 31998 21091 2141/ 506219 033429 6112/
22219 00263
444 20120 21091 2133/ 50101 80122 80023 9/015=
ZZYY 31742 21091 2131/ 525889 037706 6112/
22219 00208
444 20120 21091 2142/ 50101 80116 80019 9/015=
ZZYY 15635 21091 2131/ 527924 029120 6113/
22219 00190
444 20130 21091 2128/ 50101 80086 80001 9/015=
ZZYY 15634 21091 2132/ 529288 017341 6112/
22219 00190
444 20120 21091 2128/ 50101 80096 80000 9/015=
ZZYY 31759 21091 2135/ 524377 043615 6112/
22219 00216
444 20120 21091 2129/ 50101 80116 80002 9/015=
ZZYY 15921 21091 2133/ 525748 035279 6113/
22219 00199
444 20130 21091 2129/ 50101 80094 80003 9/015=
ZZYY 21521 21091 2041/ 135676 163642 6113/
22219 00256
444 20130 21091 2048/ 50101 80110 80003 9/015=
ZZYY 33964 21091 2130/ 544042 030226 6113/
22219 00088
444 20130 21091 2124/ 50101 80114 80006 9/015=
ZZYY 31785 21091 2142/ 705734 050691 6112/
22219 00298
444 20120 21091 2138/ 50101 80122 80010 9/015=
ZZYY 31711 21091 2141/ 507212 034251 6112/
22219 00260
444 20120 21091 2135/ 50101 80120 80019 9/015=
ZZYY 31786 21091 2141/ 503288 034227 6112/
22219 00266
444 20120 21091 2135/ 50101 80124 80016 9/015=
ZZYY 31508 21091 2137/ 514572 034194 6112/
22219 00254
444 20120 21091 2133/ 50101 80120 80015 9/015=
####018000926####
SSVX01 DEMS 220030
ZZYY 23459 21091 23001 111004 086497 111// 02207 10284 40074 222// 00/// 1////=
ZZYY 23095 21091 23001 110503 094029 111// 02208 10276 40090 222// 00/// 1////=
ZZYY 23094 21091 23001 114227 082892 111// 022// 10287 4//// 222// 00/// 1////=
ZZYY 23093 21091 23001 116519 088016 111// 0//10 10284 40027 222// 00/// 1////=
ZZYY 23091 21091 23001 118163 089683 111// 02408 10279 40016 222// 00279 106//=
ZZYY 23173 22091 00001 116287 070000 111// 00706 10268 40091 222// 00276 1////=
ZZYY 23496 22091 00001 117360 070711 111// 02405 10268 40088 222// 00/// 1////=
ZZYY 23499 22091 00001 106256 085893 111// 02008 10278 40101 222// 00/// 10605=
ZZYY 23494 22091 00001 108495 073011 111// 0//// 10272 40106 222// 00278 1////=
ZZYY 23171 22091 00001 112003 068992 111// 0//// 10272 40103 222// 00/// 1////=
ZZYY 23097 22091 00001 114988 069007 111// 03006 10/// 4//// 222// 00/// 1////=

####018000923####
SSVX01 DEMS 220030
ZZYY 23459 21091 23001 111004 086497 111// 02207 10284 40074 222// 00/// 1////=
ZZYY 23095 21091 23001 110503 094029 111// 02208 10276 40090 222// 00/// 1////=
ZZYY 23094 21091 23001 114227 082892 111// 022// 10287 4//// 222// 00/// 1////=
ZZYY 23093 21091 23001 116519 088016 111// 0//10 10284 40027 222// 00/// 1////=
ZZYY 23091 21091 23001 118163 089683 111// 02408 10279 40016 222// 00279 106//=
ZZYY 23173 22091 00001 116287 070000 111// 00706 10268 40091 222// 00276 1////=
ZZYY 23496 22091 00001 117360 070711 111// 02405 10268 40088 222// 00/// 1////=
ZZYY 23499 22091 00001 106256 085893 111// 02008 10278 40101 222// 00/// 10605=
ZZYY 23494 22091 00001 108495 073011 111// 0//// 10272 40106 222// 00278 1////=
ZZYY 23171 22091 00001 112003 068992 111// 0//// 10272 40103 222// 00/// 1////=
ZZYY 23097 22091 00001 114988 069007 111// 03006 10/// 4//// 222// 00/// 1////=
####018001517####
SSVX11 LFVW 220031
ZZYY 52077 21091 22004 102078 146957 6112/
11119 03201 10286 29074 40105
22219 00290
33311 88872 20000 32902 20002 32902 43375 20025 32907 43415
20050 32917 43452 20075 32918 43470 20100 32867 43487
20125 32558 43545 20150 32368 43548 20200 31692 43481
20250 31225 43454 20300 31039 43466 20500 30813 43459
20750 30527 43453
444 20120 21091 2213/ 522// 60381=
ZZYY 53056 21091 1800/ 305040 095059 6113/
11119 10265 29085
22219 00271
33311 88872 20000 32706 20001 32706 43406 20011 32707 43410
20020 32706 43396 20040 32701 43421 20081 32094 20100 31860 43499
20120 31568 20140 31325 20200 31229 20301 31095 20501 30937
444 20130 21091 1834/ 522//=
ZZYY 53056 21091 1400/ 305040 095060 6113/
11119 10267 29083
22219 00271
33311 88872 20000 32714 20001 32714 43405 20011 32714 43411
20021 32708 43422 20040 32700 43420 20081 32260 20100 31909 43474
20120 31566 20140 31366 20200 31215 20301 31087 20501 30932
444 20130 21091 1434/ 522//=
ZZYY 53056 21091 2100/ 305041 095059 6112/
11119 10264 29083
22219 00270
33311 88872 20000 32703 20001 32703 43407 20011 32704 43412
20021 32704 43419 20040 32703 43421 20081 32262 20100 31876 43496
20120 31484 20140 31282 20200 31212 20301 31095 20501 30938
444 20120 21091 2126/ 522//=
ZZYY 52073 22091 0000/ 104848 137285 6111/
33311 88872 20002 32904 43325 20025 32923 43340 20050 32920 43394
20075 32856 20100 32693 43468 20300 30891 43458 20750 30607 43450
444 20110 22091 0007/ 522//=
####018000175####
SSVX13 LFVW 220031
ZZYY 15954 21091 2300/ 500507 045428 6111/
11119 40124
22219 00273
33311 88872 20000 32725 43576
444 20110 21091 2304/ 50101 80120 80002 9/015=
####018000429####
SSVX06 KARS 220030
ZZYY 48506 22091 0026/ 779552 119149 6112/
11119 40066
444 20120 22091 0022/ 500//=
ZZYY 47554 22091 0024/ 774342 111926 6113/
444 20130 21091 2352/ 500// 9/000=
ZZYY 48505 22091 0026/ 780184 127704 6111/
11119 40055
444 20110 22091 0021/ 500//=
ZZYY 47553 22091 0025/ 779341 103373 6111/
444 20110 21091 2353/ 500// 9/000=
ZZYY 48713 22091 0023/ 175324 165509 6112/
444 500// 9/000=
####018000201####
SSVX07 KARS 220030
ZZYY 48536 22091 0030/ 173207 154084 6112/
11119 11011 40069
444 20120 22091 0022/=
ZZYY 48534 22091 0020/ 783365 046220 6112/
11119 11151 40166
444 20120 21091 2342/=
####018000155####
SSVX13 KARS 220030
ZZYY 17655 21091 2330/ 557023 128059 6112/
11119 30102 40102 57012
22219 00029
444 20120 21091 2229/ 50101 80110 80074 9/015=
####018005471####
SSVX02 KARS 220030 RRA
ZZYY 51627 22091 0021/ 517818 169384 6112/
22219 00277
444 20120 21091 2213/ 50101 80113 80000 9/015=
ZZYY 51655 22091 0021/ 528684 169954 6111/
22219 00187
444 20110 22091 0018/ 50101 80107 80010 9/015=
ZZYY 32871 22091 0020/ 525930 150012 6112/
22219 00228
444 20120 22091 0017/ 50101 80104 80037 9/015=
ZZYY 32564 22091 0021/ 533989 133404 6112/
22219 00145
444 20120 22091 0018/ 50101 80007 80081 9/015=
ZZYY 32709 22091 0020/ 520547 135681 6112/
22219 00251
444 20120 21091 2247/ 50101 80121 80011 9/015=
ZZYY 32725 22091 0020/ 513082 167682 6111/
22219 00278
444 20110 21091 2029/ 50101 80121 80004 9/015=
ZZYY 51753 22091 0020/ 521358 163020 6112/
22219 00260
444 20120 21091 2030/ 50101 80081 80005 9/015=
ZZYY 32973 22091 0020/ 520724 156186 6111/
22219 00257
444 20110 22091 0017/ 50101 80047 80015 9/015=
ZZYY 32684 22091 0021/ 518554 158578 6111/
22219 00261
444 20110 21091 2241/ 50101 80102 80017 9/015=
ZZYY 32830 22091 0020/ 520905 160878 6112/
22219 00261
444 20120 21091 2029/ 50101 80108 80006 9/015=
ZZYY 32682 22091 0018/ 521423 155473 6111/
22219 00253
444 20110 21091 2241/ 50101 80100 80015 9/015=
ZZYY 51649 22091 0017/ 527099 160024 6113/
22219 00212
444 20130 21091 2037/ 50101 8//// 80000 9/015=
ZZYY 34538 22091 0020/ 530198 143031 6112/
22219 00200
444 20120 22091 0018/ 50101 80010 80005 9////=
ZZYY 32827 22091 0021/ 522864 139144 6111/
22219 00241
444 20110 22091 0018/ 50101 80102 80002 9/015=
ZZYY 54925 22091 0021/ 528933 133640 6111/
22219 00202
444 20110 22091 0017/ 50101 80104 80000 9/015=
ZZYY 32816 22091 0021/ 520014 130168 6113/
22219 00263
444 20130 21091 2247/ 50101 80102 80000 9/015=
ZZYY 51526 22091 0020/ 507462 164056 6112/
22219 00278
444 20120 21091 2028/ 50101 80121 80010 9/015=
ZZYY 51643 22091 0021/ 508501 152900 6111/
22219 00273
444 20110 22091 0004/ 50101 80117 80011 9/015=
ZZYY 51624 22091 0021/ 516190 174305 6111/
22219 00281
444 20110 21091 2212/ 50101 80087 80020 9/015=
ZZYY 32719 22091 0020/ 510527 167221 6111/
444 20110 21091 2212/ 50101 80540 80002 9/015=
ZZYY 32558 22091 0020/ 520188 153746 6111/
22219 00264
444 20110 22091 0017/ 50101 80108 80099 9/015=
ZZYY 51907 22091 0021/ 504190 159780 6111/
22219 00273
444 20110 22091 0004/ 50101 80119 80027 9/015=
ZZYY 55591 22091 0000/ 538621 124697 6112/
22219 00138
444 20120 21091 2235/ 50101 80010 80000 9////=
ZZYY 32616 22091 0020/ 522581 140462 6111/
22219 00245
444 20110 22091 0017/ 50101 80100 80025 9/015=
ZZYY 32642 22091 0021/ 526352 132404 6111/
22219 00228
444 20110 22091 0017/ 50101 80104 80000 9/015=
ZZYY 51873 22091 0021/ 507943 161927 6111/
22219 00278
444 20110 21091 2248/ 50101 80119 80021 9/015=
ZZYY 32804 22091 0020/ 522917 130435 6111/
22219 00232
444 20110 21091 2239/ 50101 80048 80000 9/015=
ZZYY 32546 22091 0021/ 523995 135537 6111/
22219 00228
444 20110 22091 0017/ 50101 80050 80002 9/015=
ZZYY 64936 22091 0020/ 176103 007117 6111/
22219 00073
33311 88872 20000 30725 43511
444 20110 21091 2337/ 50101 80100 80100 9/015=
ZZYY 63561 22091 0020/ 775970 000151 6111/
22219 00049
33311 88872 20000 30490 42048
444 20110 21091 2340/ 50101 80070 80100 9/015=
ZZYY 48673 22091 0024/ 776602 124183 6112/
444 20120 22091 0018/ 500// 9/000=
ZZYY 63964 22091 0025/ 173775 023076 6112/
444 20120 21091 2323/ 50101 80009 80012 9/015=
ZZYY 63948 22091 0025/ 175372 035583 6111/
22219 00056
444 20110 21091 2341/ 50101 80008 80007 9/015=
ZZYY 63583 22091 0025/ 172522 046810 6111/
22219 00081
444 20110 21091 2342/ 50101 80007 80008 9/015=
ZZYY 63584 22091 0024/ 777779 002160 6111/
22219 00043
444 20110 21091 2350/ 50101 80007 80012 9/015=
ZZYY 17904 22091 0010/ 345420 124242 6112/
11119 30075 40075
22219 00095
444 20120 21091 2252/ 50101 80100 80100 9/015=
ZZYY 16560 22091 0000/ 338305 069925 6111/
11119 30173 40173
22219 00133
444 20110 21091 2202/ 50101 80110 80100 9/015=
ZZYY 17522 22091 0000/ 339688 098497 6111/
11119 30178 40178
444 20110 21091 2135/ 50101 80090 80100 9/015=
ZZYY 56908 22091 0000/ 356942 138055 6112/
11119 39907 49907 54000
22219 00017
444 20120 21091 2256/ 50101 80110 80009 9/015=
ZZYY 33695 22091 0022/ 339760 130977 6111/
22219 00126
444 20110 22091 0016/ 50101 80072 80005 9/015=
ZZYY 55945 22091 0010/ 343477 122094 6112/
11119 30116 40116 52028
22219 00099
444 20120 22091 0015/ 50101 8//// 80000 9////=
ZZYY 33951 22091 0025/ 338973 087172 6112/
22219 00116
444 20120 22091 0015/ 50101 80072 80027 9/015=
ZZYY 33632 22091 0000/ 341942 136587 6111/
444 20110 22091 0019/ 50101 9////=
ZZYY 56909 22091 0000/ 359202 132087 6112/
11119 39897 49897 52011
22219 01001
444 20120 21091 2253/ 50101 80110 80013 9/015=
ZZYY 33690 22091 0024/ 342359 099576 6112/
22219 00108
444 20120 22091 0016/ 50101 80074 80104 9/015=
ZZYY 33692 22091 0024/ 341255 091011 6112/
22219 00108
444 20120 22091 0017/ 50101 80074 80059 9/015=
ZZYY 55615 22091 0020/ 337934 089174 6112/
11119 30227 40227 52004
22219 00119
444 20120 22091 0016/ 50101 8//// 80100 9////=
ZZYY 23678 22091 0021/ 340018 089072 6112/
22219 00113
444 20120 21091 2137/ 50101 80049 80099 9////=
ZZYY 34544 22091 0010/ 345874 112587 6112/
11119 40114 57010
22219 00099
444 20120 22091 0015/ 50101 80010 80015 9////=
####018000899####
SSVX08 KARS 220030
ZZYY 51022 21091 12004 501975 154995 6111/
11119 01019 10255 29085
22219 00267
33311 88872 20000 32672 20001 32678 43532 20025 32676 20050 32669
20075 32668 20100 32664 20125 31920 20150 31592 20200 31337
20300 31100
444 20110 21091 1143/ 521// 60401=
ZZYY 51019 21091 12004 504984 155022 6112/
11119 01013 10270 29079
22219 00271
33311 88870 20000 32708 20001 32712 20025 32709 20050 32707
20075 32706 20100 32706 20125 32608 20150 32164 20200 31449
20250 31163 20300 31067 20500 30823
444 20120 21091 1256/ 521// 60401=
ZZYY 53009 21091 1200/ 311887 093328 6111/
33311 88872 20020 32651 43401 20040 32651 43407 20060 32651 43403
20080 32650 20100 32613 20120 32488 20180 31930 20300 31219
20500 30915
444 20110 21091 1201/ 521//=
ZZYY 53009 22091 00004 311876 093324 6112/
11119 01214 10246 29083
444 20120 21091 2016/ 521// 60401=
####018014927####
SSVX02 KARS 220030
ZZYY 55922 21091 2300/ 539553 158306 6111/
11119 30093 40093 57038
22219 00127
444 20110 22091 0017/ 50101 80110 80013 9/015=
ZZYY 55922 21091 2120/ 539521 158306 6113/
11119 30121 40121 57014
22219 00127
444 20130 21091 2039/ 50101 80110 80010 9/015=
ZZYY 55922 22091 0000/ 539553 158306 6111/
11119 30076 40076 57045
22219 00127
444 20110 22091 0017/ 50101 80110 80011 9/015=
ZZYY 54901 21091 2310/ 543131 153250 6112/
11119 30143 40143 57017
22219 00106
444 20120 21091 2234/ 50101 80080 80006 9/015=
ZZYY 33587 21091 2300/ 551522 124216 6112/
22219 00065
444 20120 21091 2232/ 50101 80009 80000 9////=
ZZYY 33587 22091 0000/ 551522 124216 6112/
22219 00065
444 20120 21091 2232/ 50101 80009 80000 9////=
ZZYY 71640 21091 2300/ 557202 118259 6111/
22219 00026
444 20110 21091 2229/ 50101 80009 80000 9////=
ZZYY 71606 21091 2340/ 556932 118210 6111/
22219 00032
444 20110 21091 2228/ 50101 80010 80000 9////=
ZZYY 71616 21091 2340/ 561272 130859 6113/
11119 40158 57027
22219 01003
444 20130 21091 2228/ 50101 80010 80000 9////=
ZZYY 71616 21091 2240/ 561272 130859 6113/
11119 40171 57019
22219 01002
444 20130 21091 2228/ 50101 80010 80000 9////=
ZZYY 55937 21091 2320/ 526665 127400 6111/
444 20110 21091 2239/ 50101 9////=
ZZYY 54942 21091 2300/ 533047 161503 6111/
11119 30088 40088 57016
22219 00167
444 20110 22091 0017/ 50101 8//// 80025 9////=
ZZYY 54942 21091 2200/ 533070 161539 6113/
11119 30087 40087 57010
22219 00167
444 20130 21091 2038/ 50101 8//// 80009 9////=
ZZYY 54942 22091 0000/ 533047 161503 6111/
11119 30079 40079 57025
22219 00168
444 20110 22091 0017/ 50101 8//// 80014 9////=
ZZYY 55920 21091 2340/ 533892 135899 6112/
11119 30144 40144 57008
444 20120 22091 0017/ 50101 8//// 80098 9/015=
ZZYY 54948 21091 2340/ 529974 150625 6112/
11119 40084 57038
22219 00201
444 20120 22091 0017/ 50101 80010 80000 9////=
ZZYY 71627 21091 2230/ 353697 175297 6112/
22219 00071
444 20120 21091 2223/ 50101 80110 80004 9/015=
ZZYY 54949 21091 2300/ 530713 153712 6111/
11119 40081 57009
22219 00182
444 20110 21091 2238/ 50101 80010 80000 9////=
ZZYY 54949 22091 0000/ 530699 153688 6112/
11119 40080 57007
22219 00182
444 20120 22091 0018/ 50101 80010 80000 9////=
ZZYY 33628 21091 2310/ 548004 137454 6113/
22219 00081
444 20130 21091 2233/ 50101 80010 80004 9////=
ZZYY 33628 22091 0000/ 547990 137453 6111/
22219 00081
444 20110 22091 0018/ 50101 80010 80004 9////=
ZZYY 55596 21091 2310/ 541274 135712 6112/
11119 30069 40069 52002
22219 00120
444 20120 21091 2234/ 50101 80090 80000 9/015=
ZZYY 55596 22091 0010/ 541274 135712 6112/
11119 30071 40071 52003
22219 00119
444 20120 21091 2234/ 50101 80090 80000 9/015=
ZZYY 33665 21091 2350/ 548100 155007 6113/
11119 40183 57006
22219 00091
444 20130 22091 0017/ 50101 80010 80008 9////=
ZZYY 33665 21091 2250/ 548089 154985 6112/
11119 40188 54000
22219 00091
444 20120 21091 2232/ 50101 80010 80009 9////=
ZZYY 54935 21091 2300/ 541345 136333 6112/
11119 30075 40075 52002
22219 00111
444 20120 21091 2234/ 50101 80080 80000 9/015=
ZZYY 54935 22091 0000/ 541334 136331 6111/
11119 30077 40077 52002
22219 00111
444 20110 22091 0017/ 50101 80080 80000 9/015=
ZZYY 54928 21091 2310/ 542437 153649 6113/
22219 00112
444 20130 21091 2235/ 50101 80110 80007 9/015=
ZZYY 54928 22091 0010/ 542435 153654 6111/
22219 00111
444 20110 22091 0018/ 50101 80110 80006 9/015=
ZZYY 54909 21091 2300/ 541694 147915 6112/
11119 30138 40138 57013
22219 00114
444 20120 21091 2234/ 50101 80090 80005 9/015=
ZZYY 54909 22091 0000/ 541694 147913 6112/
11119 30136 40136 57011
22219 00115
444 20120 22091 0018/ 50101 80090 80004 9/015=
ZZYY 55566 21091 2340/ 535945 146773 6113/
22219 00150
444 20130 22091 0018/ 50101 80009 80000 9////=
ZZYY 55911 21091 2330/ 536962 157399 6111/
11119 40075 57040
22219 00142
444 20110 22091 0017/ 50101 80010 80019 9////=
ZZYY 54550 21091 2340/ 531863 143579 6113/
11119 40160 57036
22219 00188
444 20130 22091 0017/ 50101 80010 80006 9////=
ZZYY 54547 21091 2250/ 540660 116034 6112/
22219 00108
444 20120 21091 2234/ 50101 80010 80005 9////=
ZZYY 55593 21091 2330/ 546639 144980 6112/
11119 30101 40101 57008
22219 00086
444 20120 22091 0017/ 50101 80100 80000 9/015=
ZZYY 55614 21091 2300/ 538413 168914 6111/
11119 39925 49925 57016
22219 00138
444 20110 21091 2222/ 50101 80110 80000 9/015=
ZZYY 55614 22091 0000/ 538428 168894 6112/
11119 39924 49924 57011
22219 00140
444 20120 22091 0017/ 50101 80110 80000 9/015=
ZZYY 55948 21091 2230/ 562611 123718 6113/
22219 00007
444 20130 21091 2228/ 50101 8//// 80000 9////=
ZZYY 54858 21091 2250/ 528345 124920 6112/
11119 30141 40141 57012
22219 00202
444 20120 21091 2237/ 50101 8//// 80000 9////=
ZZYY 54858 22091 0000/ 528345 124920 6112/
11119 30143 40143 57005
22219 00203
444 20120 21091 2237/ 50101 8//// 80000 9////=
ZZYY 33518 21091 2310/ 537601 135330 6112/
11119 30092 40092 52001
22219 00131
444 20120 21091 2235/ 50101 8//// 80082 9/015=
ZZYY 33518 22091 0010/ 537582 135334 6112/
11119 30095 40095 52004
22219 00131
444 20120 22091 0017/ 50101 8//// 80100 9/015=
ZZYY 55952 21091 2330/ 538746 116170 6112/
444 20120 21091 2234/ 50101 80090 80015 9/015=
ZZYY 55951 21091 2330/ 538221 133431 6111/
11119 30070 40070 52002
22219 00129
444 20110 22091 0017/ 50101 80100 80005 9/015=
ZZYY 55570 21091 2300/ 538456 116628 6112/
22219 00132
444 20120 21091 2234/ 50101 80010 80003 9////=
ZZYY 56570 21091 2350/ 558973 129577 6112/
11119 30138 40138 57058
22219 00022
444 20120 21091 2230/ 50101 80100 80006 9/015=
ZZYY 56570 21091 2250/ 558973 129577 6112/
11119 30197 40197 52003
22219 00022
444 20120 21091 2230/ 50101 80100 80006 9/015=
ZZYY 55610 21091 2300/ 526810 127479 6112/
22219 00216
444 20120 21091 2238/ 50101 8//// 80008 9////=
ZZYY 55610 22091 0000/ 526810 127479 6112/
22219 00217
444 20120 21091 2238/ 50101 8//// 80051 9////=
ZZYY 34545 21091 2310/ 548524 143201 6113/
11119 40278 52020
22219 00084
444 20130 21091 2233/ 50101 80010 80012 9////=
ZZYY 34545 22091 0010/ 548515 143195 6112/
11119 40277 52003
22219 00084
444 20120 22091 0017/ 50101 80010 80009 9////=
ZZYY 34512 21091 2350/ 548093 177534 6111/
11119 40249 52032
22219 00071
444 20110 22091 0017/ 50101 80010 80007 9////=
ZZYY 34512 21091 2250/ 548100 177536 6112/
11119 40238 52047
22219 00070
444 20120 21091 2224/ 50101 80010 80009 9////=
ZZYY 34905 21091 2300/ 550967 149577 6113/
22219 00067
444 20130 21091 2233/ 50101 80010 80005 9////=
ZZYY 33568 21091 2330/ 344140 075873 6112/
22219 00104
444 20120 21091 2138/ 50101 80090 80100 9/015=
ZZYY 16555 21091 2300/ 333707 078280 6111/
22219 00155
444 20110 22091 0020/ 50101 80110 80000 9/015=
ZZYY 16555 22091 0000/ 333707 078280 6111/
22219 00155
444 20110 22091 0020/ 50101 80110 80000 9/015=
ZZYY 16575 21091 2240/ 338864 077799 6113/
11119 30170 40170 57008
22219 00126
444 20130 21091 2138/ 50101 80110 80000 9/015=
ZZYY 33906 21091 2350/ 350597 068643 6111/
22219 00020
444 20110 21091 2324/ 50101 80100 80100 9/015=
ZZYY 16577 21091 2340/ 340144 076463 6112/
11119 30146 40146
22219 00124
444 20120 21091 2138/ 50101 80100 80100 9/015=
ZZYY 16563 21091 2340/ 335122 092335 6112/
11119 30243 40243 52001
22219 00135
444 20120 22091 0020/ 50101 80110 80000 9/015=
ZZYY 16563 21091 2230/ 335103 092307 6113/
11119 30241 40241 57003
22219 00135
444 20130 21091 2136/ 50101 80110 80000 9/015=
ZZYY 17902 21091 2340/ 344856 077137 6113/
22219 00106
444 20130 21091 2137/ 50101 80110 80100 9/015=
ZZYY 17656 21091 2300/ 333095 081001 6111/
11119 30279 40279 57007
22219 00150
444 20110 22091 0021/ 50101 80110 80000 9/015=
ZZYY 17656 21091 2200/ 333101 080992 6113/
11119 30278 40278 57011
22219 00150
444 20130 21091 2135/ 50101 80110 80000 9/015=
ZZYY 33635 21091 2350/ 338009 070873 6112/
22219 00133
444 20120 21091 2202/ 50101 80100 80100 9/015=
ZZYY 33952 21091 2310/ 348495 126548 6111/
11119 39982 49982 52036
22219 00093
444 20110 21091 2235/ 50101 80100 80011 9/015=
ZZYY 33952 22091 0010/ 348480 126564 6111/
11119 39997 49997 52037
22219 00093
444 20110 22091 0020/ 50101 80100 80014 9/015=
ZZYY 33559 21091 2350/ 359035 135275 6113/
11119 39880 49880
22219 00003
444 20130 21091 2254/ 50101 80090 80097 9/015=
ZZYY 33651 21091 2340/ 345225 078681 6112/
22219 00043
444 20120 22091 0021/ 50101 80100 80000 9/015=
ZZYY 33651 21091 2240/ 345272 078619 6112/
22219 00042
444 20120 21091 2137/ 50101 80100 80000 9/015=
ZZYY 56906 21091 2340/ 324241 079318 6113/
11119 30257 40257 57002
22219 00219
444 20130 21091 2135/ 50101 80090 80100 9/015=
ZZYY 16595 21091 2240/ 327855 089184 6112/
11119 30278 40278 57008
22219 00201
444 20120 21091 2135/ 50101 80080 80000 9/015=
ZZYY 16595 21091 2340/ 327870 089168 6112/
11119 30282 40282 52001
22219 00201
444 20120 22091 0015/ 50101 80080 80000 9/015=
ZZYY 34540 21091 2310/ 343173 135062 6112/
11119 49949 57011
22219 00103
444 20120 21091 2252/ 50101 80010 80004 9////=
ZZYY 34540 22091 0010/ 343171 135065 6111/
11119 49947 57008
22219 00103
444 20110 22091 0016/ 50101 80010 80003 9////=
ZZYY 16594 21091 2340/ 340869 136738 6112/
11119 30018 40018 57021
22219 00120
444 20120 21091 2252/ 50101 80090 80000 9/015=
ZZYY 17914 21091 2350/ 327753 081671 6112/
22219 00186
444 20120 21091 2135/ 50101 80008 80100 9/015=
ZZYY 17652 21091 2350/ 347832 141651 6113/
11119 39953 49953 57001
22219 00098
444 20130 21091 2254/ 50101 80100 80087 9////=
ZZYY 17517 21091 2250/ 333987 080888 6113/
11119 30271 40271 57009
22219 00147
444 20130 21091 2135/ 50101 80110 80000 9/015=
ZZYY 17517 21091 2150/ 333987 080888 6113/
11119 30272 40272 57011
22219 00147
444 20130 21091 2135/ 50101 80110 80000 9/015=
ZZYY 16956 21091 2330/ 346550 132887 6112/
11119 39925 49925 52035
22219 00090
444 20120 21091 2253/ 50101 80110 80006 9/015=
ZZYY 17664 21091 2310/ 340559 125116 6112/
11119 30090 40090 52063
22219 00120
444 20120 21091 2253/ 50101 80110 80071 9/015=
ZZYY 17654 21091 2330/ 349894 138801 6112/
11119 39847 49847 57016
22219 00069
444 20120 21091 2254/ 50101 80110 80044 9/015=
ZZYY 16516 21091 2320/ 333368 126745 6112/
11119 30152 40152 52034
22219 00159
444 20120 21091 2252/ 50101 80110 80004 9/015=
ZZYY 16516 22091 0020/ 333356 126779 6112/
11119 30162 40162 52034
22219 00159
444 20120 22091 0015/ 50101 80110 80005 9/015=
ZZYY 16517 21091 2310/ 344763 123287 6111/
22219 00095
444 20110 21091 2254/ 50101 80123 80001 9/015=
ZZYY 16517 22091 0010/ 344755 123316 6112/
22219 00096
444 20120 22091 0017/ 50101 80123 80000 9/015=
ZZYY 33569 21091 2350/ 337049 085488 6112/
11119 30225 40225 57007
22219 00123
444 20120 22091 0015/ 50101 80110 80006 9/015=
ZZYY 33569 21091 2250/ 337040 085476 6111/
11119 30225 40225 57010
22219 00123
444 20110 21091 2136/ 50101 80110 80006 9/015=
ZZYY 33569 21091 2150/ 337040 085476 6111/
11119 30227 40227 57013
22219 00123
444 20110 21091 2136/ 50101 80110 80007 9/015=
ZZYY 55595 21091 2340/ 341239 091630 6113/
11119 40193 57002
22219 00106
444 20130 22091 0016/ 50101 80009 80000 9////=
ZZYY 34534 21091 2330/ 351831 138218 6113/
11119 49807 57031
22219 00058
444 20130 21091 2253/ 50101 80010 80009 9////=
ZZYY 16513 21091 2300/ 336465 099497 6111/
11119 30192 40192 52001
22219 00141
444 20110 21091 2237/ 50101 8//// 80002 9////=
ZZYY 33881 21091 2330/ 348528 085244 6111/
11119 39967 49967 57034
22219 00059
444 20110 21091 2242/ 50101 80110 80074 9/015=
ZZYY 33880 21091 2330/ 345716 085809 6111/
11119 30066 40066 57024
22219 00082
444 20110 21091 2256/ 50101 80110 80057 9/015=
ZZYY 34543 21091 2310/ 340608 115286 6112/
11119 40183 52022
22219 00109
444 20120 21091 2253/ 50101 80010 80006 9////=
ZZYY 34543 22091 0010/ 340601 115285 6113/
11119 40185 52015
22219 00109
444 20130 22091 0021/ 50101 80010 80007 9////=
ZZYY 34902 21091 2310/ 340763 129087 6111/
11119 49965 52003
22219 00113
444 20110 21091 2234/ 50101 80010 80013 9////=
ZZYY 43502 21091 2330/ 545085 158550 6112/
11119 40135 57069
22219 00094
444 20120 22091 0018/ 50101 80010 80000 9////=
ZZYY 33648 21091 2320/ 553398 134082 6113/
11119 40105 57009
22219 00066
444 20130 21091 2231/ 50101 80010 80000 9////=
ZZYY 33649 21091 2240/ 349454 177426 6112/
11119 40200 52004
22219 00071
444 20120 21091 2225/ 50101 80010 80000 9////=
ZZYY 54946 21091 2320/ 535991 152031 6112/
11119 38500 48500 54000
22219 00150
444 20120 21091 2234/ 50101 80110 80018 9/015=
ZZYY 54946 21091 2220/ 535991 152031 6112/
11119 38500 48500 54000
22219 00150
444 20120 21091 2234/ 50101 80110 80015 9/015=
ZZYY 54946 22091 0010/ 535991 152031 6112/
11119 38500 48500 54000
22219 00150
444 20120 21091 2234/ 50101 80110 80014 9/015=
ZZYY 51944 21091 2350/ 527180 156248 6112/
22219 00206
33311 88872 20000 32060 42048
444 20120 22091 0017/ 50101 80080 80029 9/015=
ZZYY 33535 21091 2310/ 550713 136194 6113/
22219 00076
444 20130 21091 2231/ 50101 80009 80000 9////=
ZZYY 51945 21091 2350/ 533957 159232 6111/
22219 00166
33311 88872 20000 31660 42048
444 20110 22091 0017/ 50101 80060 80076 9/015=
ZZYY 51945 22091 0020/ 533957 159232 6111/
22219 00167
33311 88872 20000 31665 42048
444 20110 22091 0017/ 50101 80060 80083 9/015=
ZZYY 51780 22091 0020/ 512513 161398 6111/
22219 00276
444 20110 21091 2243/ 50101 80115 80010 9/015=
ZZYY 51940 22091 0010/ 525386 169833 6111/
22219 00223
33311 88872 20000 32230 43547
444 20110 22091 0017/ 50101 80080 80003 9/015=
ZZYY 51952 22091 0010/ 525934 149435 6111/
22219 00228
33311 88872 20000 32280 43584
444 20110 22091 0017/ 50101 80100 80019 9/015=
ZZYY 51953 22091 0000/ 528893 152877 6111/
22219 00196
33311 88872 20000 31960 42048
444 20110 22091 0016/ 50101 80080 80100 9/015=
ZZYY 51946 22091 0020/ 525441 165242 6111/
22219 00216
33311 88872 20000 32160 42048
444 20110 22091 0017/ 50101 80070 80035 9/015=
ZZYY 51946 22091 0010/ 525441 165242 6111/
22219 00216
33311 88872 20000 32160 42048
444 20110 22091 0017/ 50101 80070 80035 9/015=
ZZYY 51802 22091 0020/ 522912 175327 6112/
22219 00234
444 20120 21091 2213/ 50101 80053 80008 9/015=
ZZYY 51913 22091 0021/ 515751 173334 6112/
22219 00209
444 20120 21091 2212/ 50101 80115 80017 9/015=
ZZYY 51669 22091 0021/ 511816 174781 6112/
22219 00283
444 20120 21091 2212/ 50101 80105 80013 9/015=
####018000111####
SSVX07 KARS 220032
ZZYY 48534 22091 0030/ 783365 046246 6111/
11119 11151 40166
444 20110 22091 0025/=
####018000351####
SSVX06 KARS 220032
ZZYY 48506 22091 0028/ 779553 119152 6113/
444 20130 22091 0022/ 500//=
ZZYY 48505 22091 0029/ 780183 127695 6112/
11119 40055
444 20120 22091 0023/ 500//=
ZZYY 47553 22091 0028/ 779345 103377 6111/
444 20110 22091 0024/ 500// 9/000=
ZZYY 48713 22091 0026/ 175324 165509 6112/
444 20120 22091 0023/ 500// 9/000=
####018000685####
SSVX02 KARS 220032
ZZYY 63579 22091 0028/ 169019 046940 6112/
444 20120 21091 2312/ 50101 80005 80007 9////=
ZZYY 63964 22091 0028/ 173778 023042 6111/
444 20110 22091 0025/ 50101 80009 80012 9/015=
ZZYY 63583 22091 0028/ 172520 046799 6111/
22219 00081
444 20110 22091 0025/ 50101 80007 80008 9/015=
ZZYY 63584 22091 0027/ 777790 002188 6111/
22219 00043
444 20110 22091 0024/ 50101 80007 80012 9/015=
ZZYY 64932 22091 0010/ 770671 013658 6111/
33311 88872 20000 43475
444 20110 21091 2349/ 50101 80011 80100 9////=
ZZYY 63569 22091 0030/ 175119 002904 6112/
22219 00059
33311 88872 20000 30590 42048
444 20120 21091 2336/ 50101 80080 80100 9/015=
####018000593####
SXPA01 KWNB 220000
ZZYY 51018 22091 00001 505029 124870 6113/ 11119 01306 10249
29075 22219 00255 33311 88872 20001 32547 43550 20020 32544 20040
32538 20060 32538 20080 32537 20100 32083 20120 31593 20140 31390
20180 31257 20300 31117 20500 30841 444 20130 22091 0000/ 34987
40500 521// 60401=
ZZYY 51007 22091 00001 705019 139978 6113/ 11119 01606 10260
29070 22219 00262 33311 88872 20001 32618 43465 20020 32598 20040
32578 20060 32548 20080 32532 20100 32520 20120 32514 20140 32416
20180 32125 20300 31003 20500 30853 444 20130 22091 0000/ 35029
40500 521// 60401=
