####018004885####
SSVX11 LFVW 100123
ZZYY 21210 09070 1600/ 138128 146393 6112/
444 20120 09070 1551/ 522//=
ZZYY 21210 09070 21004 138126 146395 6112/
11119 01824 10233 29099
22219 00221
444 20120 09070 2025/ 522// 60371=
ZZYY 21210 09070 19004 138126 146380 6111/
11119 01820 10227 29099
22219 00223
444 20110 09070 1905/ 522// 60371=
ZZYY 21210 09070 15004 138125 146401 6112/
11119 01917 10229 29100
22219 00224
444 20120 09070 1541/ 522// 60371=
ZZYY 21210 09070 17004 138126 146396 6112/
11119 01917 10228 29100
22219 00224
444 20120 09070 1720/ 522// 60371=
ZZYY 21210 09070 11004 138128 146394 6111/
11119 01818 10224 29100
22219 00223
444 20110 09070 1105/ 522// 60371=
ZZYY 21210 09070 13004 138126 146402 6112/
11119 01918 10229 29099
22219 00224
444 20120 09070 1248/ 522// 60371=
ZZYY 21210 09070 20004 138126 146395 6112/
11119 01923 10229 29099
22219 00222
444 20120 09070 2025/ 522// 60371=
ZZYY 21210 09070 22004 138127 146386 6111/
11119 01924 10234 29099
22219 00220
444 20110 09070 2206/ 522// 60371=
ZZYY 52087 09070 23004 107859 136486 6112/
11119 02403 10294 29072 40111
22219 00303
33311 88872 20000 33027 20125 32521 43483 20150 31924 43476
20200 31368 43454 20250 31137 43451 20500 30771 43455
444 20120 09070 2225/ 522// 60381=
ZZYY 52073 09070 2300/ 104940 137289 6112/
11119 10297 29076 40111
22219 00303
444 20120 09070 2225/ 522//=
ZZYY 52084 09070 12004 104973 156033 6113/
11119 00308 10277 29072 30125 40125
22219 00293
33311 88872 20000 32927 20002 32927 20025 32961 43418
20050 32960 43428 20075 32922 43446 20100 32734 43476
20125 32359 43492 20150 31959 43481 20200 31233 43455
20250 30998 43461 20300 30921 43462 20500 30755 43456
20750 30583 43453
444 20130 09070 1128/ 522// 60401=
ZZYY 52077 09070 2300/ 101992 147028 6112/
444 20120 09070 2224/ 522//=
ZZYY 52082 09070 17004 102036 156023 6113/
11119 00208 10283 29072 30100 40100
22219 00298
33311 88872 20000 32979 20002 32979 43458 20025 32981 43462
20050 32981 43460 20075 32983 43462 20100 32898 20125 32550 43485
20150 32112 43502 20200 31416 43464 20250 31142 43474
20300 31028 43474 20500 30817 43459 20750 30601 43453
444 20130 09070 1732/ 522// 60401=
ZZYY 52082 09070 19004 102037 156025 6111/
11119 00310 10285 29071 30099 40099
22219 00298
33311 88872 20000 32979 20002 32979 43457 20025 32980 43462
20050 32981 43460 20075 32982 43470 20100 32824 20125 32540 43487
20150 32173 43497 20200 31432 43466 20250 31142 43473
20300 31034 43474 20500 30814 43459 20750 30589 43453
444 20110 09070 1853/ 522// 60401=
ZZYY 52085 09070 22004 100012 156050 6113/
11119 00209 10290 29071 30119 40119
22219 00293
33311 88872 20000 32934 20002 32934 43507 20025 32934 43517
20050 32928 43517 20075 32800 43529 20100 32591 43518
20125 32554 43540 20150 32333 43564 20200 31683 43522
20250 31433 43508 20300 31143 43481 20500 30819 43459
20750 30579 43452
444 20130 09070 2156/ 522// 60401=
ZZYY 52078 09070 13004 104959 147032 6113/
11119 00808 30114 40114
22219 00297
33311 88872 20000 32966 20002 32966 43385 20025 32966 43383
20050 32969 43416 20075 32913 43446 20100 32701 43478
20125 32524 43488 20150 31910 43471 20200 31187 43454
20250 30992 43459 20300 30911 43460 20500 30754 43456
20750 30594 43453
444 20130 09070 1237/ 522// 60401=
ZZYY 52078 09070 12004 104960 147030 6113/
11119 00809 30114 40114
22219 00297
33311 88872 20000 32966 20002 32966 43385 20025 32964 43382
20050 32975 43404 20075 32921 43446 20100 32704 43477
20125 32519 43488 20150 31873 43472 20200 31167 43455
20250 30987 43458 20300 30903 43462 20500 30749 43457
20750 30600 43454
444 20130 09070 1127/ 522// 60401=
ZZYY 52083 09070 1700/ 108015 155950 6113/
11119 10258 29085 30113 40113
22219 00293
33311 88872 20000 32930 20002 32930 43411 20025 32932 43415
20050 32931 43418 20075 32933 43424 20100 32883 43451
20125 32691 43469 20150 32051 43482 20200 31199 43450
20250 31019 43457 20300 30957 43460 20500 30763 43455
20750 30575 43452
444 20130 09070 1730/ 522//=
ZZYY 52083 09070 1900/ 108009 155949 6111/
11119 10273 29063 30102 40102
22219 00293
33311 88872 20000 32928 20002 32928 43412 20025 32933 43415
20050 32933 43420 20075 32930 43425 20100 32871 43451
20125 32641 43471 20150 31986 43470 20200 31156 43449
20250 30994 43459 20300 30944 43461 20500 30755 43455
20750 30581 43452
444 20110 09070 1850/ 522//=
ZZYY 52083 09070 1800/ 108015 155950 6113/
11119 10263 29076 30105 40105
22219 00293
33311 88872 20000 32932 20002 32932 43413 20025 32933 43416
20050 32931 43418 20075 32934 43423 20100 32890 43449
20125 32686 43467 20150 31972 43471 20200 31171 43449
20250 31000 43459 20300 30950 43461 20500 30759 43455
20750 30586 43453
444 20130 09070 1730/ 522//=
####018000129####
SSVX01 LFVW 100123
ZZYY 41096 10070 0046/ 716528 061407 6112/
22219 00295 10604 20056 21021
444 20120 10070 0034/ 516//=
####018000519####
SSVX13 LFVW 100123
ZZYY 31739 10070 0050/ 707938 048614 6111/
11119 40148 52012
22219 00286
444 20110 10070 0031/ 50101 80108 80000 9/015=
ZZYY 31861 10070 0000/ 713550 053245 6111/
11119 40159 52015
22219 00289
33311 88872 20000 32890 43417
444 20110 09070 2007/ 50101 80108 80051 9/015=
ZZYY 31861 10070 0100/ 713550 053245 6111/
444 20110 09070 2007/ 50101 9/015=
ZZYY 25621 10070 0100/ 760538 059336 6111/
11119 30073 40073 52003
22219 00078
444 20110 10070 0044/ 50101 80060 9/015=
####018000849####
SSVX02 LFVW 100123
ZZYY 21732 09070 2327/ 143767 146931 6113/
22219 00129
444 20130 09070 2324/ 50101 80016 80021 9/015=
ZZYY 21735 09070 2328/ 137053 136720 6112/
22219 00239
444 20120 09070 2357/ 50101 80112 80000 9/015=
ZZYY 22690 09070 2324/ 136412 135887 6113/
22219 00235
444 20130 09070 2042/ 50101 80146 80007 9/015=
ZZYY 22689 09070 2327/ 137882 131819 6111/
22219 00234
444 20110 09070 2325/ 50101 80146 80005 9/015=
ZZYY 21738 09070 2328/ 134657 129495 6111/
22219 00258
444 50101 80138 80001 9/015=
ZZYY 22688 09070 2328/ 138767 131680 6112/
22219 00231
444 20120 09070 2326/ 50101 80146 80008 9/015=
ZZYY 21520 09070 2327/ 138290 132211 6111/
22219 00275
444 50101 80144 80005 9/015=
ZZYY 21701 09070 2324/ 138300 135299 6112/
22219 00275
444 20120 09070 1721/ 50101 80144 80008 9/015=
####018000207####
SSVX07 LFVW 100123
ZZYY 48592 09070 2320/ 770047 142774 6113/
11119 10126 30107 40107
444 20130 09070 2314/=
ZZYY 48592 10070 0120/ 770046 142776 6113/
11119 30102 40102
444 20130 09070 2359/=
####018000733####
SSVX12 KARS 100125
ZZYY 48530 10070 0100/ 773623 170628 6113/
11119 10002
444 20130 10070 0111/ 504// 80127=
ZZYY 48684 10070 0100/ 787965 110065 6113/
11119 11265 49992
444 504// 80138=
ZZYY 48526 10070 0110/ 770879 152783 6113/
11119 10084 30096 40096
444 20130 10070 0111/=
ZZYY 48522 10070 0110/ 174502 173819 6112/
11119 10004 30184 40184
444 20120 10070 0113/=
ZZYY 48525 10070 0110/ 776921 125436 6112/
11119 10006 39991 49991=
ZZYY 25594 10070 0040/ 186554 000325 6112/
11119 30047 40047 52009
22219 00120
444 20120 09070 2342/ 50101 80090 80002 9/015=
ZZYY 25595 10070 0100/ 787305 022269 6112/
11119 30047 40047 52002
22219 00052
444 20120 10070 0112/ 50101 80090 80002 9/015=
####018000447####
SSVX07 KARS 100125
ZZYY 48533 10070 0110/ 783707 036282 6112/
11119 10016 40040
444 20120 10070 0111/=
ZZYY 48536 10070 0110/ 773980 134254 6111/
11119 10015 40066=
ZZYY 48536 10070 0120/ 773980 134254 6111/
11119 10015 40066
444 20110 10070 0109/=
ZZYY 48534 10070 0110/ 783563 048112 6113/
11119 10025 40028
444 20130 10070 0112/=
ZZYY 48534 10070 0120/ 783563 048112 6113/
11119 10027 40025
444 20130 10070 0112/=
####018000439####
SSVX06 KARS 100125
ZZYY 47555 10070 0111/ 777290 096032 6112/
444 20120 09070 2338/ 500// 9/000=
ZZYY 47554 10070 0115/ 779425 108381 6113/
444 20130 10070 0111/ 500// 9/000=
ZZYY 47553 10070 0115/ 779180 102184 6111/
444 20110 10070 0109/ 500// 9/000=
ZZYY 47552 10070 0116/ 779704 104525 6112/
11119 49886
444 20120 10070 0113/ 500//=
ZZYY 48558 10070 0113/ 782466 102151 6113/
444 20130 10070 0111/ 500// 9/000=
####018002363####
SSVX02 KARS 100125
ZZYY 48689 10070 0110/ 776304 126184 6113/
11119 30011 40011 52026
22219 01002
444 50101 80120 80003 9/015=
ZZYY 48672 10070 0114/ 782929 102121 6113/
444 20130 10070 0111/ 500// 9/000=
ZZYY 65902 10070 0050/ 786184 054316 6112/
11119 30032 40032 57010
444 50101 80120 80003 9/015=
ZZYY 63969 10070 0114/ 174913 012034 6112/
22219 00063
444 20120 09070 2358/ 50101 80011 80033 9/015=
ZZYY 64936 10070 0110/ 174511 000403 6111/
22219 00041
33311 88872 20000 30405 43484
444 20110 10070 0049/ 50101 80120 80100 9/015=
ZZYY 63561 10070 0100/ 174669 000132 6111/
22219 00041
33311 88872 20000 30410 43485
444 20110 10070 0050/ 50101 80120 80100 9/015=
ZZYY 21538 10070 0110/ 733259 123800 6111/
11119 30155 40155 57010
22219 00166
444 20110 10070 0101/ 50101 8//// 80000 9////=
ZZYY 25629 10070 0100/ 187046 056097 6111/
11119 30047 40047 52009
444 20110 10070 0050/ 50101 80110 80000 9////=
ZZYY 21541 10070 0050/ 749301 130610 6112/
11119 30199 40199 57006
22219 00136
444 20120 10070 0105/ 50101 80011 80000 9////=
ZZYY 63685 10070 0115/ 174868 035892 6112/
22219 00055
444 20120 10070 0009/ 50101 80012 80009 9////=
ZZYY 63949 10070 0115/ 171320 018583 6112/
22219 00092
444 20120 09070 2359/ 50101 80012 80008 9/015=
ZZYY 63948 10070 0114/ 173862 024680 6111/
22219 00073
444 20110 10070 0050/ 50101 80012 80036 9/015=
ZZYY 63945 10070 0113/ 178259 004466 6111/
22219 00066
444 50101 80011 80028 9/015=
ZZYY 63582 10070 0115/ 172659 021540 6111/
22219 00081
444 20110 10070 0050/ 50101 80012 80007 9/015=
ZZYY 63577 10070 0114/ 175457 038741 6112/
22219 00035
444 20120 09070 2358/ 50101 9/015=
ZZYY 63578 10070 0114/ 173665 032773 6112/
22219 00069
444 20120 09070 2358/ 50101 80011 80008 9/015=
ZZYY 63575 10070 0114/ 172965 023973 6112/
22219 00081
444 20120 10070 0000/ 50101 80012 80006 9/015=
ZZYY 63576 10070 0115/ 175439 002811 6112/
22219 00051
444 20120 10070 0049/ 50101 80011 80005 9////=
ZZYY 63585 10070 0114/ 174718 021544 6111/
22219 00040
444 20110 10070 0050/ 50101 80012 80006 9/015=
ZZYY 63583 10070 0114/ 173440 029201 6113/
22219 00072
444 20130 09070 2359/ 50101 80012 80029 9/015=
ZZYY 63584 10070 0114/ 172193 012940 6111/
22219 00081
444 20110 09070 2358/ 50101 80011 80039 9/015=
####018000479####
SSVX02 LFVW 100125
ZZYY 56941 10070 0000/ 548453 142602 6111/
11119 49990 57056
444 20110 09070 2326/ 50101 80100 80000 9/015=
ZZYY 56942 10070 0100/ 546017 137561 6112/
22219 00085
444 20120 09070 2326/ 50101 80100 80000 9/015=
ZZYY 56942 10070 0000/ 546017 137561 6112/
22219 00089
444 20120 09070 2326/ 50101 80100 80000 9/015=
ZZYY 56946 10070 0100/ 546070 160686 6111/
11119 49904 52013
22219 00107
444 20110 09070 2326/ 50101 80100 80000 9/015=
####018002791####
SSVX13 LFVW 100125
ZZYY 55580 09070 2320/ 326039 171378 6111/
11119 30151 40151 57004
22219 00215
444 20110 09070 2232/ 50101 80008 80100 9/015=
ZZYY 55580 10070 0020/ 326011 171338 6112/
11119 30144 40144 57018
22219 00214
444 20120 10070 0105/ 50101 80008 80100 9/015=
ZZYY 55583 09070 2320/ 531127 178228 6112/
11119 30230 40230 52002
22219 00181
444 20120 09070 2204/ 50101 80009 80041 9/015=
ZZYY 55583 09070 2220/ 531127 178228 6112/
11119 30237 40237 52017
22219 00181
444 20120 09070 2204/ 50101 80009 80027 9/015=
ZZYY 55583 10070 0020/ 531077 178213 6112/
11119 30227 40227 57005
22219 00181
444 20120 10070 0105/ 50101 80009 80024 9/015=
ZZYY 55585 09070 2220/ 526443 176097 6112/
11119 40219 52013
22219 00192
444 20120 09070 2202/ 50101 80010 80000 9/015=
ZZYY 55585 09070 2320/ 526443 176097 6112/
11119 40215 52006
22219 00192
444 20120 09070 2202/ 50101 80010 80000 9/015=
ZZYY 55585 10070 0020/ 526409 176091 6112/
11119 40211
22219 00192
444 20120 10070 0105/ 50101 80010 80000 9/015=
ZZYY 55586 09070 2320/ 527368 176250 6112/
11119 40217 52008
444 20120 09070 2201/ 50101 80010 80000 9/015=
ZZYY 55586 09070 2220/ 527368 176250 6112/
11119 40223 52015
444 20120 09070 2201/ 50101 80010 80000 9/015=
ZZYY 55586 10070 0020/ 527373 176276 6112/
11119 40211 57004
444 20120 10070 0105/ 50101 80010 80000 9/015=
ZZYY 55587 09070 2330/ 329323 177338 6112/
11119 40211 57001
22219 00187
444 20120 09070 2203/ 50101 80010 80000 9/015=
ZZYY 55587 10070 0030/ 329302 177328 6111/
11119 40205 57008
22219 00188
444 20110 10070 0105/ 50101 80010 80000 9/015=
ZZYY 55588 09070 2320/ 326197 164564 6112/
11119 40194 52026
22219 00208
444 20120 09070 2233/ 50101 80010 80000 9/015=
ZZYY 55588 10070 0020/ 326197 164564 6112/
11119 40194 52008
22219 00208
444 20120 09070 2233/ 50101 80010 80000 9/015=
ZZYY 55079 09070 2350/ 334163 172145 6113/
11119 40261 52009
444 20130 09070 2205/ 50101 80010 9/015=
ZZYY 55079 09070 2240/ 334163 172145 6113/
11119 40265 52019
444 20130 09070 2205/ 50101 80010 9/015=
ZZYY 55081 09070 2310/ 349668 178810 6113/
11119 30198 40198 52001
444 20130 09070 2208/ 50101 9/015=
ZZYY 56547 10070 0050/ 543125 138317 6111/
22219 00105
444 20110 09070 2327/ 50101 80100 80000 9/015=
ZZYY 55643 10070 0110/ 318237 162044 6112/
11119 40160
22219 00249
33311 88872 20000 32490 43541
444 20120 09070 2230/ 50101 80120 80010 9/015=
ZZYY 52751 10070 0040/ 311138 175303 6111/
11119 40116
22219 00288
33311 88872 20000 32875 43439
444 20110 10070 0105/ 50101 80110 80070 9/015=
ZZYY 55571 10070 0040/ 547170 143464 6112/
11119 30002 40002 57025
22219 00088
444 20120 09070 2326/ 501// 80008 80100=
