####018000593####
SXPA01 KWNB 211500
ZZYY 51018 21091 15001 505029 124871 6113/ 11119 01107 10245
29077 22219 00254 33311 88872 20001 32536 43549 20020 32537 20040
32537 20060 32537 20080 32536 20100 31991 20120 31603 20140 31363
20180 31255 20300 31114 20500 30828 444 20130 21091 1500/ 35001
40500 521// 60401=
ZZYY 51007 21091 15001 705020 139978 6113/ 11119 01507 10253
29073 22219 00259 33311 88872 20001 32593 43465 20020 32593 20040
32566 20060 32547 20080 32531 20100 32523 20120 32521 20140 32501
20180 32273 20300 31015 20500 30853 444 20130 21091 1500/ 35033
40500 521// 60401=
####018000645####
SSVX11 LFVW 211532
ZZYY 52081 21091 0700/ 100070 138039 6113/
33311 88872 20002 32954 43406 20025 32935 43440 20050 32923 43462
20075 32875 43493 20100 32817 43506 20125 32498 43553
20150 32173 43550 20200 31874 43537 20250 31548 43512
20300 31404 43507 20500 30788 43458 20750 30546 43451
444 20130 21091 0703/ 522//=
ZZYY 52081 21091 0900/ 100077 138028 6111/
33311 88872 20002 32956 43427 20025 32935 43440 20050 32924 43459
20075 32871 43492 20100 32811 43501 20125 32569 43555
20150 32290 43542 20200 31896 43537 20250 31566 43515
20300 31455 43511 20500 30788 43458 20750 30555 43451
444 20110 21091 0842/ 522//=
####018002297####
SSVX02 KARS 211536
ZZYY 71630 21091 1400/ 338272 038983 6112/
11119 30234 40234 52015
22219 00134
444 20120 21091 1337/ 50101 80100 80000 9/015=
ZZYY 33696 21091 1520/ 333219 050166 6111/
11119 30212 40212 52013
22219 00166
444 20110 21091 1338/ 50101 80100 80000 9/015=
ZZYY 33696 21091 1420/ 333219 050166 6111/
11119 30207 40207 52014
22219 00167
444 20110 21091 1338/ 50101 80100 80000 9/015=
ZZYY 33656 21091 1510/ 348150 029730 6111/
11119 30040 40040
22219 00075
444 20110 21091 1355/ 50101 80110 80100 9/015=
ZZYY 17679 21091 1500/ 333524 051661 6111/
444 20110 21091 1339/ 50101 80070 80029 9/015=
ZZYY 15508 21091 1430/ 332192 013419 6112/
11119 30278 40278 54000
22219 00185
444 20120 20091 1543/ 50101 80050 80000 9/015=
ZZYY 14550 21091 1510/ 332409 036967 6113/
11119 30230 40230
22219 00196
444 20130 21091 1339/ 50101 80110 80100 9/015=
ZZYY 33520 21091 1450/ 338945 055298 6111/
11119 30177 40177 52019
22219 00154
444 20110 21091 1335/ 50101 80100 80000 9/015=
ZZYY 33555 21091 1520/ 339661 006328 6113/
11119 30231 40231 57015
22219 00119
444 20130 21091 1357/ 50101 80100 80100 9/015=
ZZYY 17690 21091 1450/ 330789 045631 6113/
22219 00188
444 20130 21091 1339/ 50101 80090 80003 9/015=
ZZYY 33907 21091 1500/ 533833 003050 6112/
11119 30274 40274 57014
22219 00155
444 20120 21091 1407/ 50101 8//// 80000 9////=
ZZYY 33573 21091 1410/ 349947 025388 6113/
11119 39996 49996 52003
22219 00012
444 20130 21091 1355/ 50101 80130 80001 9/015=
ZZYY 33571 21091 1440/ 328421 042943 6112/
11119 30208 40208 52015
22219 00230
444 20120 21091 1340/ 50101 8//// 80033 9////=
ZZYY 16608 21091 1350/ 330463 044360 6113/
11119 40214 52011
22219 00194
444 20130 21091 1339/ 50101 80010 80005 9////=
ZZYY 33691 21091 1521/ 527602 002096 6112/
22219 00185
444 20120 21091 1407/ 50101 80070 80000 9/015=
ZZYY 16511 21091 1510/ 341136 025488 6112/
11119 30252 40252 52001
22219 00113
444 20120 21091 1357/ 50101 80110 80001 9/015=
ZZYY 31708 21091 1520/ 331538 009997 6113/
22219 00167
444 20130 21091 1404/ 50101 80004 80036 9////=
ZZYY 15620 21091 1510/ 326884 000228 6112/
11119 30260 40260 57013
22219 00179
444 20120 21091 1406/ 50101 80077 80015 9/015=
####018008119####
SSVX02 KARS 211538
ZZYY 31781 21091 1517/ 720987 068645 6112/
22219 00285
444 20120 21091 1409/ 50101 80120 80019 9/015=
ZZYY 41999 21091 1520/ 730979 060434 6111/
22219 00285
444 20110 21091 1400/ 50101 80110 80059 9/015=
ZZYY 41932 21091 1520/ 732163 055421 6112/
22219 00289
444 20120 21091 1341/ 50101 80050 80000 9/015=
ZZYY 31982 21091 1523/ 730993 067169 6112/
22219 00265
444 20120 21091 1519/ 50101 80051 80009 9/015=
ZZYY 31775 21091 1520/ 726200 062776 6111/
444 20110 21091 1403/ 50101 80052 80090 9/015=
ZZYY 41593 21091 1520/ 726462 063435 6112/
11119 30216 40216 52009
22219 00275
444 20120 21091 1342/ 50101 80120 80030 9/015=
ZZYY 42536 21091 1517/ 735390 057312 6111/
444 20110 21091 1341/ 50101 80118 80001 9/015=
ZZYY 41622 21091 1510/ 725986 065595 6112/
11119 30203 40203 52006
22219 00284
444 20120 21091 1520/ 50101 80120 80010 9/015=
ZZYY 43537 21091 1521/ 738352 065887 6113/
22219 00263
444 20130 21091 1400/ 50101 80122 80014 9/015=
ZZYY 51670 21091 1523/ 710159 106732 6112/
444 20120 21091 1418/ 50101 80109 80004 9/015=
ZZYY 41719 21091 1410/ 733241 055058 6112/
11119 40263 52008
22219 00293
444 20120 21091 1340/ 50101 80009 80000 9////=
ZZYY 42538 21091 1518/ 733568 053889 6111/
444 20110 21091 1341/ 50101 80100 9////=
ZZYY 44882 21091 1430/ 729755 062471 6111/
11119 40235 52006
444 20110 21091 1403/ 50101 80009 80000 9////=
ZZYY 41912 21091 1410/ 734972 056787 6111/
11119 30262 40262 52012
22219 00271
444 20110 21091 1400/ 50101 80110 80063 9/015=
ZZYY 41561 21091 1430/ 727067 056008 6111/
11119 30235 40235 52009
22219 00280
444 20110 21091 1342/ 50101 80110 80012 9/015=
ZZYY 41909 21091 1440/ 735189 068189 6113/
11119 30249 40249 52008
22219 00271
444 20130 21091 1400/ 50101 80120 80000 9/015=
ZZYY 32624 21091 1526/ 511351 100627 6112/
22219 00222
444 20120 21091 1354/ 50101 80116 80180 9/015=
ZZYY 13568 21091 1510/ 725230 052245 6113/
11119 30226 40226 52002
22219 00281
444 20130 21091 1337/ 50101 80100 80000 9////=
ZZYY 41955 21091 1440/ 729294 077452 6113/
11119 30191 40191
22219 00288
444 20130 21091 1400/ 50101 80110 80100 9/015=
ZZYY 41954 21091 1430/ 728638 078461 6113/
11119 30187 40187
22219 00279
444 20130 21091 1400/ 50101 80110 80100 9/015=
ZZYY 41972 21091 1430/ 737569 060334 6112/
11119 30264 40264
22219 00264
444 20120 21091 1359/ 50101 80120 80100 9/015=
ZZYY 41944 21091 1430/ 732667 070964 6113/
11119 30232 40232
22219 00272
444 20130 21091 1400/ 50101 80110 80086 9/015=
ZZYY 32736 21091 1526/ 514223 094731 6113/
444 20130 21091 1236/ 50101 80114 80000 9/015=
ZZYY 41979 21091 1410/ 730027 060271 6112/
11119 30250 40250 52012
22219 00283
444 20120 21091 1341/ 50101 80110 80041 9/015=
ZZYY 41979 21091 1510/ 730007 060272 6111/
11119 30247 40247 52004
22219 00283
444 20110 21091 1517/ 50101 80110 80046 9/015=
ZZYY 32708 21091 1526/ 515997 087166 6112/
22219 00179
444 20120 21091 1235/ 50101 80114 80180 9/015=
ZZYY 32705 21091 1526/ 515651 091600 6112/
22219 00195
444 20120 21091 1354/ 50101 80114 80053 9/015=
ZZYY 32702 21091 1525/ 515830 081548 6112/
22219 00171
444 20120 21091 1419/ 50101 80114 80011 9/015=
ZZYY 41943 21091 1521/ 732412 065286 6111/
22219 00276
444 20110 21091 1401/ 50101 80144 80002 9/015=
ZZYY 32526 21091 1526/ 515051 094842 6111/
22219 00201
444 20110 21091 1400/ 50101 80570 80099 9/015=
ZZYY 51620 21091 1525/ 707706 097034 6112/
22219 00275
444 20120 21091 1522/ 50101 80115 80008 9/015=
ZZYY 41609 21091 1523/ 731962 066419 6111/
22219 00275
444 20110 21091 1401/ 50101 80144 80001 9/015=
ZZYY 41578 21091 1517/ 729777 058756 6111/
22219 00282
444 20110 21091 1336/ 50101 80144 80009 9/015=
ZZYY 41974 21091 1523/ 727176 066686 6111/
22219 00282
444 20110 21091 1342/ 50101 80144 80007 9/015=
ZZYY 42513 21091 1524/ 728034 085641 6111/
22219 00288
444 20110 21091 1525/ 50101 80094 80001 9/015=
ZZYY 13599 21091 1522/ 721937 066643 6111/
22219 00285
444 20110 21091 1519/ 50101 80109 80008 9/015=
ZZYY 41941 21091 1450/ 729372 071105 6112/
11119 30222 40222 52011
22219 00284
444 20120 21091 1519/ 50101 80120 80068 9/015=
ZZYY 41982 21091 1430/ 729054 063632 6112/
11119 30234 40234 52010
22219 00280
444 20120 21091 1405/ 50101 80120 80013 9/015=
ZZYY 51513 21091 1524/ 708921 107157 6113/
22219 00274
444 20130 21091 1415/ 50101 80117 80027 9/015=
ZZYY 32912 21091 1526/ 517035 090725 6111/
22219 00191
444 20110 21091 1350/ 50101 80120 80119 9/015=
ZZYY 41592 21091 1522/ 732329 071272 6112/
444 20120 21091 1518/ 50101 80096 80033 9/015=
ZZYY 41961 21091 1410/ 728107 069657 6111/
11119 30213 40213 52013
22219 00280
444 20110 21091 1520/ 50101 80138 80005 9/015=
ZZYY 32548 21091 1526/ 516562 096234 6111/
22219 00204
444 20110 21091 1237/ 50101 80120 80040 9/015=
ZZYY 41969 21091 1500/ 731834 073363 6112/
11119 30218 40218 52007
22219 00280
444 20120 21091 1519/ 50101 80138 80007 9/015=
ZZYY 41969 21091 1400/ 731832 073348 6111/
11119 30218 40218 52010
22219 00280
444 20110 21091 1401/ 50101 80138 80006 9/015=
ZZYY 13616 21091 1523/ 720696 063253 6112/
22219 00284
444 20120 21091 1519/ 50101 80052 80090 9/015=
ZZYY 41956 21091 1522/ 730574 064077 6111/
22219 00280
444 20110 21091 1518/ 50101 8//// 80000 9/015=
ZZYY 41970 21091 1510/ 725558 055866 6111/
11119 30222 40222 52003
22219 00281
444 20110 21091 1518/ 50101 80120 80033 9/015=
ZZYY 41970 21091 1410/ 725548 055853 6112/
11119 30223 40223 52010
22219 00281
444 20120 21091 1336/ 50101 80120 80037 9/015=
ZZYY 13636 21091 1524/ 723628 063650 6111/
22219 00284
444 20110 21091 1520/ 50101 80105 80008 9/015=
ZZYY 31527 21091 1524/ 732843 075124 6113/
22219 00274
444 20130 21091 1400/ 50101 8//// 80002 9////=
ZZYY 41916 21091 1510/ 728331 076655 6113/
11119 30193 40193 52007
22219 00282
444 20130 21091 1401/ 50101 80120 80070 9/015=
ZZYY 41686 21091 1524/ 719487 067902 6113/
22219 00288
444 20130 21091 1520/ 50101 80110 80000 9/015=
ZZYY 41981 21091 1500/ 728993 079398 6111/
11119 30186 40186 52013
22219 00291
444 20110 21091 1519/ 50101 80138 80001 9/015=
ZZYY 41855 21091 1410/ 729404 066883 6112/
11119 30228 40228 52014
22219 00268
444 20120 21091 1400/ 50101 80110 80000 9/015=
ZZYY 41855 21091 1510/ 729413 066884 6113/
11119 30228 40228 52008
22219 00269
444 20130 21091 1519/ 50101 80110 80000 9/015=
ZZYY 41611 21091 1524/ 727072 073173 6111/
22219 00289
444 20110 21091 1338/ 50101 80140 80007 9/015=
ZZYY 44553 21091 1522/ 729659 059886 6111/
22219 00282
444 20110 21091 1519/ 50101 80087 80011 9/015=
ZZYY 41570 21091 1521/ 727215 075227 6112/
22219 00284
444 20120 21091 1518/ 50101 80140 80001 9/015=
ZZYY 41926 21091 1410/ 733225 074485 6113/
11119 30211 40211 52011
22219 00272
444 20130 21091 1341/ 50101 80110 80032 9/015=
ZZYY 44915 21091 1518/ 736109 054830 6111/
22219 00275
444 20110 21091 1328/ 50101 80118 80013 9/015=
ZZYY 41563 21091 1523/ 731740 071462 6112/
22219 00272
444 20120 21091 1519/ 50101 80110 80000 9/015=
ZZYY 44919 21091 1519/ 733874 056829 6112/
444 20120 21091 1341/ 50101 80116 9/015=
ZZYY 41924 21091 1510/ 732964 073846 6112/
11119 30215 40215 52007
22219 00275
444 20120 21091 1518/ 50101 80120 80026 9/015=
ZZYY 41933 21091 1520/ 737145 061792 6113/
11119 30268 40268 52005
22219 00270
444 20130 21091 1400/ 50101 80120 80049 9/015=
ZZYY 41933 21091 1420/ 737145 061792 6113/
11119 30267 40267 52009
22219 00268
444 20130 21091 1400/ 50101 80120 80046 9/015=
ZZYY 41939 21091 1510/ 731517 076379 6113/
11119 30208 40208 52010
22219 00274
444 20130 21091 1519/ 50101 80120 80073 9/015=
ZZYY 41939 21091 1410/ 731512 076365 6113/
11119 30209 40209 52016
22219 00273
444 20130 21091 1400/ 50101 80120 80100 9/015=
ZZYY 41610 21091 1516/ 731711 056578 6112/
22219 00290
444 20120 21091 1342/ 50101 80094 80002 9/015=
####018003785####
SSVX08 KARS 211538
ZZYY 32323 20091 1200/ 700044 109918 6111/
33311 88872 20001 32150 43466 20020 31886 43478 20040 31651 43488
20060 31556 43496 20080 31463 20100 31438 20120 31403 20140 31369
20180 31290 20300 31156 20500 30815
444 20110 20091 1320/ 521//=
ZZYY 32323 21091 15004 700048 109921 6112/
11119 01211 10213 29094 40122
22219 00210
444 20120 21091 1416/ 521// 60401=
ZZYY 32305 20091 12004 508023 095271 6111/
11119 01212 10211 29075
22219 00228
33311 88872 20000 32276 20001 32282 43527
444 20110 20091 1230/ 521// 60401=
ZZYY 32318 20091 1200/ 504978 110000 6111/
33311 88872 20001 32411 43521 20040 32403 20060 32365 20080 31737
20100 31484 20120 31411 20140 31354 20180 31301 20300 31171
20500 30862
444 20110 20091 1011/ 521//=
ZZYY 32318 21091 15004 504987 109998 6112/
11119 01018 10227 29084
22219 00241
444 20120 21091 1359/ 521// 60401=
ZZYY 32316 20091 1200/ 702047 110043 6111/
33311 88872 20001 32496 43391 20040 32190 20060 31660 20080 31447
20100 31373 20120 31347 20140 31338 20180 31318 20300 31147
20500 30829
444 20110 20091 1319/ 521//=
ZZYY 32316 21091 15004 702044 110040 6112/
11119 01418 10214 29087
22219 00221
444 20120 21091 1415/ 521// 60401=
ZZYY 43001 20091 1200/ 708043 110136 6111/
33311 88872 20001 32751 43306 20020 32746 20040 32723 20060 32304
20080 31811 20100 31468 20120 31326 20140 31246 20180 31157
20300 31038 20500 30877
444 20110 20091 1317/ 521//=
ZZYY 43001 21091 15004 708053 110128 6111/
11119 02019 10251 29095
22219 00274
444 20110 21091 1414/ 521// 60401=
ZZYY 43301 20091 12004 707993 094888 6111/
11119 02117 10270 29086
22219 00276
33311 88872 20000 32764 20001 32767 43282 20020 32640 20040 31702
20060 31416 20080 31339 20100 31318 20120 31302 20140 31274
20180 31231 20300 31091 20500 30817
444 20110 20091 1257/ 521// 60401=
ZZYY 43301 21091 15004 707983 094893 6112/
11119 02012 10271 29080
22219 00276
444 20120 21091 1521/ 521// 60401=
ZZYY 32317 20091 1200/ 502008 110318 6112/
33311 88872 20001 32233 43478 20020 32170 20040 32045 20060 31985
20080 31525 20100 31343 20120 31325 20140 31313 20180 31284
20300 31179 20500 30851
444 20120 20091 1320/ 521//=
ZZYY 32321 20091 12004 700219 095423 6111/
11119 01711 10210 29079
22219 00215
33311 88872 20000 32154 20001 32167 43441
444 20110 20091 1259/ 521// 60401=
ZZYY 32304 20091 12004 505074 095073 6112/
11119 01508 10222 29070
22219 00220
33311 88872 20000 32204 20001 32212 43516 20020 32205 20040 32192
20060 31737 20080 31481 20100 31426 20120 31384 20140 31350
20180 31306 20300 31206 20500 30842
444 20120 20091 1301/ 521// 60401=
ZZYY 32304 21091 15004 505096 095074 6111/
11119 01214 10222 29081
22219 00220
444 20110 21091 1238/ 521// 60401=
ZZYY 32303 20091 12004 704915 094990 6111/
11119 01814 10254 29081
22219 00273
33311 88872 20000 32728 20001 32732 43299 20040 32490 20060 32010
20080 31794 20100 31556 20120 31414 20140 31376 20180 31327
20300 31141
444 20110 20091 1257/ 521// 60401=
ZZYY 32320 20091 12004 702113 095420 6111/
11119 01812 10230 29073
33311 88870 20040 31959 20060 31709 20080 31563 20100 31467
20120 31408 20140 31383 20180 31324 20300 31089 20500 30807
444 20110 20091 0956/ 521// 60401=
ZZYY 32320 21091 15004 702114 095415 6112/
11119 01406 10225 29074
444 20120 21091 1356/ 521// 60401=
ZZYY 32315 20091 1200/ 705008 110064 6111/
33311 88872 20001 32693 43398 20020 32693 20040 32694 20060 32701
20080 32673 20100 31954 20120 31416 20140 31302 20180 31167
20300 31037 20500 30804
444 20110 20091 1318/ 521//=
ZZYY 32315 21091 15004 705004 110057 6111/
11119 01814 10247 29081
22219 00268
444 20110 21091 1357/ 521// 60401=
####018000155####
SSVX13 LFVW 211536
ZZYY 23925 21091 1500/ 330844 048643 6111/
11119 30217 40217 52017
22219 00180
444 20110 21091 1339/ 50101 80130 80000 9/015=
####018000135####
SSVX02 LFVW 211536
ZZYY 56939 21091 1500/ 336732 051132 6111/
11119 40187 52013
444 20110 21091 1337/ 50101 80090 80000 9/015=
