####018000235####
SSWB19 RKSL 221500
ZZYY 22104 22091 15001 13477/ 12890/ 
11109 02200 10210 40135 5//// 
22209 00230 10903 20091 21015= 
ZZYY 22106 22091 15001 13635/ 12978/ 
11109 02205 10200 40124 5//// 
22209 00215 10904 20091 21022= 
####018000229####
SSWB19 RKSL 221500
ZZYY 22104 22091 15001 13477/ 12890/
11109 02200 10210 40135 5////
22209 00230 10903 20091 21015=
ZZYY 22106 22091 15001 13635/ 12978/
11109 02205 10200 40124 5////
22209 00215 10904 20091 21022=
####018000131####
SSVX02 CWAO 221500
ZZYY 48712 22091 1500/ 775726 153825 6113/ 11132 11009 40138 444 20130 22091 1500/ 50301 89990 80001 9////=
####018000134####
SSVX02 CWAO 221500
ZZYY 48712 22091 1500/ 775726 153825 6113/ 11132 11009 40138 444 20130 22091 1500/ 50301 89990 80001 9////=

####018000269####
SSVF21 EIDB 221500
ZZYY 62091 22091 15001 753481 005424 11199 02206 10140 29082 40175 22299 00140 10402 20036 21008 33300 88872 20000 40000=
ZZYY 62093 22091 15001 754998 009998 11199 02208 10131 29089 40135 22299 00131 10707 20073 21036 33300 88872 20000 43537=
####018000131####
SSVX02 CWAO 221500
ZZYY 47507 22091 1500/ 781489 106283 6113/ 11131 40112 57001 444 20130 22091 1500/ 50701 80140 80001 9////=
####018000131####
SSVX02 CWAO 221500
ZZYY 47506 22091 1500/ 784758 068400 6113/ 11119 40148 57006 444 20130 22091 1500/ 50701 80134 80001 9////=
####018000134####
SSVX02 CWAO 221500
ZZYY 47506 22091 1500/ 784758 068400 6113/ 11119 40148 57006 444 20130 22091 1500/ 50701 80134 80001 9////=

####018000134####
SSVX02 CWAO 221500
ZZYY 47507 22091 1500/ 781489 106283 6113/ 11131 40112 57001 444 20130 22091 1500/ 50701 80140 80001 9////=

####018002153####
SSVX02 KARS 221521
ZZYY 17904 22091 1510/ 345366 124347 6111/
11119 30179 40179
22219 00095
444 20110 22091 1505/ 50101 80100 80100 9/015=
ZZYY 33567 22091 1440/ 343196 111564 6112/
11119 30140 40140 52012
22219 00103
444 20120 22091 1419/ 50101 80100 80000 9/015=
ZZYY 56908 22091 1500/ 356783 138194 6111/
11119 39905 49905 52014
22219 00020
444 20110 22091 1509/ 50101 80110 80012 9/015=
ZZYY 71575 22091 1510/ 349240 155789 6112/
22219 00084
444 20120 22091 1505/ 50101 80009 80000 9////=
ZZYY 33695 22091 1514/ 339633 131181 6112/
22219 00125
444 20120 22091 1504/ 50101 80072 80009 9/015=
ZZYY 33952 22091 1510/ 348350 126816 6112/
11119 30129 40129 52012
22219 00092
444 50101 80100 80010 9/015=
ZZYY 56909 22091 1500/ 359156 132371 6111/
11119 39918 49918 57002
22219 00006
444 20110 22091 1442/ 50101 80110 80012 9/015=
ZZYY 17669 22091 1450/ 342347 121719 6111/
11119 30210 40210 57001
22219 00108
444 20110 22091 1510/ 50101 80080 80100 9/015=
ZZYY 17664 22091 1510/ 340425 125282 6112/
11119 30231 40231 52002
22219 00120
444 20120 22091 1504/ 50101 80110 80025 9/015=
ZZYY 16516 22091 1410/ 333287 126957 6112/
11119 30242 40242 52003
22219 00159
444 20120 22091 1503/ 50101 80110 80006 9/015=
ZZYY 16516 22091 1320/ 333298 126933 6112/
11119 30243 40243 52011
22219 00160
444 20120 22091 1248/ 50101 80110 80005 9/015=
ZZYY 16517 22091 1510/ 344696 123423 6111/
22219 00096
444 20110 22091 1505/ 50101 80123 80001 9/015=
ZZYY 51901 22091 1507/ 312825 159218 6113/
22219 00280
444 20130 22091 1456/ 50101 80115 80006 9/015=
ZZYY 34544 22091 1510/ 345907 112624 6111/
11119 40096 52005
22219 00099
444 20110 22091 1511/ 50101 80010 80016 9////=
ZZYY 34543 22091 1510/ 340564 115297 6111/
11119 40183 57009
22219 00110
444 20110 22091 1508/ 50101 80010 80010 9////=
ZZYY 34512 22091 1450/ 548038 177498 6113/
11119 40208 52007
22219 00070
444 20130 22091 1439/ 50101 80010 80006 9////=
ZZYY 56551 22091 1450/ 336664 168224 6112/
11119 30158 40158 57002
22219 00151
444 20120 22091 1502/ 50101 80110 80014 9/015=
####018000241####
SSVX12 LFVW 221521
ZZYY 25619 22091 1500/ 183207 131515 6112/
11119 11112
22219 01050
444 20120 22091 1456/ 501// 80140=
ZZYY 25618 22091 1440/ 181236 103793 6113/
11119 11076
22219 01025
444 20130 22091 1436/ 501// 80140=
####018000213####
SSVX07 LFVW 221521
ZZYY 48548 22091 1500/ 774278 128607 6112/
11119 11007 39888 49888
444 20120 22091 1503/=
ZZYY 48548 22091 1510/ 774278 128607 6112/
11119 11007 39888 49888
444 20120 22091 1503/=
####018000141####
SSVX13 LFVW 221521
ZZYY 55578 22091 1450/ 339800 158180 6113/
11119 30186 40186 57017
444 20130 22091 1437/ 50101 80090 80000 9/015=
####018014235####
SSVX02 KARS 221523
ZZYY 31905 22091 1514/ 534441 011707 6113/
22219 00157
444 20130 22091 1355/ 50101 8//// 80000 9/015=
ZZYY 15601 22091 1514/ 522843 026551 6111/
22219 00224
444 20110 22091 1511/ 50101 80069 80025 9/015=
ZZYY 31784 22091 1420/ 533222 025815 6111/
11119 30167 40167 57010
22219 00168
444 20110 22091 1356/ 50101 80050 80002 9/015=
ZZYY 15945 22091 1513/ 505605 017613 6113/
22219 00253
444 20130 22091 1408/ 50101 80084 80010 9/015=
ZZYY 23681 22091 1450/ 519992 014098 6111/
22219 00265
444 20110 22091 1510/ 50101 80010 80019 9////=
ZZYY 15679 22091 1513/ 308746 006216 6112/
22219 00226
444 20120 22091 1355/ 50101 80152 80008 9/015=
ZZYY 15924 22091 1500/ 516990 016697 6112/
11119 30190 40190 57020
22219 00218
444 20120 22091 1511/ 50101 80140 80011 9/015=
ZZYY 31921 22091 1514/ 534229 017511 6113/
22219 00163
444 20130 22091 1511/ 50101 80043 80024 9////=
ZZYY 17677 22091 1440/ 521182 017306 6111/
11119 30212 40212 57019
22219 00219
444 20110 22091 1511/ 50101 80110 80000 9/015=
ZZYY 15941 22091 1514/ 516667 032434 6111/
22219 00248
444 20110 22091 1143/ 50101 80128 80001 9/015=
ZZYY 31753 22091 1420/ 533563 031806 6112/
11119 30126 40126 57001
22219 00154
444 20120 22091 1153/ 50101 80060 80000 9/015=
ZZYY 33655 22091 1450/ 547581 003449 6112/
11119 30208 40208
22219 00033
444 20120 22091 1347/ 50101 80100 80100 9/015=
ZZYY 15508 22091 1430/ 332054 013413 6113/
11119 30288 40288 52002
22219 00180
444 20130 22091 1214/ 50101 80050 80000 9/015=
ZZYY 33992 22091 1400/ 547242 021929 6111/
11119 49966 52183
22219 00047
444 2011/ 22091 1354/ 50101 80083 80062 9/015=
ZZYY 33582 22091 1510/ 349428 000547 6111/
11119 30152 40152 52026
22219 00039
444 20110 22091 1459/ 50101 80110 80007 9/015=
ZZYY 33582 22091 1410/ 349411 000499 6113/
11119 30143 40143 52033
22219 00039
444 20130 22091 1345/ 50101 80110 80006 9/015=
ZZYY 33991 22091 1400/ 343661 000921 6111/
11119 40242 57243
22219 00105
444 2011/ 22091 1347/ 50101 80104 80062 9/015=
ZZYY 15927 22091 1430/ 523411 008038 6112/
11119 30233 40233 57015
22219 00196
444 20120 22091 1356/ 50101 80140 80000 9/015=
ZZYY 15505 22091 1430/ 525573 011116 6113/
11119 30236 40236
22219 00198
444 20130 22091 1355/ 50101 80110 80100 9/015=
ZZYY 15618 22091 1512/ 520806 002187 6111/
22219 00190
444 20110 22091 1355/ 50101 80124 80180 9/015=
ZZYY 71677 22091 1420/ 546996 028552 6111/
11119 39863 49863
22219 00040
444 20110 22091 1354/ 50101 80110 80100 9/015=
ZZYY 17681 22091 1420/ 523786 002459 6111/
11119 30237 40237 57021
22219 00191
444 20110 22091 1354/ 50101 80110 80002 9/015=
ZZYY 33517 22091 1430/ 554561 031339 6111/
11119 39789 49789
22219 01009
444 20110 22091 1347/ 50101 80100 80100 9/015=
ZZYY 33575 22091 1440/ 542800 028164 6111/
11119 39917 49917
22219 00098
444 20110 22091 1355/ 50101 80110 80097 9/015=
ZZYY 15905 22091 1513/ 312892 008011 6113/
22219 00199
444 20130 22091 1219/ 50101 80152 80012 9/015=
ZZYY 31914 22091 1514/ 534561 016283 6113/
22219 00161
444 20130 22091 1355/ 50101 80075 80040 9/015=
ZZYY 31926 22091 1514/ 533239 006183 6113/
22219 00167
444 20130 22091 1354/ 50101 80007 80026 9////=
ZZYY 31708 22091 1514/ 331356 009801 6112/
22219 00167
444 20120 22091 1355/ 50101 80004 80036 9////=
ZZYY 31537 22091 1514/ 532186 021128 6113/
22219 00164
444 20130 22091 1511/ 50101 80061 80018 9/015=
ZZYY 15501 22091 1500/ 528944 011303 6113/
11119 30258 40258 57014
444 20130 22091 1354/ 50101 80110 80000 9/015=
ZZYY 17509 22091 1450/ 529041 010538 6113/
11119 30252 40252
22219 00192
444 20130 22091 1355/ 50101 80080 80091 9/015=
ZZYY 15604 22091 1512/ 525280 031130 6113/
22219 00213
444 20130 22091 1143/ 50101 80119 80012 9/015=
ZZYY 15906 22091 1513/ 507427 012167 6112/
22219 00241
444 20120 22091 1356/ 50101 80082 80013 9/015=
ZZYY 33532 22091 1420/ 548437 021602 6112/
11119 39998 49998
22219 00025
444 20120 22091 1356/ 50101 80100 80100 9/015=
ZZYY 31538 22091 1340/ 534734 051487 6113/
22219 00178
444 20130 22091 1329/ 50101 80085 80017 9/015=
ZZYY 32626 22091 1333/ 517607 090279 6112/
22219 00187
444 20120 22091 1343/ 50101 80116 80096 9/015=
ZZYY 32538 22091 1334/ 522557 092274 6111/
22219 00186
444 20110 22091 1211/ 50101 80116 80072 9/015=
ZZYY 33672 22091 1300/ 543001 044533 6112/
11119 30079 40079
22219 00085
444 20120 22091 1337/ 50101 80110 80100 9/015=
ZZYY 33510 22091 1330/ 549000 054315 6113/
11119 30214 40214
22219 00052
444 20130 22091 1338/ 50101 80110 80100 9/015=
ZZYY 33509 22091 1250/ 548981 046650 6111/
11119 30124 40124
22219 00056
444 20110 22091 1211/ 50101 80110 80100 9/015=
ZZYY 32520 22091 1335/ 519047 076624 6113/
22219 00167
444 20130 22091 1210/ 50101 80118 80140 9/015=
ZZYY 71674 22091 1300/ 544291 034693 6113/
11119 39919 49919
22219 00067
444 20130 22091 1155/ 50101 80110 80100 9/015=
ZZYY 32731 22091 1332/ 516007 082376 6111/
22219 00166
444 20110 22091 1327/ 50101 80114 80129 9/015=
ZZYY 71671 22091 1240/ 553034 038793 6111/
11119 39894 49894
22219 00004
444 20110 22091 1218/ 50101 80110 80002 9/015=
ZZYY 32708 22091 1335/ 515933 087244 6112/
22219 00180
444 20120 22091 1342/ 50101 80114 80180 9/015=
ZZYY 32704 22091 1338/ 522286 083531 6111/
22219 00169
444 20110 22091 1343/ 50101 80114 80076 9/015=
ZZYY 32702 22091 1336/ 515819 081723 6112/
22219 00170
444 20120 22091 1343/ 50101 80114 80012 9/015=
ZZYY 54947 22091 1300/ 536052 087091 6113/
11119 40212 52012
22219 00137
444 20130 22091 1336/ 50101 80010 80000 9////=
ZZYY 33533 22091 1300/ 549389 046796 6111/
11119 30079 40079
444 20110 22091 1225/ 50101 80110 80100 9/015=
ZZYY 31911 22091 1335/ 527460 045056 6113/
22219 00201
444 20130 22091 1327/ 50101 80047 80000 9/015=
ZZYY 31542 22091 1335/ 532069 041279 6111/
22219 00167
444 20110 22091 1332/ 50101 80057 80014 9/015=
ZZYY 55932 22091 1250/ 527096 080852 6113/
11119 40252 52024
22219 00163
444 20130 22091 1217/ 50101 80010 80005 9////=
ZZYY 32528 22091 1334/ 518507 088436 6113/
22219 00185
444 20130 22091 1346/ 50101 80120 80081 9/015=
ZZYY 32805 22091 1338/ 532860 101658 6111/
22219 00170
444 20110 22091 1348/ 50101 80104 80058 9/015=
ZZYY 15940 22091 1332/ 523814 036307 6112/
22219 00221
444 20120 22091 1150/ 50101 80119 80004 9/015=
ZZYY 16587 22091 1250/ 548235 055160 6113/
22219 00039
444 20130 22091 1218/ 50101 80100 80000 9/015=
ZZYY 71703 22091 1343/ 550257 045011 6111/
22219 00026
444 20110 22091 1338/ 50101 80118 80113 9/015=
ZZYY 71635 22091 1339/ 548328 043266 6112/
22219 00046
444 20120 22091 1337/ 50101 80116 80142 9/015=
ZZYY 71701 22091 1341/ 551883 043290 6111/
22219 00012
444 20110 22091 1337/ 50101 80114 80097 9/015=
ZZYY 71576 22091 1300/ 552942 043494 6111/
11119 30005 40005 52010
22219 00010
444 20110 22091 1226/ 50101 80110 80043 9/015=
ZZYY 71709 22091 1340/ 549018 039780 6111/
22219 00023
444 20110 22091 1337/ 50101 80116 80142 9/015=
ZZYY 71573 22091 1344/ 553910 043029 6111/
22219 00007
444 20110 22091 1340/ 50101 80116 80101 9/015=
ZZYY 33534 22091 1330/ 547377 046901 6112/
11119 30104 40104 52024
22219 00091
444 20120 22091 1337/ 50101 80110 80049 9/015=
ZZYY 33534 22091 1230/ 547374 046883 6113/
11119 30099 40099 52023
22219 00090
444 20130 22091 1219/ 50101 80110 80041 9/015=
ZZYY 33993 22091 1300/ 544882 044952 6111/
11119 40076 57216
22219 00086
444 2011/ 22091 1336/ 50101 80082 80000 9/015=
ZZYY 33909 22091 1300/ 543242 042732 6111/
11119 30061 40061 52045
22219 00078
444 20110 22091 1336/ 50101 80110 80059 9/015=
ZZYY 33554 22091 1330/ 538243 044655 6112/
11119 30103 40103 52026
22219 00146
444 20120 22091 1334/ 50101 80110 80024 9/015=
ZZYY 33554 22091 1230/ 538233 044659 6111/
11119 30089 40089 52013
22219 00146
444 20110 22091 1152/ 50101 80110 80032 9/015=
ZZYY 55950 22091 1240/ 551291 044807 6112/
11119 30033 40033 52014
444 20120 22091 1224/ 50101 80100 80006 9/015=
ZZYY 55950 22091 1340/ 551291 044807 6112/
11119 30037 40037 52014
444 20120 22091 1224/ 50101 80100 80006 9/015=
ZZYY 31759 22091 1336/ 524312 043847 6111/
22219 00213
444 20110 22091 1327/ 50101 80116 80002 9/015=
ZZYY 16579 22091 1240/ 528909 093117 6112/
11119 30231 40231 52016
22219 00183
444 20120 22091 1219/ 50101 8//// 80100 9////=
ZZYY 15631 22091 1336/ 527952 040897 6111/
22219 00198
444 20110 22091 1328/ 50101 80102 80022 9/015=
ZZYY 33570 22091 1339/ 546716 045214 6111/
22219 00088
444 20110 22091 1222/ 50101 80108 80037 9/015=
ZZYY 33905 22091 1339/ 541367 050849 6113/
22219 00103
444 20130 22091 1335/ 50101 80114 80020 9/015=
ZZYY 34518 22091 1330/ 541937 046789 6112/
11119 30133 40133 52049
444 20120 22091 1335/ 50101 80110 80063 9/015=
ZZYY 34518 22091 1230/ 541977 046799 6111/
11119 30121 40121 52057
444 20110 22091 1217/ 50101 80110 80063 9/015=
ZZYY 34519 22091 1240/ 543778 047365 6111/
11119 30130 40130 52041
22219 00092
444 20110 22091 1218/ 50101 80110 80028 9/015=
ZZYY 15615 22091 1336/ 531535 038374 6112/
22219 00169
444 20120 22091 1329/ 50101 80050 80099 9/015=
ZZYY 56604 22091 1250/ 547618 106240 6111/
11119 39809 49809 57017
22219 00070
444 20110 22091 1245/ 50101 80110 80011 9/015=
ZZYY 31990 22091 1331/ 523342 039643 6112/
22219 00232
444 20120 22091 1327/ 50101 9/015=
ZZYY 31989 22091 1335/ 525032 041310 6112/
22219 00221
444 20120 22091 1144/ 50101 80120 80017 9/015=
ZZYY 51513 22091 1519/ 708818 106847 6112/
22219 00274
444 20120 22091 1339/ 50101 80117 80025 9/015=
ZZYY 41987 22091 1520/ 728189 075335 6112/
11119 30202 40202 52011
444 20120 22091 1459/ 50101 80130 80011 9/015=
ZZYY 41969 22091 1500/ 731888 073383 6112/
11119 30230 40230 52013
22219 00280
444 20120 22091 1337/ 50101 80138 80008 9/015=
ZZYY 51958 22091 1519/ 706931 113670 6113/
22219 00273
444 20130 22091 1232/ 50101 80079 80014 9/015=
ZZYY 31527 22091 1515/ 732856 075159 6111/
22219 00274
444 20110 22091 1511/ 50101 8//// 80003 9////=
ZZYY 41981 22091 1500/ 729864 079628 6112/
11119 30190 40190 52009
22219 00291
444 20120 22091 1458/ 50101 80138 80001 9/015=
ZZYY 32551 22091 1510/ 704538 119432 6112/
11119 30122 40122 52017
444 20120 22091 1232/ 50101 80077 80000 9/015=
ZZYY 46924 22091 1519/ 724332 127504 6112/
22219 00217
444 20120 22091 1516/ 50101 80100 80130 9/015=
ZZYY 41924 22091 1510/ 733040 073622 6111/
11119 30229 40229 52007
22219 00274
444 20110 22091 1511/ 50101 80120 80032 9/015=
ZZYY 46769 22091 1519/ 721448 123442 6113/
22219 00240
444 20130 22091 1221/ 50101 80116 80095 9/015=
ZZYY 43556 22091 1519/ 720172 129108 6113/
22219 00227
444 20130 22091 1235/ 50101 80078 80017 9/015=
ZZYY 43555 22091 1519/ 717793 129759 6113/
22219 00253
444 20130 22091 1235/ 50101 80088 80016 9/015=
ZZYY 46616 22091 1518/ 721902 119201 6112/
22219 00235
444 20120 22091 1222/ 50101 80114 80101 9/015=
ZZYY 42513 22091 1518/ 728161 085713 6112/
22219 00288
444 20120 22091 1511/ 50101 80094 80001 9/015=
ZZYY 46609 22091 1519/ 722168 128748 6111/
22219 00225
444 20110 22091 1235/ 50101 80112 80139 9/015=
ZZYY 43557 22091 1519/ 722370 120043 6111/
22219 00232
444 20110 22091 1517/ 50101 80088 80015 9/015=
ZZYY 43558 22091 1518/ 722678 124703 6112/
444 20120 22091 1235/ 50101 80086 80255 9/015=
ZZYY 43554 22091 1515/ 728561 126410 6113/
22219 00203
444 20130 22091 1231/ 50101 80088 9/015=
ZZYY 43551 22091 1518/ 723059 121168 6112/
22219 00221
444 20120 22091 1235/ 50101 80090 80012 9/015=
ZZYY 43543 22091 1518/ 720560 120966 6112/
22219 00243
444 20120 22091 1221/ 50101 80052 80017 9/015=
ZZYY 43552 22091 1519/ 728382 123323 6111/
444 20110 22091 1512/ 50101 80088 80018 9/015=
ZZYY 33660 22091 1440/ 546817 024503 6111/
22219 00043
444 20110 22091 1354/ 50101 80110 80100 9/015=
ZZYY 31519 22091 1420/ 526859 013792 6113/
11119 30217 40217 57013
22219 00198
444 20130 22091 1355/ 50101 80080 80000 9/015=
ZZYY 71642 22091 1420/ 545225 013979 6112/
11119 30151 40151 57039
444 20120 22091 1346/ 50101 80110 80055 9/015=
ZZYY 33907 22091 1400/ 533754 003058 6113/
11119 30290 40290 57007
22219 00156
444 20130 22091 1355/ 50101 8//// 80002 9////=
ZZYY 15635 22091 1513/ 528013 029089 6111/
22219 00188
444 20110 22091 1511/ 50101 80086 80002 9/015=
ZZYY 17676 22091 1500/ 522827 036737 6112/
11119 30198 40198 57012
22219 00221
444 20120 22091 1144/ 50101 80110 80000 9/015=
ZZYY 17676 22091 1400/ 522827 036737 6112/
11119 30203 40203 57003
22219 00220
444 20120 22091 1144/ 50101 80110 80000 9/015=
ZZYY 15634 22091 1514/ 529462 017356 6113/
22219 00192
444 20130 22091 1511/ 50101 80096 80000 9/015=
ZZYY 33691 22091 1513/ 527764 002318 6111/
22219 00185
444 20110 22091 1356/ 50101 80070 80014 9/015=
ZZYY 17685 22091 1500/ 331047 001380 6113/
11119 30319 40319 57013
22219 00168
444 20130 22091 1355/ 50101 8//// 80008 9////=
ZZYY 55915 22091 1430/ 548563 003469 6111/
11119 30183 40183 52009
22219 00044
444 20110 22091 1500/ 50101 80100 80006 9/015=
ZZYY 15923 22091 1500/ 514825 021533 6111/
11119 30180 40180 57020
22219 00233
444 20110 22091 1401/ 50101 80120 80014 9/015=
ZZYY 33900 22091 1430/ 319377 000208 6112/
11119 30195 40195 57020
22219 00186
444 20120 22091 1355/ 50101 80110 80014 9/015=
ZZYY 17651 22091 1410/ 524285 025135 6112/
11119 30186 40186 57011
22219 00225
444 20120 22091 1356/ 50101 80100 80006 9/015=
ZZYY 33558 22091 1500/ 328770 007423 6112/
11119 30280 40280 57001
22219 00167
444 20120 22091 1354/ 50101 80110 80006 9/015=
ZZYY 17672 22091 1510/ 537771 011368 6112/
11119 30229 40229 57026
22219 00125
444 20120 22091 1353/ 50101 80110 80006 9/015=
ZZYY 15620 22091 1510/ 326794 000156 6113/
11119 30262 40262 57013
22219 00180
444 20130 22091 1357/ 50101 80077 80020 9/015=
####018000149####
SSVX13 KARS 221523
ZZYY 71653 22091 1510/ 556909 031872 6112/
11119 39788 49788
22219 01016
444 20120 22091 1157/ 50101 80110 80100 9/015=
####018002295####
SSVX08 KARS 221523
ZZYY 52004 21091 1200/ 305000 165164 6111/
33311 88872 20001 32917 43556 20025 32913 20075 32907 20100 32903
20125 32893 20150 32744 20200 31985
444 20110 21091 1326/ 521//=
ZZYY 52004 22091 14004 305005 165167 6112/
11119 01009 10284 29077
22219 00292
444 20120 22091 1429/ 521// 60401=
ZZYY 51307 21091 1200/ 708024 125004 6111/
33311 88872 20001 32765 43385 20020 32736 20040 32746 20060 32502
20080 31619 20100 31337 20120 31255 20140 31204 20180 31128
20300 31010 20500 30820
444 20110 21091 1138/ 521//=
ZZYY 43001 21091 1200/ 708055 110126 6112/
33311 88872 20001 32743 43313 20020 32744 20040 32737 20060 32401
20080 31724 20100 31437 20120 31283 20140 31231 20180 31170
20300 31035 20500 30878
444 20120 21091 0956/ 521//=
ZZYY 32315 21091 1200/ 705004 110057 6111/
33311 88872 20001 32688 43401 20020 32689 20040 32690 20060 32690
20080 32678 20100 32011 20120 31581 20140 31321 20180 31143
20300 31034 20500 30804
444 20110 21091 1357/ 521//=
ZZYY 31003 21091 1200/ 507911 030508 6112/
33311 88872 20001 32627 43624 20020 32633 43620 20040 32632 43620
20060 32632 20080 32625 20100 32454 20120 32157 43639 20140 31927
20300 30967 20500 30724
444 20120 21091 1053/ 521//=
ZZYY 15002 21091 1200/ 700011 009863 6112/
33311 88872 20001 32424 20020 32402 43578 20040 32216 43583
20060 32046 43605 20080 31848 20100 31616 20120 31506 20140 31467
20180 31402 20300 31065 20500 30733
444 20120 21091 1022/ 521//=
ZZYY 31005 21091 1200/ 518872 034688 6112/
33311 88872 20001 32379 20060 32372 43727 20100 32371 20120 32372
20140 32361 20180 32045 20300 31448
444 20120 21091 1057/ 521//=
ZZYY 31004 21091 1200/ 513525 032608 6112/
33311 88872 20020 32538 43686 20040 32538 43700 20060 32535
20080 32535 20100 32535 20120 32546 43717 20140 32495 20180 32228
20300 31333 20500 30706
444 20120 21091 1035/ 521//=
ZZYY 15001 21091 1200/ 509914 009974 6112/
33311 88872 20001 32346 43645 20020 32339 43645 20040 32338 43644
20060 32339 43645 20080 32319 20100 32089 20120 31750 20140 31557
20180 31309 20300 30973 20500 30741
444 20120 21091 1024/ 521//=
ZZYY 15001 22091 15004 509916 009974 6112/
11119 01217 10227 29076 40141
22219 00234
444 20120 22091 0851/ 521// 60401=
####018000765####
SSVX11 LFVW 221523
ZZYY 52087 22091 11004 107877 136487 6111/
11119 02412 10282 29084 40081
22219 00294
33311 88872 20000 32938 20002 32938 43349 20025 32950 43362
20050 32953 43403 20075 32863 43456 20100 32608 43491
20125 32423 43493 20150 32066 43485 20200 31458 43458
20250 31183 43452 20300 30995 43455 20500 30728 43452
20750 30575 43451
444 20110 22091 1055/ 522// 60381=
ZZYY 52085 22091 1400/ 300017 155956 6111/
11119 10273 29085 40103
22219 00292
33311 88872 20000 32924 20002 32924 43472 20025 32930 43499
20050 32917 43522 20075 32851 43543 20100 32774 43549
20125 32732 43562 20150 32475 43570 20200 31801 43527
20250 31271 43496 20300 31102 43481 20500 30768 43457
20750 30586 43453
444 20110 22091 1432/ 522//=
