####018000131####
SSVX02 CWAO 221200
ZZYY 47543 22091 1200/ 784556 110422 6113/ 11119 11033 40113 444 20130 22091 1200/ 50101 80124 80001 9////=
####018000146####
SSVX13 LFPW 221157
ZZYY 17930 22091 1157/ 549078 013765 6113/ 11119 40133 57007 22219
 00036 444 20130 22091 1156/ 50101 80136 80008 9/015=
####018000146####
SSVX13 LFPW 221157
ZZYY 17929 22091 1157/ 547223 055240 6113/ 11119 40231 52023 22219
 00060 444 20130 22091 1156/ 50101 80140 80005 9/015=
####018000146####
SSVX13 LFPW 221157
ZZYY 64517 22091 1157/ 762991 010308 6113/ 11119 49970 52021 22219
 00101 444 20130 22091 1155/ 50101 80132 80002 9/015=
####018000146####
SSVX13 LFPW 221157
ZZYY 64516 22091 1157/ 761774 012110 6113/ 11119 49997 57255 22219
 00116 444 20130 22091 1156/ 50101 80132 80006 9/015=
####018000146####
SSVX13 LFPW 221200
ZZYY 44601 22091 1200/ 750814 018722 6110/ 11119 40154 57020 22219
 00148 444 20100 22091 1200/ 50101 80128 80005 9/015=
####018000146####
SSVX13 LFPW 221157
ZZYY 64616 22091 1157/ 761284 012110 6113/ 11119 40013 52012 22219
 00118 444 20130 21091 1156/ 50101 80144 80019 9/015=
####018000146####
SSVX13 LFPW 221157
ZZYY 17934 22091 1157/ 348009 014084 6113/ 11119 40019 52022 22219
 00055 444 20130 22091 1155/ 50101 80140 80005 9/015=
####018000149####
SSVX02 LFVW 221204
ZZYY 54501 22091 1145/ 523155 178772 6111/
22219 00228
33311 88872 20000 32282 43484
444 2011/ 22091 1143/ 50101 9/015=
####018000146####
SSVX13 LFPW 221157
ZZYY 17932 22091 1157/ 545145 018223 6113/ 11119 40112 57035 22219
 00081 444 20130 22091 1155/ 50101 80142 80011 9/015=
####018000531####
SSVX13 LFVW 221204
ZZYY 56506 22091 1100/ 554235 131312 6112/
11119 30111 40111 57005
22219 00067
444 20120 22091 1148/ 50101 80060 80008 9/015=
ZZYY 56511 22091 1140/ 544625 129574 6113/
11119 30055 40055 57002
22219 00084
444 20130 22091 1001/ 50101 80100 80000 9/015=
ZZYY 56511 22091 1040/ 544625 129574 6113/
11119 30067 40067 52013
22219 00084
444 20130 22091 1001/ 50101 80100 80000 9/015=
ZZYY 55081 22091 1140/ 349668 178807 6113/
11119 30183 40183 57001
444 20130 22091 1147/ 50101 9/015=
####018000134####
SSVX02 CWAO 221200
ZZYY 47543 22091 1200/ 784556 110422 6113/ 11119 11033 40113 444 20130 22091 1200/ 50101 80124 80001 9////=

####018000155####
SSVX13 KARS 221206
ZZYY 17655 22091 1130/ 557005 128183 6112/
11119 30074 40074 57011
22219 00028
444 20120 22091 1147/ 50101 80110 80085 9/015=
####018000595####
SSVX08 KARS 221206
ZZYY 51302 21091 12004 508275 155015 6111/
11119 01216 10269 29076
22219 00272
33311 88872 20000 32721 20001 32725 43551 20025 32722 20050 32720
20075 32720 20100 32719 20125 32700 20150 32565 20200 32136
20250 31622 20300 31204 20500 30805
444 20110 21091 1121/ 521// 60401=
ZZYY 51019 21091 12004 504984 155022 6112/
11119 01013 10270 29079
22219 00271
33311 88870 20000 32708 20001 32712 20025 32709 20050 32707
20075 32706 20100 32706 20125 32608 20150 32164 20200 31449
20250 31163 20300 31067 20500 30823
444 20120 21091 1256/ 521// 60401=
####018011093####
SSVX02 KARS 221206
ZZYY 43502 22091 1130/ 545099 158691 6112/
11119 40115 57005
22219 00093
444 20120 22091 1146/ 50101 80010 80000 9////=
ZZYY 43502 22091 1030/ 545094 158675 6111/
11119 40119 57002
22219 00093
444 20110 22091 1037/ 50101 80010 80000 9////=
ZZYY 33648 22091 1120/ 553177 133959 6112/
11119 40104 57002
22219 00065
444 20120 22091 1146/ 50101 80010 80000 9////=
ZZYY 33649 22091 1140/ 349495 177334 6112/
11119 40188 52007
22219 00073
444 20120 22091 1148/ 50101 80010 80000 9////=
ZZYY 51780 22091 1142/ 512568 161500 6112/
22219 00274
444 20120 22091 1131/ 50101 80115 80013 9/015=
ZZYY 51512 22091 1142/ 319642 176803 6111/
22219 00246
444 20110 22091 1043/ 50101 80115 80034 9/015=
ZZYY 54946 22091 1000/ 536023 152058 6113/
11119 38500 48500 54000
22219 00150
444 20130 22091 1001/ 50101 80110 80035 9/015=
ZZYY 54946 22091 0900/ 536023 152057 6112/
11119 38500 48500 54000
22219 00150
444 20120 22091 0855/ 50101 80110 80017 9/015=
ZZYY 54946 22091 1110/ 536037 152062 6112/
11119 38500 48500 54000
22219 00150
444 20120 22091 1145/ 50101 80110 80021 9/015=
ZZYY 33535 22091 1110/ 550657 136238 6112/
22219 00077
444 20120 22091 1145/ 50101 80009 80000 9////=
ZZYY 33535 22091 1010/ 550660 136251 6112/
22219 00076
444 20120 22091 1003/ 50101 80009 80000 9////=
ZZYY 51945 22091 1120/ 534000 159184 6111/
22219 00164
33311 88872 20000 31640 42048
444 20110 22091 1001/ 50101 80060 80084 9/015=
ZZYY 55922 22091 1100/ 539655 158309 6112/
11119 39977 49977 57021
22219 00125
444 20120 22091 1145/ 50101 80110 80010 9/015=
ZZYY 55922 22091 0900/ 539647 158318 6112/
11119 39991 49991 57024
22219 00125
444 20120 22091 0856/ 50101 80110 80009 9/015=
ZZYY 54901 22091 1110/ 543162 153347 6113/
11119 30111 40111 57007
22219 00102
444 20130 22091 1146/ 50101 80080 80011 9/015=
ZZYY 33536 22091 1140/ 350873 164384 6113/
11119 40116 52007
22219 00081
444 20130 22091 1148/ 50101 80009 80000 9////=
ZZYY 33586 22091 1130/ 351144 166415 6112/
22219 00080
444 20120 22091 1147/ 50101 80009 80000 9/015=
ZZYY 51940 22091 1140/ 525342 169884 6112/
22219 00222
33311 88872 20000 32220 43547
444 20120 22091 1041/ 50101 80080 80003 9/015=
ZZYY 51952 22091 1140/ 525908 149309 6111/
22219 00227
33311 88872 20000 32265 43583
444 20110 22091 1132/ 50101 80100 80011 9/015=
ZZYY 51953 22091 1130/ 528912 152756 6113/
22219 00196
33311 88872 20000 31955 42048
444 20130 22091 1000/ 50101 80080 80097 9/015=
ZZYY 71640 22091 1100/ 557174 118426 6111/
22219 00025
444 20110 22091 1027/ 50101 80009 80000 9////=
ZZYY 51946 22091 1110/ 525303 165266 6111/
22219 00214
33311 88872 20000 32140 42048
444 20110 22091 1143/ 50101 80070 80014 9/015=
ZZYY 51946 22091 1140/ 525303 165266 6111/
22219 00214
33311 88872 20000 32140 42048
444 20110 22091 1143/ 50101 80070 80017 9/015=
ZZYY 51946 22091 1150/ 525303 165266 6111/
22219 00214
33311 88872 20000 32140 42048
444 20110 22091 1143/ 50101 80070 80017 9/015=
ZZYY 71606 22091 1040/ 556900 118414 6111/
22219 00025
444 20110 22091 1028/ 50101 80010 80000 9////=
ZZYY 71616 22091 1140/ 561237 130560 6111/
11119 40076 57024
22219 01003
444 20110 22091 1148/ 50101 80010 80000 9////=
ZZYY 71616 22091 1040/ 561243 130595 6113/
11119 40083 57025
22219 01003
444 20130 22091 1027/ 50101 80010 80000 9////=
ZZYY 54942 22091 1100/ 533091 161362 6112/
11119 30051 40051 57012
22219 00167
444 20120 22091 1144/ 50101 8//// 80084 9////=
ZZYY 71627 22091 1130/ 353770 175642 6112/
22219 00051
444 20120 22091 1146/ 50101 80110 80003 9/015=
ZZYY 54948 22091 1140/ 529970 150356 6112/
11119 40096 57007
22219 00193
444 20120 22091 1000/ 50101 80010 80000 9////=
ZZYY 54948 22091 1040/ 529970 150356 6112/
11119 40095 57008
22219 00193
444 20120 22091 1000/ 50101 80010 80000 9////=
ZZYY 54949 22091 1100/ 530608 153637 6112/
11119 40103 57003
22219 00180
444 20120 22091 1144/ 50101 80010 80000 9////=
ZZYY 54949 22091 1000/ 530616 153637 6112/
11119 40102 57004
22219 00180
444 20120 22091 1001/ 50101 80010 80000 9////=
ZZYY 71611 22091 1100/ 558217 121957 6112/
11119 40037 57012
22219 00011
444 20120 22091 1028/ 50101 80010 80000 9////=
ZZYY 33628 22091 1100/ 547920 137540 6112/
22219 00078
444 20120 22091 1145/ 50101 80010 80004 9////=
ZZYY 33665 22091 1050/ 548112 155086 6111/
11119 40182 57004
22219 00090
444 20110 22091 1036/ 50101 80010 80008 9////=
ZZYY 33665 22091 1150/ 548112 155094 6112/
11119 40181 57004
22219 00090
444 20120 22091 1145/ 50101 80010 80010 9////=
ZZYY 55596 22091 1110/ 541243 135654 6112/
11119 30113 40113 57001
22219 00119
444 20120 22091 1145/ 50101 80090 80000 9/015=
ZZYY 55596 22091 1010/ 541247 135663 6111/
11119 30117 40117 52005
22219 00119
444 20110 22091 1000/ 50101 80090 80000 9/015=
ZZYY 51802 22091 1146/ 522582 175013 6111/
22219 00235
444 20110 22091 1143/ 50101 80053 80007 9/015=
ZZYY 14547 22091 1130/ 348965 176042 6112/
11119 30178 40178 52006
22219 00072
444 20120 22091 1145/ 50101 80100 80063 9/015=
ZZYY 51913 22091 1143/ 515761 173327 6111/
22219 00240
444 20110 22091 1043/ 50101 80115 80012 9/015=
ZZYY 16960 22091 1140/ 354070 163434 6112/
22219 00075
444 20120 22091 1147/ 50101 80100 80000 9/015=
ZZYY 16942 22091 1040/ 558994 118499 6112/
11119 30017 40017 57017
22219 00016
444 20120 22091 1027/ 50101 80090 80000 9/015=
ZZYY 51669 22091 1142/ 511864 174892 6111/
22219 00281
444 20110 22091 0912/ 50101 80105 80000 9/015=
ZZYY 54935 22091 1100/ 541294 136270 6111/
11119 30119 40119 57001
22219 00109
444 20110 22091 1145/ 50101 80080 80000 9/015=
ZZYY 54928 22091 1110/ 542480 153707 6112/
22219 00103
444 20120 22091 1036/ 50101 80110 80010 9/015=
ZZYY 55566 22091 1140/ 535997 146769 6112/
22219 00148
444 20120 22091 1144/ 50101 80009 80000 9////=
ZZYY 55566 22091 1040/ 535983 146773 6113/
22219 00148
444 20130 22091 1000/ 50101 80009 80000 9////=
ZZYY 54909 22091 1100/ 541674 147915 6113/
11119 30126 40126 57008
22219 00113
444 20130 22091 1145/ 50101 80090 80004 9/015=
ZZYY 51627 22091 1143/ 517896 169311 6113/
22219 00269
444 20130 22091 1132/ 50101 80113 80000 9/015=
ZZYY 55911 22091 1130/ 536983 157328 6112/
11119 40012 57011
22219 00143
444 20120 22091 1145/ 50101 80010 80013 9////=
ZZYY 54550 22091 1140/ 531997 143538 6111/
11119 40112 57026
22219 00181
444 20110 22091 1144/ 50101 80010 80010 9////=
ZZYY 54550 22091 1040/ 531974 143549 6112/
11119 40114 57043
22219 00181
444 20120 22091 0959/ 50101 80010 80010 9////=
ZZYY 51655 22091 1148/ 528508 169877 6112/
22219 00187
444 20120 22091 1144/ 50101 80107 80010 9/015=
ZZYY 51663 22091 1141/ 512331 170559 6111/
444 20110 22091 1132/ 50101 80111 80006 9/015=
ZZYY 32564 22091 1145/ 533951 133303 6112/
22219 00145
444 20120 22091 1142/ 50101 80007 80086 9/015=
ZZYY 32709 22091 1141/ 520533 135697 6112/
22219 00245
444 20120 22091 0956/ 50101 80121 9/015=
ZZYY 32725 22091 1142/ 513213 167836 6112/
22219 00276
444 20120 22091 1131/ 50101 80121 80004 9/015=
ZZYY 51753 22091 1145/ 521405 163093 6111/
22219 00256
444 20110 22091 1132/ 50101 80083 80005 9/015=
ZZYY 32973 22091 1146/ 520677 156114 6112/
22219 00256
444 20120 22091 0958/ 50101 80047 80018 9/015=
ZZYY 55593 22091 1130/ 546585 145122 6113/
11119 30129 40129 52001
22219 00085
444 20130 22091 1146/ 50101 80100 80000 9/015=
ZZYY 55614 22091 1100/ 538335 168948 6112/
11119 30013 40013 52023
22219 00138
444 20120 22091 1039/ 50101 80110 80000 9/015=
ZZYY 55948 22091 1030/ 562767 123471 6112/
22219 00008
444 20120 22091 1025/ 50101 8//// 80000 9////=
ZZYY 32830 22091 1145/ 521083 160772 6111/
22219 00259
444 20110 22091 1142/ 50101 80108 80011 9/015=
ZZYY 32684 22091 1145/ 518618 158571 6112/
22219 00261
444 20120 22091 1131/ 50101 80102 80020 9/015=
ZZYY 32682 22091 1145/ 521554 155353 6111/
22219 00253
444 20110 22091 0959/ 50101 80100 80015 9/015=
ZZYY 51649 22091 1146/ 527124 159847 6112/
22219 00211
444 20120 22091 1143/ 50101 80008 80000 9/015=
ZZYY 34538 22091 1145/ 530368 143020 6111/
22219 00190
444 20110 22091 1143/ 50101 80010 80020 9////=
ZZYY 32827 22091 1142/ 522931 139242 6112/
22219 00239
444 20120 22091 1132/ 50101 80102 80001 9/015=
ZZYY 54925 22091 1144/ 528905 133545 6112/
22219 00199
444 20120 22091 0958/ 50101 80104 80000 9/015=
ZZYY 51643 22091 1140/ 508478 153001 6111/
22219 00272
444 20110 22091 1130/ 50101 80117 9/015=
ZZYY 51624 22091 1144/ 516306 174204 6112/
22219 00275
444 20120 22091 1133/ 50101 80085 80019 9/015=
ZZYY 71641 22091 1120/ 548820 146004 6111/
22219 00083
444 20110 22091 1146/ 50101 8//// 80038 9////=
ZZYY 32719 22091 1143/ 510536 167279 6112/
444 20120 22091 1131/ 50101 80540 80061 9/015=
ZZYY 33518 22091 1110/ 537557 135276 6111/
11119 30141 40141 57001
22219 00130
444 20110 22091 1144/ 50101 8//// 80079 9/015=
ZZYY 33518 22091 1010/ 537570 135291 6111/
11119 30146 40146 52007
22219 00130
444 20110 22091 1001/ 50101 8//// 80068 9/015=
ZZYY 32558 22091 1146/ 520277 153718 6112/
22219 00261
444 20120 22091 0958/ 50101 80108 80099 9/015=
ZZYY 55951 22091 1030/ 538232 133404 6112/
11119 30130 40130 52005
22219 00129
444 20120 22091 1000/ 50101 80100 80006 9/015=
ZZYY 55951 22091 1130/ 538241 133375 6111/
11119 30130 40130 52004
22219 00129
444 20110 22091 1144/ 50101 80100 80007 9/015=
ZZYY 55591 22091 1100/ 538563 124617 6113/
444 20130 22091 1000/ 50101 9////=
ZZYY 56570 22091 1150/ 558944 129684 6112/
11119 30093 40093 57033
22219 00022
444 20120 22091 1148/ 50101 80100 80005 9/015=
ZZYY 56570 22091 1050/ 558952 129680 6112/
11119 30109 40109 57022
22219 00022
444 20120 22091 1028/ 50101 80100 80005 9/015=
ZZYY 32616 22091 1142/ 522648 140486 6112/
22219 00243
444 20120 22091 0957/ 50101 80100 80022 9/015=
ZZYY 32642 22091 1144/ 526384 132463 6111/
22219 00227
444 20110 22091 0958/ 50101 80104 80000 9/015=
ZZYY 55631 22091 1110/ 332403 168829 6111/
11119 30168 40168 57003
22219 00161
444 20110 22091 1059/ 50101 80100 80011 9/015=
ZZYY 32804 22091 1142/ 522905 130498 6111/
22219 00229
444 20110 22091 0815/ 50101 80048 80000 9/015=
ZZYY 32546 22091 1143/ 523895 135574 6111/
22219 00226
444 20110 22091 1132/ 50101 80050 80001 9/015=
ZZYY 55627 22091 1110/ 335010 170674 6111/
11119 30149 40149 52001
22219 00154
444 20110 22091 1107/ 50101 80110 80010 9/015=
ZZYY 34545 22091 1110/ 548448 143239 6111/
11119 40152 57014
22219 00083
444 20110 22091 1033/ 50101 80010 80010 9////=
ZZYY 34512 22091 1150/ 548056 177517 6113/
11119 40201 52018
22219 00071
444 20130 22091 1145/ 50101 80010 80006 9////=
ZZYY 34905 22091 1100/ 550865 149621 6112/
22219 00067
444 20120 22091 1030/ 50101 80010 80005 9////=
####018000146####
SSVX13 LFPW 221200
ZZYY 62533 22091 1200/ 748795 020273 6113/ 11119 40166 57014 22219
 00167 444 20130 22091 1200/ 50101 80140 80006 9/015=
####018000146####
SSVX13 LFPW 221200
ZZYY 44622 22091 1200/ 732611 035162 6113/ 11119 40240 52008 22219
 00264 444 20130 22091 1200/ 50101 80086 80003 9/015=
####018000146####
SSVX13 LFPW 221200
ZZYY 62535 22091 1200/ 737399 025210 6113/ 11119 40241 52010 22219
 00229 444 20130 22091 1200/ 50101 80138 80011 9/015=
####018000146####
SSVX13 LFPW 221200
ZZYY 64613 22091 1200/ 764056 026089 6113/ 11119 40000 52003 22219
 00105 444 20130 22091 1200/ 50101 80146 80005 9/015=
####018000146####
SSVX13 LFPW 221200
ZZYY 62514 22091 1200/ 735248 021520 6113/ 11119 40249 52005 22219
 00243 444 20130 22091 1200/ 50101 80136 80003 9/015=
####018000146####
SSVX13 LFPW 221200
ZZYY 41728 22091 1200/ 726314 046709 6113/ 11119 40243 52014 22219
 00277 444 20130 22091 1200/ 50101 80114 80005 9/015=
####018000173####
SSVX13 LFPW 221200
ZZYY 62506 22091 1200/ 743733 005625 6113/ 11119 40223 57001 22219
 00201 33300 88872 20000 43589 444 20130 22091 1200/ 50101 80144
 80056 9/015=
####018000146####
SSVX13 LFPW 221200
ZZYY 44771 22091 1200/ 742645 040899 6113/ 11119 40215 52008 22219
 00209 444 20130 22091 1200/ 50101 80140 80005 9/015=
####018000146####
SSVX13 LFPW 221200
ZZYY 44770 22091 1200/ 740785 028597 6113/ 11119 40209 57005 22219
 00218 444 20130 22091 1200/ 50101 80140 80018 9/015=
####018000146####
SSVX13 LFPW 221200
ZZYY 44773 22091 1200/ 746408 036762 6113/ 11119 40132 52011 22219
 00169 444 20130 22091 1200/ 50101 80140 80016 9/015=
####018000146####
SSVX13 LFPW 221200
ZZYY 62599 22091 1200/ 757947 021679 6113/ 11119 40014 57022 22219
 00119 444 20130 22091 1200/ 50101 80138 80000 9/015=
####018000146####
SSVX13 LFPW 221200
ZZYY 26554 22091 1200/ 189382 101486 6113/ 11119 40162 52004 22219
 01050 444 20130 22091 1200/ 50101 80146 80000 9/015=
####018000146####
SSVX13 LFPW 221200
ZZYY 63639 22091 1200/ 179741 008187 6113/ 11119 40150 57003 22219
 00061 444 20130 22091 1200/ 50101 80144 80006 9/015=
####018000146####
SSVX13 LFPW 221200
ZZYY 26553 22091 1200/ 185586 061748 6113/ 11119 40216 57004 22219
 01050 444 20130 22091 1200/ 50101 80144 80003 9/015=
####018000146####
SSVX13 LFPW 221200
ZZYY 62539 22091 1200/ 741080 025143 6113/ 11119 40220 57002 22219
 00215 444 20130 22091 1200/ 50101 80140 80011 9/015=
####018000173####
SSVX13 LFPW 221200
ZZYY 62508 22091 1200/ 743508 009985 6113/ 11119 40236 57002 22219
 00191 33300 88872 20000 43589 444 20130 22091 1200/ 50101 80142
 80074 9/015=
####018000146####
SSVX13 LFPW 221200
ZZYY 62534 22091 1200/ 743600 024190 6113/ 11119 40210 57007 22219
 00196 444 20130 22091 1200/ 50101 80140 80016 9/015=
####018000134####
SSVX13 LFPW 221200
ZZYY 62502 22091 1200/ 741183 011821 6113/ 11119 40224 57004 444
 20130 22091 1200/ 50101 80108 80000 9/015=
####018000146####
SSVX13 LFPW 221200
ZZYY 44775 22091 1200/ 751329 047689 6113/ 11119 40119 52024 22219
 00116 444 20130 22091 1200/ 50101 80138 80015 9/015=
####018000146####
SSVX13 LFPW 221200
ZZYY 63640 22091 1200/ 175097 012506 6113/ 11119 40104 57005 22219
 00083 444 20130 22091 1200/ 50101 80138 80008 9/015=
####018000146####
SSVX13 LFPW 221200
ZZYY 48611 22091 1200/ 783705 167225 6113/ 11119 40055 52009 22219
 01050 444 20130 22091 1200/ 50101 80148 80002 9/015=
####018000173####
SSVX13 LFPW 221200
ZZYY 62503 22091 1200/ 747869 018567 6113/ 11119 40202 57011 22219
 00166 33300 88872 20000 43566 444 20130 22091 1200/ 50101 80108
 80011 9/015=
####018000173####
SSVX13 LFPW 221200
ZZYY 62504 22091 1200/ 739685 021195 6113/ 11119 40222 54000 22219
 00232 33300 88872 20000 43664 444 20130 22091 1200/ 50101 80148
 80060 9/015=
####018000146####
SSVX13 LFPW 221200
ZZYY 62600 22091 1200/ 756553 031397 6113/ 11119 49980 57009 22219
 00108 444 20130 22091 1200/ 50101 80138 80015 9/015=
####018000146####
SSVX13 LFPW 221200
ZZYY 62552 22091 1200/ 742088 034567 6113/ 11119 40191 52009 22219
 00222 444 20130 22091 1200/ 50101 80142 80013 9/015=
####018000146####
SSVX13 LFPW 221200
ZZYY 63635 22091 1200/ 172750 018351 6113/ 11119 40069 57011 22219
 00101 444 20130 22091 1200/ 50101 80144 80003 9/015=
####018000146####
SSVX13 LFPW 221200
ZZYY 44772 22091 1200/ 747019 039894 6113/ 11119 40133 52009 22219
 00176 444 20130 22091 1200/ 50101 80140 80021 9/015=
####018000146####
SSVX13 LFPW 221200
ZZYY 44778 22091 1200/ 743428 041043 6113/ 11119 40208 52008 22219
 00206 444 20130 21091 0900/ 50101 80142 80018 9/015=
####018000146####
SSVX13 LFPW 221200
ZZYY 41729 22091 1200/ 730725 039342 6113/ 11119 40244 52013 22219
 00275 444 20130 22091 1200/ 50101 80126 80002 9/015=
####018000146####
SSVX13 LFPW 221200
ZZYY 64612 22091 1200/ 760911 030769 6113/ 11119 49990 57002 22219
 00104 444 20130 22091 1200/ 50101 80146 80005 9/015=
####018000146####
SSVX13 LFPW 221157
ZZYY 17931 22091 1157/ 344839 049657 6113/ 11119 40175 52004 22219
 00051 444 20130 22091 1152/ 50101 80140 80005 9/015=
####018000146####
SSVX13 LFPW 221200
ZZYY 62536 22091 1200/ 740426 032234 6113/ 11119 40199 52001 22219
 00231 444 20130 22091 1200/ 50101 80142 80013 9/015=
####018000146####
SSVX13 LFPW 221200
ZZYY 13974 22091 1200/ 735087 027708 6113/ 11119 40237 52004 22219
 00256 444 20130 22091 1200/ 50101 80128 80008 9/015=
####018000146####
SSVX13 LFPW 221200
ZZYY 44623 22091 1200/ 758024 036508 6113/ 11119 49983 54000 22219
 00086 444 20130 22091 1200/ 50101 80146 80013 9/015=
####018000146####
SSVX13 LFPW 221200
ZZYY 44776 22091 1200/ 742281 031864 6113/ 11119 40181 52002 22219
 00216 444 20130 22091 1200/ 50101 80140 80016 9/015=
####018000146####
SSVX13 LFPW 221157
ZZYY 17928 22091 1157/ 352713 050648 6113/ 11119 49875 57034 22219
 00014 444 20130 22091 1152/ 50101 80140 80003 9/015=
####018000146####
SSVX13 LFPW 221200
ZZYY 44624 22091 1200/ 755383 046243 6113/ 11119 40081 52025 22219
 00081 444 20130 22091 1200/ 50101 80144 80006 9/015=
####018000146####
SSVX13 LFPW 221201
ZZYY 44769 22091 1201/ 743521 051952 6113/ 11119 40266 52016 22219
 00165 444 20130 22091 1201/ 50101 80140 80015 9/015=
####018000146####
SSVX13 LFPW 221200
ZZYY 62551 22091 1200/ 738326 026373 6113/ 11119 40232 52003 22219
 00229 444 20130 22091 1200/ 50101 80142 80005 9/015=
####018000146####
SSVX13 LFPW 221157
ZZYY 64623 22091 1157/ 164183 004700 6113/ 11119 49915 52007 22219
 00123 444 20130 22091 1152/ 50101 80098 80003 9/015=
####018000146####
SSVX13 LFPW 221200
ZZYY 62537 22091 1200/ 742375 033196 6113/ 11119 40184 52006 22219
 00208 444 20130 22091 1200/ 50101 80140 80006 9/015=
####018000146####
SSVX13 LFPW 221200
ZZYY 44613 22091 1200/ 742987 048127 6113/ 11119 40254 52017 22219
 00129 444 20130 22091 1200/ 50101 80142 80010 9/015=
####018000146####
SSVX13 LFPW 221200
ZZYY 44779 22091 1200/ 743503 032385 6113/ 11119 40167 52006 22219
 00203 444 20130 22091 1200/ 50101 80140 80019 9/015=
####018000146####
SSVX13 LFPW 221200
ZZYY 44774 22091 1200/ 745115 033274 6113/ 11119 40145 52010 22219
 00195 444 20130 22091 1200/ 50101 80140 80016 9/015=
####018000146####
SSVX13 LFPW 221200
ZZYY 41730 22091 1200/ 733073 050800 6113/ 11119 40276 52016 22219
 00282 444 20130 22091 1200/ 50101 80126 80003 9/015=
####018000128####
SSVX13 LFPW 221200
ZZYY 62538 22091 1200/ 743141 016412 6113/ 22219 00190 444 20130
 22091 1200/ 50101 80140 80015 9/015=
####018000146####
SSVX13 LFPW 221200
ZZYY 62532 22091 1200/ 747890 017375 6113/ 11119 40215 57010 22219
 00170 444 20130 22091 1200/ 50101 80134 80003 9/015=
####018000146####
SSVX13 LFPW 221200
ZZYY 62516 22091 1200/ 732517 021027 6113/ 11119 40235 52007 22219
 00243 444 20130 22091 1200/ 50101 80130 80003 9/015=
####018000146####
SSVX13 LFPW 221200
ZZYY 62531 22091 1200/ 745747 010873 6113/ 11119 40253 57001 22219
 00179 444 20130 22091 1200/ 50101 80140 80003 9/015=
####018000146####
SSVX13 LFPW 221200
ZZYY 41638 22091 1200/ 730859 039525 6113/ 11119 40241 52011 22219
 00275 444 20130 22091 1200/ 50101 80092 80003 9/015=
####018000146####
SSVX13 LFPW 221200
ZZYY 63637 22091 1200/ 175193 013564 6113/ 11119 40108 57004 22219
 00086 444 20130 22091 1200/ 50101 80140 80011 9/015=
####018000146####
SSVX13 LFPW 221200
ZZYY 44777 22091 1200/ 744574 028880 6113/ 11119 40153 57001 22219
 00200 444 20130 22091 1200/ 50101 80140 80016 9/015=
####018000146####
SSVX13 LFPW 221200
ZZYY 44780 22091 1200/ 741355 032900 6113/ 11119 40193 52005 22219
 00216 444 20130 22091 1200/ 50101 80142 80008 9/015=
####018000241####
SSVX13 LFVW 221206
ZZYY 17526 22091 1200/ 341558 022875 6113/
11119 40132 57023
22219 00120
444 50101 80102 80000 9/015=
ZZYY 16551 22091 1200/ 333378 083263 6113/
11119 40266 57003
22219 00156
444 50101 80106 80008 9/015=
####018000146####
SSVX13 LFPW 221200
ZZYY 44621 22091 1200/ 750338 047736 6113/ 11119 40133 52018 22219
 00098 444 20130 22091 1200/ 50101 80146 80013 9/015=
####018000146####
SSVX13 LFPW 221200
ZZYY 62711 22091 1200/ 753798 033990 6113/ 11119 49994 52012 22219
 00112 444 20130 22091 1200/ 50101 80138 80011 9/015=
####018000146####
SSVX13 LFPW 221200
ZZYY 63636 22091 1200/ 175350 008599 6113/ 11119 40105 57003 22219
 00077 444 20130 22091 1200/ 50101 80142 80011 9/015=
####018000146####
SSVX13 LFPW 221200
ZZYY 63638 22091 1200/ 178615 008616 6113/ 11119 40140 57003 22219
 00071 444 20130 22091 1200/ 50101 80142 80019 9/015=
####018006929####
SSVX02 KARS 221208
ZZYY 63579 22091 1157/ 169079 046773 6112/
444 20120 22091 1139/ 50101 80006 80005 9////=
ZZYY 63964 22091 1159/ 173820 023033 6113/
444 20130 22091 1139/ 50101 80009 80012 9/015=
ZZYY 63948 22091 1159/ 175400 035526 6113/
22219 00057
444 20130 22091 1140/ 50101 80008 80006 9/015=
ZZYY 44930 22091 1201/ 765448 001695 6112/
444 20120 22091 1140/ 50101 80092 80099 9/015=
ZZYY 63577 22091 1200/ 175074 067707 6113/
22219 00064
444 20130 22091 1138/ 50101 80009 80005 9/015=
ZZYY 63583 22091 1159/ 172579 046856 6112/
22219 00081
444 20120 22091 1139/ 50101 80009 80009 9/015=
ZZYY 63584 22091 1159/ 777831 002090 6111/
22219 00043
444 20110 22091 1141/ 50101 80007 80009 9/015=
ZZYY 64930 22091 1200/ 776409 000852 6112/
22219 00048
33311 88872 20000 30480 43490
444 20120 22091 1140/ 50101 80011 80100 9////=
ZZYY 63966 22091 1159/ 171458 015227 6113/
22219 00103
444 20130 22091 1140/ 50101 80009 80013 9/015=
ZZYY 42538 22091 1158/ 733427 053905 6111/
22219 00284
444 20110 22091 1146/ 50101 80098 80001 9////=
ZZYY 13570 22091 1200/ 737716 030896 6112/
11119 30224 40224 52002
22219 00239
444 20120 22091 1145/ 50101 80110 80062 9/015=
ZZYY 42547 22091 1201/ 738471 037102 6112/
22219 00237
444 20120 22091 1145/ 50101 80094 80001 9/015=
ZZYY 44513 22091 1202/ 750824 033874 6113/
22219 00131
444 20130 22091 1130/ 50101 80142 80009 9/015=
ZZYY 44516 22091 1201/ 749199 026277 6112/
22219 00152
444 20120 22091 1144/ 50101 80138 80023 9/015=
ZZYY 44515 22091 1200/ 745314 025667 6113/
22219 00167
444 20130 22091 1145/ 50101 80142 80011 9/015=
ZZYY 44932 22091 1200/ 750906 025303 6111/
22219 00142
444 20110 22091 1143/ 50101 80142 80004 9/015=
ZZYY 44518 22091 1200/ 743033 022825 6113/
22219 00200
444 20130 22091 1145/ 50101 80142 80003 9/015=
ZZYY 41943 22091 1203/ 732469 065262 6111/
22219 00274
444 20110 22091 1200/ 50101 80144 80002 9/015=
ZZYY 44927 22091 1050/ 751716 043015 6112/
11119 30072 40072 52025
22219 00112
444 20120 22091 1130/ 50101 80138 80002 9/015=
ZZYY 41555 22091 1200/ 734618 024341 6112/
11119 30237 40237
22219 00252
444 20120 22091 1145/ 50101 80100 80000 9/015=
ZZYY 41609 22091 1204/ 732035 066661 6111/
22219 00274
444 20110 22091 1151/ 50101 80144 80003 9/015=
ZZYY 41578 22091 1159/ 729815 058786 6112/
444 20120 22091 1149/ 50101 80144 9/015=
ZZYY 41974 22091 1203/ 727224 066589 6111/
22219 00282
444 20110 22091 1154/ 50101 80144 80007 9/015=
ZZYY 42513 22091 1204/ 728102 085710 6111/
22219 00289
444 20110 22091 1040/ 50101 80094 80001 9/015=
ZZYY 42508 22091 1203/ 735942 049545 6111/
22219 00272
444 20110 22091 1145/ 50101 80126 80002 9/015=
ZZYY 41997 22091 1203/ 744029 039910 6112/
444 20120 22091 1144/ 50101 80094 80031 9/015=
ZZYY 62729 22091 1159/ 739716 026342 6113/
444 20130 22091 1131/ 50101 80116 9/015=
ZZYY 41592 22091 1202/ 732093 071376 6112/
444 20120 22091 1151/ 50101 80096 80040 9/015=
ZZYY 44899 22091 1202/ 729470 044917 6113/
22219 00276
444 20130 22091 1146/ 50101 80118 80011 9/015=
ZZYY 41956 22091 1202/ 730679 064252 6111/
22219 00279
444 20110 22091 1149/ 50101 8//// 80003 9/015=
ZZYY 13623 22091 1203/ 722722 049007 6112/
22219 00278
444 20120 22091 1200/ 50101 80049 80099 9/015=
ZZYY 13636 22091 1203/ 723659 063530 6112/
22219 00284
444 20120 22091 1149/ 50101 80105 80008 9/015=
ZZYY 31527 22091 1203/ 732846 075174 6113/
22219 00273
444 20130 22091 1200/ 50101 8//// 80001 9////=
ZZYY 41903 22091 1200/ 736569 040775 6113/
22219 00247
444 20130 22091 1145/ 50101 80080 80006 9/015=
ZZYY 41686 22091 1203/ 719415 068021 6112/
22219 00288
444 20120 22091 1151/ 50101 80108 80000 9/015=
ZZYY 41983 22091 1202/ 741098 038935 6113/
22219 00230
444 20130 22091 1200/ 50101 80078 80020 9/015=
ZZYY 62722 22091 1150/ 738610 024685 6112/
11119 30236 40236 57005
22219 00229
444 20120 22091 1130/ 50101 80110 80031 9/015=
ZZYY 44886 22091 1203/ 728962 036927 6113/
22219 00267
444 20130 22091 1147/ 50101 80074 80003 9/015=
ZZYY 41611 22091 1203/ 727267 073219 6112/
22219 00289
444 20120 22091 0912/ 50101 80140 80006 9/015=
ZZYY 44553 22091 1202/ 729733 059889 6111/
22219 00281
444 20110 22091 1200/ 50101 80093 80014 9/015=
ZZYY 41570 22091 1203/ 726840 075061 6113/
22219 00284
444 20130 22091 1041/ 50101 80140 80001 9/015=
ZZYY 41606 22091 1203/ 735290 041592 6113/
22219 00261
444 20130 22091 1200/ 50101 80037 80008 9/015=
ZZYY 44914 22091 1204/ 734962 044106 6113/
22219 00266
444 20130 22091 1201/ 50101 80051 80009 9/015=
ZZYY 44921 22091 1203/ 738153 030245 6111/
22219 00240
444 20110 22091 1144/ 50101 80080 80001 9/015=
ZZYY 62723 22091 1203/ 740000 030239 6112/
22219 00222
444 20120 22091 1145/ 50101 80079 80007 9/015=
ZZYY 44894 22091 1203/ 742153 033349 6111/
22219 00209
444 20110 22091 1201/ 50101 80078 80006 9/015=
ZZYY 13590 22091 1201/ 725764 031388 6112/
22219 00260
444 20120 22091 1131/ 50101 80130 80100 9/015=
ZZYY 13600 22091 1200/ 733452 025768 6112/
11119 30244 40244 52005
22219 00249
444 20120 22091 1130/ 50101 80110 80011 9/015=
ZZYY 41563 22091 1202/ 731608 071654 6111/
22219 00272
444 50101 80110 80000 9/015=
ZZYY 44919 22091 1203/ 733526 056718 6113/
22219 00277
444 20130 22091 1200/ 50101 80116 80011 9/015=
ZZYY 44929 22091 1203/ 726616 031550 6112/
22219 00262
444 20120 22091 1132/ 50101 80072 80010 9/015=
ZZYY 41998 22091 1204/ 745780 041764 6112/
444 20120 22091 1201/ 50101 80068 80016 9/015=
ZZYY 62930 22091 1203/ 726613 031421 6113/
22219 00262
444 20130 22091 1148/ 50101 80084 80015 9/015=
ZZYY 41610 22091 1200/ 731630 056659 6111/
22219 00287
444 20110 22091 1148/ 50101 80094 80001 9/015=
ZZYY 41999 22091 1203/ 731036 060581 6112/
22219 00283
444 20120 22091 1149/ 50101 80110 80074 9/015=
ZZYY 44881 22091 1201/ 736346 033154 6112/
22219 00251
444 20120 22091 1146/ 50101 80074 80002 9/015=
ZZYY 41932 22091 1203/ 732152 055545 6111/
22219 00286
444 20110 22091 1146/ 50101 80050 80000 9/015=
ZZYY 31982 22091 1201/ 731278 067091 6112/
22219 00266
444 20120 22091 1149/ 50101 80051 80099 9/015=
ZZYY 31775 22091 1202/ 726228 062799 6112/
444 20120 22091 1148/ 50101 80052 80099 9/015=
ZZYY 42536 22091 1201/ 735511 057403 6111/
22219 00268
444 50101 80118 80001 9/015=
ZZYY 42518 22091 1201/ 728723 039120 6111/
22219 00274
444 20110 22091 1147/ 50101 80118 80001 9/015=
ZZYY 44505 22091 1200/ 745721 046347 6113/
22219 00126
444 20130 22091 1201/ 50101 9/050=
ZZYY 43537 22091 1203/ 738478 066059 6113/
22219 00261
444 20130 22091 1146/ 50101 80122 80014 9/015=
ZZYY 41607 22091 1200/ 717615 041737 6111/
11119 30179 40179 52017
22219 00271
444 20110 22091 1132/ 50101 80120 80031 9/015=
####018000555####
SSVX08 KARS 221208
ZZYY 41139 21091 12004 720010 037843 6111/
11119 00618 10262 29081 40191
22219 00265
33311 88872 20000 32652 20001 32655 20020 32653 43708
20060 32555 43728 20100 32340 20120 32285 20140 32223 20180 32036
20300 31579 20500 31194
444 20110 21091 1155/ 521// 60401=
ZZYY 41139 22091 11004 720019 037881 6112/
11119 00515 10258 29078 40184
22219 00265
444 20120 22091 1133/ 521// 60401=
ZZYY 41139 22091 12004 720019 037881 6112/
11119 00416 10253 29087 40187
22219 00265
444 20120 22091 1133/ 521// 60401=
####018000146####
SSVX13 LFPW 221200
ZZYY 25616 22091 1200/ 183777 133818 6113/ 11119 40085 57005 22219
 01050 444 20130 22091 1200/ 50101 80150 80002 9/015=
####018000277####
SSVX02 LFVW 221208
ZZYY 41725 22091 1202/ 732386 054408 6111/
22219 00285
33311 88872 20000 32849 43684
444 2011/ 22091 1134/ 50101 9/015=
ZZYY 13982 22091 1202/ 723925 043794 6112/
22219 00273
33311 88872 20000 32733 43751
444 2012/ 22091 1152/ 50101 9/015=
####018000146####
SSVX13 LFPW 221200
ZZYY 44766 22091 1200/ 746700 028020 6113/ 11119 40123 57005 22219
 00166 444 20130 22091 1200/ 50101 80140 80013 9/015=
