####018000146####
SSVX13 LFPW 211500
ZZYY 64607 21091 1500/ 762460 056030 6111/ 11119 40102 57002 22219
 00054 444 20110 21091 1500/ 50101 80108 80003 9/015=
####018000237####
SSVX02 LFVW 211458
ZZYY 22689 21091 1450/ 735809 177717 6112/
22219 00240
444 20120 21091 1429/ 50101 80114 80007 9/015=
ZZYY 21731 21091 1450/ 145123 140285 6112/
22219 00197
444 20120 21091 0946/ 50101 80138 80009 9/015=
####018000585####
SSVX11 LFVW 211458
ZZYY 21210 21091 06004 138116 146403 6111/
11119 01816 10263 29087 40039
22219 00253
444 20110 21091 0534/ 522// 60371=
ZZYY 21210 21091 02004 138095 146427 6111/
11119 01920 10265 29086 40056
22219 00254
444 20110 21091 0208/ 522// 60371=
ZZYY 21210 21091 04004 138114 146406 6112/
11119 01917 10264 29087 40045
22219 00254
444 20120 21091 0346/ 522// 60371=
ZZYY 21210 21091 1300/ 138114 146405 6111/
22219 00250
444 20110 21091 1124/ 522//=
ZZYY 21210 21091 1100/ 138114 146405 6111/
22219 00251
444 20110 21091 1124/ 522//=
####018008701####
SSVX02 KARS 211502
ZZYY 43502 21091 1430/ 545142 158467 6112/
444 20120 21091 1337/ 50101 9////=
ZZYY 33649 21091 1440/ 349441 177525 6112/
11119 40176 52002
22219 00071
444 20120 21091 1450/ 50101 80010 80000 9////=
ZZYY 33649 21091 1340/ 349440 177533 6113/
11119 40184 52011
22219 00072
444 20130 21091 1336/ 50101 80010 80000 9////=
ZZYY 51780 21091 1443/ 512529 161367 6112/
22219 00273
444 20120 21091 1324/ 50101 80113 80013 9/015=
ZZYY 71614 21091 1400/ 344646 149269 6112/
22219 00108
444 20120 21091 1338/ 50101 80010 80000 9////=
ZZYY 51512 21091 1453/ 319782 176906 6113/
22219 00246
444 20130 21091 1446/ 50101 80115 80034 9/015=
ZZYY 33536 21091 1440/ 350759 164071 6112/
11119 40004 57005
22219 00080
444 20120 21091 1338/ 50101 80009 80000 9////=
ZZYY 33586 21091 1430/ 351118 166240 6112/
22219 00081
444 20120 21091 1451/ 50101 80009 80000 9/015=
ZZYY 51940 21091 1440/ 525441 169761 6112/
22219 00222
33311 88872 20000 32220 43545
444 20120 21091 1446/ 50101 80080 80033 9/015=
ZZYY 51946 21091 1410/ 525532 165258 6113/
22219 00215
33311 88872 20000 32145 42048
444 20130 21091 1335/ 50101 80070 80041 9/015=
ZZYY 51946 21091 1440/ 525514 165254 6112/
22219 00215
33311 88872 20000 32145 42048
444 20120 21091 1445/ 50101 80070 80044 9/015=
ZZYY 51946 21091 1450/ 525514 165254 6112/
22219 00215
33311 88872 20000 32145 42048
444 20120 21091 1445/ 50101 80070 80044 9/015=
ZZYY 51727 21091 1448/ 509470 177267 6112/
22219 00283
444 20120 21091 1444/ 50101 80109 80255 9/015=
ZZYY 71575 21091 1410/ 349212 155864 6113/
22219 00086
444 20130 21091 1338/ 50101 80009 80000 9////=
ZZYY 71627 21091 1430/ 353624 175226 6111/
22219 00062
444 20110 21091 1451/ 50101 80110 80004 9/015=
ZZYY 51965 21091 1452/ 316774 176033 6113/
22219 00271
444 20130 21091 1446/ 50101 80119 80007 9/015=
ZZYY 33559 21091 1450/ 359085 135175 6111/
11119 39848 49848
22219 00004
444 20110 21091 1421/ 50101 80090 80099 9/015=
ZZYY 33629 21091 1400/ 339035 141722 6112/
11119 40168 57013
22219 00140
444 20120 21091 1337/ 50101 80010 80009 9////=
ZZYY 33663 21091 1440/ 347013 144800 6111/
11119 40010 52024
22219 00089
444 20110 21091 1451/ 50101 80010 80005 9////=
ZZYY 34540 21091 1410/ 343132 134877 6111/
11119 49979 57029
22219 00105
444 20110 21091 1308/ 50101 80010 80004 9////=
ZZYY 51648 21091 1448/ 304832 163834 6112/
22219 00292
444 20120 21091 1445/ 50101 80109 80010 9/015=
ZZYY 51802 21091 1453/ 523144 175521 6112/
22219 00231
444 20120 21091 1447/ 50101 80053 80008 9/015=
ZZYY 51948 21091 1447/ 502188 178596 6112/
22219 00280
444 20120 21091 1443/ 50101 80119 80007 9/015=
ZZYY 14547 21091 1430/ 349094 176151 6112/
11119 30171 40171 57003
22219 00072
444 20120 21091 1450/ 50101 80100 80063 9/015=
ZZYY 16960 21091 1440/ 353861 162974 6111/
22219 00076
444 20110 21091 1338/ 50101 80100 80000 9/015=
ZZYY 51913 21091 1450/ 515761 173329 6113/
22219 00209
444 20130 21091 1445/ 50101 80115 80012 9/015=
ZZYY 51669 21091 1449/ 511799 174722 6112/
22219 00279
444 20120 21091 1445/ 50101 80103 80255 9/015=
ZZYY 51614 21091 1452/ 318923 173218 6113/
22219 00256
444 20130 21091 1446/ 50101 80044 80022 9/015=
ZZYY 51617 21091 1443/ 710133 173337 6112/
22219 00280
444 20120 21091 1318/ 50101 80045 80000 9/015=
ZZYY 56904 21091 1400/ 350103 155804 6113/
11119 39981 49981 57009
22219 00086
444 20130 21091 1338/ 50101 80100 80043 9/015=
ZZYY 51627 21091 1450/ 517789 169423 6112/
22219 00272
444 20120 21091 1445/ 50101 80113 80000 9/015=
ZZYY 51531 21091 1449/ 307253 154672 6113/
22219 00291
444 20130 21091 1444/ 50101 80115 80004 9/015=
ZZYY 51901 21091 1450/ 312886 159247 6113/
22219 00282
444 20130 21091 1445/ 50101 80115 80005 9/015=
ZZYY 51655 21091 1453/ 528820 170011 6112/
22219 00187
444 20120 21091 1449/ 50101 80103 80011 9/015=
ZZYY 51663 21091 1449/ 512120 170345 6112/
22219 00275
444 20120 21091 1444/ 50101 80113 80012 9/015=
ZZYY 43529 21091 1427/ 717045 172116 6113/
22219 00272
444 20130 21091 1318/ 50101 8//// 80001 9/015=
ZZYY 51892 21091 1444/ 710172 179074 6113/
22219 00281
444 20130 21091 1319/ 50101 80105 80007 9/015=
ZZYY 52618 21091 1443/ 709520 175794 6111/
22219 00279
444 20110 21091 1319/ 50101 80117 80004 9/015=
ZZYY 32725 21091 1446/ 513054 167619 6112/
22219 00276
444 20120 21091 1443/ 50101 80121 80004 9/015=
ZZYY 51753 21091 1447/ 521361 163005 6111/
22219 00256
444 20110 21091 1445/ 50101 80081 80006 9/015=
ZZYY 21541 21091 1420/ 714655 167853 6112/
11119 30118 40118 57015
22219 00270
444 20120 21091 1320/ 50101 80010 80000 9////=
ZZYY 46909 21091 1428/ 719900 175838 6113/
444 20130 21091 1317/ 50101 80112 80000 9/015=
ZZYY 55614 21091 1400/ 538395 169028 6112/
11119 39953 49953 57021
22219 00138
444 20120 21091 1338/ 50101 80110 80000 9/015=
ZZYY 51652 21091 1444/ 704920 169467 6113/
22219 00273
444 20130 21091 1319/ 50101 80123 80022 9/015=
ZZYY 51771 21091 1444/ 504270 163445 6112/
22219 00272
444 20120 21091 1321/ 50101 80121 80011 9/015=
ZZYY 51657 21091 1446/ 506811 178989 6112/
22219 00280
444 20120 21091 1443/ 50101 80117 80003 9/015=
ZZYY 33695 21091 1452/ 339703 130748 6112/
22219 00126
444 20120 21091 1310/ 50101 80072 9/015=
ZZYY 16573 21091 1340/ 338278 140304 6111/
11119 30166 40166 57015
22219 00149
444 50101 80100 80000 9/015=
ZZYY 16573 21091 1440/ 338279 140325 6111/
11119 30160 40160 57020
22219 00148
444 20110 21091 1450/ 50101 80100 80000 9/015=
ZZYY 16594 21091 1340/ 340773 136694 6111/
11119 30084 40084 54000
22219 00121
444 20110 21091 1310/ 50101 80090 80000 9/015=
ZZYY 16594 21091 1440/ 340790 136707 6111/
11119 30078 40078 57007
22219 00121
444 20110 21091 1451/ 50101 80090 80000 9/015=
ZZYY 51526 21091 1444/ 507461 164014 6113/
22219 00276
444 20130 21091 1321/ 50101 80121 80015 9/015=
ZZYY 51624 21091 1450/ 516166 174313 6112/
22219 00273
444 20120 21091 1445/ 50101 80085 80019 9/015=
ZZYY 32719 21091 1447/ 510539 167179 6112/
444 20120 21091 1444/ 50101 80540 80083 9/015=
ZZYY 51536 21091 1444/ 110160 166197 6113/
22219 00287
444 20130 21091 1320/ 50101 80095 80006 9/015=
ZZYY 17652 21091 1450/ 347804 141613 6111/
11119 39978 49978 52001
22219 00094
444 20110 21091 1338/ 50101 80100 80076 9////=
ZZYY 17652 21091 1350/ 347804 141613 6111/
11119 39976 49976 54000
22219 00093
444 20110 21091 1338/ 50101 80100 80076 9////=
ZZYY 51972 21091 1450/ 311546 167645 6112/
22219 00287
444 20120 21091 1445/ 50101 80081 80006 9/015=
ZZYY 51644 21091 1450/ 311311 154782 6113/
22219 00282
444 20130 21091 1445/ 50101 80085 80004 9/015=
ZZYY 51538 21091 1451/ 319306 167953 6112/
22219 00243
444 20120 21091 1446/ 50101 80086 80001 9/015=
ZZYY 51918 21091 1447/ 504617 170664 6111/
22219 00276
444 20110 21091 1444/ 50101 80121 80005 9/015=
ZZYY 32617 21091 1452/ 324493 169945 6112/
22219 00230
444 20120 21091 1336/ 50101 80082 80002 9/015=
ZZYY 51639 21091 1446/ 504895 174551 6112/
444 20120 21091 1320/ 50101 80117 80255 9/015=
ZZYY 51781 21091 1444/ 505189 169545 6113/
22219 00276
444 20130 21091 1321/ 50101 80121 80061 9/015=
ZZYY 51873 21091 1444/ 507935 161896 6112/
22219 00276
444 20120 21091 1321/ 50101 80119 80022 9/015=
ZZYY 51671 21091 1448/ 306107 173482 6111/
22219 00287
444 20110 21091 1444/ 50101 80119 80031 9/015=
ZZYY 34534 21091 1430/ 351884 138245 6111/
11119 49922 57003
22219 00057
444 20110 21091 1339/ 50101 80010 80008 9////=
ZZYY 32713 21091 1449/ 305958 174946 6113/
22219 00285
444 20130 21091 1322/ 50101 80550 80014 9/015=
ZZYY 55631 21091 1410/ 332373 168666 6113/
11119 30157 40157 57017
22219 00160
444 20130 21091 1338/ 50101 80100 80011 9/015=
ZZYY 34902 21091 1420/ 340797 128911 6112/
11119 49998 52002
22219 00117
444 20120 21091 1309/ 50101 80010 80009 9////=
ZZYY 55627 21091 1410/ 335074 170597 6112/
11119 30145 40145 57018
22219 00154
444 20120 21091 1338/ 50101 80110 80014 9/015=
ZZYY 51870 21091 1448/ 304349 173569 6111/
444 20110 21091 1444/ 50101 80109 80012 9/015=
ZZYY 34512 21091 1450/ 548121 177525 6112/
11119 40165 52011
22219 00071
444 20120 21091 1451/ 50101 80010 80007 9////=
ZZYY 34512 21091 1350/ 548125 177529 6113/
11119 40162 52018
22219 00071
444 20130 21091 1338/ 50101 80010 80007 9////=
ZZYY 56551 21091 1400/ 336760 168083 6112/
11119 30122 40122 57017
22219 00151
444 20120 21091 1337/ 50101 80110 80012 9/015=
####018000533####
SSVX13 KARS 211502
ZZYY 55962 21091 1400/ 337434 168536 6112/
11119 40116 57011
22219 00143
444 20120 21091 1337/ 50101 80108 80006 9/015=
ZZYY 55645 21091 1400/ 336196 170555 6112/
11119 40135 57010
22219 00148
444 20120 21091 1338/ 50101 80110 80000 9/015=
ZZYY 55644 21091 1400/ 337033 171770 6111/
11119 40141 57021
22219 00143
444 20110 21091 1340/ 50101 80112 80026 9/015=
ZZYY 55961 21091 1400/ 334321 163948 6113/
11119 40174 52009
22219 00157
444 20130 21091 1337/ 50101 80110 80015 9/015=
####018005701####
SSVX08 KARS 211502
ZZYY 52007 20091 1200/ 308040 164788 6112/
33311 88872 20001 32913 43535 20025 32905 20050 32903
444 20120 20091 1022/ 521//=
ZZYY 52007 21091 14004 308026 164770 6112/
11119 01010 10287 29076
22219 00291
444 20120 21091 1328/ 521// 60401=
ZZYY 52315 20091 1200/ 707983 179855 6112/
33311 88872 20001 32879 43419 20025 32881 20050 32882 20075 32850
20100 32778 20125 32301 20150 31789 20200 31200 20250 31089
20500 30830
444 20120 20091 0953/ 521//=
ZZYY 52002 20091 1200/ 302000 164967 6111/
22219 00290
33311 88872 20000 32899 43552 20500 30794
444 20110 20091 1024/ 521//=
ZZYY 52002 21091 14004 302005 164985 6112/
11119 01413 10280 29079
22219 00290
444 20120 21091 1326/ 521// 60001=
ZZYY 51304 20091 1200/ 504993 170026 6112/
33311 88872 20001 32779 43543 20025 32778 20050 32777 20125 32682
20150 32522 20200 31890 20250 31354 20300 31117 20500 30821
444 20120 20091 1154/ 521//=
ZZYY 51304 21091 14004 505002 170023 6113/
11119 01016 10274 29074
22219 00277
444 20130 21091 1325/ 521// 60401=
ZZYY 52313 20091 1200/ 305842 176732 6111/
33311 88872 20001 32842 43557 20025 32842 20050 32840 20075 32840
20100 32840 20125 32841 20150 32819 20200 32245 20250 31633
20300 31240 20500 30805
444 20110 20091 1311/ 521//=
ZZYY 52313 21091 14004 305761 176683 6111/
11119 01113 10278 29071
22219 00284
444 20110 21091 1326/ 521// 60401=
ZZYY 52316 20091 1200/ 507987 179856 6111/
33311 88870 20025 32854 20050 32852 20075 32851 20100 32851
20125 32843 20150 32763 20200 32318 20300 31459 20500 30799
444 20110 20091 1336/ 521//=
ZZYY 52311 20091 1200/ 700046 179922 6112/
33311 88872 20001 32771 43536 20025 32770 20050 32763 20075 32744
20100 32624 20125 32282 20150 31949 20200 31453 20250 31295
20500 30799
444 20120 20091 1310/ 521//=
ZZYY 52311 21091 14004 700045 179905 6111/
11119 01113 10274 29082
22219 00278
444 20110 21091 1324/ 521// 60401=
ZZYY 51010 20091 1200/ 500027 170065 6112/
33311 88872 20001 32716 43522 20025 32712 43524 20050 32698 43525
20125 32119 20150 31786 20200 31400 20250 31250 20300 31150
20500 30826
444 20120 20091 1154/ 521//=
ZZYY 51010 21091 14004 500026 170064 6112/
11119 00912 10264 29083 40092
22219 00267
444 20120 21091 1324/ 521// 60401=
ZZYY 52003 20091 1200/ 105099 165036 6111/
33311 88872 20001 32950 43392 20025 32943 20050 32942 20075 32953
20100 32855 20125 32512 20150 31970 20200 31155 20250 30998
20300 30940 20500 30782
444 20110 20091 1335/ 521//=
ZZYY 52003 21091 14004 105099 165032 6112/
11119 00408 10278 29087
22219 00294
444 20120 21091 1324/ 521// 60401=
ZZYY 51309 20091 1200/ 708015 170037 6112/
33311 88872 20001 32838 43427 20050 32840 20075 32792 20100 32483
20150 31555 20200 31164 20250 31078 20300 31017 20500 30834
444 20120 20091 1151/ 521//=
ZZYY 52004 20091 1200/ 305005 165155 6111/
33311 88872 20001 32911 43554 20025 32909 20075 32907 20100 32907
20125 32880 20200 32048
444 20110 20091 1023/ 521//=
ZZYY 52004 21091 14004 305000 165164 6111/
11119 00910 10286 29079
22219 00292
444 20110 21091 1326/ 521// 60401=
ZZYY 52321 20091 1200/ 100004 164966 6112/
33311 88872 20001 32905 20025 32895 43520 20050 32886 43525
20075 32871 43530 20100 32825 20125 32555 20150 32338 20200 31725
20250 31322 20500 30779
444 20120 20091 1336/ 521//=
ZZYY 52321 21091 14004 100000 164971 6112/
11119 00810 10280 29086 40092
22219 00288
444 20120 21091 1326/ 521// 60401=
ZZYY 52312 20091 1200/ 501971 179922 6111/
33311 88872 20001 32822 43544 20025 32821 20050 32820 20075 32819
20100 32820 20125 32753 20150 32247 20200 31306 20250 31140
20300 31082 20500 30776
444 20110 20091 1310/ 521//=
ZZYY 52312 21091 14004 501976 179935 6111/
11119 00615 10274 29085
22219 00282
444 20110 21091 1325/ 521// 60401=
ZZYY 51310 20091 12004 508018 170061 6112/
11119 01213 10277 29078
22219 00281
33311 88872 20000 32808 20001 32811 43556 20025 32810 20050 32809
20075 32809 20100 32809 20125 32797 20150 32668 20200 32234
444 20120 20091 1156/ 521// 60401=
ZZYY 51310 21091 14004 508019 170065 6113/
11119 01014 10276 29075
22219 00280
444 20130 21091 1326/ 521// 60401=
ZZYY 52001 20091 1200/ 102016 164997 6112/
33311 88872 20001 32957 43474 20025 32950 20050 32946 20075 32910
20100 32726 20125 32585 20150 32452 20200 31333 20250 31098
20300 31074 20500 30784
444 20120 20091 1026/ 521//=
ZZYY 52001 21091 14004 102028 165011 6111/
11119 00810 10286 29078
22219 00294
444 20110 21091 1325/ 521// 60401=
ZZYY 51303 20091 1200/ 705052 170014 6111/
33311 88872 20001 32775 43524 20025 32775 20050 32775 20075 32774
20100 32768 20200 31564 20250 31106 20300 31014 20500 30852
444 20110 20091 1150/ 521//=
ZZYY 51303 21091 1400/ 705018 169979 6111/
11119 10253 29086
22219 00274
444 20110 21091 1322/ 521//=
ZZYY 52310 20091 1200/ 702018 179831 6111/
33311 88872 20001 32793 43516 20050 32790 20075 32789 20100 32786
20125 32734 20150 32211 20200 31235 20250 31142 20300 31092
20500 30823
444 20110 20091 1310/ 521//=
ZZYY 52310 21091 14004 702015 179838 6111/
11119 01116 10278 29082
22219 00280
444 20110 21091 1324/ 521// 60401=
ZZYY 51305 20091 1200/ 702036 170053 6112/
33311 88872 20001 32723 43510 20025 32724 20050 32717 20075 32714
20100 32693 20125 32444 20150 31809 20200 31163 20250 31143
20300 31117
444 20120 20091 1153/ 521//=
ZZYY 51305 21091 1400/ 702035 170053 6113/
11119 10266 29083
22219 00271
444 20130 21091 1323/ 521//=
ZZYY 52309 21091 1400/ 705001 179918 6112/
11119 10283 29083
444 20120 21091 1320/ 521//=
