####018000146####
SSVX13 LFPW 092300
ZZYY 62511 09070 2300/ 721466 025616 6110/ 11119 40179 52015 22219
 00248 444 20100 09070 2300/ 50101 80108 80000 9/015=
####018000146####
SSVX13 LFPW 092300
ZZYY 62519 09070 2300/ 761962 029225 6110/ 11119 40077 52011 22219
 00105 444 20100 09070 2200/ 50101 80139 80060 9/015=
####018012597####
SSVX02 KARS 092255
ZZYY 71578 09070 2230/ 347720 052315 6111/
22219 00039
444 20110 09070 2121/ 50101 80008 80100 9/015=
ZZYY 16515 09070 2240/ 333079 047183 6111/
11119 40248 57015
22219 00182
444 20110 09070 2244/ 50101 80009 80100 9/015=
ZZYY 16515 09070 2140/ 333074 047182 6112/
11119 40257 57006
22219 00183
444 20120 09070 2103/ 50101 80009 80100 9/015=
ZZYY 31992 09070 2220/ 329873 064965 6111/
11119 30274 40274 57003
22219 00200
444 20110 09070 2102/ 50101 8//// 80000 9////=
ZZYY 31992 09070 2120/ 329873 064965 6111/
11119 30277 40277 57003
22219 00201
444 20110 09070 2102/ 50101 8//// 80003 9////=
ZZYY 14915 09070 2210/ 338826 062479 6111/
11119 30310 40310 52003
22219 00148
444 20110 09070 1939/ 50101 80120 80057 9/015=
ZZYY 16599 09070 2200/ 336498 061162 6112/
11119 30320 40320 57004
22219 00149
444 20120 09070 1938/ 50101 80120 80028 9/015=
ZZYY 33695 09070 2248/ 347607 055227 6111/
22219 00041
444 20110 09070 2123/ 50101 80086 80000 9/015=
ZZYY 17520 09070 2247/ 341545 021279 6111/
22219 00107
444 20110 09070 2123/ 50101 80084 80014 9////=
ZZYY 17903 09070 2200/ 336472 036109 6111/
11119 40197 57017
22219 00181
444 20110 09070 2121/ 50101 80011 80024 9////=
ZZYY 14549 09070 2130/ 336616 045277 6111/
11119 30243 40243 57008
22219 00183
444 20110 09070 2104/ 50101 8//// 80008 9////=
ZZYY 14549 09070 2230/ 336646 045305 6111/
11119 30241 40241 57009
22219 00183
444 20110 09070 2244/ 50101 8//// 80006 9////=
ZZYY 16559 09070 2220/ 335620 047874 6111/
11119 30268 40268 57008
22219 00182
444 20110 09070 2104/ 50101 80110 80010 9////=
ZZYY 33690 09070 2248/ 347025 020208 6112/
22219 00052
444 20120 09070 2120/ 50101 80086 9/015=
ZZYY 14558 09070 2245/ 330722 037018 6112/
22219 00222
444 20120 09070 2055/ 50101 80009 80055 9/015=
ZZYY 33692 09070 2247/ 346956 023775 6112/
22219 00053
444 20120 09070 2119/ 50101 80086 9/015=
ZZYY 17516 09070 2248/ 340417 035766 6111/
22219 00129
444 20110 09070 2051/ 50101 80084 80050 9/015=
ZZYY 14919 09070 2247/ 330064 062320 6111/
444 20110 09070 2102/ 50101 8//// 80089 9/015=
ZZYY 34905 09070 2130/ 350561 054282 6111/
11119 40074 52005
22219 00031
444 20110 09070 2124/ 50101 80011 80003 9////=
ZZYY 17904 09070 2220/ 348230 045401 6111/
11119 30066 40066
22219 00033
444 20110 09070 2123/ 50101 80110 80100 9/015=
ZZYY 17918 09070 2230/ 351998 034246 6112/
22219 00022
444 20120 09070 2123/ 50101 80110 80060 9/015=
ZZYY 17671 09070 2220/ 340690 032088 6111/
22219 00132
444 20110 09070 1944/ 50101 80110 80100 9/015=
ZZYY 17683 09070 2240/ 335585 054374 6111/
11119 30302 40302 57006
444 20110 09070 2244/ 50101 8//// 80100 9/015=
ZZYY 17679 09070 2210/ 341602 018332 6112/
444 20120 09070 2053/ 50101 80110 80100 9/015=
ZZYY 14568 09070 2248/ 325277 037151 6112/
22219 00228
444 20120 09070 2244/ 50101 80059 80012 9/015=
ZZYY 14555 09070 2248/ 333823 032973 6111/
22219 00207
444 20110 09070 2054/ 50101 80119 80010 9/015=
ZZYY 14914 09070 2243/ 323412 049645 6112/
22219 00247
444 50101 80109 80007 9/015=
ZZYY 14567 09070 2247/ 326697 042307 6112/
22219 00237
444 20120 09070 2244/ 50101 80119 80014 9/015=
ZZYY 14921 09070 2247/ 323891 055774 6111/
22219 00240
444 20110 09070 2243/ 50101 80121 80007 9/015=
ZZYY 14540 09070 2248/ 337045 025953 6112/
22219 00201
444 20120 09070 2123/ 50101 80073 80009 9/015=
ZZYY 14906 09070 2246/ 328536 038635 6111/
22219 00210
444 20110 09070 2054/ 50101 80105 80002 9/015=
ZZYY 14928 09070 2247/ 306720 053022 6111/
22219 00260
444 20110 09070 2243/ 50101 80121 80015 9/015=
ZZYY 14927 09070 2248/ 311262 054652 6111/
22219 00263
444 20110 09070 2243/ 50101 80125 80070 9/015=
ZZYY 71702 09070 2220/ 342088 051340 6111/
444 20110 09070 1910/ 50101 9/015=
ZZYY 56554 09070 2240/ 326027 060125 6112/
11119 30232 40232 57004
22219 00235
444 20120 09070 2243/ 50101 80008 80100 9////=
ZZYY 56554 09070 2140/ 326031 060124 6112/
11119 30240 40240 54000
22219 00235
444 20120 09070 2102/ 50101 80008 80100 9////=
ZZYY 14548 09070 2200/ 328135 050608 6112/
11119 30233 40233 57011
22219 00213
444 20120 09070 2243/ 50101 80120 80004 9/015=
ZZYY 71706 09070 2230/ 343481 048615 6111/
444 20110 09070 2050/ 50101 9/015=
ZZYY 16580 09070 2210/ 340442 060996 6111/
11119 30305 40305 54000
22219 00145
444 20110 09070 1939/ 50101 80120 80063 9/015=
ZZYY 16955 09070 2140/ 332958 059916 6111/
22219 00167
444 20110 09070 2103/ 50101 8//// 80099 9/015=
ZZYY 16955 09070 2240/ 332945 059911 6111/
22219 00167
444 20110 09070 2245/ 50101 8//// 80099 9/015=
ZZYY 14930 09070 2200/ 335381 038299 6111/
11119 30212 40212 57014
22219 00181
444 20110 09070 2121/ 50101 80120 80000 9/015=
ZZYY 14909 09070 2230/ 318686 055926 6112/
22219 00249
444 20120 09070 2242/ 50101 8//// 80003 9/015=
ZZYY 14563 09070 2210/ 319160 049669 6112/
11119 30192 40192 57011
22219 00254
444 20120 09070 2244/ 50101 80120 80047 9/015=
ZZYY 14569 09070 2248/ 321128 059779 6111/
22219 00241
444 20110 09070 2243/ 50101 80097 80010 9/015=
ZZYY 14934 09070 2246/ 305482 053263 6112/
22219 00265
444 20120 09070 2242/ 50101 80123 80056 9/015=
ZZYY 14932 09070 2110/ 324762 060921 6111/
11119 30225 40225 57006
22219 00229
444 20110 09070 2100/ 50101 80120 80004 9/015=
ZZYY 14901 09070 2243/ 104570 057901 6111/
22219 00281
444 20110 09070 2100/ 50101 80121 80011 9/015=
ZZYY 14557 09070 2248/ 338069 056009 6111/
22219 00164
444 20110 09070 2245/ 50101 80121 80007 9/015=
ZZYY 14561 09070 2110/ 309073 042685 6111/
11119 30163 40163 57008
22219 00260
444 20110 09070 2100/ 50101 80110 80000 9/015=
ZZYY 14561 09070 2210/ 309073 042685 6111/
11119 30157 40157 57012
22219 00260
444 20110 09070 2100/ 50101 80110 80000 9/015=
ZZYY 14925 09070 2244/ 308325 064251 6113/
22219 00268
444 20130 09070 2059/ 50101 80097 80036 9/015=
ZZYY 14902 09070 2247/ 341675 057828 6111/
22219 00157
444 20110 09070 2104/ 50101 80121 80006 9/015=
ZZYY 14903 09070 2220/ 311397 054202 6112/
11119 30141 40141 57008
22219 00263
444 20120 09070 2243/ 50101 80080 80000 9/015=
ZZYY 14546 09070 2220/ 341770 033321 6111/
11119 30039 40039 57001
444 20110 09070 2123/ 50101 80110 80000 9/015=
ZZYY 33969 09070 2220/ 345681 033063 6111/
22219 00076
444 20110 09070 2119/ 50101 80009 80100 9/015=
ZZYY 16562 09070 2110/ 325532 067545 6112/
444 20120 09070 2101/ 50101 8//// 80100 9/015=
ZZYY 14565 09070 2210/ 313132 051173 6111/
11119 30167 40167 57005
22219 00254
444 20110 09070 2243/ 50101 80100 80009 9/015=
ZZYY 33510 09070 2240/ 327145 044687 6111/
22219 00217
444 20110 09070 2245/ 50101 9/015=
ZZYY 53567 09070 2210/ 316108 056580 6112/
11119 30157 40157 57011
22219 00253
444 20120 09070 2243/ 50101 80090 80000 9/015=
ZZYY 53567 09070 2110/ 316115 056578 6112/
11119 30163 40163 57004
22219 00253
444 20120 09070 2102/ 50101 80090 80000 9/015=
ZZYY 17662 09070 2130/ 332880 011088 6111/
11119 30131 40131 52015
22219 00164
444 20110 09070 2121/ 50101 80120 80008 9/015=
ZZYY 23678 09070 2247/ 321493 049966 6112/
22219 00256
444 20120 09070 2243/ 50101 80055 80010 9////=
ZZYY 17651 09070 2140/ 331749 013913 6112/
11119 30120 40120 57005
22219 00155
444 20120 09070 2125/ 50101 80120 80009 9/015=
ZZYY 14541 09070 2248/ 323019 039365 6112/
22219 00241
444 20120 09070 1918/ 50101 80055 80099 9/015=
ZZYY 43502 09070 2200/ 354524 051278 6111/
11119 49842 57057
22219 00005
444 20110 09070 2124/ 50101 80011 80000 9////=
ZZYY 23681 09070 2230/ 321886 057314 6112/
11119 40192 57007
22219 00237
444 20120 09070 2243/ 50101 80011 80000 9////=
ZZYY 23681 09070 2130/ 321892 057335 6112/
11119 40194 57008
22219 00238
444 20120 09070 2102/ 50101 80011 80000 9////=
ZZYY 14566 09070 2120/ 326839 063033 6111/
11119 40246 57008
444 20110 09070 2101/ 50101 80010 80000 9////=
ZZYY 14566 09070 2220/ 326835 063015 6111/
11119 40238 57015
444 20110 09070 2244/ 50101 80010 80000 9////=
ZZYY 33676 09070 2220/ 350941 020472 6111/
11119 39905 49905
22219 00016
444 20110 09070 2125/ 50101 9/015=
ZZYY 71575 09070 2230/ 350619 033049 6111/
444 20110 09070 2122/ 50101 9////=
ZZYY 71575 09070 2130/ 350619 033049 6111/
22219 00034
444 20110 09070 2122/ 50101 80011 80000 9////=
ZZYY 14929 09070 2200/ 341882 039386 6111/
11119 30196 40196
22219 00099
444 20110 09070 1941/ 50101 80110 80100 9/015=
ZZYY 14550 09070 2230/ 335366 031241 6112/
11119 30171 40171
22219 00196
444 20120 09070 1913/ 50101 80120 80100 9/015=
ZZYY 16943 09070 2150/ 330326 056445 6112/
11119 30270 40270 57008
22219 00195
444 20120 09070 2103/ 50101 8//// 80000 9////=
ZZYY 33674 09070 2150/ 343248 051193 6113/
444 20130 09070 1909/ 50101 9/015=
ZZYY 16946 09070 2140/ 326570 045226 6111/
11119 30203 40203 57007
22219 00248
444 20110 09070 2103/ 50101 8//// 80000 9////=
ZZYY 16946 09070 2240/ 326573 045164 6112/
11119 30198 40198 57010
22219 00248
444 20120 09070 2243/ 50101 8//// 80000 9////=
ZZYY 14916 09070 2150/ 316663 050036 6111/
11119 30188 40188 57017
22219 00255
444 20110 09070 2102/ 50101 8//// 80000 9////=
ZZYY 16583 09070 2150/ 323431 052014 6112/
11119 30214 40214 57005
22219 00241
444 20120 09070 2102/ 50101 8//// 80000 9////=
ZZYY 33580 09070 2230/ 355278 032220 6111/
11119 39730 49730 52011
22219 00003
444 20110 09070 2124/ 50101 8//// 80100 9////=
ZZYY 17652 09070 2200/ 345001 048226 6111/
11119 30209 40209 57021
22219 00050
444 20110 09070 2123/ 50101 80110 80082 9////=
ZZYY 17660 09070 2230/ 340265 049087 6111/
11119 30279 40279 57012
22219 00156
444 20110 09070 2244/ 50101 80110 80096 9////=
ZZYY 17660 09070 2130/ 340246 048985 6112/
11119 30284 40284 57014
22219 00155
444 20120 09070 2121/ 50101 80110 80093 9////=
ZZYY 17665 09070 2230/ 340912 046066 6112/
11119 30241 40241 57024
22219 00135
444 20120 09070 2122/ 50101 80110 80074 9/015=
ZZYY 17669 09070 2230/ 342232 038368 6111/
11119 30109 40109 57024
22219 00087
444 20110 09070 2051/ 50101 80110 80100 9/015=
ZZYY 17669 09070 2130/ 342232 038368 6111/
11119 30120 40120 57025
22219 00087
444 20110 09070 2051/ 50101 80110 80100 9/015=
ZZYY 17664 09070 2200/ 343701 047359 6112/
11119 30227 40227 57021
22219 00057
444 20120 09070 2123/ 50101 80110 80014 9/015=
ZZYY 17654 09070 2200/ 344717 041393 6111/
11119 30101 40101 57027
22219 00064
444 20110 09070 2123/ 50101 80110 80100 9/015=
ZZYY 33972 09070 2210/ 335768 057362 6111/
444 20110 09070 2245/ 50101 80011 80000 9////=
ZZYY 33536 09070 2210/ 350815 027141 6112/
11119 49898 52022
22219 00018
444 20120 09070 2124/ 50101 80010 80000 9////=
ZZYY 71632 09070 2150/ 346673 061954 6112/
11119 40227 52010
22219 00051
444 20120 09070 1942/ 50101 80010 80000 9////=
ZZYY 33665 09070 2220/ 352383 058202 6111/
444 20110 09070 2114/ 50101 9////=
ZZYY 34514 09070 2210/ 347255 056214 6111/
11119 40218 57003
22219 00048
444 20110 09070 2123/ 50101 80011 80005 9////=
ZZYY 34540 09070 2240/ 349717 043530 6111/
11119 49922 57037
22219 00041
444 20110 09070 2123/ 50101 80011 80004 9////=
ZZYY 34540 09070 2140/ 349717 043530 6111/
11119 49938 57036
22219 00041
444 20110 09070 2123/ 50101 80011 80004 9////=
ZZYY 16608 09070 2230/ 329828 055266 6111/
11119 40256 57013
22219 00200
444 20110 09070 2243/ 50101 80010 80004 9////=
ZZYY 16608 09070 2130/ 329818 055266 6112/
11119 40264 57006
22219 00200
444 20120 09070 2103/ 50101 80011 80004 9////=
ZZYY 53525 09070 2240/ 319202 053915 6112/
11119 40171 57012
22219 00247
444 20120 09070 2243/ 50101 80011 80000 9////=
ZZYY 53525 09070 2140/ 319196 053947 6112/
11119 40179 57009
22219 00247
444 20120 09070 2102/ 50101 80011 80000 9////=
ZZYY 56555 09070 2150/ 309767 042373 6111/
11119 30163 40163 57010
22219 00258
444 20110 09070 2100/ 50101 80010 80000 9////=
ZZYY 33571 09070 2210/ 330529 067113 6111/
11119 30275 40275 57005
22219 00192
444 20110 09070 2245/ 50101 8//// 80096 9////=
ZZYY 55907 09070 2240/ 345443 033626 6112/
11119 39949 49949 57016
22219 00075
444 20120 09070 2122/ 50101 8//// 80090 9////=
ZZYY 55907 09070 2140/ 345443 033626 6112/
11119 39955 49955 57011
22219 00075
444 20120 09070 2122/ 50101 8//// 80100 9////=
####018000155####
SSVX13 KARS 092255
ZZYY 16641 09070 2220/ 337508 025354 6111/
11119 30079 40079 57008
22219 00143
444 20110 09070 2123/ 50101 80080 80006 9/015=
####018000341####
SSVX08 KARS 092255
ZZYY 14043 08070 1200/ 312184 067199 6111/
33311 88872 20020 32574 43447 20040 32573 43456 20060 32571 43459
20120 32170 20140 32078 20180 31667 20300 31174 20500 30877
444 20110 08070 1155/ 521//=
ZZYY 14043 09070 22004 312185 067210 6111/
11119 01612 10251 29085 40111
444 20110 09070 2101/ 521// 60401=
####018001525####
SSVX11 LFVW 092254
ZZYY 52086 09070 15004 305023 156020 6112/
11119 01206 10271 29076 30104 40104
22219 00299
33311 88872 20000 32986 20002 32986 43483 20025 32988 43486
20050 32996 43495 20075 32991 43524 20100 32975 43536
20125 32932 43543 20150 32720 43564 20200 31900 43555
20250 31256 43498 20300 31059 43479 20500 30841 43462
20750 30628 43453
444 20120 09070 1420/ 522// 60401=
ZZYY 52086 09070 17004 305029 156022 6113/
11119 01109 10273 29075 30097 40097
22219 00298
33311 88872 20000 32983 20002 32983 43480 20025 32985 43484
20050 33003 43501 20075 32988 43526 20100 32967 43538
20125 32934 43543 20150 32777 43556 20200 31957 43558
20250 31267 43500 20300 31031 43476 20500 30826 43461
20750 30642 43454
444 20130 09070 1734/ 522// 60401=
ZZYY 52077 09070 12004 101991 147028 6112/
11119 00508 10291 30110 40110
22219 00301
33311 88872 20000 33012 20002 33012 43433 20025 32993 43451
20050 33008 43479 20075 33002 43488 20100 32810 43511
20125 32494 43504 20150 32402 43523 20200 31874 43548
20250 31229 43467 20300 30991 43472 20500 30797 43456
20750 30567 43452
444 20120 09070 1127/ 522// 60381=
ZZYY 52073 09070 1700/ 104950 137298 6112/
11119 10288 29082 40098
22219 00303
33311 88872 20000 33034 20002 33034 43391 20025 33031 43395
20050 33033 43397 20075 32965 43441 20100 32799 43455
20125 32618 43473 20150 32329 43482 20200 31439 43455
20250 31095 43451 20300 30945 43459 20500 30751 20750 30608 43453
444 20120 09070 1729/ 522//=
####018000141####
SSVX13 LFVW 092254
ZZYY 56525 09070 2150/ 331047 034906 6111/
11119 30197 40197 57012
444 20110 09070 2244/ 50101 80090 80100 9/015=
####018000519####
SSVX02 LFVW 092254
ZZYY 56938 09070 2230/ 331068 054449 6111/
11119 40269 57010
22219 00187
444 20110 09070 2243/ 50101 80100 80000 9/015=
ZZYY 56938 09070 2130/ 331064 054438 6111/
11119 40273 57005
22219 00187
444 20110 09070 2102/ 50101 80100 80000 9/015=
ZZYY 56939 09070 2200/ 334194 035603 6111/
11119 40193 57016
444 20110 09070 2054/ 50101 80100 80000 9/015=
ZZYY 23959 09070 2150/ 105069 062108 6111/
11119 40103 57004
22219 00286
444 20110 09070 1813/ 50101 80090 80000 9/015=
####018000146####
SSVX13 LFPW 092300
ZZYY 13976 09070 2300/ 723269 041182 6111/ 11119 40212 52010 22219
 00265 444 20110 09070 2300/ 50101 80108 80003 9/015=
####018000146####
SSVX13 LFPW 092300
ZZYY 44617 09070 2300/ 742757 020831 6110/ 11119 40173 52005 22219
 00197 444 20100 09070 2300/ 50101 80108 80015 9/015=
