####018000663####
SSWB19 RKSL 211800
ZZYY 22102 21091 18001 13480/ 12577/ 
11109 00108 10197 40116 5//// 
22209 00199 10603 20058 21014= 
ZZYY 22103 21091 18001 13400/ 12750/ 
11109 03506 10199 40091 5//// 
22209 00220 10802 20080 21011= 
ZZYY 22104 21091 18001 13477/ 12890/ 
11109 00306 10199 40091 5//// 
22209 00236 10905 20091 21024= 
ZZYY 22105 21091 18001 13753/ 13000/ 
11109 03508 10185 40091 5//// 
22209 00218 10908 20091 21039= 
ZZYY 22107 21091 18001 13308/ 12603/ 
11109 00408 10200 40108 5//// 
22209 00269 10604 20064 21020= 
ZZYY 22108 21091 18001 13625/ 12575/ 
11109 00207 10212 40111 5//// 
22209 00209 10303 20029 21013= 
####018000645####
SSWB19 RKSL 211800
ZZYY 22102 21091 18001 13480/ 12577/
11109 00108 10197 40116 5////
22209 00199 10603 20058 21014=
ZZYY 22103 21091 18001 13400/ 12750/
11109 03506 10199 40091 5////
22209 00220 10802 20080 21011=
ZZYY 22104 21091 18001 13477/ 12890/
11109 00306 10199 40091 5////
22209 00236 10905 20091 21024=
ZZYY 22105 21091 18001 13753/ 13000/
11109 03508 10185 40091 5////
22209 00218 10908 20091 21039=
ZZYY 22107 21091 18001 13308/ 12603/
11109 00408 10200 40108 5////
22209 00269 10604 20064 21020=
ZZYY 22108 21091 18001 13625/ 12575/
11109 00207 10212 40111 5////
22209 00209 10303 20029 21013=
####018000131####
SSVX02 CWAO 211800
ZZYY 47507 21091 1800/ 781467 106318 6113/ 11119 40080 52012 444 20130 21091 1800/ 50701 80140 80001 9////=
####018000131####
SSVX02 CWAO 211800
ZZYY 47506 21091 1800/ 784757 068486 6113/ 11119 40130 52013 444 20130 21091 1800/ 50701 80134 80001 9////=
####018000269####
SSVF21 EIDB 211800
ZZYY 62091 21091 18001 753481 005424 11199 02409 10141 29075 40108 22299 00140 10503 20047 21017 33300 88872 20000 40000=
ZZYY 62093 21091 18001 754998 009998 11199 02611 10129 29070 40068 22299 00131 10812 20084 21058 33300 88872 20000 43535=
####018000134####
SSVX02 CWAO 211800
ZZYY 47506 21091 1800/ 784757 068486 6113/ 11119 40130 52013 444 20130 21091 1800/ 50701 80134 80001 9////=

####018000134####
SSVX02 CWAO 211800
ZZYY 47507 21091 1800/ 781467 106318 6113/ 11119 40080 52012 444 20130 21091 1800/ 50701 80140 80001 9////=

####018008521####
SSVX02 KARS 211818
ZZYY 33591 21091 1740/ 331634 051133 6113/
11119 30227 40227 52010
22219 00169
444 20130 21091 1639/ 50101 80100 80000 9/015=
ZZYY 71630 21091 1700/ 338266 038952 6112/
11119 30253 40253 52019
22219 00133
444 20120 21091 1637/ 50101 80100 80000 9/015=
ZZYY 33568 21091 1730/ 344198 075761 6112/
22219 00104
444 20120 21091 1634/ 50101 80090 80100 9/015=
ZZYY 33972 21091 1740/ 341112 054098 6113/
444 20130 21091 1635/ 50101 80009 80000 9////=
ZZYY 33972 21091 1640/ 341112 054098 6113/
444 20130 21091 1635/ 50101 80009 80000 9////=
ZZYY 33906 21091 1750/ 350570 068524 6112/
22219 00020
444 20120 21091 1753/ 50101 80100 80097 9/015=
ZZYY 16577 21091 1740/ 340095 076434 6113/
11119 30169 40169
22219 00124
444 20130 21091 1636/ 50101 80100 80100 9/015=
ZZYY 16560 21091 1700/ 338314 069925 6113/
11119 30185 40185
22219 00136
444 20130 21091 1636/ 50101 80110 80100 9/015=
ZZYY 17902 21091 1740/ 344835 077093 6113/
22219 00106
444 20130 21091 1633/ 50101 80110 80100 9/015=
ZZYY 33886 21091 1750/ 350637 027306 6112/
11119 30017 40017
22219 00035
444 20120 21091 1510/ 50101 80090 80100 9/015=
ZZYY 33595 21091 1710/ 341055 043859 6113/
11119 30303 40303
22219 00125
444 20130 21091 1635/ 50101 80090 80100 9/015=
ZZYY 33656 21091 1710/ 348162 029799 6112/
11119 30050 40050
22219 00075
444 20120 21091 1654/ 50101 80110 80100 9/015=
ZZYY 17679 21091 1700/ 333515 051663 6113/
444 20130 21091 1638/ 50101 80070 80046 9/015=
ZZYY 33635 21091 1750/ 338007 070902 6113/
22219 00135
444 20130 21091 1636/ 50101 80100 80100 9/015=
ZZYY 53575 21091 1803/ 115363 122535 6112/
22219 00284
444 20120 21091 1259/ 50101 80092 80005 9/015=
ZZYY 52613 21091 1806/ 105717 142598 6111/
22219 00290
444 20110 21091 1644/ 50101 80120 80031 9/015=
ZZYY 52807 21091 1759/ 101976 133604 6113/
22219 00290
444 20130 21091 1644/ 50101 80120 9/015=
ZZYY 22583 21091 1806/ 119478 128979 6111/
22219 00293
444 20110 21091 1755/ 50101 80140 80002 9/015=
ZZYY 52619 21091 1804/ 105438 133115 6111/
22219 00292
444 20110 21091 1643/ 50101 80120 80038 9/015=
ZZYY 11906 21091 1730/ 112314 060843 6112/
11119 30127 40127 52015
22219 00268
444 20120 21091 1650/ 50101 80138 80004 9/015=
ZZYY 14914 21091 1700/ 301076 050177 6112/
11119 30134 40134 52019
22219 00279
444 20120 21091 1646/ 50101 80120 80016 9/015=
ZZYY 11905 21091 1750/ 110760 066445 6112/
11119 30129 40129 52009
22219 00284
444 20120 21091 1636/ 50101 80138 80001 9/015=
ZZYY 11905 21091 1650/ 110760 066445 6112/
11119 30130 40130 52017
22219 00284
444 20120 21091 1636/ 50101 80138 80002 9/015=
ZZYY 14921 21091 1740/ 306968 041492 6112/
11119 30151 40151 52015
22219 00264
444 20120 21091 1647/ 50101 80120 80035 9/015=
ZZYY 11908 21091 1740/ 105493 053616 6112/
11119 30129 40129 52018
22219 00265
444 20120 21091 1648/ 50101 80138 80002 9/015=
ZZYY 14944 21091 1800/ 307134 044380 6112/
11119 30145 40145 52015
22219 00257
444 20120 21091 1644/ 50101 80145 80010 9/015=
ZZYY 14943 21091 1730/ 314243 051956 6111/
11119 30199 40199 52022
22219 00246
444 20110 21091 1644/ 50101 80138 80010 9/015=
ZZYY 14913 21091 1800/ 115481 055363 6111/
11119 30106 40106 52016
22219 00248
444 20110 21091 1650/ 50101 80120 80063 9/015=
ZZYY 14913 21091 1700/ 115481 055363 6111/
11119 30100 40100 52015
22219 00248
444 20110 21091 1650/ 50101 80120 80063 9/015=
ZZYY 14949 21091 1710/ 107019 064857 6111/
11119 30134 40134 57236
22219 00288
444 20110 21091 1649/ 50101 80110 80008 9/015=
ZZYY 14911 21091 1750/ 114983 060276 6112/
11119 30115 40115 52011
22219 00265
444 20120 21091 1637/ 50101 80110 80004 9/015=
ZZYY 14911 21091 1650/ 114983 060276 6112/
11119 30114 40114 52014
22219 00265
444 20120 21091 1637/ 50101 80110 80006 9/015=
ZZYY 14550 21091 1710/ 332392 036921 6112/
11119 30246 40246
22219 00194
444 20120 21091 1639/ 50101 80110 80100 9/015=
ZZYY 17520 21091 1757/ 336019 045557 6113/
22219 00161
444 20130 21091 1638/ 50101 80094 80000 9////=
ZZYY 33520 21091 1750/ 338900 055260 6112/
11119 30201 40201 52024
22219 00153
444 20120 21091 1637/ 50101 80100 80000 9/015=
ZZYY 33651 21091 1740/ 345338 078422 6112/
22219 00042
444 20120 21091 1631/ 50101 80100 80000 9/015=
ZZYY 33559 21091 1750/ 359066 135213 6112/
11119 39863 49863
22219 00003
444 20120 21091 1659/ 50101 80090 80099 9/015=
ZZYY 33883 21091 1720/ 349144 032024 6111/
11119 30013 40013
22219 00018
444 20110 21091 1653/ 50101 80100 80100 9/015=
ZZYY 33537 21091 1720/ 341875 019960 6112/
11119 30211 40211 52001
22219 00159
444 20120 21091 1655/ 50101 80100 80006 9/015=
ZZYY 17690 21091 1750/ 330797 045640 6113/
22219 00187
444 20130 21091 1639/ 50101 80090 80002 9/015=
ZZYY 16604 21091 1730/ 356365 034671 6111/
22219 01003
444 20110 21091 1714/ 50101 80009 80000 9////=
ZZYY 14549 21091 1800/ 332711 059870 6112/
11119 30224 40224 52012
22219 00178
444 20120 21091 1638/ 50101 8//// 80008 9////=
ZZYY 33573 21091 1710/ 349955 025397 6112/
11119 39996 49996 52001
22219 00012
444 20120 21091 1654/ 50101 80130 80002 9/015=
ZZYY 33687 21091 1758/ 333702 061808 6112/
22219 00151
444 20120 21091 1638/ 50101 80070 80000 9/015=
ZZYY 16608 21091 1650/ 330435 044485 6113/
11119 40232 52018
22219 00198
444 20130 21091 1639/ 50101 80010 80004 9////=
ZZYY 33683 21091 1740/ 544325 000954 6112/
11119 30060 40060 52012
22219 00077
444 20120 21091 1658/ 50101 80110 80000 9/015=
ZZYY 16511 21091 1720/ 341120 025490 6112/
11119 30257 40257 52004
22219 00112
444 20120 21091 1656/ 50101 80110 80000 9/015=
ZZYY 55599 21091 1700/ 347898 061243 6111/
11119 49967 52023
22219 00029
444 20110 21091 1634/ 50101 80008 80000 9////=
ZZYY 33881 21091 1730/ 348514 085224 6112/
11119 30022 40022 57021
22219 00062
444 20120 21091 1753/ 50101 80110 80065 9/015=
ZZYY 63964 21091 1807/ 173752 023067 6112/
444 20120 21091 1803/ 50101 80009 80011 9/015=
ZZYY 64936 21091 1750/ 176074 007144 6111/
22219 00072
33311 88872 20000 30720 43512
444 20110 21091 1732/ 50101 80100 80100 9/015=
ZZYY 63948 21091 1808/ 175361 035603 6111/
22219 00056
444 20110 21091 1803/ 50101 80008 80006 9/015=
ZZYY 63577 21091 1805/ 175197 067714 6111/
22219 00063
444 20110 21091 1737/ 50101 80009 80006 9/015=
ZZYY 63583 21091 1808/ 172503 046767 6112/
22219 00081
444 50101 80007 80006 9/015=
ZZYY 63584 21091 1806/ 777773 002075 6111/
22219 00043
444 20110 21091 1802/ 50101 80007 80010 9/015=
ZZYY 21905 21091 1800/ 148418 162691 6112/
11119 30164 40164 52008
22219 00128
444 20120 21091 1743/ 50101 80140 80063 9/015=
ZZYY 48673 21091 1808/ 776618 124028 6112/
444 20120 21091 1757/ 500// 9/000=
ZZYY 14925 21091 1650/ 310378 046855 6111/
11119 30157 40157 52021
22219 00247
444 20110 21091 1644/ 50101 80153 80011 9/015=
ZZYY 14566 21091 1740/ 311214 049900 6111/
11119 30168 40168 57237
22219 00251
444 20110 21091 1625/ 50101 80110 80002 9/015=
ZZYY 14930 21091 1750/ 309756 046815 6111/
11119 30154 40154 52017
22219 00252
444 20110 21091 1645/ 50101 80145 80009 9/015=
ZZYY 14912 21091 1750/ 105652 065810 6111/
11119 30132 40132 57246
22219 00295
444 20110 21091 1800/ 50101 80110 80008 9/015=
ZZYY 21608 21091 1200/ 135382 129988 6113/
22219 00237=
ZZYY 53596 21091 1803/ 121658 120507 6112/
22219 00283
444 20120 21091 1754/ 50101 80122 80255 9/015=
ZZYY 52606 21091 1805/ 106945 132168 6112/
22219 00292
444 20120 21091 1758/ 50101 80120 80010 9/015=
ZZYY 52608 21091 1805/ 106030 133396 6112/
22219 00292
444 20120 21091 1759/ 50101 80120 80019 9/015=
ZZYY 52911 21091 1804/ 111473 136678 6113/
22219 00294
444 20130 21091 1757/ 50101 80120 80021 9/015=
ZZYY 52673 21091 1805/ 101728 131725 6113/
22219 00291
444 20130 21091 1800/ 50101 80120 80021 9/015=
ZZYY 53597 21091 1804/ 115278 122089 6113/
22219 00287
444 20130 21091 1756/ 50101 80094 80003 9/015=
ZZYY 53581 21091 1650/ 114792 127142 6113/
11119 30090 40090 52245
22219 00296
444 20130 21091 1641/ 50101 80110 80010 9/015=
ZZYY 52833 21091 1800/ 117384 135839 6112/
11119 30085 40085 52242
22219 00292
444 20120 21091 1757/ 50101 80120 80010 9/015=
ZZYY 53908 21091 1804/ 120639 129735 6111/
22219 00289
444 20110 21091 1755/ 50101 80138 80003 9/015=
####018000149####
SSVX13 KARS 211818
ZZYY 71665 21091 1730/ 353472 001699 6111/
11119 39772 49772
22219 01004
444 20110 21091 1755/ 50101 80110 80100 9/015=
####018000201####
SSVX07 KARS 211818
ZZYY 48536 21091 1810/ 173129 153729 6111/
11119 11008 40077
444 20110 21091 1805/=
ZZYY 48534 21091 1810/ 783364 046208 6112/
11119 11105 40170
444 20120 21091 1803/=
####018000643####
SSVX08 KARS 211818
ZZYY 14042 20091 12004 312037 054984 6111/
11119 00914 10259 29089 40144
22219 00259
33311 88872 20000 32595 20001 32587 43552 20020 32585 43557
20040 32584 43557 20060 32586 43560 20080 32576 20100 32301
20140 31871 20180 31655 20300 31199
444 20110 20091 1213/ 521// 60401=
ZZYY 14042 21091 17004 312028 054986 6111/
11119 01017 10255 29080 40174
22219 00259
444 20110 21091 1644/ 521// 60401=
ZZYY 14041 20091 12004 307935 055071 6112/
11119 00612 10262 29089
22219 00271
33311 88872 20000 32709 20001 32700 43545 20020 32693 43532
20040 32693 43540
444 20120 20091 1213/ 521// 60401=
####018000123####
SSVX12 KARS 211818
ZZYY 48512 21091 1800/ 783925 154609 6112/
11119 11155 40004
444 20120 21091 1803/ 504// 80014=
####018001803####
SSVX11 LFVW 211819
ZZYY 53056 21091 1000/ 305040 095068 6112/
11119 10269 29081
22219 00273
33311 88872 20000 32729 20001 32729 43405 20011 32716 43412
20020 32703 43423 20040 32700 43419 20081 32113 20100 31791 43497
20120 31478 20140 31319 20200 31205 20301 31090 20501 30931
444 20120 21091 1022/ 522//=
ZZYY 53056 21091 0400/ 305043 095059 6113/
11119 10267 29081
22219 00271
33311 88872 20000 32709 20001 32709 43406 20011 32704 43412
20021 32703 43410 20040 32703 43415 20081 32130 20100 31865 43492
20119 31537 20140 31336 20200 31203 20300 31083 20500 30935
444 20130 21091 0338/ 522//=
ZZYY 53056 21091 1100/ 305040 095068 6112/
11119 10269 29081
22219 00272
33311 88872 20000 32724 20001 32724 43406 20011 32718 43412
20020 32703 43424 20040 32700 43419 20081 32152 20100 31802 43495
20120 31453 20140 31295 20200 31199 20300 31088 20501 30933
444 20120 21091 1022/ 522//=
ZZYY 53056 21091 1300/ 305041 095061 6113/
11119 10267 29082
22219 00272
33311 88872 20000 32717 20001 32717 43405 20011 32717 43411
20020 32708 43421 20040 32701 43420 20081 32224 20100 31862 43491
20120 31523 20140 31342 20200 31209 20301 31086 20501 30924
444 20130 21091 1303/ 522//=
ZZYY 53056 21091 0700/ 305045 095061 6112/
11119 10268 29081
22219 00272
33311 88872 20000 32722 20001 32722 43406 20011 32708 43412
20020 32705 43412 20040 32702 43418 20081 32125 20100 31860 43498
20120 31554 20140 31364 20200 31216 20300 31089 20501 30933=
ZZYY 53056 21091 0300/ 305045 095058 6113/
11119 10266 29080
22219 00270
33311 88872 20000 32704 20001 32704 43406 20011 32703 43411
20020 32702 43410 20040 32702 43413 20081 32184 20100 31879 43493
20120 31543 20140 31325 20200 31202 20300 31085 20500 30937
444 20130 21091 0229/ 522//=
####018000155####
SSVX13 LFVW 211819
ZZYY 23598 21091 1510/ 108297 073077 6112/
11119 39868 49868 57019
22219 00277
444 20120 21091 1507/ 50101 80130 80000 9/015=
####018000511####
SSVX06 KARS 211818
ZZYY 47558 21091 1805/ 773758 081641 6113/
444 20130 21091 1800/ 500// 9/000=
ZZYY 48506 21091 1808/ 779550 119112 6111/
11119 40054
444 20110 21091 1735/ 500//=
ZZYY 47554 21091 1807/ 774316 111713 6112/
444 20120 21091 1800/ 500// 9/000=
ZZYY 48505 21091 1808/ 780185 127778 6112/
11119 40039
444 20120 21091 1716/ 500//=
ZZYY 47553 21091 1809/ 779341 103370 6113/
444 20130 21091 1803/ 500// 9/000=
ZZYY 48713 21091 1805/ 175327 165328 6111/
444 500// 9/000=
####018000237####
SSVX06 KARS 211820
ZZYY 48506 21091 1810/ 779550 119112 6111/
444 20110 21091 1735/ 500//=
ZZYY 48505 21091 1811/ 780163 127793 6111/
444 20110 21091 1803/ 500//=
ZZYY 48713 21091 1807/ 175310 165362 6112/
444 500// 9/000=
####018000135####
SSVX02 LFVW 211821
ZZYY 56939 21091 1700/ 336720 051131 6112/
11119 40209 52029
444 20120 21091 1637/ 50101 80090 80000 9/015=
####018000509####
SSVX13 LFVW 211821
ZZYY 17526 21091 1800/ 341456 022880 6113/
11119 40228 52007
22219 00115
444 50101 80102 80000 9/015=
ZZYY 16551 21091 1800/ 333167 083357 6113/
11119 40300 57010
22219 00155
444 50101 80106 80005 9/015=
ZZYY 23925 21091 1700/ 330826 048591 6113/
11119 30231 40231 52022
22219 00180
444 20130 21091 1639/ 50101 80130 80000 9/015=
ZZYY 56511 21091 1740/ 544710 129523 6112/
11119 30042 40042 52027
22219 00083
444 20120 21091 1733/ 50101 80100 80000 9/015=
####018009535####
SSVX11 LFVW 211821
ZZYY 52075 21091 11004 107985 130038 6111/
11119 02704 10284 29078 40094
22219 00292
33311 88872 20000 32922 20002 32922 43324 20025 32926 43338
20050 32870 43375 20075 32525 43486 20100 32179 43490
20125 31734 43468 20150 31522 43459 20200 31111 43440
20250 30980 43450 20300 30942 43454 20500 30742 43448
444 20110 21091 1117/ 522// 60381=
ZZYY 52075 21091 13004 107986 130041 6112/
11119 02603 10284 29079 40105
22219 00292
33311 88872 20000 32922 20125 31894 43476 20150 31586 43460
20200 31126 43440 20250 30976 43449 20500 30733 43451
444 20120 21091 1258/ 522// 60381=
ZZYY 52075 21091 09004 107981 130042 6112/
11119 02806 10284 29078 40078
22219 00293
33311 88872 20000 32926 20002 32926 43329 20025 32929 43338
20050 32905 43348 20075 32555 43485 20100 32113 43487
20125 31734 43470 20150 31543 43458 20200 31107 43440
20250 30973 43451 20300 30938 43454 20500 30737 43450
444 20120 21091 0844/ 522// 60381=
ZZYY 52075 21091 07004 107976 130048 6111/
11119 02810 10282 29081 40070
22219 00293
33311 88872 20000 32928 20002 32928 43331 20025 32929 43337
20050 32912 43344 20075 32630 43478 20100 32342 43489
20125 31961 43483 20150 31659 43464 20200 31207 43441
20250 30997 43451 20300 30941 43455 20500 30738 43449=
ZZYY 52075 21091 16004 107972 130032 6112/
11119 02206 10279 29084 40096
22219 00293
33311 88872 20000 32925 20002 32925 43331 20025 32927 43333
20050 32911 43343 20075 32580 43484 20100 32318 43490
20125 32007 43486 20150 31734 43468 20200 31237 43447
20250 31006 43442 20300 30946 43453 20500 30739 43450
444 20120 21091 1620/ 522// 60381=
ZZYY 52078 21091 10004 105037 146920 6111/
11119 02805 10253 29096 40106
22219 00292
33311 88872 20000 32922 20002 32922 43314 20025 32946 43360
20050 32951 43368 20075 32850 43439 20100 32585 43486
20125 32231 43499 20150 31869 43480 20200 31156 43457
20250 31021 43463 20300 30921 43461 20500 30762 43457
20750 30598 43454
444 20110 21091 1003/ 522// 60381=
ZZYY 52078 21091 12004 105043 146947 6112/
11119 00805 10248 29099 40123
22219 00291
33311 88872 20000 32905 20002 32905 43290 20025 32951 43362
20050 32943 43377 20075 32852 43438 20100 32656 43480
20125 32330 43506 20150 31926 43479 20200 31236 43454
20250 31049 43461 20300 30919 43461 20500 30763 43457
20750 30605 43453
444 20120 21091 1117/ 522// 60381=
ZZYY 52077 21091 08004 102075 146955 6113/
11119 02503 10280 29078 40085
22219 00296
33311 88872 20000 32960 20002 32960 43437 20025 32914 43444
20050 32918 43463 20075 32920 43474 20100 32917 43475
20125 32697 43513 20150 32402 43551 20200 31568 43467
20250 31131 43453 20300 31003 43471 20500 30822 43460
20750 30528 43454
444 20130 21091 0704/ 522// 60381=
ZZYY 52077 21091 0600/ 102082 146953 6111/
33311 88872 20002 32946 43435 20025 32912 43440 20050 32919 43464
20075 32919 43474 20100 32917 43476 20125 32671 43519
20150 32401 43551 20200 31569 43467 20250 31190 43451
20300 31026 43474 20500 30827 43460 20750 30520 43453
444 20110 21091 0524/ 522//=
ZZYY 52073 21091 13004 104854 137281 6112/
11119 02509 10277 29080 40103
22219 00291
33311 88872 20000 32914 20002 32914 43338 20025 32919 43340
20050 32930 43394 20075 32857 20100 32709 43464 20125 32352 43489
20150 32119 43484 20200 31256 43447 20250 30946 43441
20300 30893 43457 20500 30739 43453 20750 30597 43450
444 20120 21091 1256/ 522// 60381=
ZZYY 52073 21091 11004 104855 137279 6112/
11119 02809 10283 29081 40094
22219 00292
33311 88872 20000 32915 20002 32915 43338 20025 32917 43340
20050 32931 43394 20075 32851 20100 32656 43472 20125 32309 43489
20150 31998 43481 20200 31214 43446 20250 30944 43442
20300 30893 43457 20500 30735 43454 20750 30597 43450
444 20120 21091 1114/ 522// 60381=
ZZYY 52073 21091 09004 104844 137282 6112/
11119 02711 10279 29083 40077
22219 00292
33311 88872 20000 32916 20002 32916 43340 20025 32919 43340
20050 32924 43389 20075 32860 20100 32632 43476 20125 32312 43491
20150 31947 43479 20200 31242 43448 20250 30974 43441
20300 30916 43455 20500 30770 43455 20750 30606 43450
444 20120 21091 0843/ 522// 60381=
ZZYY 52073 21091 07004 104853 137277 6113/
11119 02712 10276 29081 40063
22219 00292
33311 88872 20000 32915 20002 32915 43338 20025 32917 43339
20050 32929 43395 20075 32862 20100 32736 43456 20125 32352 43491
20150 31996 43481 20200 31289 43450 20250 31017 43442
20300 30924 43454 20500 30779 43455 20750 30610 43451
444 20130 21091 0705/ 522// 60381=
ZZYY 52073 21091 16004 104856 137278 6113/
11119 02808 10269 29086 40091
22219 00291
33311 88872 20000 32906 20002 32906 43327 20025 32922 43342
20050 32926 43396 20075 32842 20100 32655 43473 20125 32314 43487
20150 31947 43485 20200 31087 43446 20250 30934 43446
20300 30896 43457 20500 30757 43454 20750 30613 43450
444 20130 21091 1621/ 522// 60381=
ZZYY 52073 21091 14004 104854 137281 6112/
11119 03010 10269 29086 40103
22219 00291
33311 88872 20000 32909 20002 32909 43334 20025 32920 43342
20050 32890 43401 20075 32804 20100 32598 43480 20125 32338 43488
20150 32117 43487 20200 31217 43446 20250 30945 43442
20300 30903 43456 20500 30756 43454 20750 30603 43450
444 20120 21091 1256/ 522// 60381=
ZZYY 52081 21091 1300/ 100071 138041 6112/
33311 88872 20002 32924 43424 20025 32941 43443 20050 32927 43457
20075 32887 43493 20100 32844 43512 20125 32585 43557
20150 32275 43546 20200 31872 43535 20250 31553 43512
20300 31416 43509 20500 30794 43458 20750 30543 43452
444 20120 21091 1254/ 522//=
ZZYY 52081 21091 0700/ 100070 138039 6113/
33311 88872 20002 32954 43406 20025 32935 43440 20050 32923 43462
20075 32875 43493 20100 32817 43506 20125 32498 43553
20150 32173 43550 20200 31874 43537 20250 31548 43512
20300 31404 43507 20500 30788 43458 20750 30546 43451
444 20130 21091 0703/ 522//=
ZZYY 52081 21091 0900/ 100077 138028 6111/
33311 88872 20002 32956 43427 20025 32935 43440 20050 32924 43459
20075 32871 43492 20100 32811 43501 20125 32569 43555
20150 32290 43542 20200 31896 43537 20250 31566 43515
20300 31455 43511 20500 30788 43458 20750 30555 43451
444 20110 21091 0842/ 522//=
ZZYY 52081 21091 1400/ 100071 138041 6112/
33311 88872 20002 32916 43424 20025 32941 43441 20050 32928 43454
20075 32901 43494 20100 32847 43515 20125 32609 43559
20150 32259 43551 20200 31867 43535 20250 31564 43515
20300 31443 43508 20500 30788 43458 20750 30544 43451
444 20120 21091 1254/ 522//=
ZZYY 52081 21091 1600/ 100074 138038 6113/
33311 88872 20002 32920 43426 20025 32940 43441 20050 32929 43455
20075 32868 43490 20100 32786 43548 20125 32514 43551
20150 32244 43548 20200 31876 43534 20250 31562 43515
20300 31488 43509 20500 30821 43460 20750 30558 43450
444 20130 21091 1622/ 522//=
ZZYY 52087 21091 11004 107865 136484 6111/
11119 02808 10275 29084 40085
22219 00295
33311 88872 20000 32948 20002 32948 43356 20025 32956 43363
20050 32963 43384 20075 32832 43467 20100 32630 43494
20125 32408 43496 20150 32152 43491 20200 31424 43457
20250 31166 43453 20300 31012 43455 20500 30732 43451
20750 30595 43451
444 20110 21091 1116/ 522// 60381=
ZZYY 52087 21091 13004 107866 136490 6112/
11119 02907 10279 29085 40097
22219 00295
33311 88872 20000 32954 20002 32954 43363 20025 32956 43363
20050 32964 43390 20075 32787 43475 20100 32648 43488
20125 32385 43498 20150 32157 43494 20200 31424 43459
20250 31184 43453 20300 31030 43456 20500 30723 43451
20750 30592 43451
444 20120 21091 1257/ 522// 60381=
ZZYY 52087 21091 07004 107867 136487 6113/
11119 01808 10260 29093 40074
22219 00294
33311 88872 20000 32943 20002 32943 43345 20025 32951 43361
20050 32954 43367 20075 32897 43453 20100 32726 43485
20125 32486 43498 20150 32176 43492 20200 31377 43457
20250 31125 43455 20300 30998 43455 20500 30738 43451
20750 30601 43451
444 20130 21091 0705/ 522// 60381=
ZZYY 52087 21091 09004 107859 136495 6111/
11119 02710 10268 29091 40077
22219 00294
33311 88872 20000 32942 20002 32942 43347 20025 32954 43362
20050 32956 43368 20075 32858 43464 20100 32638 43492
20125 32367 43495 20150 31971 43478 20200 31391 43458
20250 31157 43452 20300 30991 43454 20500 30738 43452
20750 30598 43450
444 20110 21091 0844/ 522// 60381=
ZZYY 52087 21091 14004 107866 136490 6112/
11119 03205 10280 29086 40096
22219 00295
33311 88872 20000 32952 20002 32952 43363 20025 32954 43363
20050 32963 43392 20075 32752 43479 20100 32590 43495
20125 32267 43493 20150 32127 43492 20200 31473 43458
20250 31181 43453 20300 31029 43456 20500 30722 43451
20750 30592 43451
444 20120 21091 1257/ 522// 60381=
ZZYY 52087 21091 16004 107866 136489 6113/
11119 03504 10281 29083 40086
22219 00295
33311 88872 20000 32950 20002 32950 43363 20025 32952 43363
20050 32962 43390 20075 32823 43471 20100 32571 43496
20125 32319 43495 20150 32124 43491 20200 31510 43460
20250 31190 43453 20300 31058 43455 20500 30744 43451
20750 30610 43451
444 20130 21091 1620/ 522// 60381=
ZZYY 52080 21091 13004 101994 138107 6112/
11119 01905 10283 29078 40111
22219 00290
33311 88872 20000 32896 20002 32896 43360 20025 32919 43433
20050 32882 43443 20075 32862 43498 20100 32870 43522
20125 32672 43545 20150 32552 43540 20200 32097 43547
20250 31467 43485 20300 31229 43469 20500 30767 43456
20750 30529 43453
444 20120 21091 1253/ 522// 60381=
####018000405####
SSVX13 KARS 211822
ZZYY 55962 21091 1700/ 337439 168555 6112/
11119 40114 57002
22219 00143
444 20120 21091 1630/ 50101 80108 80010 9/015=
ZZYY 55645 21091 1700/ 336214 170568 6112/
11119 40118 57017
22219 00148
444 20120 21091 1630/ 50101 80110 80000 9/015=
ZZYY 55961 21091 1800/ 334330 163940 6113/
11119 40176 52004
22219 00156
444 20130 21091 1628/ 50101 80110 80015 9/015=
####018002923####
SSVX02 KARS 211822
ZZYY 71614 21091 1700/ 344637 149284 6111/
22219 00107
444 20110 21091 1658/ 50101 80010 80000 9////=
ZZYY 51512 21091 1809/ 319750 176876 6111/
22219 00246
444 20110 21091 1806/ 50101 80115 80034 9/015=
ZZYY 33695 21091 1809/ 339734 130830 6112/
22219 00126
444 20120 21091 1657/ 50101 80072 80000 9/015=
ZZYY 16573 21091 1740/ 338331 140369 6112/
11119 30131 40131 57029
22219 00147
444 20120 21091 1657/ 50101 80100 80000 9/015=
ZZYY 51965 21091 1805/ 316734 176024 6112/
22219 00271
444 20120 21091 1759/ 50101 80119 80006 9/015=
ZZYY 33629 21091 1800/ 339041 141754 6112/
11119 40140 57023
22219 00138
444 20120 21091 1653/ 50101 80010 80009 9////=
ZZYY 33629 21091 1700/ 339041 141754 6112/
11119 40148 57020
22219 00138
444 20120 21091 1653/ 50101 80010 80009 9////=
ZZYY 33663 21091 1740/ 347038 144839 6112/
11119 40023 52013
22219 00089
444 20120 21091 1656/ 50101 80010 80005 9////=
ZZYY 52662 21091 1806/ 102908 145793 6112/
22219 00288
444 20120 21091 1758/ 50101 80120 80029 9/015=
ZZYY 17652 21091 1750/ 347803 141641 6112/
11119 39972 49972 57006
22219 00095
444 20120 21091 1658/ 50101 80100 80051 9////=
ZZYY 17664 21091 1710/ 340626 125049 6113/
11119 39989 49989 52022
22219 00119
444 20130 21091 1658/ 50101 80110 80084 9/015=
ZZYY 16516 21091 1720/ 333422 126622 6113/
11119 30102 40102 52006
22219 00158
444 20130 21091 1655/ 50101 80110 80005 9/015=
ZZYY 51972 21091 1808/ 311562 167628 6112/
22219 00287
444 20120 21091 1758/ 50101 80081 80005 9/015=
ZZYY 51644 21091 1808/ 311288 154750 6111/
22219 00281
444 20110 21091 1757/ 50101 80087 80005 9/015=
ZZYY 51538 21091 1808/ 319272 167934 6111/
22219 00242
444 20110 21091 1806/ 50101 80086 80000 9/015=
ZZYY 32617 21091 1807/ 324505 169947 6113/
22219 00230
444 20130 21091 1626/ 50101 80082 80002 9/015=
ZZYY 51614 21091 1809/ 318912 173185 6111/
22219 00256
444 20110 21091 1759/ 50101 80046 80029 9/015=
ZZYY 51671 21091 1804/ 306111 173470 6113/
444 20130 21091 1616/ 50101 80121 9/015=
ZZYY 34534 21091 1730/ 351863 138233 6111/
11119 49884 57038
22219 00057
444 20110 21091 1659/ 50101 80010 80012 9////=
ZZYY 51901 21091 1808/ 312877 159271 6113/
22219 00280
444 20130 21091 1759/ 50101 80115 80006 9/015=
ZZYY 32713 21091 1806/ 305947 174883 6112/
22219 00285
444 20120 21091 1758/ 50101 80550 80034 9/015=
ZZYY 51875 21091 1807/ 310079 147741 6111/
22219 00174
444 20110 21091 1110/ 50101 80058 80000 9/015=
ZZYY 51870 21091 1806/ 304353 173536 6112/
444 20120 21091 1757/ 50101 80113 80012 9/015=
ZZYY 56551 21091 1800/ 336767 168094 6112/
11119 30125 40125 52005
22219 00151
444 20120 21091 1630/ 50101 80110 80016 9/015=
ZZYY 56551 21091 1700/ 336767 168094 6112/
11119 30121 40121 57001
22219 00151
444 20120 21091 1630/ 50101 80110 80015 9/015=
####018000827####
SSVX08 KARS 211822
ZZYY 52311 20091 1200/ 700046 179922 6112/
33311 88872 20001 32771 43536 20025 32770 20050 32763 20075 32744
20100 32624 20125 32282 20150 31949 20200 31453 20250 31295
20500 30799
444 20120 20091 1310/ 521//=
ZZYY 52313 20091 1200/ 305842 176732 6111/
33311 88872 20001 32842 43557 20025 32842 20050 32840 20075 32840
20100 32840 20125 32841 20150 32819 20200 32245 20250 31633
20300 31240 20500 30805
444 20110 20091 1311/ 521//=
ZZYY 52313 21091 18004 305752 176670 6111/
11119 01011 10276 29071
22219 00284
444 20110 21091 1443/ 521// 60401=
ZZYY 52312 20091 1200/ 501971 179922 6111/
33311 88872 20001 32822 43544 20025 32821 20050 32820 20075 32819
20100 32820 20125 32753 20150 32247 20200 31306 20250 31140
20300 31082 20500 30776
444 20110 20091 1310/ 521//=
