####018000146####
SSVX13 LFPW 092000
ZZYY 44607 09070 2000/ 760957 058276 6110/ 11119 40075 57001 22219
 00091 444 20100 09070 1900/ 50101 80131 80034 9/015=
####018000146####
SSVX13 LFPW 092000
ZZYY 44616 09070 2000/ 759229 056018 6110/ 11119 40065 57003 22219
 00054 444 20100 09070 2000/ 50101 80137 80000 9/015=
####018000248####
SSVF11 LIIB 091900
ZZYY 61010 09070 19001 143848 009108 6113/
11119  02902 10266 29077 30179 40182
33340 88872 20006 32376 4////
20012 3//// 4////
20020 3//// 4////
20028 31797 4////
20036 3//// 4////
444 10010 20030 51600 6140/=
####018000146####
SSVX13 LFPW 092000
ZZYY 44550 09070 2000/ 749748 026342 6110/ 11119 40177 52002 22219
 00140 444 20100 09070 1900/ 50101 80136 80005 9/015=
####018000134####
SSVX13 LFPW 092000
ZZYY 62512 09070 2000/ 727952 012912 6111/ 11119 40145 57002 444
 20110 09070 2000/ 50101 80108 80000 9/015=
####018000248####
SSVF11 LIIB 091800
ZZYY 61010 09070 18001 143848 009108 6113/
11119  02903 10269 29075 30179 40183
33340 88872 20006 32385 4////
20012 3//// 4////
20020 3//// 4////
20028 31757 4////
20036 3//// 4////
444 10010 20030 51600 6140/=
####018001161####
SSVX11 LFVW 091950
ZZYY 52078 09070 15004 104961 147034 6112/
11119 00904 30108 40108
22219 00297
33311 88872 20000 32965 20002 32965 43385 20025 32967 43384
20050 32974 43406 20075 32931 43443 20100 32747 43473
20125 32534 43488 20150 31926 43474 20200 31277 43453
20250 31002 43458 20300 30909 43461 20500 30762 43457
20750 30596 43453
444 20120 09070 1548/ 522// 60401=
ZZYY 52085 09070 15004 100014 156047 6113/
11119 00311 10286 29074 30108 40108
22219 00294
33311 88872 20000 32939 20002 32939 43506 20025 32940 43514
20050 32933 43513 20075 32869 43539 20100 32660 43518
20125 32528 43530 20150 32332 43556 20200 31736 43527
20250 31400 43504 20300 31140 43481 20500 30787 43460
20750 30569 43452
444 20130 09070 1419/ 522// 60401=
ZZYY 52086 09070 15004 305023 156020 6112/
11119 01206 10271 29076 30104 40104
22219 00299
33311 88872 20000 32986 20002 32986 43483 20025 32988 43486
20050 32996 43495 20075 32991 43524 20100 32975 43536
20125 32932 43543 20150 32720 43564 20200 31900 43555
20250 31256 43498 20300 31059 43479 20500 30841 43462
20750 30628 43453
444 20120 09070 1420/ 522// 60401=
####018000237####
SSVX02 KARS 091952
ZZYY 52597 09070 1915/ 114566 136104 6113/
22219 00300
444 20130 09070 1909/ 50101 80125 80033 9/015=
ZZYY 52833 09070 1915/ 117405 141531 6112/
22219 00297
444 20120 09070 1909/ 50101 80011 80007 9/015=
####018000134####
SSVX13 LFPW 092000
ZZYY 44746 09070 2000/ 751975 034191 6110/ 11119 40167 57001 444
 20100 09070 2000/ 50101 80138 80005 9/015=
####018000146####
SSVX13 LFPW 092000
ZZYY 44609 09070 2000/ 750082 019549 6110/ 11119 40149 52008 22219
 00158 444 20100 09070 1900/ 50101 80129 80060 9/015=
