####018000149####
SSVX13 KARS 211802
ZZYY 55645 21091 1600/ 336214 170568 6112/
11119 40116 57012
22219 00148
444 20120 21091 1630/ 50101 80110 80000 9/015=
####018012315####
SSVX02 KARS 211802
ZZYY 51780 21091 1623/ 512535 161376 6112/
22219 00273
444 20120 21091 1617/ 50101 80113 80011 9/015=
ZZYY 51944 21091 1620/ 527228 156250 6111/
22219 00205
33311 88872 20000 32050 42048
444 20110 21091 1626/ 50101 80080 80030 9/015=
ZZYY 51945 21091 1620/ 533890 159201 6111/
22219 00165
33311 88872 20000 31650 42048
444 20110 21091 1335/ 50101 80060 80079 9/015=
ZZYY 51940 21091 1610/ 525422 169765 6112/
22219 00222
33311 88872 20000 32220 43545
444 20120 21091 1625/ 50101 80080 80038 9/015=
ZZYY 17677 21091 1640/ 521150 017191 6112/
11119 30199 40199 57015
22219 00222
444 20120 21091 1704/ 50101 80110 80000 9/015=
ZZYY 51953 21091 1600/ 528820 152956 6111/
22219 00195
33311 88872 20000 31945 42048
444 20110 21091 1549/ 50101 80080 80100 9/015=
ZZYY 51953 21091 1630/ 528820 152956 6111/
22219 00195
33311 88872 20000 31945 42048
444 20110 21091 1549/ 50101 80080 80098 9/015=
ZZYY 51946 21091 1610/ 525507 165251 6112/
22219 00214
33311 88872 20000 32140 42048
444 20120 21091 1625/ 50101 80070 80027 9/015=
ZZYY 51946 21091 1620/ 525507 165251 6112/
22219 00214
33311 88872 20000 32140 42048
444 20120 21091 1625/ 50101 80070 80027 9/015=
ZZYY 33886 21091 1550/ 350637 027306 6112/
11119 30019 40019
22219 00035
444 20120 21091 1510/ 50101 80090 80100 9/015=
ZZYY 33886 21091 1650/ 350637 027306 6112/
11119 30018 40018
22219 00035
444 20120 21091 1510/ 50101 80090 80100 9/015=
ZZYY 54942 21091 1400/ 533171 161601 6112/
444 20120 21091 1336/ 50101 9////=
ZZYY 15508 21091 1640/ 332192 013419 6112/
11119 30274 40274 54000
22219 00183
444 20120 20091 1543/ 50101 80050 80000 9/015=
ZZYY 48673 21091 1602/ 776622 124034 6113/
444 20130 21091 1600/ 500// 9/000=
ZZYY 51802 21091 1632/ 523091 175474 6112/
22219 00231
444 20120 21091 1625/ 50101 80053 80009 9/015=
ZZYY 33573 21091 1610/ 349955 025397 6112/
11119 39995 49995 52002
22219 00012
444 20120 21091 1654/ 50101 80130 80001 9/015=
ZZYY 14547 21091 1630/ 349081 176131 6112/
11119 30169 40169 57003
22219 00072
444 20120 21091 1632/ 50101 80100 80063 9/015=
ZZYY 17658 21091 1620/ 531770 001679 6111/
11119 30299 40299 57007
22219 00175
444 20110 21091 1548/ 50101 80108 80057 9/015=
ZZYY 17681 21091 1620/ 523817 002472 6112/
11119 30240 40240 57007
22219 00191
444 20120 21091 1524/ 50101 80110 80000 9/015=
ZZYY 21944 21091 1620/ 727914 174252 6113/
11119 30200 40200 57003
22219 00274
444 20130 21091 1611/ 50101 80010 80000 9////=
ZZYY 46767 21091 1619/ 715964 168404 6112/
22219 00273
444 20120 21091 1612/ 50101 80084 80026 9/015=
ZZYY 32684 21091 1629/ 518579 158541 6112/
22219 00262
444 20120 21091 1624/ 50101 80102 80025 9/015=
ZZYY 32830 21091 1627/ 520852 160860 6111/
22219 00259
444 20110 21091 1623/ 50101 80108 80011 9/015=
ZZYY 46764 21091 1620/ 720824 177202 6113/
22219 00278
444 20130 21091 1612/ 50101 80072 80014 9/015=
ZZYY 51657 21091 1627/ 506813 179005 6112/
22219 00280
444 20120 21091 1616/ 50101 80117 80004 9/015=
ZZYY 32682 21091 1628/ 521347 155461 6111/
22219 00252
444 20110 21091 1624/ 50101 80100 80016 9/015=
ZZYY 51649 21091 1629/ 527181 160075 6113/
22219 00208
444 20130 21091 1306/ 50101 80008 80000 9/015=
ZZYY 62909 21091 1726/ 730610 026702 6112/
22219 00261
444 20120 21091 1724/ 50101 80108 80003 9/015=
ZZYY 22616 21091 1616/ 732227 154528 6113/
22219 00257
444 20130 21091 1610/ 50101 80045 80000 9/015=
ZZYY 51526 21091 1626/ 507465 164034 6113/
22219 00276
444 20130 21091 1621/ 50101 80121 80015 9/015=
ZZYY 62930 21091 1721/ 726655 031333 6112/
22219 00267
444 20120 21091 1716/ 50101 80084 80014 9/015=
ZZYY 51643 21091 1623/ 508521 152820 6113/
22219 00272
444 20130 21091 1257/ 50101 80115 80014 9/015=
ZZYY 33907 21091 1600/ 533831 003053 6112/
11119 30274 40274 57008
22219 00155
444 20120 21091 1545/ 50101 8//// 80000 9////=
ZZYY 33907 21091 1700/ 533825 003048 6113/
11119 30273 40273 57005
22219 00155
444 50101 8//// 80000 9////=
ZZYY 33908 21091 1630/ 331388 004405 6112/
11119 30275 40275 57006
22219 00171
444 20120 21091 1700/ 50101 8//// 80000 9/015=
ZZYY 15635 21091 1704/ 527910 029093 6111/
22219 00192
444 50101 80086 80001 9/015=
ZZYY 32558 21091 1626/ 520104 153734 6111/
22219 00261
444 20110 21091 1623/ 50101 80108 80099 9/015=
ZZYY 15634 21091 1708/ 529289 017317 6113/
22219 00199
444 20130 21091 1703/ 50101 80096 80000 9/015=
ZZYY 33691 21091 1710/ 527621 002115 6111/
22219 00185
444 20110 21091 1701/ 50101 80070 80005 9/015=
ZZYY 51538 21091 1629/ 319293 167944 6113/
22219 00243
444 20130 21091 1625/ 50101 80086 80000 9/015=
ZZYY 32617 21091 1631/ 324505 169947 6113/
22219 00230
444 20130 21091 1626/ 50101 80082 80001 9/015=
ZZYY 51671 21091 1628/ 306111 173470 6113/
22219 00287
444 20130 21091 1616/ 50101 80121 80031 9/015=
ZZYY 51739 21091 1619/ 714557 153690 6112/
22219 00268
444 20120 21091 1612/ 50101 80109 80008 9/015=
ZZYY 15945 21091 1714/ 505739 017579 6112/
22219 00252
444 50101 80084 80011 9/015=
ZZYY 51512 21091 1626/ 319770 176895 6112/
22219 00246
444 50101 80115 80033 9/015=
ZZYY 15904 21091 1711/ 310819 007215 6113/
22219 00206
444 20130 21091 1705/ 50101 80152 80007 9/015=
ZZYY 13518 21091 1716/ 706663 013296 6112/
22219 00277
444 50101 80134 80001 9/015=
ZZYY 15679 21091 1707/ 308934 006310 6111/
22219 00224
444 20110 21091 1532/ 50101 80152 80006 9/015=
ZZYY 46605 21091 1616/ 730648 176137 6113/
444 20130 21091 1610/ 50101 80142 9/015=
ZZYY 15943 21091 1714/ 504447 017733 6111/
22219 00251
444 20110 21091 1709/ 50101 80090 80255 9/015=
ZZYY 51664 21091 1622/ 712923 172365 6111/
22219 00274
444 20110 21091 1612/ 50101 80111 80121 9/015=
ZZYY 51727 21091 1629/ 509478 177270 6111/
22219 00283
444 20110 21091 1616/ 50101 80111 80255 9/015=
ZZYY 71626 21091 1650/ 526479 002366 6111/
11119 30257 40257 57004
22219 00187
444 20110 21091 1702/ 50101 80100 80005 9/015=
ZZYY 51965 21091 1631/ 316759 176029 6112/
22219 00271
444 20120 21091 1618/ 50101 80119 80006 9/015=
ZZYY 33537 21091 1520/ 341850 019938 6111/
11119 30210 40210 57004
22219 00160
444 20110 21091 1512/ 50101 80100 80004 9/015=
ZZYY 33537 21091 1620/ 341875 019960 6112/
11119 30209 40209 57004
22219 00159
444 20120 21091 1655/ 50101 80100 80005 9/015=
ZZYY 15618 21091 1710/ 520789 002147 6111/
22219 00190
444 20110 21091 1703/ 50101 80124 80180 9/015=
ZZYY 51948 21091 1627/ 502185 178648 6112/
22219 00280
444 20120 21091 1615/ 50101 80119 80009 9/015=
ZZYY 15677 21091 1711/ 514632 024242 6111/
22219 00240
444 20110 21091 1559/ 50101 80128 80001 9/015=
ZZYY 13959 21091 1717/ 714410 016972 6112/
22219 00375
444 20120 21091 0422/ 50101 80150 80001 9/015=
ZZYY 15928 21091 1708/ 513117 029853 6111/
22219 00251
444 20110 21091 1558/ 50101 80126 80001 9/015=
ZZYY 51913 21091 1630/ 515760 173333 6113/
22219 00207
444 20130 21091 1623/ 50101 80115 80010 9/015=
ZZYY 53904 21091 1609/ 142173 171719 6112/
22219 00190
444 20120 21091 1610/ 50101 80132 80005 9/015=
ZZYY 51669 21091 1629/ 511803 174744 6112/
22219 00279
444 20120 21091 1617/ 50101 80105 80239 9/015=
ZZYY 13934 21091 1716/ 721812 028498 6112/
22219 00258
444 20120 21091 1722/ 50101 80124 80180 9/015=
ZZYY 15944 21091 1708/ 301833 002708 6113/
22219 00252
444 20130 21091 1715/ 50101 80152 80006 9/015=
ZZYY 51614 21091 1632/ 318917 173206 6113/
22219 00256
444 20130 21091 1625/ 50101 80046 80027 9/015=
ZZYY 51617 21091 1623/ 710110 173363 6111/
22219 00280
444 20110 21091 1612/ 50101 80045 80000 9/015=
ZZYY 15905 21091 1709/ 312887 008096 6111/
22219 00196
444 20110 21091 1704/ 50101 80152 80011 9/015=
ZZYY 31914 21091 1706/ 534703 016357 6113/
22219 00160
444 20130 21091 1701/ 50101 80075 80042 9/015=
ZZYY 51627 21091 1631/ 517795 169413 6113/
22219 00271
444 20130 21091 1617/ 50101 80113 80000 9/015=
ZZYY 15675 21091 1710/ 514629 025383 6111/
22219 00242
444 20110 21091 1559/ 50101 80128 80001 9/015=
ZZYY 51641 21091 1616/ 732614 172681 6113/
22219 00262
444 20130 21091 1610/ 50101 80117 80044 9/015=
ZZYY 15912 21091 1715/ 303640 003711 6113/
22219 00242
444 50101 80152 80007 9/015=
ZZYY 14942 21091 1619/ 726855 165757 6113/
22219 00270
444 20130 21091 1611/ 50101 8//// 80000 9/015=
ZZYY 15942 21091 1714/ 305315 004558 6113/
22219 00246
444 20130 21091 1710/ 50101 80152 80007 9/015=
ZZYY 15929 21091 1712/ 306945 005054 6113/
22219 00229
444 20130 21091 1708/ 50101 80140 80009 9/015=
ZZYY 51655 21091 1634/ 528791 170007 6113/
22219 00186
444 20130 21091 1627/ 50101 80107 80013 9/015=
ZZYY 43525 21091 1619/ 715144 159012 6111/
22219 00266
444 20110 21091 1614/ 50101 80088 80010 9/015=
ZZYY 51663 21091 1628/ 512133 170360 6113/
22219 00275
444 20130 21091 1617/ 50101 80111 80010 9/015=
ZZYY 31926 21091 1707/ 533107 006206 6113/
22219 00173
444 20130 21091 1700/ 50101 80008 80031 9////=
ZZYY 43529 21091 1621/ 717043 172152 6112/
22219 00272
444 20120 21091 1612/ 50101 80082 80001 9/015=
ZZYY 31708 21091 1706/ 331515 009964 6113/
22219 00167
444 20130 21091 1659/ 50101 80004 80032 9////=
ZZYY 51892 21091 1624/ 710161 179071 6113/
22219 00281
444 20130 21091 1613/ 50101 80105 80005 9/015=
ZZYY 52618 21091 1622/ 709488 175760 6112/
22219 00279
444 20120 21091 1613/ 50101 80117 80004 9/015=
ZZYY 32725 21091 1628/ 513059 167638 6112/
22219 00276
444 20120 21091 1617/ 50101 80121 80004 9/015=
ZZYY 51753 21091 1629/ 521362 163014 6112/
22219 00256
444 20120 21091 1624/ 50101 80081 80008 9/015=
ZZYY 32973 21091 1628/ 520747 156191 6111/
22219 00255
444 20110 21091 1623/ 50101 80047 80015 9/015=
ZZYY 51652 21091 1624/ 704959 169445 6113/
22219 00272
444 20130 21091 1614/ 50101 80123 80020 9/015=
ZZYY 51771 21091 1625/ 504265 163505 6113/
22219 00272
444 20130 21091 1616/ 50101 80121 80012 9/015=
ZZYY 13960 21091 1718/ 713770 017359 6112/
22219 00297
444 50101 80148 80008 9/015=
ZZYY 15906 21091 1713/ 507556 011998 6113/
22219 00241
444 20130 21091 1707/ 50101 80082 80013 9/015=
ZZYY 51624 21091 1630/ 516167 174309 6112/
22219 00273
444 20120 21091 1617/ 50101 80085 80016 9/015=
ZZYY 32719 21091 1628/ 510540 167185 6113/
444 20130 21091 1617/ 50101 80540 80099 9/015=
ZZYY 17653 21091 1630/ 337918 004661 6112/
11119 30258 40258 57003
22219 00126
444 20120 21091 1658/ 50101 80080 80005 9/015=
ZZYY 63584 21091 1549/ 777769 002036 6112/
22219 00044
444 50101 80007 80008 9/015=
ZZYY 51907 21091 1624/ 504152 159586 6113/
22219 00271
444 20130 21091 1616/ 50101 80119 80023 9/015=
ZZYY 51918 21091 1627/ 504604 170696 6113/
22219 00276
444 20130 21091 1616/ 50101 80119 80005 9/015=
ZZYY 17685 21091 1600/ 331201 001462 6111/
11119 30310 40310 57002
22219 00171
444 20110 21091 1545/ 50101 8//// 80000 9////=
ZZYY 51639 21091 1624/ 504894 174616 6112/
444 20120 21091 1616/ 50101 80117 80255 9/015=
ZZYY 51781 21091 1627/ 505210 169592 6113/
22219 00276
444 20130 21091 1617/ 50101 80121 80057 9/015=
ZZYY 51873 21091 1620/ 507946 161900 6113/
22219 00276
444 20130 21091 1617/ 50101 80119 80021 9/015=
ZZYY 33900 21091 1530/ 319459 000423 6113/
11119 30199 40199 57011
22219 00186
444 20130 21091 1522/ 50101 80110 80010 9/015=
ZZYY 33900 21091 1630/ 319451 000404 6112/
11119 30203 40203 54000
22219 00186
444 20120 21091 1703/ 50101 80110 80010 9/015=
ZZYY 33558 21091 1700/ 328850 007735 6113/
11119 30266 40266 52003
22219 00167
444 20130 21091 1701/ 50101 80110 80006 9/015=
ZZYY 33558 21091 1600/ 328845 007764 6112/
11119 30267 40267 52003
22219 00166
444 20120 21091 1521/ 50101 80110 80005 9/015=
ZZYY 32713 21091 1627/ 305956 174905 6113/
22219 00285
444 20130 21091 1617/ 50101 80550 80017 9/015=
ZZYY 15602 21091 1715/ 502559 027379 6112/
22219 00265
444 50101 80082 80012 9/015=
ZZYY 15620 21091 1610/ 326879 000218 6113/
11119 30259 40259 57009
22219 00179
444 20130 21091 1522/ 50101 80077 80016 9/015=
####018004503####
SSVX08 KARS 211802
ZZYY 51021 20091 1200/ 701994 154969 6111/
33311 88870 20001 32642
444 20110 20091 1128/ 521//=
ZZYY 51021 21091 16004 701984 154974 6111/
11119 01015
22219 00262
444 20110 21091 1618/ 521// 60401=
ZZYY 51020 20091 1200/ 705006 154955 6111/
33311 88872 20001 32771 43507 20025 32768 20050 32766 20100 32673
20125 32582 20150 32064 20200 31248 20250 31107 20300 31077
20500 30900
444 20110 20091 1307/ 521//=
ZZYY 51020 21091 16004 705012 154938 6111/
11119 01309 10264 29078
22219 00275
444 20110 21091 1614/ 521// 60401=
ZZYY 52004 20091 1200/ 305005 165155 6111/
33311 88872 20001 32911 43554 20025 32909 20075 32907 20100 32907
20125 32880 20200 32048
444 20110 20091 1023/ 521//=
ZZYY 51019 20091 1200/ 504989 155007 6112/
33311 88870 20001 32710 20025 32708 20050 32707 20075 32706
20100 32706 20125 32553 20150 32085 20200 31452 20250 31148
20300 31031 20500 30810
444 20120 20091 1129/ 521//=
ZZYY 51019 21091 16004 504992 155012 6111/
11119 01114 10268 29082
22219 00271
444 20110 21091 1619/ 521// 60401=
ZZYY 52001 20091 1200/ 102016 164997 6112/
33311 88872 20001 32957 43474 20025 32950 20050 32946 20075 32910
20100 32726 20125 32585 20150 32452 20200 31333 20250 31098
20300 31074 20500 30784
444 20120 20091 1026/ 521//=
ZZYY 51301 20091 1200/ 707989 155000 6111/
33311 88870 20001 32841 20050 32812 20075 32726 20100 32332
20125 31709 20150 31348 20200 31131 20300 31012 20500 30813
444 20110 20091 1148/ 521//=
ZZYY 13001 20091 1200/ 711490 022997 6112/
33311 88872 20001 32869 43510 20020 32829 43543 20040 32165 43596
20060 31710 43573 20080 31509 20100 31412 20120 31349 20140 31312
20180 31262 20300 31133 20500 30965
444 20120 20091 1112/ 521//=
ZZYY 13001 21091 17004 711487 023000 6112/
11119 01507 10284 29083 40115
22219 00291
444 20120 21091 1712/ 521// 60401=
ZZYY 52007 20091 1200/ 308040 164788 6112/
33311 88872 20001 32913 43535 20025 32905 20050 32903
444 20120 20091 1022/ 521//=
ZZYY 52007 21091 16004 308022 164770 6112/
11119 01110 10285 29077
22219 00291
444 20120 21091 1622/ 521// 60401=
ZZYY 31007 20091 1200/ 700020 023002 6112/
33311 88872 20001 32587 43591 20020 32579 43593 20040 32521 43596
20080 32335 20100 32033 20120 31760 20140 31528 20180 31391
20300 31187 20500 30742
444 20120 20091 1044/ 521//=
ZZYY 31007 21091 17004 700019 023002 6112/
11119 01411 10258 29084 40117
22219 00261
444 20120 21091 1710/ 521// 60401=
ZZYY 52002 20091 1200/ 302000 164967 6111/
22219 00290
33311 88872 20000 32899 43552 20500 30794
444 20110 20091 1024/ 521//=
ZZYY 52002 21091 16004 302009 164988 6111/
11119 01112 10279 29079
22219 00290
444 20110 21091 1621/ 521// 60001=
ZZYY 51302 20091 1200/ 508268 155012 6111/
33311 88872 20001 32717 43548 20025 32715 20050 32714 20075 32714
20100 32715 20125 32700 20150 32563 20200 32152 20250 31599
20300 31198 20500 30805
444 20110 20091 1155/ 521//=
ZZYY 51023 20091 1200/ 500002 154960 6111/
33311 88870 20001 32553 20025 32544 20050 32526 20100 32137
20125 31808 20200 31335 20250 31193 20300 31117 20500 30822
444 20110 20091 1127/ 521//=
ZZYY 51022 20091 1200/ 501978 155000 6111/
33311 88872 20001 32675 43534 20025 32676 20050 32669 20075 32668
20100 32668 20125 32046 20150 31621 20200 31304 20300 31092
444 20110 20091 1128/ 521//=
ZZYY 13002 20091 1200/ 720454 023122 6112/
33311 88872 20001 32485 43642 20020 32484 43642 20040 31964 43529
20060 31772 43572 20080 31725 20100 31675 20120 31629 20140 31592
20180 31558 20300 31429 20500 31192
444 20120 20091 1111/ 521//=
ZZYY 13002 21091 17004 720462 023121 6112/
11119 00513 10252 29084
22219 00251
444 20120 21091 1716/ 521// 60401=
ZZYY 31006 20091 1200/ 704041 022993 6111/
33311 88872 20001 32781 43457 20020 32777 43490 20040 32783 43504
20060 32703 43569 20080 32398 20100 31922 20120 31669 20140 31579
20180 31418 20300 31166
444 20110 20091 1114/ 521//=
ZZYY 31006 21091 17004 704036 022982 6112/
11119 01910 10272 29080
22219 00282
444 20120 21091 1712/ 521// 60401=
ZZYY 52321 20091 1200/ 100004 164966 6112/
33311 88872 20001 32905 20025 32895 43520 20050 32886 43525
20075 32871 43530 20100 32825 20125 32555 20150 32338 20200 31725
20250 31322 20500 30779
444 20120 20091 1336/ 521//=
ZZYY 52321 21091 16004 100008 164972 6111/
11119 00911 10279 29084 40082
22219 00288
444 20110 21091 1620/ 521// 60401=
####018000103####
SSVX06 KARS 211802
ZZYY 47554 21091 1559/ 774310 111664 6113/
444 20130 21091 1554/ 500// 9/000=
####018000146####
SSVX13 LFPW 211757
ZZYY 17932 21091 1757/ 545127 018346 6113/ 11119 40176 52013 22219
 00082 444 20130 21091 1755/ 50101 80142 80016 9/015=
####018000146####
SSVX13 LFPW 211757
ZZYY 64517 21091 1757/ 763121 010735 6113/ 11119 49828 52014 22219
 00100 444 20130 21091 1755/ 50101 80132 80002 9/015=
####018000146####
SSVX13 LFPW 211757
ZZYY 64516 21091 1757/ 761841 012120 6113/ 11119 49872 57255 22219
 00116 444 20130 21091 1757/ 50101 80132 80006 9/015=
####018000146####
SSVX13 LFPW 211757
ZZYY 17929 21091 1757/ 547251 055195 6113/ 11119 40078 52018 22219
 00064 444 20130 21091 1755/ 50101 80140 80005 9/015=
####018000146####
SSVX13 LFPW 211757
ZZYY 17934 21091 1757/ 348024 013697 6113/ 11119 49995 57022 22219
 00056 444 20130 21091 1755/ 50101 80140 80006 9/015=
####018000146####
SSVX13 LFPW 211757
ZZYY 17930 21091 1757/ 548994 014202 6113/ 11119 40043 52011 22219
 00035 444 20130 21091 1455/ 50101 80136 80010 9/015=
####018000146####
SSVX13 LFPW 211757
ZZYY 64616 21091 1757/ 761284 012110 6113/ 11119 49885 52029 22219
 00119 444 20130 21091 1156/ 50101 80144 80021 9/015=
####018000118####
SSVX02 CWEG 211752
ZZYY 48547 21091 1800/ 78387/ 15497/ 6110/ 11119 11155 40004 444
201// 21091 1418/ 80138=

####018000131####
SSVX02 CWAO 211800
ZZYY 47543 21091 1800/ 784508 110597 6113/ 11119 11077 40062 444 20130 21091 1800/ 50101 89990 80001 9////=
####018000131####
SSVX02 CWAO 211800
ZZYY 48712 21091 1800/ 775710 153694 6113/ 11132 11009 40138 444 20130 21091 1800/ 50301 89990 80001 9////=
####018000134####
SSVX02 CWAO 211800
ZZYY 47543 21091 1800/ 784508 110597 6113/ 11119 11077 40062 444 20130 21091 1800/ 50101 89990 80001 9////=

####018000134####
SSVX02 CWAO 211800
ZZYY 48712 21091 1800/ 775710 153694 6113/ 11132 11009 40138 444 20130 21091 1800/ 50301 89990 80001 9////=

####018000173####
SSVX13 LFPW 211800
ZZYY 62506 21091 1800/ 743739 005540 6113/ 11119 40216 52007 22219
 00202 33300 88872 20000 43591 444 20130 21091 1800/ 50101 80144
 80048 9/015=
####018000146####
SSVX13 LFPW 211800
ZZYY 44601 21091 1800/ 750581 019042 6110/ 11119 40206 52005 22219
 00145 444 20100 21091 1800/ 50101 80128 80003 9/015=
####018000146####
SSVX13 LFPW 211800
ZZYY 41638 21091 1800/ 730879 039534 6113/ 11119 40229 57014 22219
 00278 444 20130 21091 1800/ 50101 80094 80002 9/015=
####018000146####
SSVX13 LFPW 211800
ZZYY 62517 21091 1800/ 734040 025023 6113/ 11119 40233 54000 22219
 00253 444 20130 21091 1800/ 50101 80100 80003 9/015=
####018000146####
SSVX13 LFPW 211800
ZZYY 44777 21091 1800/ 744562 028991 6113/ 11119 40237 57019 22219
 00201 444 20130 21091 1800/ 50101 80140 80015 9/015=
####018000146####
SSVX13 LFPW 211800
ZZYY 64613 21091 1800/ 764038 026240 6113/ 11119 49937 52022 22219
 00106 444 20130 21091 1800/ 50101 80146 80006 9/015=
####018000134####
SSVX13 LFPW 211800
ZZYY 62502 21091 1800/ 740207 014834 6113/ 11119 40228 52002 444
 20130 21091 1800/ 50101 80108 80000 9/015=
####018000146####
SSVX13 LFPW 211800
ZZYY 44773 21091 1800/ 746552 036773 6113/ 11119 40102 57016 22219
 00168 444 20130 21091 1800/ 50101 80140 80021 9/015=
####018000146####
SSVX13 LFPW 211800
ZZYY 44622 21091 1800/ 732613 035123 6113/ 11119 40231 57007 22219
 00266 444 20130 21091 1800/ 50101 80094 80003 9/015=
####018000146####
SSVX13 LFPW 211800
ZZYY 26554 21091 1800/ 189470 102294 6113/ 11119 40130 57001 22219
 01050 444 20130 21091 1800/ 50101 80146 80000 9/015=
####018000146####
SSVX13 LFPW 211800
ZZYY 44623 21091 1800/ 757877 036547 6113/ 11119 40012 57005 22219
 00087 444 20130 21091 1800/ 50101 80146 80016 9/015=
####018000173####
SSVX13 LFPW 211800
ZZYY 62503 21091 1800/ 747914 018481 6113/ 11119 40241 52004 22219
 00165 33300 88872 20000 43563 444 20130 21091 1800/ 50101 80108
 80010 9/015=
####018000146####
SSVX13 LFPW 211800
ZZYY 44771 21091 1800/ 742574 040872 6113/ 11119 40178 57009 22219
 00211 444 20130 21091 1800/ 50101 80140 80003 9/015=
####018000146####
SSVX13 LFPW 211800
ZZYY 44772 21091 1800/ 747227 040073 6113/ 11119 40080 52006 22219
 00178 444 20130 21091 1500/ 50101 80140 80024 9/015=
####018000173####
SSVX13 LFPW 211800
ZZYY 62504 21091 1800/ 739667 021213 6113/ 11119 40239 57005 22219
 00231 33300 88872 20000 43661 444 20130 21091 1800/ 50101 80148
 80065 9/015=
####018000146####
SSVX13 LFPW 211800
ZZYY 41728 21091 1800/ 726438 046590 6113/ 11119 40233 57009 22219
 00281 444 20130 21091 1800/ 50101 80120 80003 9/015=
####018000146####
SSVX13 LFPW 211800
ZZYY 44774 21091 1800/ 745109 033248 6113/ 11119 40175 57029 22219
 00196 444 20130 21091 1800/ 50101 80140 80016 9/015=
####018000146####
SSVX13 LFPW 211800
ZZYY 44766 21091 1800/ 746647 028296 6113/ 11119 40222 57022 22219
 00168 444 20130 21091 1800/ 50101 80140 80013 9/015=
####018000146####
SSVX13 LFPW 211800
ZZYY 62534 21091 1800/ 743549 024420 6113/ 11119 40269 57010 22219
 00201 444 20130 21091 1800/ 50101 80140 80015 9/015=
####018000146####
SSVX13 LFPW 211800
ZZYY 26553 21091 1800/ 185608 061567 6113/ 11119 40207 52014 22219
 01050 444 20130 21091 1800/ 50101 80144 80002 9/015=
####018000146####
SSVX13 LFPW 211800
ZZYY 44776 21091 1800/ 742362 031949 6113/ 11119 40231 57018 22219
 00218 444 20130 21091 1800/ 50101 80140 80016 9/015=
####018000128####
SSVX13 LFPW 211800
ZZYY 62538 21091 1800/ 743186 016453 6113/ 22219 00191 444 20130
 21091 1800/ 50101 80140 80016 9/015=
####018000146####
SSVX13 LFPW 211800
ZZYY 62531 21091 1800/ 745793 010828 6113/ 11119 40250 52006 22219
 00179 444 20130 21091 1800/ 50101 80140 80003 9/015=
####018000146####
SSVX13 LFPW 211800
ZZYY 41729 21091 1800/ 730779 039329 6113/ 11119 40227 57015 22219
 00283 444 20130 21091 1800/ 50101 80128 80002 9/015=
####018000146####
SSVX13 LFPW 211800
ZZYY 62600 21091 1800/ 756574 031366 6113/ 11119 40054 57003 22219
 00106 444 20130 21091 1800/ 50101 80138 80016 9/015=
####018000146####
SSVX13 LFPW 211757
ZZYY 17931 21091 1757/ 344886 049390 6113/ 11119 40101 52017 22219
 00050 444 20130 21091 1752/ 50101 80140 80006 9/015=
####018000146####
SSVX13 LFPW 211800
ZZYY 62539 21091 1800/ 740986 025211 6113/ 11119 40258 57011 22219
 00215 444 20130 21091 1800/ 50101 80140 80011 9/015=
####018000146####
SSVX13 LFPW 211800
ZZYY 63640 21091 1800/ 175053 012523 6113/ 11119 40108 52001 22219
 00083 444 20130 21091 1800/ 50101 80142 80011 9/015=
####018000146####
SSVX13 LFPW 211800
ZZYY 48611 21091 1800/ 783665 167293 6113/ 11119 49997 52003 22219
 01050 444 20130 21091 1800/ 50101 80150 80002 9/015=
####018000146####
SSVX13 LFPW 211800
ZZYY 62532 21091 1800/ 747782 017376 6113/ 11119 40243 52002 22219
 00172 444 20130 21091 1800/ 50101 80136 80003 9/015=
####018000173####
SSVX13 LFPW 211800
ZZYY 62508 21091 1800/ 743536 009922 6113/ 11119 40227 52003 22219
 00192 33300 88872 20000 43589 444 20130 21091 1800/ 50101 80144
 80077 9/015=
####018000146####
SSVX13 LFPW 211800
ZZYY 62711 21091 1800/ 753797 033949 6113/ 11119 40082 57025 22219
 00112 444 20130 21091 1800/ 50101 80138 80016 9/015=
####018000146####
SSVX13 LFPW 211800
ZZYY 62599 21091 1800/ 758121 021679 6113/ 11119 40018 52024 22219
 00120 444 20130 21091 1800/ 50101 80138 80000 9/015=
####018000146####
SSVX13 LFPW 211800
ZZYY 63635 21091 1800/ 172761 018251 6113/ 11119 40117 52009 22219
 00100 444 20130 21091 1800/ 50101 80144 80003 9/015=
####018000146####
SSVX13 LFPW 211800
ZZYY 64612 21091 1800/ 760946 030717 6113/ 11119 49997 52008 22219
 00104 444 20130 21091 1800/ 50101 80146 80005 9/015=
####018000146####
SSVX13 LFPW 211800
ZZYY 13974 21091 1800/ 735004 027720 6113/ 11119 40228 57003 22219
 00262 444 20130 21091 1800/ 50101 80130 80010 9/015=
####018000146####
SSVX13 LFPW 211757
ZZYY 17928 21091 1757/ 352698 050323 6113/ 11119 49819 57003 22219
 00011 444 20130 21091 1752/ 50101 80140 80003 9/015=
####018000146####
SSVX13 LFPW 211800
ZZYY 44780 21091 1800/ 741368 032939 6113/ 11119 40230 57020 22219
 00216 444 20130 21091 1800/ 50101 80142 80011 9/015=
####018000146####
SSVX13 LFPW 211800
ZZYY 62537 21091 1800/ 742446 033128 6113/ 11119 40218 57024 22219
 00209 444 20130 21091 1800/ 50101 80140 80006 9/015=
####018000146####
SSVX13 LFPW 211800
ZZYY 62514 21091 1800/ 735244 021441 6113/ 11119 40239 57003 22219
 00245 444 20130 21091 1800/ 50101 80136 80003 9/015=
####018000146####
SSVX13 LFPW 211800
ZZYY 44624 21091 1800/ 755434 046105 6113/ 11119 40039 57015 22219
 00081 444 20130 21091 1800/ 50101 80144 80005 9/015=
####018000146####
SSVX13 LFPW 211800
ZZYY 62533 21091 1800/ 748697 020438 6113/ 11119 40232 52002 22219
 00168 444 20130 21091 1800/ 50101 80140 80005 9/015=
####018000146####
SSVX13 LFPW 211800
ZZYY 44779 21091 1800/ 743548 032396 6113/ 11119 40214 57019 22219
 00206 444 20130 21091 1800/ 50101 80140 80021 9/015=
####018000146####
SSVX13 LFPW 211800
ZZYY 62536 21091 1800/ 740422 032242 6113/ 11119 40235 57014 22219
 00232 444 20130 21091 1800/ 50101 80142 80015 9/015=
####018000146####
SSVX13 LFPW 211803
ZZYY 44769 21091 1803/ 743554 051920 6113/ 11119 40222 57006 22219
 00166 444 20130 21091 1803/ 50101 80140 80013 9/015=
####018000146####
SSVX13 LFPW 211800
ZZYY 63636 21091 1800/ 175361 008637 6113/ 11119 40092 57002 22219
 00077 444 20130 21091 1800/ 50101 80142 80013 9/015=
####018000146####
SSVX13 LFPW 211800
ZZYY 62552 21091 1800/ 742015 034475 6113/ 11119 40212 57022 22219
 00223 444 20130 21091 1800/ 50101 80142 80015 9/015=
####018000146####
SSVX13 LFPW 211800
ZZYY 44778 21091 1800/ 743428 041043 6113/ 11119 40173 57005 22219
 00208 444 20130 21091 0900/ 50101 80142 80016 9/015=
####018000146####
SSVX13 LFPW 211800
ZZYY 62516 21091 1800/ 732515 020946 6113/ 11119 40223 57004 22219
 00245 444 20130 21091 1800/ 50101 80130 80003 9/015=
####018000146####
SSVX13 LFPW 211800
ZZYY 44775 21091 1800/ 751401 047643 6113/ 11119 40035 54000 22219
 00118 444 20130 21091 1800/ 50101 80138 80015 9/015=
####018000146####
SSVX13 LFPW 211757
ZZYY 64623 21091 1757/ 164039 004638 6113/ 11119 49988 57025 22219
 00123 444 20130 21091 1752/ 50101 80100 80003 9/015=
####018000146####
SSVX13 LFPW 211800
ZZYY 44621 21091 1800/ 750341 047751 6113/ 11119 40050 52012 22219
 00100 444 20130 21091 1800/ 50101 80146 80013 9/015=
####018000146####
SSVX13 LFPW 211800
ZZYY 63638 21091 1800/ 178383 008765 6113/ 11119 40160 52001 22219
 00069 444 20130 21091 1800/ 50101 80142 80016 9/015=
####018000146####
SSVX13 LFPW 211800
ZZYY 25616 21091 1800/ 183854 133919 6113/ 11119 40102 52012 22219
 01050 444 20130 21091 1800/ 50101 80150 80002 9/015=
####018000146####
SSVX13 LFPW 211800
ZZYY 63637 21091 1800/ 175223 013430 6113/ 11119 40116 57002 22219
 00086 444 20130 21091 1800/ 50101 80136 80013 9/015=
####018000146####
SSVX13 LFPW 211800
ZZYY 62551 21091 1800/ 738290 026372 6113/ 11119 40242 57011 22219
 00229 444 20130 21091 1800/ 50101 80142 80006 9/015=
####018000146####
SSVX13 LFPW 211800
ZZYY 63639 21091 1800/ 179768 007983 6113/ 11119 40171 57003 22219
 00064 444 20130 21091 1800/ 50101 80144 80008 9/015=
####018000146####
SSVX13 LFPW 211800
ZZYY 44613 21091 1800/ 743042 048216 6113/ 11119 40220 57001 22219
 00129 444 20130 21091 1800/ 50101 80140 80011 9/015=
####018000146####
SSVX13 LFPW 211800
ZZYY 62535 21091 1800/ 737448 025222 6113/ 11119 40228 57011 22219
 00229 444 20130 21091 1800/ 50101 80138 80011 9/015=
####018000146####
SSVX13 LFPW 211800
ZZYY 44770 21091 1800/ 740706 028628 6113/ 11119 40251 57014 22219
 00220 444 20130 21091 1800/ 50101 80140 80019 9/015=
####018004269####
SSVX08 KARS 211806
ZZYY 51303 20091 1200/ 705052 170014 6111/
33311 88872 20001 32775 43524 20025 32775 20050 32775 20075 32774
20100 32768 20200 31564 20250 31106 20300 31014 20500 30852
444 20110 20091 1150/ 521//=
ZZYY 51011 20091 1200/ 500157 124395 6111/
33311 88872 20001 32246 43477 20020 32119 20040 32003 20060 31663
20080 31439 20100 31421 20120 31423 20140 31403 20180 31323
20300 31217 20500 30828
444 20110 20091 1141/ 521//=
ZZYY 51011 21091 14004 500164 124393 6111/
11119 01406 10226 29093
22219 00226
444 20110 21091 1436/ 521// 60401=
ZZYY 51015 20091 1200/ 705099 124946 6111/
33311 88872 20001 32691 43479 20020 32683 20040 32680 20060 32670
20080 32557 20100 32512 20120 32360 20140 32055 20180 31237
20300 30970 20500 30797
444 20110 20091 1140/ 521//=
ZZYY 51015 21091 14004 705098 124944 6111/
11119 01713 10259 29081
22219 00268
444 20110 21091 1434/ 521// 60401=
ZZYY 51016 20091 1200/ 701949 125048 6111/
33311 88870 20001 32620 20020 32622 20040 32621 20060 32490
20080 32065 20100 31588 20120 31465 20140 31385 20300 31163
20500 30874
444 20110 20091 1141/ 521//=
ZZYY 51016 21091 14004 701944 125055 6111/
11119 01313 10236 29082
22219 00269
444 20110 21091 1436/ 521// 60401=
ZZYY 51010 20091 1200/ 500027 170065 6112/
33311 88872 20001 32716 43522 20025 32712 43524 20050 32698 43525
20125 32119 20150 31786 20200 31400 20250 31250 20300 31150
20500 30826
444 20120 20091 1154/ 521//=
ZZYY 51010 21091 14004 500026 170064 6112/
11119 00912 10264 29083 40092
22219 00267
444 20120 21091 1324/ 521// 60401=
ZZYY 51309 20091 1200/ 708015 170037 6112/
33311 88872 20001 32838 43427 20050 32840 20075 32792 20100 32483
20150 31555 20200 31164 20250 31078 20300 31017 20500 30834
444 20120 20091 1151/ 521//=
ZZYY 51309 21091 14004 708006 170040 6112/
11119 00310 10269 29084
22219 00284
444 20120 21091 1435/ 521// 60401=
ZZYY 51305 20091 1200/ 702036 170053 6112/
33311 88872 20001 32723 43510 20025 32724 20050 32717 20075 32714
20100 32693 20125 32444 20150 31809 20200 31163 20250 31143
20300 31117
444 20120 20091 1153/ 521//=
ZZYY 51305 21091 1400/ 702035 170053 6113/
11119 10266 29083
22219 00271
444 20130 21091 1323/ 521//=
ZZYY 51306 20091 1200/ 502155 170031 6111/
33311 88872 20001 32772 43556 20025 32770 20050 32769 20100 32768
20125 32586 20150 32113 20250 31103 20500 30838
444 20110 20091 1152/ 521//=
ZZYY 51306 21091 14004 502162 170025 6113/
11119 00914 10273 29074
22219 00277
444 20130 21091 1322/ 521// 60401=
ZZYY 51307 20091 1200/ 708026 124996 6111/
33311 88872 20001 32755 43382 20020 32739 20040 32738 20060 32465
20080 31490 20100 31300 20120 31242 20140 31201 20180 31130
20300 31008 20500 30818
444 20110 20091 1139/ 521//=
ZZYY 51307 21091 1400/ 708024 125001 6111/
11119 10260 29085
22219 00273
444 20110 21091 1434/ 521//=
ZZYY 51017 20091 1200/ 502014 124900 6113/
33311 88872 20001 32307 43471 20020 32264 20040 32245 20080 32202
20100 31692 20120 31380 20140 31328 20180 31279 20300 31184
20500 30828
444 20130 20091 1141/ 521//=
ZZYY 51017 21091 14004 502015 124906 6112/
11119 01006 10232 29070
22219 00232
444 20120 21091 1540/ 521// 60401=
ZZYY 51304 20091 1200/ 504993 170026 6112/
33311 88872 20001 32779 43543 20025 32778 20050 32777 20125 32682
20150 32522 20200 31890 20250 31354 20300 31117 20500 30821
444 20120 20091 1154/ 521//=
ZZYY 13010 20091 12004 500011 000001 6111/
11119 01906 10253 29078
22219 00263
33311 88872 20000 32631 20001 32612 20020 32604 43539
20040 32366 43563 20060 31885 20080 31716 20100 31621
20120 31536 43559 20140 31509 20180 31486 20300 31042 20500 30760
444 20110 20091 1245/ 521// 60001=
ZZYY 51308 20091 1200/ 507971 124989 6111/
33311 88872 20001 32573 43551 20020 32571 20040 32568 20060 32567
20080 32566 20100 32410 20120 32213 20140 32096 20180 31549
20300 31089 20500 30840
444 20110 20091 1143/ 521//=
ZZYY 51310 20091 12004 508018 170061 6112/
11119 01213 10277 29078
22219 00281
33311 88872 20000 32808 20001 32811 43556 20025 32810 20050 32809
20075 32809 20100 32809 20125 32797 20150 32668 20200 32234
444 20120 20091 1156/ 521// 60401=
####018000661####
SSVX06 KARS 211806
ZZYY 48713 21091 1414/ 175306 165317 6112/
444 20120 21091 1417/ 500// 9/000=
ZZYY 48713 21091 1559/ 175305 165342 6113/
444 500// 9/000=
ZZYY 47553 21091 1601/ 779333 103365 6112/
444 20120 21091 1555/ 500// 9/000=
ZZYY 47553 21091 1759/ 779336 103379 6112/
444 20120 21091 1734/ 500// 9/000=
ZZYY 47558 21091 1758/ 773759 081651 6112/
444 20120 21091 1732/ 500// 9/000=
ZZYY 48506 21091 1758/ 779550 119112 6111/
11119 40054
444 20110 21091 1735/ 500//=
ZZYY 48505 21091 1757/ 780185 127778 6112/
444 20120 21091 1716/ 500//=
ZZYY 47554 21091 1757/ 774313 111698 6112/
444 20120 21091 1736/ 500// 9/000=
####018005583####
SSVX02 KARS 211806 RRA
ZZYY 44522 21091 1752/ 742408 044023 6111/
22219 00232
444 50101 80118 80027 9/015=
ZZYY 41592 21091 1756/ 732308 071320 6112/
444 20120 21091 1750/ 50101 80096 80034 9/015=
ZZYY 41969 21091 1700/ 731828 073416 6111/
11119 30217 40217 54000
22219 00280
444 20110 21091 1750/ 50101 80138 80007 9/015=
ZZYY 44943 21091 1750/ 737619 053976 6113/
11119 30255 40255 57008
22219 00270
444 20130 21091 1751/ 50101 80100 80008 9/015=
ZZYY 44899 21091 1748/ 729496 044911 6112/
22219 00281
444 20120 21091 1718/ 50101 80118 80012 9/015=
ZZYY 13942 21091 1750/ 720138 057426 6112/
22219 00283
444 20120 21091 1747/ 50101 80048 80078 9/015=
ZZYY 13616 21091 1753/ 720697 063284 6112/
22219 00285
444 20120 21091 1741/ 50101 80052 80085 9/015=
ZZYY 41956 21091 1753/ 730605 064091 6113/
22219 00281
444 20130 21091 1749/ 50101 8//// 80000 9/015=
ZZYY 41970 21091 1710/ 725575 055864 6113/
11119 30212 40212 57011
22219 00282
444 20130 21091 1717/ 50101 80120 80035 9/015=
ZZYY 13636 21091 1753/ 723631 063615 6112/
22219 00285
444 20120 21091 1740/ 50101 80105 80014 9/015=
ZZYY 13623 21091 1751/ 722674 048886 6113/
22219 00280
444 20130 21091 1748/ 50101 80049 80099 9/015=
ZZYY 31527 21091 1756/ 732849 075117 6112/
22219 00275
444 20120 21091 1750/ 50101 8//// 80000 9////=
ZZYY 41916 21091 1710/ 728342 076673 6112/
11119 30190 40190 57002
22219 00283
444 20120 21091 1750/ 50101 80120 80060 9/015=
ZZYY 41903 21091 1751/ 736681 040750 6113/
22219 00249
444 20130 21091 1723/ 50101 80076 80003 9/015=
ZZYY 41981 21091 1700/ 729056 079422 6112/
11119 30185 40185 52003
22219 00292
444 20120 21091 1750/ 50101 80138 80001 9/015=
ZZYY 41686 21091 1753/ 719486 067916 6112/
22219 00290
444 20120 21091 1740/ 50101 80110 80000 9/015=
ZZYY 41611 21091 1755/ 727103 073196 6112/
22219 00289
444 20120 21091 1741/ 50101 80140 80008 9/015=
ZZYY 44553 21091 1755/ 729669 059893 6112/
22219 00283
444 20120 21091 1741/ 50101 80095 80009 9/015=
ZZYY 41570 21091 1756/ 727183 075211 6112/
22219 00284
444 20120 21091 1750/ 50101 80140 80002 9/015=
ZZYY 44835 21091 1740/ 763399 031707 6111/
22219 00099
444 20110 21091 1728/ 50101 80110 80040 9/015=
ZZYY 41606 21091 1753/ 735374 041592 6112/
22219 00268
444 20120 21091 1750/ 50101 80037 80005 9/015=
ZZYY 44914 21091 1753/ 735035 044353 6111/
22219 00273
444 20110 21091 1750/ 50101 80051 80005 9/015=
ZZYY 44915 21091 1756/ 736092 054874 6113/
22219 00276
444 20130 21091 1751/ 50101 80118 80014 9/015=
ZZYY 41563 21091 1755/ 731735 071490 6112/
22219 00273
444 20120 21091 1750/ 50101 80110 80000 9/015=
ZZYY 44919 21091 1756/ 733821 056800 6113/
22219 00286
444 20130 21091 1751/ 50101 80118 80013 9/015=
ZZYY 41937 21091 1740/ 728555 078328 6113/
11119 30188 40188 57002
22219 00284
444 20130 21091 1749/ 50101 80120 80071 9/015=
ZZYY 41937 21091 1540/ 728535 078365 6113/
11119 30191 40191 52007
22219 00281
444 20130 21091 1522/ 50101 80120 80077 9/015=
ZZYY 41610 21091 1754/ 731707 056587 6113/
22219 00292
444 20130 21091 1741/ 50101 80094 80002 9/015=
ZZYY 31781 21091 1750/ 721026 068713 6112/
22219 00285
444 20120 21091 1740/ 50101 80120 80019 9/015=
ZZYY 41999 21091 1753/ 731010 060469 6112/
22219 00286
444 20120 21091 1740/ 50101 80110 80058 9/015=
ZZYY 44903 21091 1740/ 736917 062462 6113/
11119 30257 40257 57004
22219 00279
444 20130 21091 1751/ 50101 8//// 80000 9/015=
ZZYY 41932 21091 1756/ 732165 055445 6113/
22219 00290
444 20130 21091 1750/ 50101 80050 80019 9/015=
ZZYY 31982 21091 1756/ 731004 067146 6112/
22219 00267
444 20120 21091 1742/ 50101 80051 80066 9/015=
ZZYY 31775 21091 1754/ 726217 062797 6112/
444 20120 21091 1750/ 50101 80052 80090 9/015=
ZZYY 42536 21091 1755/ 735459 057294 6111/
22219 00272
444 20110 21091 1751/ 50101 80118 80002 9/015=
ZZYY 41603 21091 1750/ 730429 040034 6113/
11119 30227 40227 57016
22219 00276
444 20130 21091 1721/ 50101 80110 80039 9/015=
ZZYY 42518 21091 1746/ 728816 039081 6111/
22219 00281
444 20110 21091 1722/ 50101 80118 80001 9/015=
ZZYY 31785 21091 1745/ 705589 050621 6113/
444 20130 21091 1736/ 50101 80122 80010 9/015=
ZZYY 44505 21091 1750/ 745751 046309 6112/
22219 00126
444 20120 21091 1753/ 50101 9/050=
ZZYY 43537 21091 1758/ 738364 065904 6113/
22219 00265
444 20130 21091 1751/ 50101 80122 80016 9/015=
ZZYY 41987 21091 1420/ 728243 075050 6111/
11119 30196 40196 52013
444 20110 21091 1400/ 50101 80130 80010 9/015=
ZZYY 41967 21091 1710/ 726576 074696 6111/
11119 30183 40183 57007
22219 00287
444 20110 21091 1741/ 50101 80138 80013 9/015=
ZZYY 41715 21091 1720/ 723654 052753 6111/
11119 30205 40205 57012
22219 00281
444 20110 21091 1714/ 50101 80110 80031 9/015=
ZZYY 31901 21091 1745/ 501740 044656 6112/
22219 00326
444 20120 21091 1737/ 50101 80116 80005 9/015=
ZZYY 53592 21091 1650/ 134991 147125 6112/
11119 30042 40042
22219 00276
444 20120 21091 1639/ 50101 80110 80092 9/015=
ZZYY 21895 21091 1747/ 135886 148780 6112/
22219 00264
444 20120 21091 1638/ 50101 80056 80026 9/015=
ZZYY 21896 21091 1710/ 119551 127562 6113/
11119 30085 40085 52243
22219 00292
444 20130 21091 1640/ 50101 80090 80000 9/015=
ZZYY 21892 21091 1720/ 119288 135703 6111/
444 20110 21091 1640/ 50101 9/015=
ZZYY 53594 21091 1730/ 129687 134802 6112/
11119 30030 40030
22219 00267
444 20120 21091 1639/ 50101 80110 80100 9/015=
####018014889####
SSVX02 KARS 211806
ZZYY 51780 21091 1450/ 512535 161371 6112/
22219 00273
444 20120 21091 1443/ 50101 80113 80013 9/015=
ZZYY 51944 21091 1420/ 527216 156262 6111/
22219 00205
33311 88872 20000 32050 42048
444 20110 21091 1445/ 50101 80080 80025 9/015=
ZZYY 32675 21091 1442/ 703869 138514 6113/
22219 00261
444 20130 21091 1431/ 50101 80120 80103 9/015=
ZZYY 51945 21091 1420/ 533891 159222 6111/
22219 00165
33311 88872 20000 31645 42048
444 20110 21091 1448/ 50101 80060 80079 9/015=
ZZYY 51945 21091 1450/ 533891 159222 6111/
22219 00165
33311 88872 20000 31645 42048
444 20110 21091 1448/ 50101 80060 80083 9/015=
ZZYY 33906 21091 1450/ 350549 068470 6111/
22219 00019
444 20110 21091 1431/ 50101 80100 80099 9/015=
ZZYY 51952 21091 1410/ 525943 149485 6113/
22219 00228
33311 88872 20000 32275 43585
444 20130 21091 1445/ 50101 80100 80027 9/015=
ZZYY 51952 21091 1440/ 525943 149485 6113/
22219 00228
33311 88872 20000 32275 43585
444 20130 21091 1445/ 50101 80100 80013 9/015=
ZZYY 51953 21091 1430/ 528812 152962 6112/
22219 00195
33311 88872 20000 31950 42048
444 20120 21091 1446/ 50101 80080 80100 9/015=
ZZYY 51653 21091 1438/ 718807 135975 6112/
22219 00251
444 20120 21091 1425/ 50101 80122 80027 9/015=
ZZYY 51969 21091 1444/ 506038 135046 6112/
22219 00255
444 20120 21091 1439/ 50101 80120 80030 9/015=
ZZYY 14563 21091 1500/ 323606 041327 6112/
11119 30184 40184 57246
22219 00244
444 20120 21091 1522/ 50101 80110 80002 9/015=
ZZYY 51795 21091 1442/ 505973 132411 6112/
22219 00248
444 20120 21091 1438/ 50101 80120 80041 9/015=
ZZYY 51967 21091 1441/ 706270 134021 6113/
22219 00270
444 20130 21091 1431/ 50101 80120 80032 9/015=
ZZYY 51679 21091 1441/ 704650 133830 6113/
22219 00266
444 20130 21091 1432/ 50101 80120 80031 9/015=
ZZYY 46769 21091 1436/ 721364 123377 6112/
22219 00240
444 20120 21091 1432/ 50101 80116 80104 9/015=
ZZYY 46616 21091 1431/ 721946 119221 6113/
22219 00234
444 20130 21091 1527/ 50101 80114 80103 9/015=
ZZYY 46609 21091 1432/ 722203 128685 6113/
22219 00225
444 50101 80112 80126 9/015=
ZZYY 46559 21091 1435/ 712800 122208 6112/
22219 00278
444 20120 21091 1432/ 50101 80110 80016 9/015=
ZZYY 46583 21091 1433/ 716917 130535 6112/
22219 00256
444 20120 21091 1431/ 50101 80098 80024 9/015=
ZZYY 22576 21091 1436/ 732654 140325 6112/
22219 00238
444 20120 21091 1422/ 50101 80010 80000 9/015=
ZZYY 32871 21091 1452/ 525768 149958 6113/
22219 00227
444 20130 21091 1445/ 50101 80104 80018 9/015=
ZZYY 32564 21091 1452/ 534055 133528 6111/
22219 00144
444 20110 21091 1447/ 50101 80007 80094 9/015=
ZZYY 46762 21091 1437/ 720350 136187 6113/
22219 00231
444 20130 21091 1426/ 50101 80000 80021 9/015=
ZZYY 32670 21091 1441/ 705056 132133 6112/
22219 00270
444 20120 21091 1436/ 50101 80120 80036 9/015=
ZZYY 46768 21091 1431/ 718099 139742 6113/
22219 00244
444 50101 80072 80033 9/015=
ZZYY 51900 21091 1443/ 702327 138700 6113/
22219 00259
444 20130 21091 1432/ 50101 80120 80007 9/015=
ZZYY 51966 21091 1441/ 705088 134910 6113/
22219 00270
444 20130 21091 1432/ 50101 80120 80005 9/015=
ZZYY 32684 21091 1451/ 518576 158520 6112/
22219 00262
444 20120 21091 1443/ 50101 80102 80021 9/015=
ZZYY 32830 21091 1450/ 520837 160858 6113/
22219 00259
444 20130 21091 1444/ 50101 80108 80009 9/015=
ZZYY 51754 21091 1439/ 704790 134800 6112/
22219 00272
444 20120 21091 1432/ 50101 80110 80036 9/015=
ZZYY 51801 21091 1443/ 505744 131776 6111/
22219 00248
444 20110 21091 1438/ 50101 80120 80035 9/015=
ZZYY 46766 21091 1437/ 723304 152192 6113/
22219 00252
444 20130 21091 1433/ 50101 80082 80022 9/015=
ZZYY 46516 21091 1434/ 735422 140153 6111/
22219 00232
444 20110 21091 1423/ 50101 80094 80083 9////=
ZZYY 51808 21091 1446/ 507921 141002 6113/
22219 00264
444 20130 21091 1440/ 50101 80036 80000 9/015=
ZZYY 46904 21091 1440/ 719360 140183 6112/
22219 00245
444 20120 21091 1425/ 50101 80072 80107 9/015=
ZZYY 32682 21091 1451/ 521339 155455 6111/
22219 00252
444 20110 21091 1444/ 50101 80100 80017 9/015=
ZZYY 22635 21091 1437/ 722097 139563 6113/
444 20130 21091 1424/ 50101 80009 80099 9/015=
ZZYY 51649 21091 1451/ 527167 160050 6112/
22219 00208
444 20120 21091 1445/ 50101 80008 80000 9/015=
ZZYY 32674 21091 1438/ 703327 136592 6111/
22219 00267
444 20110 21091 1539/ 50101 80120 80099 9/015=
ZZYY 34538 21091 1451/ 530123 143123 6112/
22219 00196
444 20120 21091 1446/ 50101 80010 80008 9////=
ZZYY 17520 21091 1523/ 336023 045574 6112/
22219 00160
444 20120 21091 1517/ 50101 80094 80000 9////=
ZZYY 32827 21091 1450/ 522805 139105 6112/
22219 00239
444 20120 21091 1444/ 50101 80102 80003 9/015=
ZZYY 54925 21091 1449/ 528974 133689 6111/
22219 00200
444 20110 21091 1445/ 50101 80104 80000 9/015=
ZZYY 46924 21091 1434/ 724337 127518 6112/
22219 00216
444 20120 21091 1424/ 50101 80100 80138 9/015=
ZZYY 46923 21091 1439/ 710640 129196 6113/
22219 00277
444 20130 21091 1432/ 50101 80106 80018 9/015=
ZZYY 32816 21091 1446/ 520008 130198 6112/
22219 00246
444 20120 21091 1442/ 50101 80102 80000 9/015=
ZZYY 51526 21091 1447/ 507456 164025 6111/
22219 00276
444 20110 21091 1442/ 50101 80121 80015 9/015=
ZZYY 51643 21091 1440/ 508522 152829 6111/
22219 00272
444 50101 80117 80014 9/015=
ZZYY 32910 21091 1435/ 705809 134158 6112/
22219 00265
444 20120 21091 1432/ 50101 80122 80003 9/015=
ZZYY 32558 21091 1450/ 520109 153714 6112/
22219 00261
444 20120 21091 1444/ 50101 80108 80099 9/015=
ZZYY 33691 21091 1524/ 527610 002109 6113/
22219 00185
444 20130 21091 1522/ 50101 80070 80000 9/015=
ZZYY 22593 21091 1429/ 739573 154369 6113/
22219 00205
444 20130 21091 1424/ 50101 80007 80007 9/015=
ZZYY 46905 21091 1442/ 710227 152917 6113/
22219 00276
444 20130 21091 1436/ 50101 80084 80018 9/015=
ZZYY 46906 21091 1442/ 712514 149447 6112/
22219 00270
444 20120 21091 1432/ 50101 80076 80026 9/015=
ZZYY 32616 21091 1450/ 522574 140374 6112/
22219 00243
444 20120 21091 1443/ 50101 80100 80021 9/015=
ZZYY 32642 21091 1449/ 526392 132422 6112/
22219 00227
444 20120 21091 1445/ 50101 80104 80000 9/015=
ZZYY 46917 21091 1430/ 737842 144370 6112/
11119 30120 40120 52002
22219 00224
444 20120 21091 1422/ 50101 80050 80063 9/015=
ZZYY 51613 21091 1440/ 709358 141586 6113/
444 20130 21091 1434/ 50101 80115 80074 9/015=
ZZYY 32546 21091 1448/ 524023 135546 6112/
22219 00225
444 20120 21091 1443/ 50101 80050 80060 9/015=
ZZYY 51739 21091 1440/ 714548 153677 6111/
22219 00268
444 20110 21091 1433/ 50101 80109 80010 9/015=
ZZYY 15904 21091 1532/ 310823 007209 6112/
22219 00207
444 20120 21091 1520/ 50101 80152 80007 9/015=
ZZYY 32615 21091 1441/ 708774 143814 6112/
22219 00275
444 20120 21091 1431/ 50101 80008 80018 9/015=
ZZYY 44514 21091 1550/ 749267 022101 6111/
22219 00149
444 20110 21091 1544/ 50101 80142 80001 9/015=
ZZYY 44513 21091 1550/ 750891 033837 6111/
22219 00131
444 20110 21091 1544/ 50101 80142 80008 9/015=
ZZYY 46903 21091 1436/ 730510 134502 6113/
22219 00215
444 20130 21091 1423/ 50101 80138 80000 9/015=
ZZYY 44517 21091 1551/ 751838 020097 6112/
22219 00136
444 20120 21091 1544/ 50101 80142 80009 9/015=
ZZYY 44519 21091 1551/ 750790 019598 6111/
22219 00146
444 20110 21091 1544/ 50101 80140 80003 9/015=
ZZYY 33595 21091 1500/ 341058 043855 6111/
11119 30287 40287
22219 00127
444 20110 21091 1618/ 50101 80090 80100 9/015=
ZZYY 14918 21091 1510/ 333369 046588 6113/
11119 30207 40207 52012
22219 00182
444 20130 21091 1619/ 50101 80123 80006 9/015=
ZZYY 43556 21091 1437/ 720267 128991 6113/
22219 00227
444 20130 21091 1425/ 50101 80078 80016 9/015=
ZZYY 43555 21091 1437/ 717883 129713 6113/
22219 00253
444 20130 21091 1426/ 50101 80088 80016 9/015=
ZZYY 43557 21091 1433/ 722448 120071 6112/
22219 00231
444 20120 21091 1426/ 50101 80088 80017 9/015=
ZZYY 43558 21091 1435/ 722675 124639 6112/
444 20120 21091 1431/ 50101 80086 80255 9/015=
ZZYY 43532 21091 1436/ 718789 141699 6112/
22219 00248
444 20120 21091 1426/ 50101 80074 80019 9/015=
ZZYY 43553 21091 1437/ 721020 127767 6112/
22219 00228
444 20120 21091 1432/ 50101 80088 80036 9/015=
ZZYY 15944 21091 1533/ 301812 002709 6112/
22219 00252
444 20120 21091 1529/ 50101 80152 80007 9/015=
ZZYY 43540 21091 1438/ 715449 133075 6112/
22219 00261
444 20120 21091 1432/ 50101 80096 80015 9/015=
ZZYY 51623 21091 1435/ 709888 122373 6111/
22219 00274
444 20110 21091 1433/ 50101 80113 80049 9/015=
ZZYY 43554 21091 1434/ 728522 126443 6112/
22219 00203
444 20120 21091 1423/ 50101 80088 80031 9/015=
ZZYY 43551 21091 1433/ 723086 121209 6111/
22219 00221
444 20110 21091 1425/ 50101 80090 80015 9/015=
ZZYY 15912 21091 1534/ 303640 003702 6111/
22219 00243
444 20110 21091 1532/ 50101 80152 80007 9/015=
ZZYY 46926 21091 1437/ 724962 143021 6111/
22219 00240
444 20110 21091 1423/ 50101 80138 80002 9/015=
ZZYY 15942 21091 1535/ 305315 004550 6112/
22219 00246
444 20120 21091 1527/ 50101 80152 80006 9/015=
ZZYY 43525 21091 1437/ 715142 159008 6113/
22219 00266
444 20130 21091 1433/ 50101 80088 80010 9/015=
ZZYY 43552 21091 1434/ 728443 123283 6113/
444 20130 21091 1423/ 50101 80088 80016 9/015=
ZZYY 51647 21091 1442/ 710783 150863 6112/
22219 00272
444 20120 21091 1431/ 50101 80109 80005 9/015=
ZZYY 32709 21091 1448/ 520562 135693 6112/
22219 00245
444 20120 21091 1442/ 50101 80121 80011 9/015=
ZZYY 32725 21091 1449/ 513052 167618 6113/
22219 00276
444 20130 21091 1443/ 50101 80121 80004 9/015=
ZZYY 51753 21091 1451/ 521359 163006 6111/
22219 00256
444 20110 21091 1445/ 50101 80081 80006 9/015=
ZZYY 32973 21091 1446/ 520764 156192 6111/
22219 00255
444 20110 21091 1444/ 50101 80047 80018 9/015=
ZZYY 51788 21091 1442/ 709530 149682 6112/
22219 00275
444 20120 21091 1431/ 50101 80088 80000 9/015=
ZZYY 32729 21091 1443/ 512056 130317 6111/
22219 00252
444 20110 21091 1440/ 50101 80121 80029 9/015=
ZZYY 32817 21091 1446/ 517959 131063 6112/
22219 00246
444 20120 21091 1544/ 50101 80540 80099 9/015=
ZZYY 63579 21091 1552/ 168992 047036 6112/
22219 00085
444 20120 21091 1547/ 50101 80007 80004 9////=
ZZYY 63964 21091 1553/ 173742 023059 6112/
444 20120 21091 1547/ 50101 80009 80014 9/015=
ZZYY 63951 21091 1413/ 765627 001329 6113/
22219 00107
444 20130 21091 1406/ 50101 80008 80008 9/015=
ZZYY 63948 21091 1555/ 175350 035629 6113/
22219 00056
444 20130 21091 1556/ 50101 80008 80007 9/015=
ZZYY 51975 21091 1436/ 709867 123505 6111/
22219 00275
444 20110 21091 1433/ 50101 80093 80006 9/015=
ZZYY 63583 21091 1553/ 172499 046792 6111/
22219 00081
444 20110 21091 1556/ 50101 80009 80005 9/015=
ZZYY 51907 21091 1447/ 504143 159548 6113/
22219 00271
444 20130 21091 1441/ 50101 80119 80025 9/015=
ZZYY 51770 21091 1441/ 710408 143607 6113/
22219 00272
444 20130 21091 1434/ 50101 80119 80037 9/015=
ZZYY 51873 21091 1446/ 507938 161899 6111/
22219 00276
444 20110 21091 1442/ 50101 80119 80022 9/015=
ZZYY 43543 21091 1435/ 720599 120909 6112/
22219 00241
444 20120 21091 1431/ 50101 80054 80017 9/015=
ZZYY 63966 21091 1553/ 171474 015302 6112/
22219 00104
444 20120 21091 1547/ 50101 80009 80006 9/015=
ZZYY 32804 21091 1445/ 522963 130380 6111/
22219 00229
444 20110 21091 1443/ 50101 80048 80000 9/015=
ZZYY 41558 21091 1730/ 729531 053304 6112/
11119 40241 57015
22219 00291
444 20120 21091 1715/ 50101 80009 80000 9////=
ZZYY 42538 21091 1753/ 733539 053893 6113/
22219 00293
444 20130 21091 1749/ 50101 80100 80000 9////=
ZZYY 44882 21091 1730/ 729773 062465 6112/
11119 40229 57006
444 20120 21091 1716/ 50101 80009 80000 9////=
ZZYY 41561 21091 1730/ 727074 056029 6112/
11119 30221 40221 57014
22219 00281
444 20120 21091 1717/ 50101 80110 80016 9/015=
ZZYY 41909 21091 1740/ 735231 068225 6111/
11119 30241 40241 57008
22219 00271
444 20110 21091 1752/ 50101 80120 80000 9/015=
ZZYY 15637 21091 1749/ 709221 058419 6111/
22219 00303
444 20110 21091 1735/ 50101 80126 80001 9/015=
ZZYY 13567 21091 1740/ 727899 053672 6113/
11119 30229 40229 57013
22219 00282
444 20130 21091 1741/ 50101 80100 80000 9////=
ZZYY 13569 21091 1740/ 728654 043551 6112/
11119 30232 40232 57010
22219 00281
444 20120 21091 1749/ 50101 80100 80000 9////=
ZZYY 48673 21091 1757/ 776618 124035 6113/
444 20130 21091 1732/ 500// 9/000=
ZZYY 41955 21091 1740/ 729357 077480 6113/
11119 30189 40189
22219 00291
444 20130 21091 1750/ 50101 80110 80078 9/015=
ZZYY 41944 21091 1730/ 732664 070961 6112/
11119 30224 40224
22219 00274
444 20120 21091 1718/ 50101 80110 80087 9/015=
ZZYY 41572 21091 1740/ 726176 048928 6113/
11119 30226 40226 57011
22219 00281
444 20130 21091 1747/ 50101 80110 80039 9/015=
ZZYY 41979 21091 1710/ 729997 060290 6113/
11119 30240 40240 57010
22219 00284
444 20130 21091 1716/ 50101 80110 80041 9/015=
ZZYY 41943 21091 1753/ 732389 065294 6111/
22219 00278
444 20110 21091 1750/ 50101 80144 80003 9/015=
ZZYY 44927 21091 1750/ 751727 043134 6111/
11119 30009 40009 57018
22219 00107
444 20110 21091 1723/ 50101 80138 80002 9/015=
ZZYY 44927 21091 1550/ 751715 043122 6113/
11119 30016 40016 57030
22219 00107
444 20130 21091 1545/ 50101 80138 80003 9/015=
ZZYY 41609 21091 1756/ 731889 066449 6112/
22219 00276
444 20120 21091 1750/ 50101 80144 80002 9/015=
ZZYY 41578 21091 1755/ 729807 058799 6112/
22219 00284
444 20120 21091 1751/ 50101 80144 80009 9/015=
ZZYY 41974 21091 1754/ 727228 066657 6111/
22219 00283
444 20110 21091 1750/ 50101 80144 80007 9/015=
ZZYY 42513 21091 1754/ 728045 085661 6112/
22219 00290
444 20120 21091 1749/ 50101 80094 80001 9/015=
ZZYY 13599 21091 1753/ 721949 066658 6111/
22219 00286
444 20110 21091 1741/ 50101 80109 80007 9/015=
ZZYY 42508 21091 1755/ 735826 049392 6112/
22219 00274
444 20120 21091 1750/ 50101 80126 80002 9/015=
ZZYY 41997 21091 1755/ 744045 040239 6111/
444 20110 21091 1752/ 50101 80094 80027 9/015=
ZZYY 41575 21091 1740/ 728747 050807 6113/
11119 30240 40240 57013
22219 00281
444 20130 21091 1748/ 50101 80110 80043 9/015=
ZZYY 41941 21091 1750/ 729386 071105 6111/
11119 30207 40207 57015
22219 00286
444 20110 21091 1742/ 50101 80120 80074 9/015=
ZZYY 41941 21091 1650/ 729386 071105 6111/
11119 30216 40216 57003
22219 00284
444 20110 21091 1742/ 50101 80120 80085 9/015=
ZZYY 41982 21091 1730/ 729087 063642 6112/
11119 30226 40226 57008
22219 00281
444 20120 21091 1740/ 50101 80120 80013 9/015=
####018000201####
SSVX07 KARS 211806
ZZYY 48536 21091 1410/ 173067 153490 6112/
11119 11007 40087
444 20120 21091 1418/=
ZZYY 48536 21091 1550/ 173098 153599 6111/
11119 11007 40083
444 20110 21091 1558/=
####018000175####
SSVX13 LFVW 211807
ZZYY 15954 21091 1530/ 500557 045340 6113/
11119 40123
22219 00273
33311 88872 20000 32725 43579
444 20130 21091 1559/ 50101 80120 80002 9/015=
####018000149####
SSVX11 LFVW 211807
ZZYY 21210 21091 08004 138114 146384 6112/
11119 01717 10260 29090 40037
22219 00252
444 20120 21091 0812/ 522// 60371=
####018000691####
SSVX02 LFVW 211807
ZZYY 61787 21091 1530/ 137410 006366 6113/
22219 00260
444 20130 21091 1536/ 50101 80101 80051 9/050=
ZZYY 61787 21091 1500/ 137411 006365 6113/
22219 00260
444 20130 21091 1506/ 50101 80101 80051 9/050=
ZZYY 61788 21091 1530/ 140167 004409 6113/
22219 00264
444 20130 21091 1535/ 50101 80100 80037 9/050=
ZZYY 61788 21091 1500/ 140167 004407 6113/
22219 00264
444 20130 21091 1505/ 50101 80100 80037 9/050=
ZZYY 41725 21091 1751/ 732286 054327 6111/
22219 00291
33311 88872 20000 32914 43672
444 50101 9/015=
ZZYY 13982 21091 1748/ 723990 043772 6111/
22219 00275
33311 88872 20000 32746 43750
444 2011/ 21091 1745/ 50101 9/015=
####018000213####
SSVX07 LFVW 211807
ZZYY 48548 21091 1550/ 774308 127463 6111/
11119 11013 39964 49964
444 20110 21091 1558/=
ZZYY 48548 21091 1800/ 774307 127526 6111/
11119 11014 30117 40117
444 20110 21091 1738/=
