####018000149####
SSVX02 LFVW 100029
ZZYY 56949 09070 2110/ 331932 104516 6111/
11119 40200 57008
22219 00172
444 20110 09070 2104/ 50101 80080 80030 9/015=
####018005665####
SSVX11 LFVW 100029
ZZYY 52087 09070 22004 107861 136493 6113/
11119 02402 10282 29075 40104
22219 00303
33311 88872 20000 33025 20002 33025 43395 20025 33026 43397
20050 33006 43426 20075 32937 43443 20100 32737 43469
20125 32418 43488 20150 31858 43474 20200 31404 43457
20250 31178 43452 20300 31007 43455 20500 30773 43455
20750 30612 43452
444 20130 09070 2213/ 522// 60381=
ZZYY 52087 10070 00004 107861 136489 6113/
11119 02506 10291 29078 40116
22219 00303
33311 88872 20000 33032 20002 33032 43395 20025 33028 43395
20050 33026 43411 20075 32933 43444 20100 32780 43463
20125 32514 43481 20150 32060 43482 20200 31362 43456
20250 31138 43451 20300 31031 43456 20500 30776 43456
20750 30618 43451
444 20130 10070 0003/ 522// 60381=
ZZYY 52080 09070 22004 101998 138109 6112/
11119 01403 10280 29080 40104
22219 00302
33311 88872 20000 33024 20002 33024 43421 20025 33029 43435
20050 33018 43455 20075 33008 43456 20100 32975 43456
20125 32582 43473 20150 32190 43514 20200 31858 43540
20250 31447 43513 20300 31214 43479 20500 30760 43456
20750 30592 43452
444 20120 09070 2215/ 522// 60381=
ZZYY 52073 09070 2300/ 104940 137289 6112/
11119 10297 29076 40111
22219 00303
444 20120 09070 2225/ 522//=
ZZYY 52073 09070 2200/ 104944 137295 6113/
11119 10293 29077 40103
22219 00303
33311 88872 20000 33028 20002 33028 43391 20025 33032 43394
20050 33033 43397 20075 32957 43443 20100 32772 43458
20125 32542 43479 20150 32275 43484 20200 31286 43457
20250 31108 43450 20300 30954 43460 20500 30753 20750 30617 43452
444 20130 09070 2212/ 522//=
ZZYY 52073 09070 1800/ 104942 137300 6113/
11119 10289 29080 40093
22219 00303
33311 88872 20000 33032 20002 33032 43391 20025 33033 43394
20050 33033 43397 20075 32964 43441 20100 32844 43450
20125 32679 43470 20150 32343 43486 20200 31416 43458
20250 31098 43451 20300 30937 43460 20500 30747 20750 30607 43452
444 20130 09070 1741/ 522//=
ZZYY 52073 09070 2000/ 104938 137295 6112/
11119 10289 29081 40095
22219 00303
33311 88872 20000 33030 20002 33030 43390 20025 33032 43392
20050 33033 43397 20075 32964 43441 20100 32777 43459
20125 32561 43479 20150 32294 43488 20200 31527 43460
20250 31119 43449 20300 30936 43460 20500 30740 20750 30616 43452
444 20120 09070 2034/ 522//=
ZZYY 52073 10070 0000/ 104946 137300 6113/
11119 10295 29077 40118
22219 00303
33311 88872 20000 33032 20125 32591 43474 20150 32322 43484
20200 31220 43453 20250 31073 43452 20500 30752
444 20130 10070 0005/ 522//=
ZZYY 52075 09070 21004 107923 130071 6112/
11119 02107 10256 29094 40106
22219 00302
33311 88872 20000 33022 20002 33022 43422 20025 33021 43425
20050 32932 43448 20075 32696 43470 20100 32440 43486
20125 32089 43484 20150 31761 43469 20200 31369 43449
20250 31084 43442 20300 30897 43441 20500 30705 43452
20750 30592 43451
444 20120 09070 2052/ 522// 60381=
ZZYY 52075 09070 23004 107928 130068 6112/
11119 02909 10260 29094 40126
22219 00301
444 20120 09070 2211/ 522// 60381=
ZZYY 52075 09070 22004 107928 130068 6112/
11119 03005 10257 29092 40117
22219 00302
33311 88872 20000 33019 20002 33019 43421 20025 33023 43424
20050 32953 43446 20075 32712 43468 20100 32439 43485
20125 32072 43485 20150 31737 43469 20200 31339 43449
20250 31064 43442 20300 30892 43441 20500 30710 43453
20750 30595 43450
444 20120 09070 2211/ 522// 60381=
ZZYY 52075 09070 20004 107937 130072 6111/
11119 0//13 10258 29095 40108
22219 00302
33311 88872 20000 33022 20002 33022 43422 20025 33020 43426
20050 32903 43449 20075 32657 43474 20100 32389 43486
20125 32052 43484 20150 31729 43468 20200 31382 43451
20250 31094 43442 20300 30899 43439 20500 30702 43453
20750 30586 43450
444 20110 09070 2033/ 522// 60381=
ZZYY 52075 10070 00004 107929 130066 6112/
11119 03208 10260 29090 40130
22219 00302
33311 88872 20000 33017 20002 33017 43419 20025 33020 43423
20050 33000 43441 20075 32646 43475 20100 32342 43489
20125 31952 43479 20150 31649 43464 20200 31291 43447
20250 31048 43442 20300 30882 43441 20500 30710 43453
20750 30588 43450
444 20120 10070 0006/ 522// 60381=
ZZYY 52081 09070 1800/ 100066 138041 6112/
22219 00300
33311 88872 20000 33000 20002 33000 43455 20025 33012 43473
20050 32980 43497 20075 32907 43489 20100 32840 43487
20125 32586 43534 20150 32360 43514 20200 32079 43551
20250 31402 43506 20300 31221 43492 20500 30795 43457
20750 30610 43452
444 20120 09070 1742/ 522//=
ZZYY 52081 09070 2000/ 100072 138044 6113/
22219 00300
33311 88872 20000 33001 20002 33001 43461 20025 33009 43469
20050 32989 43495 20075 32913 43489 20100 32868 43486
20125 32622 43530 20150 32359 43513 20200 32080 43553
20250 31456 43511 20300 31239 43493 20500 30769 43456
20750 30607 43451
444 20130 09070 2033/ 522//=
ZZYY 52081 10070 0000/ 100069 138039 6113/
33311 88872 20002 33014 43467 20025 33008 43467 20050 32983 43498
20075 32901 43489 20100 32828 43491 20125 32501 43534
20150 32303 43524 20200 32072 43552 20250 31487 43514
20300 31243 43494 20500 30791 43457 20750 30571 43452
444 20130 10070 0006/ 522//=
ZZYY 52079 09070 21004 100053 147013 6112/
11119 00407 10289 29071 30111 40111
22219 00299
33311 88872 20000 32992 20002 32992 43494 20025 32999 43509
20050 32954 43520 20075 32906 43537 20100 32671 43522
20125 32466 43537 20150 32410 43551 20200 31731 43540
20250 31391 43506 20300 31160 43487 20500 30849 43463
20750 30573 43453
444 20120 09070 2034/ 522// 60401=
ZZYY 52079 10070 0000/ 100055 147013 6111/
444 20110 10070 0007/ 522//=
####018001495####
SSVX13 LFVW 100029
ZZYY 53550 09070 23004 322241 112827 6112/
11119 01443 40200 52016
22219 00244
444 20120 09070 2224/ 50101 80128 80100 9/015=
ZZYY 56530 09070 2250/ 327120 113683 6113/
11119 30190 40190 52015
22219 00209
444 20130 09070 2225/ 50101 80090 80003 9/015=
ZZYY 56529 09070 2350/ 324033 098094 6111/
11119 30218 40218 52014
22219 00211
444 20110 09070 2225/ 50101 80090 80005 9/015=
ZZYY 56502 09070 2300/ 343164 114606 6112/
11119 39990 49990 52027
22219 00109
444 20120 09070 2106/ 50101 80100 80060 9/015=
ZZYY 56502 10070 0000/ 343164 114606 6112/
11119 39997 49997 52028
22219 00109
444 20120 09070 2106/ 50101 80100 80060 9/015=
ZZYY 56535 09070 2350/ 317671 108000 6112/
11119 30176 40176 52014
22219 00257
444 20120 10070 0012/ 50101 80100 80003 9/015=
ZZYY 56535 09070 2250/ 317666 108005 6112/
11119 30167 40167 52008
22219 00257
444 20120 09070 2223/ 50101 80100 80003 9/015=
ZZYY 56533 09070 2250/ 329911 114529 6111/
11119 30172 40172 52005
22219 00204
444 20110 09070 2225/ 50101 80100 80003 9/015=
ZZYY 56533 09070 2350/ 329894 114525 6112/
11119 30184 40184 52016
22219 00203
444 20120 10070 0013/ 50101 80100 80003 9/015=
ZZYY 56506 09070 2300/ 355279 134400 6111/
11119 30052 40052 57002
22219 00031
444 20110 09070 2238/ 50101 80100 80025 9/015=
ZZYY 56511 09070 2310/ 349786 123415 6113/
11119 39853 49853 52007
22219 00057
444 20130 09070 2239/ 50101 80110 80000 9/015=
####018000155####
SSVX13 KARS 100031
ZZYY 17655 09070 2300/ 347203 081647 6111/
11119 39982 49982 52040
22219 00056
444 20110 10070 0021/ 50101 80110 80100 9/015=
####018000155####
SSVX02 KARS 100031
ZZYY 16587 10070 0010/ 352291 125612 6112/
11119 39862 49862 57010
22219 00041
444 20120 10070 0019/ 50101 80120 80000 9/015=
####018000557####
SSVX13 LFVW 100031
ZZYY 56529 09070 2250/ 324033 098094 6111/
11119 30215 40215 52007
22219 00211
444 20110 09070 2225/ 50101 80090 80003 9/015=
ZZYY 56524 09070 2300/ 323877 111383 6111/
11119 30211 40211 52015
22219 00215
444 20110 09070 2224/ 50101 80100 80063 9/015=
ZZYY 56506 10070 0000/ 355294 134429 6111/
11119 30048 40048 57004
22219 00031
444 20110 10070 0019/ 50101 80100 80025 9/015=
ZZYY 56511 10070 0010/ 349786 123415 6113/
11119 39855 49855 52005
22219 00058
444 20130 09070 2239/ 50101 80110 80000 9/015=
