####018000111####
SSVX07 KARS 221358
ZZYY 48536 22091 1330/ 173338 154327 6111/
11119 11011 40058
444 20110 22091 1324/=
####018000185####
SSVX06 KARS 221358
ZZYY 47558 22091 1155/ 773767 081531 6112/
444 20120 22091 1151/ 500// 9/000=
ZZYY 47554 22091 1332/ 774362 112786 6111/
444 20110 22091 1329/ 500// 9/000=
####018011867####
SSVX02 KARS 221358
ZZYY 48673 22091 1333/ 776605 124614 6111/
444 20110 22091 1334/ 500// 9/000=
ZZYY 32731 22091 1220/ 516013 082370 6112/
22219 00166
444 20120 22091 1217/ 50101 80114 80130 9/015=
ZZYY 32708 22091 1222/ 515941 087244 6112/
22219 00180
444 20120 22091 1216/ 50101 80114 80180 9/015=
ZZYY 32708 22091 1343/ 515941 087244 6112/
22219 00180
444 20120 22091 1216/ 50101 80114 80180 9/015=
ZZYY 54558 22091 1000/ 528988 080552 6111/
11119 30231 40231 57005
22219 00160
444 20110 22091 0913/ 50101 80100 80063 9/015=
ZZYY 32704 22091 1224/ 522290 083534 6111/
22219 00169
444 20110 22091 1217/ 50101 80114 80066 9/015=
ZZYY 53596 22091 1310/ 121923 120436 6111/
22219 00283
444 20110 22091 1239/ 50101 80122 80255 9/015=
ZZYY 33695 22091 1254/ 339650 131175 6112/
22219 00126
444 20120 22091 1247/ 50101 80072 80005 9/015=
ZZYY 41563 22091 1208/ 731608 071653 6112/
22219 00272
444 20120 22091 1201/ 50101 80110 80000 9/015=
ZZYY 41998 22091 1340/ 745783 041786 6112/
444 20120 22091 1335/ 50101 80068 80019 9/015=
ZZYY 33690 22091 1257/ 342389 099683 6113/
22219 00108
444 20130 22091 1247/ 50101 80074 80104 9/015=
ZZYY 15631 22091 1220/ 527948 040883 6111/
22219 00197
444 20110 22091 1217/ 50101 80100 80021 9/015=
ZZYY 42538 22091 1207/ 733429 053903 6112/
22219 00284
444 20120 22091 1159/ 50101 80098 80001 9////=
ZZYY 14551 22091 1306/ 100914 082588 6112/
22219 00296
444 20120 22091 1010/ 50101 80126 80002 9/015=
ZZYY 32626 22091 1222/ 517607 090281 6112/
22219 00186
444 20120 22091 1217/ 50101 80116 80101 9/015=
ZZYY 15637 22091 1215/ 709886 058626 6111/
22219 00295
444 20110 22091 1154/ 50101 80126 80002 9/015=
ZZYY 32538 22091 1223/ 522557 092274 6111/
22219 00186
444 20110 22091 1211/ 50101 80116 80066 9/015=
ZZYY 41943 22091 1207/ 732468 065261 6112/
22219 00274
444 20120 22091 1200/ 50101 80144 80002 9/015=
ZZYY 41609 22091 1207/ 732032 066664 6113/
22219 00274
444 20130 22091 1201/ 50101 80144 80002 9/015=
ZZYY 41578 22091 1206/ 729817 058768 6111/
444 20110 22091 1200/ 50101 80144 9/015=
ZZYY 13599 22091 1209/ 721831 066858 6113/
22219 00285
444 20130 22091 1202/ 50101 80109 80010 9/015=
ZZYY 42508 22091 1208/ 735942 049545 6113/
22219 00272
444 20130 22091 1200/ 50101 80126 80002 9/015=
ZZYY 14928 22091 1307/ 106044 087818 6112/
22219 00284
444 20120 22091 1303/ 50101 80093 80005 9/015=
ZZYY 13928 22091 1207/ 723571 034715 6113/
22219 00262
444 20130 22091 1131/ 50101 80124 80180 9/015=
ZZYY 13616 22091 1213/ 720758 063343 6113/
22219 00284
444 20130 22091 1200/ 50101 80052 80099 9/015=
ZZYY 13636 22091 1210/ 723661 063535 6112/
22219 00284
444 20120 22091 1201/ 50101 80105 80008 9/015=
ZZYY 13623 22091 1209/ 722726 049013 6113/
22219 00278
444 20130 22091 1200/ 50101 80049 80099 9/015=
ZZYY 41611 22091 1208/ 727287 073237 6111/
22219 00289
444 20110 22091 1200/ 50101 80140 80006 9/015=
ZZYY 41611 22091 1343/ 727290 073247 6112/
22219 00289
444 20120 22091 1330/ 50101 80140 80007 9/015=
ZZYY 44914 22091 1207/ 734962 044106 6113/
22219 00266
444 20130 22091 1201/ 50101 80051 80009 9/015=
ZZYY 53518 22091 1313/ 120990 113924 6112/
22219 00285
444 20120 22091 1307/ 50101 80138 80001 9/015=
ZZYY 71703 22091 1228/ 550263 044990 6111/
22219 00026
444 20110 22091 1226/ 50101 80118 80104 9/015=
ZZYY 71701 22091 1226/ 551885 043303 6111/
22219 00012
444 20110 22091 1224/ 50101 80114 80092 9/015=
ZZYY 71709 22091 1227/ 548985 039840 6113/
22219 00022
444 20130 22091 1154/ 50101 80116 80144 9/015=
ZZYY 71573 22091 1227/ 553910 043015 6111/
22219 00008
444 50101 80116 80106 9/015=
ZZYY 41932 22091 1209/ 732155 055549 6111/
22219 00286
444 20110 22091 1201/ 50101 80050 80000 9/015=
ZZYY 31982 22091 1209/ 731280 067088 6113/
22219 00266
444 20130 22091 1159/ 50101 80051 80090 9/015=
ZZYY 41980 22091 1200/ 717375 048488 6112/
11119 30161 40161 52015
22219 00276
444 20120 22091 1202/ 50101 80120 80033 9/015=
ZZYY 41978 22091 1210/ 710217 046360 6112/
11119 30125 40125 52022
444 20120 22091 1202/ 50101 80120 80036 9/015=
ZZYY 31775 22091 1209/ 726225 062793 6113/
444 20130 22091 1200/ 50101 80052 80099 9/015=
ZZYY 23678 22091 1255/ 340048 089303 6112/
22219 00111
444 20120 22091 1248/ 50101 80049 80099 9////=
ZZYY 63966 22091 1331/ 171454 015179 6113/
22219 00103
444 20130 22091 1326/ 50101 80008 80008 9/015=
ZZYY 63966 22091 1342/ 171454 015179 6113/
22219 00103
444 20130 22091 1326/ 50101 80008 80008 9/015=
ZZYY 64936 22091 1320/ 176165 007148 6113/
22219 00073
33311 88872 20000 30725 43512
444 50101 80100 80100 9/015=
ZZYY 17522 22091 1250/ 339639 098490 6113/
11119 30192 40192
444 20130 22091 1248/ 50101 80090 80100 9/015=
ZZYY 23975 22091 1130/ 312811 090973 6111/
11119 30148 40148 57249
22219 00267
444 20110 22091 1258/ 50101 80110 80011 9/015=
ZZYY 23974 22091 1140/ 309477 087054 6112/
11119 30120 40120 57251
22219 00278
444 20120 22091 0958/ 50101 80110 80013 9/015=
ZZYY 17517 22091 1250/ 334013 081001 6111/
11119 30246 40246 57002
22219 00147
444 50101 80110 80000 9/015=
ZZYY 17517 22091 1150/ 334013 081001 6111/
11119 30246 40246 57005
22219 00148
444 20110 22091 1250/ 50101 80110 80000 9/015=
ZZYY 53581 22091 1250/ 114884 127150 6112/
11119 30093 40093 57238
22219 00298
444 20120 22091 1239/ 50101 80110 80008 9/015=
ZZYY 44522 22091 1205/ 742451 043756 6112/
22219 00230
444 20120 22091 1202/ 50101 80118 80025 9/015=
ZZYY 51964 22091 1306/ 125005 122222 6111/
22219 00273
444 20110 22091 1241/ 50101 80121 80009 9/015=
ZZYY 32917 22091 1222/ 519613 090230 6111/
22219 00191
444 20110 22091 0914/ 50101 80120 80094 9/015=
ZZYY 32528 22091 1220/ 518510 088440 6112/
22219 00185
444 20120 22091 0926/ 50101 80120 80083 9/015=
ZZYY 44899 22091 1208/ 729468 044915 6113/
22219 00276
444 20130 22091 1200/ 50101 80118 80011 9/015=
ZZYY 62726 22091 1158/ 736093 019043 6113/
22219 00231
444 20130 22091 1130/ 50101 80120 80015 9/015=
ZZYY 44924 22091 1203/ 748635 033939 6112/
22219 00155
444 50101 80102 9/015=
ZZYY 44930 22091 1333/ 765462 001707 6112/
444 20120 22091 1328/ 50101 80092 80099 9/015=
ZZYY 44930 22091 1344/ 765460 001714 6112/
444 20120 22091 1341/ 50101 80092 80099 9/015=
ZZYY 44844 22091 1200/ 742299 036607 6112/
11119 30204 40204 52016
22219 00211
444 20120 22091 1201/ 50101 80120 80031 9/015=
ZZYY 41686 22091 1212/ 719416 068024 6112/
22219 00288
444 20120 22091 1201/ 50101 80108 80000 9/015=
ZZYY 62909 22091 1159/ 730608 026695 6111/
22219 00258
444 20110 22091 1149/ 50101 80108 80003 9/015=
ZZYY 32805 22091 1225/ 532875 101654 6112/
22219 00170
444 20120 22091 1211/ 50101 80104 80060 9/015=
ZZYY 44915 22091 1207/ 735950 055037 6111/
22219 00273
444 20110 22091 1200/ 50101 80118 80013 9/015=
ZZYY 44939 22091 1201/ 737202 037887 6111/
22219 00243
444 20110 22091 1130/ 50101 80050 80004 9/015=
ZZYY 41610 22091 1208/ 731630 056649 6111/
22219 00287
444 20110 22091 1200/ 50101 80094 80001 9/015=
ZZYY 17669 22091 1250/ 342340 121715 6113/
11119 30214 40214 52014
22219 00108
444 20130 22091 1247/ 50101 80080 80100 9/015=
ZZYY 33570 22091 1225/ 546716 045214 6111/
22219 00088
444 20110 22091 1222/ 50101 80108 80040 9/015=
ZZYY 33666 22091 1222/ 539718 046733 6113/
22219 00115
444 20130 22091 1154/ 50101 80116 80017 9/015=
ZZYY 42536 22091 1203/ 735515 057406 6111/
22219 00268
444 20110 22091 1200/ 50101 80118 80001 9/015=
ZZYY 42518 22091 1204/ 728716 039141 6111/
22219 00274
444 20110 22091 1200/ 50101 80118 80001 9/015=
ZZYY 43537 22091 1206/ 738483 066058 6113/
22219 00261
444 20130 22091 1201/ 50101 80122 80014 9/015=
ZZYY 31538 22091 1226/ 534724 051486 6112/
22219 00181
444 20120 22091 1217/ 50101 80071 80020 9/015=
ZZYY 44513 22091 1337/ 750813 033872 6111/
22219 00131
444 20110 22091 1239/ 50101 80142 80008 9/015=
ZZYY 44516 22091 1334/ 749204 026289 6111/
22219 00152
444 20110 22091 1238/ 50101 80138 80045 9/015=
ZZYY 44932 22091 1333/ 750927 025322 6111/
22219 00142
444 20110 22091 1240/ 50101 80142 80003 9/015=
ZZYY 53597 22091 1309/ 114695 121721 6112/
22219 00282
444 20120 22091 1304/ 50101 80094 80002 9/015=
ZZYY 54912 22091 1220/ 524044 098952 6113/
11119 30213 40213 52012
22219 00198
444 20130 22091 0929/ 50101 8//// 80000 9////=
ZZYY 63579 22091 1329/ 169077 046734 6112/
22219 00085
444 20120 22091 1323/ 50101 80007 80004 9////=
ZZYY 63579 22091 1342/ 169084 046725 6112/
22219 00085
444 50101 80007 80004 9////=
ZZYY 63964 22091 1331/ 173830 023010 6113/
444 20130 22091 1326/ 50101 80007 80016 9/015=
ZZYY 63964 22091 1342/ 173833 023004 6111/
444 50101 80009 80011 9/015=
ZZYY 63951 22091 1155/ 765670 001369 6112/
22219 00107
444 20120 22091 1200/ 50101 80008 80008 9/015=
ZZYY 63951 22091 1332/ 765680 001374 6112/
22219 00107
444 20120 22091 1333/ 50101 80007 80008 9/015=
ZZYY 63951 22091 1343/ 765680 001374 6112/
22219 00107
444 20120 22091 1333/ 50101 80008 80008 9/015=
ZZYY 63948 22091 1331/ 175406 035540 6113/
22219 00058
444 20130 22091 1325/ 50101 80007 80005 9/015=
ZZYY 63948 22091 1343/ 175407 035532 6113/
22219 00058
444 50101 80008 80005 9/015=
ZZYY 63577 22091 1328/ 175064 067748 6112/
22219 00063
444 20120 22091 1324/ 50101 80007 80006 9/015=
ZZYY 63577 22091 1341/ 175064 067748 6112/
22219 00063
444 20120 22091 1324/ 50101 80009 80004 9/015=
ZZYY 63583 22091 1329/ 172582 046886 6113/
22219 00080
444 20130 22091 1324/ 50101 80009 80011 9/015=
ZZYY 63583 22091 1344/ 172580 046881 6113/
22219 00080
444 20130 22091 1341/ 50101 80009 80011 9/015=
ZZYY 63584 22091 1333/ 777849 002112 6112/
22219 00043
444 20120 22091 1334/ 50101 80008 80008 9/015=
ZZYY 63584 22091 1343/ 777849 002112 6112/
22219 00043
444 20120 22091 1334/ 50101 80007 80010 9/015=
ZZYY 51513 22091 1344/ 708830 106856 6111/
22219 00274
444 20110 22091 1339/ 50101 80115 80030 9/015=
ZZYY 51958 22091 1343/ 706928 113685 6112/
22219 00272
444 20120 22091 1056/ 50101 80079 80011 9/015=
ZZYY 32916 22091 1200/ 506878 107764 6111/
11119 30141 40141 52007
22219 00240
444 20110 22091 1105/ 50101 80120 80076 9/015=
ZZYY 32734 22091 1240/ 504292 111660 6111/
11119 30140 40140 52008
22219 00230
444 20110 22091 1101/ 50101 80120 80100 9/015=
ZZYY 32624 22091 1343/ 511266 100884 6112/
22219 00222
444 20120 22091 0951/ 50101 80116 80180 9/015=
ZZYY 32915 22091 1130/ 503728 105626 6111/
11119 30132 40132 52004
22219 00228
444 20110 22091 0946/ 50101 80130 80100 9/015=
ZZYY 32915 22091 1030/ 503728 105626 6111/
11119 30127 40127 57007
22219 00228
444 20110 22091 0946/ 50101 80130 80100 9/015=
ZZYY 32736 22091 1344/ 514194 095033 6113/
444 20130 22091 0926/ 50101 80114 80000 9/015=
ZZYY 32702 22091 1344/ 515830 081713 6112/
22219 00170
444 20120 22091 1210/ 50101 80114 80012 9/015=
ZZYY 51620 22091 1344/ 707511 096708 6112/
22219 00276
444 20120 22091 1338/ 50101 80115 80006 9/015=
ZZYY 42513 22091 1343/ 728139 085720 6111/
22219 00288
444 20110 22091 1329/ 50101 80094 80001 9/015=
ZZYY 51904 22091 1343/ 709451 111342 6113/
22219 00274
444 20130 22091 1056/ 50101 80078 80002 9/015=
ZZYY 51670 22091 1342/ 710164 106410 6111/
444 20110 22091 1338/ 50101 80111 80005 9/015=
ZZYY 44936 22091 1340/ 167670 000473 6112/
11119 39957 49957 52004
22219 00109
444 20120 22091 1327/ 50101 80100 80000 9/015=
ZZYY 64933 22091 1340/ 769245 003091 6113/
22219 00101
33311 88872 20000 31010 43512
444 20130 22091 1341/ 50101 80010 80014 9////=
####018000277####
SSVX13 KARS 221358
ZZYY 23926 22091 1300/ 114492 090619 6113/
11119 40060 57236
22219 00284
444 2013/ 22091 1305/ 50101 80120 80010 9/015=
ZZYY 23926 22091 1200/ 114492 090619 6113/
11119 40056 57243
22219 00284
444 2013/ 22091 1305/ 50101 80120 80009 9/015=
####018006307####
SSVX08 KARS 221358
ZZYY 23004 21091 12004 100014 089844 6111/
11119 01408 10276 29082
22219 00285
33311 88872 20000 32851 20001 32848 43336 20020 32861 43390
20040 32728 43448 20060 32333 43529 20080 32214 20100 32077
20120 31869 20140 31648 20180 31508 20300 31214 20500 31005
444 20110 21091 1205/ 521// 60401=
ZZYY 23004 22091 12004 100012 089847 6111/
11119 01413 10284 29079
22219 00287
444 20110 22091 1300/ 521// 60401=
ZZYY 53009 21091 1200/ 311887 093328 6111/
33311 88872 20020 32651 43401 20040 32651 43407 20060 32651 43403
20080 32650 20100 32613 20120 32488 20180 31930 20300 31219
20500 30915
444 20110 21091 1201/ 521//=
ZZYY 53009 22091 12004 311880 093311 6112/
11119 01213 10249 29088
444 20120 22091 1249/ 521// 60401=
ZZYY 41139 21091 12004 720010 037843 6111/
11119 00618 10262 29081 40191
22219 00265
33311 88872 20000 32652 20001 32655 20020 32653 43708
20060 32555 43728 20100 32340 20120 32285 20140 32223 20180 32036
20300 31579 20500 31194
444 20110 21091 1155/ 521// 60401=
ZZYY 31002 21091 1200/ 704144 037954 6112/
33311 88872 20001 32826 43567 20020 32824 43578 20040 32823 43578
20060 32821 20080 32756 20100 32712 20120 32363 43634 20140 31857
20180 31250 20300 31019 20500 30761
444 20120 21091 1051/ 521//=
ZZYY 23010 21091 1200/ 303984 080505 6111/
33311 88872 20001 32861 43435 20020 32870 43455 20040 32872 43459
20060 32869 43458 20080 32740 20100 32453 20120 32031 20140 31598
20180 31358 20300 31092 20500 30918
444 20110 21091 1306/ 521//=
ZZYY 23005 21091 12004 101558 090080 6112/
11119 01511 10274 29082
22219 00287
33311 88872 20000 32866 20001 32865 43325 20020 32867 43352
20040 32888 43397 20060 32748 43430 20080 32172 20100 31996
20120 31830 20140 31636 20180 31421 20300 31221 20500 31002
444 20120 21091 1205/ 521// 60401=
ZZYY 23005 22091 12004 101572 090080 6111/
11119 01511 10284 29080
22219 00289
444 20110 22091 1302/ 521// 60401=
ZZYY 23006 21091 12004 103957 089581 6111/
11119 02212 10278 29076
22219 00289
33311 88872 20000 32888 20001 32882 20020 32875 43317
20040 32871 43324 20060 32830 43347 20080 32263 20100 31831
20120 31600 20140 31479 20180 31364 20300 31224 20500 31028
444 20110 21091 1206/ 521// 60401=
ZZYY 23006 22091 12004 103977 089585 6111/
11119 01912 10286 29081
22219 00289
444 20110 22091 1303/ 521// 60401=
ZZYY 23006 22091 13004 103977 089585 6111/
11119 01814 10286 29080
22219 00289
444 20110 22091 1303/ 521// 60401=
ZZYY 53005 21091 1200/ 307996 080465 6111/
33311 88872 20001 32829 43479 20020 32829 43478 20040 32827 43480
20060 32559 43512 20080 32441 20100 32256 20120 32047 20140 31942
20180 31715 20300 31204 20500 30963
444 20110 21091 1323/ 521//=
ZZYY 23007 21091 12004 108020 088998 6111/
11119 02216 10286 29081
33311 88872 20020 32851 43431 20040 32851 43438 20060 32854 43455
20080 32751 20100 32409 20120 32154 20140 31855 20180 31475
20300 31185 20500 31000
444 20110 21091 1207/ 521// 60401=
ZZYY 23007 22091 12004 108020 088999 6111/
11119 02014 10283 29086
444 20110 22091 0859/ 521// 60401=
ZZYY 23007 22091 13004 108020 088999 6111/
11119 02118 10283 29084
444 20110 22091 0859/ 521// 60401=
ZZYY 41026 21091 1200/ 711506 037971 6112/
33311 88872 20001 32801 43617 20060 32220
444 20120 21091 1339/ 521//=
ZZYY 41026 22091 09004 711491 037969 6111/
11119 00611 10276 29080
22219 00278
444 20110 22091 0726/ 521// 60401=
ZZYY 13008 21091 1200/ 714985 038019 6111/
33311 88872 20001 32728 43668 20020 32730 43667 20040 32728 43668
20060 32537 43686 20080 32357 20100 32197 20120 31999 20140 31851
20180 31636 20300 31288 20500 30954=
ZZYY 23009 21091 1200/ 114982 089931 6111/
33311 88872 20001 32852 43254 20020 32852 43258 20040 32862 43322
20060 32746 43430 20080 32554 20100 32313 20120 32045 20140 31834
20180 31508 20300 31151 20500 30987
444 20110 21091 1311/ 521//=
ZZYY 43001 21091 1200/ 708055 110126 6112/
33311 88872 20001 32743 43313 20020 32744 20040 32737 20060 32401
20080 31724 20100 31437 20120 31283 20140 31231 20180 31170
20300 31035 20500 30878
444 20120 21091 0956/ 521//=
ZZYY 32305 21091 1200/ 508016 095280 6111/
33311 88872 20001 32282 43528
444 20110 21091 1417/ 521//=
ZZYY 43301 21091 12004 707985 094895 6111/
11119 02014 10269 29083
22219 00277
33311 88872 20000 32769 20001 32772 43298 20020 32632 20040 31659
20060 31405 20080 31335 20100 31304 20120 31291 20140 31271
20180 31222 20300 31086 20500 30803
444 20110 21091 1354/ 521// 60401=
ZZYY 32321 21091 12004 700216 095433 6112/
11119 01410 10200 29083
22219 00209
33311 88872 20000 32085 20001 32104 43458
444 20120 21091 1356/ 521// 60401=
ZZYY 32304 21091 12004 505096 095074 6111/
11119 01212 10217 29079
22219 00220
33311 88872 20000 32199 20001 32206 43513 20020 32202 20040 32196
20060 31965 20080 31523 20100 31441 20120 31397 20140 31361
20180 31315 20300 31201 20500 30822
444 20110 21091 1238/ 521// 60401=
ZZYY 32318 21091 1200/ 504980 110007 6111/
33311 88872 20001 32410 43524 20040 32406 20060 32381 20080 31680
20100 31451 20120 31383 20140 31336 20180 31292 20300 31158
20500 30854
444 20110 21091 1001/ 521//=
ZZYY 32303 21091 12004 704944 094997 6111/
11119 02106 10250 29071
22219 00271
33311 88872 20000 32715 20001 32733 43304 20040 32531 20060 32091
20080 31826 20100 31567 20120 31434 20140 31397 20180 31338
20300 31149
444 20110 21091 1355/ 521// 60401=
ZZYY 32320 21091 1200/ 702114 095415 6112/
33311 88870 20040 32166 20060 31734 20080 31545 20100 31458
20120 31400 20140 31376 20180 31328 20300 31088 20500 30798
444 20120 21091 1356/ 521//=
ZZYY 32320 22091 13004 702107 095396 6111/
11119 01909 10229 29083
444 20110 22091 1340/ 521// 60401=
ZZYY 32315 21091 1200/ 705004 110057 6111/
33311 88872 20001 32688 43401 20020 32689 20040 32690 20060 32690
20080 32678 20100 32011 20120 31581 20140 31321 20180 31143
20300 31034 20500 30804
444 20110 21091 1357/ 521//=
ZZYY 32316 21091 1200/ 702051 110046 6111/
33311 88872 20001 32252 43447 20040 32152 20060 31682 20080 31483
20100 31394 20120 31353 20140 31337 20180 31318 20300 31133
20500 30825
444 20110 21091 1357/ 521//=
####018000149####
SSVX12 KARS 221358
ZZYY 48518 22091 1300/ 774092 157049 6112/
11119 11010 40042 52010
22219 00227
444 20120 22091 1252/ 501// 80140 80000=
####018000146####
SSVX13 LFPW 221400
ZZYY 64607 22091 1400/ 762199 056374 6110/ 11119 40134 52006 22219
 00058 444 20100 22091 1300/ 50101 80108 80002 9/015=
####018008227####
SSVX02 KARS 221400
ZZYY 53597 22091 1301/ 114695 121721 6112/
22219 00282
444 20120 22091 1304/ 50101 80094 80002 9/015=
ZZYY 14551 22091 1300/ 100924 082590 6111/
22219 00298
444 20110 22091 1257/ 50101 80126 80002 9/015=
ZZYY 53596 22091 1257/ 121923 120436 6111/
22219 00283
444 20110 22091 1239/ 50101 80122 80255 9/015=
ZZYY 14928 22091 1259/ 106044 087818 6112/
22219 00284
444 20120 22091 1303/ 50101 80093 80005 9/015=
ZZYY 53565 22091 1258/ 114576 109071 6112/
22219 00302
444 20120 22091 1256/ 50101 80099 80002 9/015=
ZZYY 53518 22091 1300/ 120991 113919 6112/
22219 00285
444 50101 80138 80002 9/015=
ZZYY 33655 22091 1350/ 547574 003477 6113/
11119 30201 40201
22219 00033
444 20130 22091 1013/ 50101 80100 80100 9/015=
ZZYY 71627 22091 1330/ 353777 175672 6112/
22219 00052
444 20120 22091 1327/ 50101 80110 80004 9/015=
ZZYY 33579 22091 1340/ 551457 013409 6112/
11119 30111 40111
22219 00017
444 20120 22091 1013/ 50101 80110 80100 9/015=
ZZYY 33991 22091 1100/ 343673 000877 6111/
11119 40230 57238
22219 00094
444 2011/ 22091 1011/ 50101 80104 80000 9/015=
ZZYY 71642 22091 1220/ 545217 014001 6111/
11119 30180 40180 57021
444 20110 22091 1154/ 50101 80110 80055 9/015=
ZZYY 71642 22091 1120/ 545217 014001 6111/
11119 30190 40190 57009
444 20110 22091 1154/ 50101 80110 80054 9/015=
ZZYY 71673 22091 1340/ 554359 025515 6112/
11119 39865 49865
22219 00005
444 20120 22091 1154/ 50101 80110 80000 9/015=
ZZYY 16604 22091 1330/ 356360 035019 6112/
22219 01004
444 20120 22091 1317/ 50101 80009 80000 9////=
ZZYY 71667 22091 1340/ 556666 023121 6113/
11119 39929 49929
22219 01004
444 20130 22091 1155/ 50101 80110 80100 9/015=
ZZYY 17654 22091 1330/ 349868 139022 6111/
11119 39927 49927 52042
22219 00067
444 50101 80110 80047 9/015=
ZZYY 33517 22091 1330/ 554564 031340 6113/
11119 39794 49794
22219 01009
444 20130 22091 1155/ 50101 80100 80100 9/015=
ZZYY 55946 22091 1340/ 356354 027261 6113/
11119 39893 49893 57012
22219 00009
444 20130 22091 1344/ 50101 80100 80004 9/015=
ZZYY 55915 22091 1330/ 548526 003469 6112/
11119 30174 40174 52035
22219 00044
444 20120 22091 1011/ 50101 80100 80005 9/015=
ZZYY 34534 22091 1330/ 351589 138294 6111/
11119 49936 52044
22219 00057
444 20110 22091 1328/ 50101 80010 80012 9////=
ZZYY 51513 22091 1347/ 708818 106847 6112/
22219 00274
444 20120 22091 1339/ 50101 80115 80030 9/015=
ZZYY 32533 22091 1348/ 514566 110420 6112/
22219 00233
444 20120 22091 1107/ 50101 80121 80012 9/015=
ZZYY 32912 22091 1347/ 517057 090810 6112/
22219 00190
444 20120 22091 1210/ 50101 80120 80121 9/015=
ZZYY 32695 22091 1347/ 523556 106035 6112/
22219 00205
444 20120 22091 0955/ 50101 80094 9/015=
ZZYY 32917 22091 1345/ 519613 090230 6111/
22219 00191
444 20110 22091 0914/ 50101 80120 9/015=
ZZYY 32528 22091 1348/ 518510 088440 6112/
22219 00185
444 20120 22091 0926/ 50101 80120 80076 9/015=
ZZYY 32916 22091 1050/ 506878 107764 6111/
11119 30136 40136 57003
22219 00240
444 20110 22091 1105/ 50101 80120 80068 9/015=
ZZYY 32734 22091 1140/ 504292 111660 6111/
11119 30133 40133 57003
22219 00230
444 20110 22091 1101/ 50101 80120 80088 9/015=
ZZYY 32626 22091 1347/ 517607 090281 6112/
22219 00187
444 20120 22091 1217/ 50101 80114 80094 9/015=
ZZYY 54923 22091 1210/ 530961 105247 6112/
11119 30132 40132 52008
22219 00177
444 20120 22091 0957/ 50101 8//// 80000 9////=
ZZYY 54912 22091 1320/ 524044 098952 6113/
11119 30220 40220 52018
22219 00197
444 20130 22091 0929/ 50101 8//// 80000 9////=
ZZYY 32683 22091 1347/ 518807 095951 6112/
22219 00198
444 20120 22091 1211/ 50101 80116 80051 9/015=
ZZYY 54926 22091 1250/ 530036 102896 6111/
11119 30163 40163 52016
22219 00187
444 20110 22091 0958/ 50101 8//// 80000 9////=
ZZYY 32549 22091 1347/ 518936 094041 6113/
22219 00195
444 20130 22091 0927/ 50101 80114 80180 9/015=
ZZYY 16591 22091 1230/ 524710 104121 6112/
11119 30196 40196 52010
22219 00206
444 20120 22091 0955/ 50101 8//// 80100 9////=
ZZYY 16591 22091 1130/ 524710 104121 6112/
11119 30192 40192 52003
22219 00206
444 20120 22091 0955/ 50101 8//// 80100 9////=
ZZYY 34542 22091 1120/ 520527 102557 6111/
11119 30239 40239
22219 00208
444 20110 22091 0927/ 50101 80130 80002 9/015=
ZZYY 32915 22091 1330/ 503726 105704 6112/
11119 30151 40151 52024
22219 00228
444 20120 22091 1343/ 50101 80130 80100 9/015=
ZZYY 32915 22091 1230/ 503726 105704 6112/
11119 30139 40139 52014
22219 00228
444 20120 22091 1343/ 50101 80130 80100 9/015=
ZZYY 55609 22091 1340/ 528870 089644 6113/
22219 00173
444 20130 22091 1217/ 50101 80010 80000 9////=
ZZYY 55609 22091 1240/ 528870 089644 6113/
22219 00172
444 20130 22091 1217/ 50101 80010 80000 9////=
ZZYY 55600 22091 1250/ 535027 089730 6112/
11119 40209 52014
22219 00144
444 20120 22091 1224/ 50101 80010 80000 9////=
ZZYY 32731 22091 1346/ 516013 082370 6112/
22219 00166
444 20120 22091 1217/ 50101 80114 80144 9/015=
ZZYY 32708 22091 1346/ 515941 087244 6112/
22219 00180
444 20120 22091 1216/ 50101 80114 80180 9/015=
ZZYY 32705 22091 1348/ 515685 091694 6111/
22219 00195
444 20110 22091 1218/ 50101 80114 80050 9/015=
ZZYY 32704 22091 1348/ 522286 083531 6111/
22219 00169
444 20110 22091 1343/ 50101 80114 80076 9/015=
ZZYY 32526 22091 1348/ 515077 094966 6112/
22219 00201
444 20120 22091 0924/ 50101 80570 80099 9/015=
ZZYY 32692 22091 1344/ 517948 082553 6112/
22219 00169
444 20120 22091 1202/ 50101 8//// 80100 9/015=
ZZYY 51620 22091 1347/ 707511 096707 6113/
22219 00276
444 20130 22091 1338/ 50101 80115 80006 9/015=
ZZYY 55592 22091 1300/ 525866 080532 6113/
444 20130 22091 1217/ 50101 80010 80000 9////=
ZZYY 55569 22091 1310/ 533250 098759 6111/
22219 00162
444 20110 22091 1219/ 50101 80010 80000 9////=
ZZYY 32676 22091 1250/ 501111 115539 6113/
11119 30133 40133 52005
22219 00219
444 20130 22091 1101/ 50101 80120 80066 9/015=
ZZYY 51904 22091 1347/ 709468 111288 6112/
22219 00274
444 20120 22091 1339/ 50101 80078 80002 9/015=
ZZYY 51670 22091 1346/ 710160 106400 6112/
444 20120 22091 1338/ 50101 80111 80005 9/015=
ZZYY 32730 22091 1300/ 509690 119043 6113/
22219 00244
444 20130 22091 1107/ 50101 80140 80001 9/015=
ZZYY 13904 22091 1347/ 717061 019333 6112/
22219 00282
444 20120 22091 1132/ 50101 80128 80001 9/015=
ZZYY 13518 22091 1344/ 706484 013061 6112/
444 20120 22091 1137/ 50101 80134 9/015=
ZZYY 62726 22091 1350/ 736088 019036 6111/
22219 00231
444 20110 22091 1347/ 50101 80120 80014 9/015=
ZZYY 62724 22091 1350/ 739418 026501 6112/
11119 30221 40221 57007
22219 00226
444 20120 22091 1159/ 50101 80120 80028 9/015=
ZZYY 62722 22091 1350/ 738621 024690 6111/
11119 30229 40229 57010
22219 00229
444 20110 22091 1237/ 50101 80110 80027 9/015=
ZZYY 44917 22091 1320/ 742592 015382 6111/
11119 30242 40242 57014
444 20110 22091 1347/ 50101 80100 80063 9/015=
ZZYY 62909 22091 1351/ 730608 026695 6111/
22219 00259
444 20110 22091 1149/ 50101 80108 80003 9/015=
ZZYY 44900 22091 1300/ 731042 010538 6111/
11119 30183 40183 57015
444 20110 22091 1231/ 50101 80120 80024 9/015=
ZZYY 62727 22091 1350/ 741546 019716 6112/
22219 00208
444 20120 22091 1233/ 50101 80118 80016 9/015=
ZZYY 13956 22091 1310/ 728627 015899 6112/
11119 30207 40207 52005
22219 00236
444 20120 22091 1346/ 50101 80120 80009 9/015=
ZZYY 41555 22091 1300/ 734616 024337 6111/
11119 30235 40235
22219 00255
444 20110 22091 1159/ 50101 80100 80000 9/015=
ZZYY 13589 22091 1351/ 728684 014017 6112/
22219 00274
444 20120 22091 1347/ 50101 80110 80000 9/015=
ZZYY 44925 22091 1350/ 749115 023291 6113/
11119 30107 40107 57016
22219 00144
444 20130 22091 1239/ 50101 80138 80002 9/015=
ZZYY 13517 22091 1340/ 735043 017351 6112/
11119 30236 40236 57008
22219 00235
444 20120 22091 1234/ 50101 80120 80062 9/015=
ZZYY 13517 22091 1230/ 735043 017351 6112/
11119 30247 40247 52008
22219 00235
444 20120 22091 1234/ 50101 80120 80056 9/015=
####018000277####
SSVX13 KARS 221400
ZZYY 71653 22091 1310/ 556909 031872 6112/
11119 39825 49825
22219 01016
444 20120 22091 1157/ 50101 80110 80100 9/015=
ZZYY 71665 22091 1330/ 353247 002149 6111/
11119 30037 40037
22219 01007
444 20110 22091 1320/ 50101 80110 80100 9/015=
####018004811####
SSVX08 KARS 221400
ZZYY 23007 21091 12004 108020 088998 6111/
11119 02216 10286 29081
33311 88872 20020 32851 43431 20040 32851 43438 20060 32854 43455
20080 32751 20100 32409 20120 32154 20140 31855 20180 31475
20300 31185 20500 31000
444 20110 21091 1207/ 521// 60401=
ZZYY 23006 21091 12004 103957 089581 6111/
11119 02212 10278 29076
22219 00289
33311 88872 20000 32888 20001 32882 20020 32875 43317
20040 32871 43324 20060 32830 43347 20080 32263 20100 31831
20120 31600 20140 31479 20180 31364 20300 31224 20500 31028
444 20110 21091 1206/ 521// 60401=
ZZYY 43001 21091 1200/ 708055 110126 6112/
33311 88872 20001 32743 43313 20020 32744 20040 32737 20060 32401
20080 31724 20100 31437 20120 31283 20140 31231 20180 31170
20300 31035 20500 30878
444 20120 21091 0956/ 521//=
ZZYY 43001 22091 13004 708047 110125 6112/
11119 01916 10262 29080
22219 00273
444 20120 22091 0946/ 521// 60401=
ZZYY 43301 21091 12004 707985 094895 6111/
11119 02014 10269 29083
22219 00277
33311 88872 20000 32769 20001 32772 43298 20020 32632 20040 31659
20060 31405 20080 31335 20100 31304 20120 31291 20140 31271
20180 31222 20300 31086 20500 30803
444 20110 21091 1354/ 521// 60401=
ZZYY 43301 22091 13004 707982 094905 6112/
11119 02805 10270 29078
22219 00275
444 20120 22091 1343/ 521// 60401=
ZZYY 32317 21091 1200/ 501932 110405 6111/
33311 88872 20001 32227 43478 20020 32187 20040 32048 20060 31987
20080 31638 20100 31372 20120 31333 20140 31316 20180 31284
20300 31175 20500 30865
444 20110 21091 1000/ 521//=
ZZYY 32317 22091 1300/ 501861 110552 6111/
11119 10221 29091
22219 00223
444 20110 22091 0950/ 521//=
ZZYY 32321 21091 12004 700216 095433 6112/
11119 01410 10200 29083
22219 00209
33311 88872 20000 32085 20001 32104 43458
444 20120 21091 1356/ 521// 60401=
ZZYY 32321 22091 13004 700218 095427 6111/
11119 01707 10204 29086
22219 00202
444 20110 22091 1341/ 521// 60401=
ZZYY 32304 21091 12004 505096 095074 6111/
11119 01212 10217 29079
22219 00220
33311 88872 20000 32199 20001 32206 43513 20020 32202 20040 32196
20060 31965 20080 31523 20100 31441 20120 31397 20140 31361
20180 31315 20300 31201 20500 30822
444 20110 21091 1238/ 521// 60401=
ZZYY 32304 22091 13004 505076 095075 6112/
11119 01213 10219 29076
22219 00219
444 20120 22091 1343/ 521// 60401=
ZZYY 32318 21091 1200/ 504980 110007 6111/
33311 88872 20001 32410 43524 20040 32406 20060 32381 20080 31680
20100 31451 20120 31383 20140 31336 20180 31292 20300 31158
20500 30854
444 20110 21091 1001/ 521//=
ZZYY 32318 22091 13004 504989 109998 6111/
11119 01012 10229 29081
22219 00236
444 20110 22091 0950/ 521// 60401=
ZZYY 32303 21091 12004 704944 094997 6111/
11119 02106 10250 29071
22219 00271
33311 88872 20000 32715 20001 32733 43304 20040 32531 20060 32091
20080 31826 20100 31567 20120 31434 20140 31397 20180 31338
20300 31149
444 20110 21091 1355/ 521// 60401=
ZZYY 32303 22091 13004 704933 095005 6113/
11119 02303 10264 29074
22219 00271
444 20130 22091 1343/ 521// 60401=
ZZYY 32320 21091 1200/ 702114 095415 6112/
33311 88870 20040 32166 20060 31734 20080 31545 20100 31458
20120 31400 20140 31376 20180 31328 20300 31088 20500 30798
444 20120 21091 1356/ 521//=
ZZYY 32315 21091 1200/ 705004 110057 6111/
33311 88872 20001 32688 43401 20020 32689 20040 32690 20060 32690
20080 32678 20100 32011 20120 31581 20140 31321 20180 31143
20300 31034 20500 30804
444 20110 21091 1357/ 521//=
ZZYY 32315 22091 13004 705010 110062 6111/
11119 01711 10246 29072
22219 00267
444 20110 22091 1343/ 521// 60401=
ZZYY 32316 21091 1200/ 702051 110046 6111/
33311 88872 20001 32252 43447 20040 32152 20060 31682 20080 31483
20100 31394 20120 31353 20140 31337 20180 31318 20300 31133
20500 30825
444 20110 21091 1357/ 521//=
ZZYY 32316 22091 13004 702034 110041 6112/
11119 01216 10209 29082
22219 00222
444 20120 22091 1344/ 521// 60401=
ZZYY 13010 21091 12004 300017 000002 6111/
11119 01812 10254 29087
22219 00262
33311 88872 20000 32615 20001 32611 20020 32609 43543
20040 32287 43570 20060 31880 20080 31713 20100 31617
20120 31543 43560 20140 31510 20180 31487 20300 31063 20500 30766
444 20110 21091 1235/ 521// 60001=
ZZYY 13010 22091 13004 300018 000008 6112/
11119 01811 10253 29085
22219 00262
444 20120 22091 1223/ 521// 60001=
ZZYY 15002 21091 1200/ 700011 009863 6112/
33311 88872 20001 32424 20020 32402 43578 20040 32216 43583
20060 32046 43605 20080 31848 20100 31616 20120 31506 20140 31467
20180 31402 20300 31065 20500 30733
444 20120 21091 1022/ 521//=
ZZYY 15002 22091 13004 700014 009873 6111/
11119 01411 10243 29090
22219 00243
444 20110 22091 1001/ 521// 60401=
####018000146####
SSVX13 LFPW 221400
ZZYY 41632 22091 1400/ 722503 039856 6113/ 11119 40202 52001 22219
 00268 444 20130 22091 1355/ 50101 80124 80076 9/015=
####018000195####
SSVX07 KARS 221402
ZZYY 48534 22091 1400/ 783373 046251 6113/
11119 40142
444 20130 22091 1329/=
ZZYY 48534 22091 1200/ 783372 046245 6113/
11119 11166 40144
444 20130 22091 1148/=
####018000185####
SSVX06 KARS 221402
ZZYY 47558 22091 1359/ 773764 081549 6112/
444 20120 22091 1331/ 500// 9/000=
ZZYY 47553 22091 1357/ 779338 103383 6111/
444 20110 22091 1330/ 500// 9/000=
####018002603####
SSVX08 KARS 221402
ZZYY 32323 21091 1200/ 700048 109918 6112/
33311 88872 20001 32127 43474 20020 31909 43485 20040 31724 43490
20060 31609 43498 20080 31527 20100 31455 20120 31430 20140 31383
20180 31286 20300 31145 20500 30798
444 20120 21091 1357/ 521//=
ZZYY 32319 21091 1200/ 507989 110076 6111/
33311 88872 20001 32385 43517 20020 32383 20040 32381 20060 32379
20080 32328 20100 31897 20120 31547 20140 31430 20180 31332
20300 31145 20500 30849
444 20110 21091 1001/ 521//=
ZZYY 32305 21091 1200/ 508016 095280 6111/
33311 88872 20001 32282 43528
444 20110 21091 1417/ 521//=
ZZYY 43301 21091 12004 707985 094895 6111/
11119 02014 10269 29083
22219 00277
33311 88872 20000 32769 20001 32772 43298 20020 32632 20040 31659
20060 31405 20080 31335 20100 31304 20120 31291 20140 31271
20180 31222 20300 31086 20500 30803
444 20110 21091 1354/ 521// 60401=
ZZYY 32317 21091 1200/ 501932 110405 6111/
33311 88872 20001 32227 43478 20020 32187 20040 32048 20060 31987
20080 31638 20100 31372 20120 31333 20140 31316 20180 31284
20300 31175 20500 30865
444 20110 21091 1000/ 521//=
ZZYY 32321 21091 12004 700216 095433 6112/
11119 01410 10200 29083
22219 00209
33311 88872 20000 32085 20001 32104 43458
444 20120 21091 1356/ 521// 60401=
ZZYY 32304 21091 12004 505096 095074 6111/
11119 01212 10217 29079
22219 00220
33311 88872 20000 32199 20001 32206 43513 20020 32202 20040 32196
20060 31965 20080 31523 20100 31441 20120 31397 20140 31361
20180 31315 20300 31201 20500 30822
444 20110 21091 1238/ 521// 60401=
ZZYY 32318 21091 1200/ 504980 110007 6111/
33311 88872 20001 32410 43524 20040 32406 20060 32381 20080 31680
20100 31451 20120 31383 20140 31336 20180 31292 20300 31158
20500 30854
444 20110 21091 1001/ 521//=
ZZYY 32303 21091 12004 704944 094997 6111/
11119 02106 10250 29071
22219 00271
33311 88872 20000 32715 20001 32733 43304 20040 32531 20060 32091
20080 31826 20100 31567 20120 31434 20140 31397 20180 31338
20300 31149
444 20110 21091 1355/ 521// 60401=
ZZYY 32320 21091 1200/ 702114 095415 6112/
33311 88870 20040 32166 20060 31734 20080 31545 20100 31458
20120 31400 20140 31376 20180 31328 20300 31088 20500 30798
444 20120 21091 1356/ 521//=
ZZYY 32320 22091 13004 702109 095416 6112/
11119 01909 10229 29083
444 20120 22091 1343/ 521// 60401=
ZZYY 32316 21091 1200/ 702051 110046 6111/
33311 88872 20001 32252 43447 20040 32152 20060 31682 20080 31483
20100 31394 20120 31353 20140 31337 20180 31318 20300 31133
20500 30825
444 20110 21091 1357/ 521//=
####018011129####
SSVX02 KARS 221402
ZZYY 44514 22091 1359/ 749406 021948 6112/
22219 00146
444 20120 22091 1349/ 50101 80142 80000 9/015=
ZZYY 44513 22091 1358/ 750813 033872 6111/
22219 00131
444 20110 22091 1239/ 50101 80142 80008 9/015=
ZZYY 44516 22091 1358/ 749202 026278 6111/
22219 00152
444 20110 22091 1349/ 50101 80138 80024 9/015=
ZZYY 63561 22091 1350/ 775988 000310 6112/
22219 00049
33311 88872 20000 30490 42048
444 20120 22091 1327/ 50101 80070 80100 9/015=
ZZYY 44515 22091 1354/ 745323 025645 6111/
22219 00167
444 50101 80142 80012 9/015=
ZZYY 44932 22091 1359/ 750919 025315 6111/
22219 00142
444 20110 22091 1350/ 50101 80142 80004 9/015=
ZZYY 44518 22091 1358/ 743074 022878 6111/
22219 00200
444 20110 22091 1348/ 50101 80142 80002 9/015=
ZZYY 44517 22091 1359/ 751739 019928 6113/
22219 00137
444 20130 22091 1240/ 50101 80142 80008 9/015=
ZZYY 44519 22091 1359/ 750932 019416 6112/
22219 00147
444 20120 22091 1355/ 50101 80140 80002 9/015=
ZZYY 62926 22091 1350/ 759919 018030 6113/
22219 00118
444 50101 80110 80005 9/015=
ZZYY 44926 22091 1350/ 746938 029497 6111/
11119 30101 40101 57007
22219 00151
444 20110 22091 1355/ 50101 80138 80001 9/015=
ZZYY 44926 22091 1250/ 746928 029477 6111/
11119 30102 40102 57007
22219 00151
444 20110 22091 1239/ 50101 80138 80002 9/015=
ZZYY 44925 22091 1250/ 749115 023291 6113/
11119 30112 40112 57017
22219 00144
444 20130 22091 1239/ 50101 80138 80003 9/015=
ZZYY 44931 22091 1310/ 746273 027253 6112/
11119 30123 40123 57007
22219 00180
444 20120 22091 1239/ 50101 80138 80001 9/015=
ZZYY 41608 22091 1210/ 741302 035370 6112/
11119 30203 40203 52006
22219 00225
444 20120 22091 1159/ 50101 80110 80016 9/015=
ZZYY 62725 22091 1358/ 742306 020472 6112/
22219 00204
444 20120 22091 1347/ 50101 80118 80012 9/015=
ZZYY 44924 22091 1355/ 748635 033933 6111/
22219 00155
444 20110 22091 1241/ 50101 80102 9/015=
ZZYY 44930 22091 1358/ 765465 001710 6112/
444 20120 22091 1350/ 50101 80092 80099 9/015=
ZZYY 44844 22091 1400/ 742299 036607 6112/
11119 30205 40205 52005
22219 00211
444 20120 22091 1201/ 50101 80120 80027 9/015=
ZZYY 62722 22091 1250/ 738621 024690 6111/
11119 30239 40239 52002
22219 00229
444 20110 22091 1237/ 50101 80110 80027 9/015=
ZZYY 44835 22091 1350/ 763424 031647 6113/
22219 00099
444 20130 22091 1356/ 50101 80110 80031 9/015=
ZZYY 41590 22091 1340/ 746072 033518 6111/
11119 30132 40132 52006
444 20110 22091 1200/ 50101 80120 80021 9/015=
ZZYY 62723 22091 1357/ 739988 030238 6111/
22219 00222
444 20110 22091 1350/ 50101 80079 80008 9/015=
ZZYY 41613 22091 1350/ 748372 026327 6113/
11119 30096 40096 57012
22219 00152
444 20130 22091 1354/ 50101 80120 80002 9/015=
ZZYY 44894 22091 1357/ 742152 033347 6113/
22219 00209
444 20130 22091 1201/ 50101 80078 80005 9/015=
ZZYY 44942 22091 1340/ 761043 013165 6112/
11119 30019 40019 52011
22219 00118
444 20120 22091 1329/ 50101 80110 80000 9/015=
ZZYY 63579 22091 1356/ 169084 046725 6112/
444 20120 22091 1341/ 50101 80007 80004 9////=
ZZYY 63964 22091 1356/ 173833 023004 6111/
444 20110 22091 1341/ 50101 80009 80011 9/015=
ZZYY 63951 22091 1358/ 765673 001373 6112/
22219 00107
444 20120 22091 1350/ 50101 80008 80008 9/015=
ZZYY 63948 22091 1358/ 175407 035532 6113/
22219 00058
444 20130 22091 1342/ 50101 80008 80005 9/015=
ZZYY 63577 22091 1358/ 175064 067748 6112/
22219 00063
444 20120 22091 1324/ 50101 80009 80004 9/015=
ZZYY 63583 22091 1358/ 172580 046881 6113/
22219 00080
444 20130 22091 1341/ 50101 80009 80011 9/015=
ZZYY 63584 22091 1355/ 777849 002112 6112/
22219 00043
444 20120 22091 1334/ 50101 80007 80010 9/015=
ZZYY 48652 22091 1350/ 788200 161227 6113/
11119 30126 40126 52006
22219 01052
444 20130 22091 1327/ 50101 80110 80004 9/015=
ZZYY 44904 22091 1330/ 746814 027755 6111/
11119 30109 40109 57010
22219 00168
444 20110 22091 1350/ 50101 80130 80001 9/015=
ZZYY 63966 22091 1356/ 171454 015179 6113/
22219 00103
444 20130 22091 1326/ 50101 80009 80008 9/015=
ZZYY 32533 22091 1352/ 514544 110413 6111/
22219 00233
444 20110 22091 1346/ 50101 80121 80012 9/015=
ZZYY 32739 22091 1353/ 518360 095638 6112/
22219 00200
444 20120 22091 1343/ 50101 80120 80018 9/015=
ZZYY 32695 22091 1352/ 523551 106037 6111/
22219 00205
444 20110 22091 1347/ 50101 80094 80054 9/015=
ZZYY 32548 22091 1353/ 516779 096260 6111/
22219 00204
444 20110 22091 1342/ 50101 80120 80040 9/015=
ZZYY 32917 22091 1353/ 519617 090233 6113/
22219 00191
444 20130 22091 1345/ 50101 80120 80133 9/015=
ZZYY 32528 22091 1352/ 518507 088436 6113/
22219 00185
444 20130 22091 1346/ 50101 80120 80076 9/015=
ZZYY 32626 22091 1351/ 517607 090279 6112/
22219 00187
444 20120 22091 1343/ 50101 8//// 80094 9/015=
ZZYY 54923 22091 1010/ 530961 105247 6112/
11119 30123 40123 57005
22219 00178
444 20120 22091 0957/ 50101 8//// 80000 9////=
ZZYY 54923 22091 1310/ 530972 105178 6111/
11119 30138 40138 52015
22219 00178
444 20110 22091 1347/ 50101 8//// 80000 9////=
ZZYY 32624 22091 1352/ 511248 100926 6113/
22219 00222
444 20130 22091 1342/ 50101 80116 80180 9/015=
ZZYY 54918 22091 1310/ 525142 124677 6113/
11119 30188 40188 57002
22219 00215
444 20130 22091 1111/ 50101 8//// 80000 9////=
ZZYY 32803 22091 1353/ 524029 116484 6112/
22219 00219
444 20120 22091 1111/ 50101 80102 80003 9/015=
ZZYY 32683 22091 1352/ 518803 095973 6111/
22219 00198
444 20110 22091 1346/ 50101 80116 80051 9/015=
ZZYY 54926 22091 1100/ 530036 102896 6111/
11119 30144 40144 57005
22219 00188
444 20110 22091 0958/ 50101 8//// 80000 9////=
ZZYY 55954 22091 1330/ 533931 100133 6111/
11119 40112 52017
22219 00154
444 20110 22091 1219/ 50101 80010 80000 9////=
ZZYY 55954 22091 1230/ 533931 100133 6111/
11119 40108 52012
22219 00154
444 20110 22091 1219/ 50101 80010 80000 9////=
ZZYY 16591 22091 1330/ 524710 104121 6112/
11119 30204 40204 52017
22219 00206
444 20120 22091 0955/ 50101 8//// 80100 9////=
ZZYY 55959 22091 1340/ 529458 095166 6111/
11119 40230 52021
22219 00179
444 20110 22091 1347/ 50101 80010 80000 9////=
ZZYY 55959 22091 1240/ 529454 095157 6112/
11119 40224 52018
22219 00179
444 20120 22091 1219/ 50101 80010 80000 9////=
ZZYY 55956 22091 1320/ 535642 123991 6112/
11119 40114 52019
22219 00147
444 20120 22091 1115/ 50101 80010 80000 9////=
ZZYY 34542 22091 1220/ 520527 102557 6111/
11119 30239 40239
22219 00208
444 20110 22091 0927/ 50101 80130 80002 9/015=
ZZYY 32805 22091 1351/ 532860 101650 6111/
22219 00170
444 20110 22091 1348/ 50101 80104 80058 9/015=
ZZYY 32815 22091 1240/ 518110 116251 6113/
11119 30185 40185 52001
22219 00235
444 20130 22091 1108/ 50101 80120 80040 9/015=
ZZYY 32925 22091 1130/ 517535 119307 6113/
11119 30177 40177 57009
22219 00236
444 20130 22091 1109/ 50101 80120 80054 9/015=
ZZYY 32925 22091 1330/ 517535 119307 6113/
11119 30183 40183 52006
22219 00236
444 20130 22091 1109/ 50101 80120 80047 9/015=
ZZYY 55600 22091 1350/ 535027 089730 6112/
11119 40205 52009
22219 00144
444 20120 22091 1224/ 50101 80010 80000 9////=
ZZYY 55638 22091 1240/ 539971 112866 6111/
11119 39941 49941 52022
22219 00107
444 20110 22091 1115/ 50101 80100 80028 9/015=
ZZYY 32736 22091 1353/ 514192 095088 6111/
444 20110 22091 1343/ 50101 80114 80000 9/015=
ZZYY 32731 22091 1352/ 516008 082375 6112/
22219 00166
444 20120 22091 1341/ 50101 80114 80144 9/015=
ZZYY 55802 22091 1230/ 528691 109019 6111/
11119 30158 40158 52012
22219 00197
444 20110 22091 0956/ 50101 8//// 80098 9////=
ZZYY 32708 22091 1352/ 515933 087244 6112/
22219 00180
444 20120 22091 1342/ 50101 80114 80180 9/015=
ZZYY 32705 22091 1352/ 515689 091701 6111/
22219 00195
444 20110 22091 1346/ 50101 80114 80050 9/015=
ZZYY 54558 22091 1240/ 528976 080568 6113/
11119 30253 40253 52022
22219 00160
444 20130 22091 1218/ 50101 80100 80063 9/015=
ZZYY 55625 22091 1240/ 527335 091749 6112/
11119 30245 40245 52018
22219 00180
444 20120 22091 1217/ 50101 8//// 80000 9/015=
ZZYY 32702 22091 1353/ 515819 081723 6112/
22219 00170
444 20120 22091 1343/ 50101 80114 80013 9/015=
ZZYY 32526 22091 1351/ 515091 094985 6111/
22219 00201
444 20110 22091 1346/ 50101 80570 80099 9/015=
ZZYY 16949 22091 1230/ 536183 107243 6111/
11119 30015 40015 52011
22219 00147
444 20110 22091 0959/ 50101 8//// 80022 9////=
ZZYY 16949 22091 1130/ 536183 107243 6111/
11119 30010 40010 52003
22219 00145
444 20110 22091 0959/ 50101 8//// 80017 9////=
ZZYY 55952 22091 1330/ 538680 115931 6111/
444 20110 22091 1114/ 50101 80090 80011 9/015=
ZZYY 55952 22091 1230/ 538680 115931 6111/
444 20110 22091 1114/ 50101 80090 80014 9/015=
ZZYY 55927 22091 1340/ 540172 106767 6111/
11119 39920 49920 52021
22219 00116
444 20110 22091 1219/ 50101 80100 80016 9/015=
ZZYY 16607 22091 1300/ 537306 096246 6113/
22219 00131
444 20130 22091 1219/ 50101 80010 80006 9////=
ZZYY 55626 22091 1330/ 536773 082015 6113/
11119 30229 40229 52021
22219 00129
444 20130 22091 1217/ 50101 80100 80004 9/015=
ZZYY 55626 22091 1230/ 536773 082015 6113/
11119 30223 40223 52015
22219 00129
444 20130 22091 1217/ 50101 80100 80004 9/015=
ZZYY 16579 22091 1340/ 528909 093117 6112/
11119 30240 40240 52021
22219 00183
444 20120 22091 1219/ 50101 8//// 80100 9////=
ZZYY 55591 22091 1300/ 538558 124613 6112/
22219 00130
444 20120 22091 1115/ 50101 80010 80000 9////=
ZZYY 55570 22091 1200/ 538407 116521 6111/
22219 00131
444 20110 22091 1116/ 50101 80010 80000 9////=
ZZYY 16522 22091 1250/ 543472 102622 6112/
11119 49842 52002
22219 00090
444 20120 22091 1225/ 50101 80010 80024 9////=
ZZYY 32627 22091 1353/ 525649 119525 6112/
444 20120 22091 1112/ 50101 80094 80056 9/015=
ZZYY 55622 22091 1310/ 525089 117082 6113/
11119 30194 40194 52012
22219 00210
444 20130 22091 1111/ 50101 8//// 80000 9////=
ZZYY 55622 22091 1210/ 525089 117082 6113/
11119 30185 40185 52003
22219 00210
444 20130 22091 1111/ 50101 8//// 80100 9////=
ZZYY 55932 22091 1350/ 527096 080852 6113/
11119 40251 52019
22219 00163
444 20130 22091 1217/ 50101 80010 80004 9////=
ZZYY 55931 22091 1340/ 530550 088056 6113/
22219 00170
444 20130 22091 1347/ 50101 80010 80004 9////=
ZZYY 55931 22091 1240/ 530550 088063 6113/
22219 00170
444 20130 22091 1218/ 50101 80010 80005 9////=
ZZYY 54547 22091 1150/ 540584 115918 6112/
22219 00109
444 20120 22091 1116/ 50101 80010 80005 9////=
ZZYY 56604 22091 1350/ 547619 106240 6112/
11119 39807 49807 57007
22219 00070
444 20120 22091 1227/ 50101 80110 80008 9/015=
ZZYY 55928 22091 1340/ 535457 121076 6112/
11119 40099 52021
22219 00147
444 20120 22091 1114/ 50101 80010 80007 9/015=
ZZYY 55928 22091 1240/ 535457 121076 6112/
11119 40089 52016
22219 00146
444 20120 22091 1114/ 50101 80010 80006 9/015=
