####018000125####
SSVX02 CWAO 221245
ZZYY 47532 22091 1245/ 782987 062223 6113/ 11119 11103 444 20130 22091 1245/ 50701 80134 80001 9////=
####018000128####
SSVX02 CWAO 221245
ZZYY 47532 22091 1245/ 782987 062223 6113/ 11119 11103 444 20130 22091 1245/ 50701 80134 80001 9////=

####018000125####
SSVX02 CWAO 221245
ZZYY 47533 22091 1245/ 782985 062192 6113/ 22291 01011 444 20130 22091 1245/ 50701 80138 80001 9////=
####018000125####
SSVX02 CWAO 221245
ZZYY 47531 22091 1245/ 784415 064719 6113/ 11131 10000 444 20130 22091 1245/ 50701 80138 80001 9////=
####018000125####
SSVX02 CWAO 221245
ZZYY 47537 22091 1245/ 784415 064783 6113/ 22291 00003 444 20130 22091 1245/ 50701 80138 80001 9////=
####018000128####
SSVX02 CWAO 221245
ZZYY 47531 22091 1245/ 784415 064719 6113/ 11131 10000 444 20130 22091 1245/ 50701 80138 80001 9////=

####018000128####
SSVX02 CWAO 221245
ZZYY 47537 22091 1245/ 784415 064783 6113/ 22291 00003 444 20130 22091 1245/ 50701 80138 80001 9////=

####018000128####
SSVX02 CWAO 221245
ZZYY 47533 22091 1245/ 782985 062192 6113/ 22291 01011 444 20130 22091 1245/ 50701 80138 80001 9////=

####018000146####
SSVX13 LFPW 221300
ZZYY 64611 22091 1300/ 763336 025958 6111/ 11119 40002 54000 22219
 00108 444 20110 22091 1300/ 50101 80129 80000 9/015=
####018002941####
SSVX02 KARS 221258
ZZYY 33567 22091 1240/ 343205 111551 6111/
11119 30135 40135 52019
22219 00103
444 20110 22091 1237/ 50101 80100 80000 9/015=
ZZYY 16563 22091 1240/ 335156 092434 6112/
11119 30241 40241 54000
22219 00139
444 20120 22091 0959/ 50101 80110 80000 9/015=
ZZYY 14929 22091 1250/ 335989 082099 6112/
11119 30217 40217
22219 00131
444 20120 22091 1030/ 50101 80100 80100 9/015=
ZZYY 33695 22091 1251/ 339650 131175 6112/
22219 00126
444 20120 22091 1247/ 50101 80072 80005 9/015=
ZZYY 16573 22091 1240/ 338581 140921 6112/
11119 30105 40105 52039
22219 00141
444 20120 22091 1248/ 50101 80100 80003 9/015=
ZZYY 33951 22091 1250/ 338955 087232 6112/
22219 00117
444 20120 22091 0959/ 50101 80072 80054 9/015=
ZZYY 16595 22091 1140/ 327934 089131 6113/
11119 30277 40277 52002
22219 00201
444 20130 22091 1000/ 50101 80080 80000 9/015=
ZZYY 16595 22091 1040/ 327934 089131 6113/
11119 30275 40275 57002
22219 00202
444 20130 22091 1000/ 50101 80080 80000 9/015=
ZZYY 16594 22091 1240/ 340852 136928 6111/
11119 30034 40034 52069
22219 00121
444 20110 22091 1247/ 50101 80090 80000 9/015=
ZZYY 17517 22091 1050/ 334007 080977 6111/
11119 30246 40246 57010
22219 00148
444 20110 22091 1030/ 50101 80110 80000 9/015=
ZZYY 17660 22091 1150/ 327683 101583 6111/
11119 30256 40256 52010
22219 00202
444 20110 22091 1001/ 50101 80110 80049 9////=
ZZYY 17660 22091 1050/ 327683 101583 6111/
11119 30250 40250 52004
22219 00202
444 20110 22091 1001/ 50101 80110 80000 9////=
ZZYY 33690 22091 1251/ 342386 099690 6112/
22219 00108
444 20120 22091 1247/ 50101 80074 80104 9/015=
ZZYY 56907 22091 1230/ 348273 141930 6111/
11119 39900 49900 52026
444 20110 22091 1236/ 50101 80123 80000 9/015=
ZZYY 14915 22091 1240/ 328911 094819 6112/
11119 30274 40274 52009
22219 00175
444 20120 22091 1000/ 50101 80080 80004 9/015=
ZZYY 14915 22091 1140/ 328911 094819 6112/
11119 30269 40269 52006
22219 00175
444 20120 22091 1000/ 50101 80090 80004 9/015=
ZZYY 33692 22091 1252/ 341324 091063 6111/
22219 00108
444 20110 22091 1248/ 50101 80074 80054 9/015=
ZZYY 33569 22091 1250/ 337039 085584 6111/
11119 30203 40203 57002
22219 00124
444 20110 22091 1030/ 50101 80110 80007 9/015=
ZZYY 55615 22091 1220/ 337985 089318 6111/
11119 30186 40186 52001
22219 00119
444 20110 22091 1249/ 50101 8//// 80100 9////=
ZZYY 55595 22091 1240/ 341348 091774 6113/
11119 40122 57009
22219 00114
444 20130 22091 0958/ 50101 80009 80000 9////=
ZZYY 55595 22091 1140/ 341348 091774 6113/
11119 40125 57031
22219 00113
444 20130 22091 0958/ 50101 80009 80002 9////=
ZZYY 23678 22091 1251/ 340048 089300 6111/
22219 00111
444 20110 22091 1248/ 50101 80049 80099 9////=
ZZYY 16513 22091 1200/ 336300 099448 6111/
11119 30206 40206 52015
22219 00143
444 20110 22091 1248/ 50101 8//// 80000 9////=
####018000146####
SSVX13 LFPW 221300
ZZYY 64607 22091 1300/ 762199 056374 6111/ 11119 40131 52005 22219
 00058 444 20110 22091 1300/ 50101 80108 80000 9/015=
