####018000271####
SSVX08 KARS 220437
ZZYY 13002 21091 1200/ 720460 023120 6111/
33311 88872 20001 32497 43644 20020 32494 43644 20040 31995 43539
20060 31761 43572 20080 31715 20100 31663 20120 31617 20140 31582
20180 31537 20300 31407 20500 31195
444 20110 21091 1155/ 521//=
####018006515####
SSVX02 KARS 220437
ZZYY 41719 22091 0410/ 733341 055043 6112/
11119 40261 57003
22219 00288
444 20120 22091 0232/ 50101 80009 80000 9////=
ZZYY 42538 22091 0429/ 733513 053885 6112/
22219 00286
444 20120 22091 0052/ 50101 80100 80001 9////=
ZZYY 41915 22091 0430/ 734424 056918 6112/
11119 30263 40263 57003
22219 00274
444 20120 22091 0231/ 50101 80110 80000 9/015=
ZZYY 44882 22091 0430/ 729783 062433 6111/
11119 40238 57006
444 20110 22091 0232/ 50101 80009 80000 9////=
ZZYY 41912 22091 0310/ 734876 056724 6111/
11119 30263 40263 57001
22219 00272
444 20110 22091 0232/ 50101 80110 80063 9/015=
ZZYY 42547 22091 0429/ 738461 037142 6111/
22219 00237
444 20110 22091 0425/ 50101 80094 80001 9/015=
ZZYY 44514 22091 0432/ 749307 022027 6113/
22219 00146
444 20130 22091 0424/ 50101 80142 80001 9/015=
ZZYY 44516 22091 0432/ 749145 026271 6113/
22219 00152
444 20130 22091 0422/ 50101 80140 80030 9/015=
ZZYY 13907 22091 0420/ 726781 036253 6112/
11119 30210 40210 57011
22219 00266
444 20120 22091 0406/ 50101 80110 80000 9/015=
ZZYY 44932 22091 0431/ 750895 025323 6111/
22219 00141
444 20110 22091 0423/ 50101 80142 80003 9/015=
ZZYY 44518 22091 0431/ 743100 022838 6112/
22219 00200
444 20120 22091 0426/ 50101 80142 80001 9/015=
ZZYY 13568 22091 0110/ 725256 052322 6112/
11119 30231 40231 52006
22219 00281
444 20120 22091 0053/ 50101 80100 80000 9////=
ZZYY 13568 22091 0410/ 725256 052322 6112/
11119 30223 40223 57008
22219 00280
444 20120 22091 0053/ 50101 80100 80000 9////=
ZZYY 13567 22091 0340/ 727929 053714 6112/
11119 30241 40241 57005
22219 00282
444 20120 22091 0051/ 50101 80100 80000 9////=
ZZYY 13567 22091 0240/ 727929 053714 6112/
11119 30244 40244 54000
22219 00282
444 20120 22091 0051/ 50101 80100 80000 9////=
ZZYY 44519 22091 0431/ 750858 019506 6112/
22219 00145
444 20120 22091 0423/ 50101 80140 80002 9/015=
ZZYY 41960 22091 0420/ 739323 068719 6113/
11119 30245 40245
22219 00264
444 20130 22091 0231/ 50101 80110 80098 9/015=
ZZYY 41972 22091 0330/ 737598 060442 6112/
11119 30274 40274
22219 00264
444 20120 22091 0232/ 50101 80120 80060 9/015=
ZZYY 41972 22091 0430/ 737598 060442 6112/
11119 30273 40273
22219 00264
444 20120 22091 0232/ 50101 80110 80068 9/015=
ZZYY 42508 22091 0431/ 735897 049376 6113/
22219 00272
444 20130 22091 0051/ 50101 80126 80002 9/015=
ZZYY 44554 22091 0431/ 733786 038108 6111/
444 20110 22091 0404/ 50101 80098 80099 9/015=
ZZYY 41997 22091 0431/ 744044 040063 6112/
444 20120 22091 0425/ 50101 80094 80035 9/015=
ZZYY 44931 22091 0410/ 746244 027482 6113/
11119 30161 40161 57023
22219 00181
444 20130 22091 0400/ 50101 80138 80001 9/015=
ZZYY 41942 22091 0350/ 737326 046498 6113/
11119 30264 40264 57002
22219 00242
444 20130 22091 0052/ 50101 80120 80009 9/015=
ZZYY 62729 22091 0432/ 739735 026317 6112/
22219 00219
444 20120 22091 0427/ 50101 80116 80016 9/015=
ZZYY 41914 22091 0431/ 739259 036318 6112/
22219 00238
444 20120 22091 0427/ 50101 80116 80014 9/015=
ZZYY 44943 22091 0250/ 737760 054054 6112/
11119 30260 40260 57004
22219 00266
444 20120 22091 0233/ 50101 80100 80019 9/015=
ZZYY 44899 22091 0430/ 729504 044917 6113/
444 20130 22091 0051/ 50101 80118 9/015=
ZZYY 62726 22091 0431/ 736127 019029 6111/
22219 00230
444 20110 22091 0400/ 50101 80120 80013 9/015=
ZZYY 44924 22091 0432/ 748629 033965 6112/
22219 00155
444 20120 22091 0359/ 50101 80102 9/015=
ZZYY 41956 22091 0431/ 730659 064131 6112/
444 20120 22091 0121/ 50101 9/015=
ZZYY 41565 22091 0340/ 729264 051089 6112/
11119 30252 40252 57007
22219 00280
444 20120 22091 0051/ 50101 80120 80005 9/015=
ZZYY 41903 22091 0432/ 736595 040739 6111/
22219 00246
444 20110 22091 0427/ 50101 80074 80003 9/015=
ZZYY 41983 22091 0432/ 741071 038856 6111/
22219 00231
444 20110 22091 0425/ 50101 80078 80024 9/015=
ZZYY 44886 22091 0432/ 728973 036930 6113/
22219 00267
444 20130 22091 0405/ 50101 80074 80003 9/015=
ZZYY 44553 22091 0432/ 729707 059886 6112/
22219 00282
444 20120 22091 0228/ 50101 80087 80010 9/015=
ZZYY 41606 22091 0432/ 735312 041588 6112/
22219 00263
444 20120 22091 0427/ 50101 80057 80006 9/015=
ZZYY 62909 22091 0431/ 730607 026700 6113/
22219 00258
444 20130 22091 0401/ 50101 80108 80003 9/015=
ZZYY 44921 22091 0430/ 738170 030198 6112/
22219 00236
444 20120 22091 0425/ 50101 8//// 80001 9/015=
ZZYY 62723 22091 0431/ 740042 030268 6111/
22219 00222
444 20110 22091 0424/ 50101 80079 80006 9/015=
ZZYY 44894 22091 0431/ 742194 033347 6111/
22219 00209
444 20110 22091 0425/ 50101 80078 80005 9/015=
ZZYY 44915 22091 0431/ 736047 054918 6112/
22219 00273
444 20120 22091 0051/ 50101 80118 80013 9/015=
ZZYY 44939 22091 0431/ 737231 037912 6111/
22219 00244
444 20110 22091 0250/ 50101 80052 80003 9/015=
ZZYY 41933 22091 0320/ 737127 061912 6112/
11119 30275 40275 57002
22219 00268
444 20120 22091 0231/ 50101 80120 80052 9/015=
ZZYY 62930 22091 0431/ 726617 031402 6112/
22219 00262
444 20120 22091 0406/ 50101 80084 80015 9/015=
ZZYY 41610 22091 0429/ 731681 056590 6111/
22219 00288
444 20110 22091 0051/ 50101 80094 80001 9/015=
ZZYY 44905 22091 0320/ 736295 058207 6111/
11119 30265 40265 57001
22219 00270
444 20110 22091 0233/ 50101 8//// 80000 9/015=
ZZYY 44903 22091 0340/ 736999 062510 6113/
11119 30267 40267 57003
22219 00271
444 20130 22091 0231/ 50101 8//// 80000 9/015=
ZZYY 44903 22091 0240/ 736999 062510 6113/
11119 30268 40268 54000
22219 00271
444 20130 22091 0231/ 50101 8//// 80000 9/015=
ZZYY 62905 22091 0310/ 736820 053953 6111/
11119 30258 40258 57005
22219 00269
444 20110 22091 0233/ 50101 8//// 80000 9/015=
ZZYY 44881 22091 0431/ 736329 033131 6113/
22219 00249
444 20130 22091 0401/ 50101 80074 80001 9/015=
ZZYY 41980 22091 0400/ 717338 048451 6112/
11119 30150 40150 57015
22219 00276
444 20120 22091 0050/ 50101 80120 80041 9/015=
ZZYY 42536 22091 0430/ 735452 057262 6111/
22219 00270
444 20110 22091 0236/ 50101 80118 80001 9/015=
ZZYY 42518 22091 0430/ 728758 039105 6112/
22219 00274
444 20120 22091 0404/ 50101 80118 80001 9/015=
ZZYY 44911 22091 0320/ 753440 012284 6111/
11119 30152 40152 52004
444 20110 22091 0355/ 50101 80123 80002 9/015=
ZZYY 43537 22091 0429/ 738390 065995 6113/
444 20130 22091 0231/ 50101 80122 80014 9/015=
####018000134####
SSVX13 LFPW 220500
ZZYY 44722 22091 0500/ 756376 024712 6110/ 11119 40061 57018 444
 20100 22091 0500/ 50101 80108 80000 9/015=
