####018001189####
SSVX08 KARS 220959
ZZYY 13001 21091 1200/ 711482 022977 6111/
33311 88872 20001 32883 43513 20020 32823 43556 20040 32122 43592
20060 31725 43575 20080 31544 20100 31440 20120 31360 20140 31326
20180 31282 20300 31133 20500 30955
444 20110 21091 1155/ 521//=
ZZYY 15002 21091 1200/ 700011 009863 6112/
33311 88872 20001 32424 20020 32402 43578 20040 32216 43583
20060 32046 43605 20080 31848 20100 31616 20120 31506 20140 31467
20180 31402 20300 31065 20500 30733
444 20120 21091 1022/ 521//=
ZZYY 13002 21091 1200/ 720460 023120 6111/
33311 88872 20001 32497 43644 20020 32494 43644 20040 31995 43539
20060 31761 43572 20080 31715 20100 31663 20120 31617 20140 31582
20180 31537 20300 31407 20500 31195
444 20110 21091 1155/ 521//=
ZZYY 13002 22091 09004 720461 023124 6113/
11119 00510 10249 29090
22219 00250
444 20130 22091 0832/ 521// 60401=
ZZYY 13010 21091 12004 300017 000002 6111/
11119 01812 10254 29087
22219 00262
33311 88872 20000 32615 20001 32611 20020 32609 43543
20040 32287 43570 20060 31880 20080 31713 20100 31617
20120 31543 43560 20140 31510 20180 31487 20300 31063 20500 30766
444 20110 21091 1235/ 521// 60001=
####018004031####
SSVX02 KARS 220959
ZZYY 13904 22091 0954/ 717110 019353 6112/
22219 00278
444 20120 22091 0720/ 50101 80128 80001 9/015=
ZZYY 62724 22091 0950/ 739407 026513 6112/
11119 30225 40225 54000
22219 00224
444 20120 22091 0951/ 50101 80120 80029 9/015=
ZZYY 44514 22091 0953/ 749375 022048 6111/
22219 00147
444 20110 22091 0949/ 50101 80142 80002 9/015=
ZZYY 44516 22091 0951/ 749168 026259 6112/
22219 00151
444 20120 22091 0853/ 50101 80138 80031 9/015=
ZZYY 44932 22091 0950/ 750909 025302 6112/
22219 00141
444 20120 22091 0722/ 50101 80142 80005 9/015=
ZZYY 44518 22091 0954/ 743045 022823 6112/
22219 00199
444 20120 22091 0950/ 50101 80142 80001 9/015=
ZZYY 44519 22091 0951/ 750900 019460 6112/
22219 00146
444 20120 22091 0948/ 50101 80140 80001 9/015=
ZZYY 62926 22091 0950/ 759934 018009 6111/
22219 00117
444 20110 22091 0920/ 50101 80110 80005 9/015=
ZZYY 44900 22091 0900/ 731058 010507 6113/
11119 30198 40198 52014
444 20130 22091 0825/ 50101 80120 80053 9/015=
ZZYY 44926 22091 0950/ 746971 029470 6111/
11119 30108 40108 57004
22219 00151
444 20110 22091 0853/ 50101 80138 80002 9/015=
ZZYY 44925 22091 0950/ 749108 023343 6112/
11119 30129 40129 57019
22219 00144
444 20120 22091 0848/ 50101 80138 80002 9/015=
ZZYY 62729 22091 0954/ 739730 026334 6113/
22219 00219
444 20130 22091 0823/ 50101 80116 80016 9/015=
ZZYY 13912 22091 0830/ 725444 031482 6113/
11119 30199 40199 52007
22219 00259
444 20130 22091 0721/ 50101 80110 80031 9/015=
ZZYY 62725 22091 0953/ 742291 020434 6111/
22219 00203
444 20110 22091 0949/ 50101 80118 80015 9/015=
ZZYY 62726 22091 0950/ 736103 019031 6112/
444 20120 22091 0824/ 50101 8//// 80014 9/015=
ZZYY 44930 22091 0948/ 765438 001691 6112/
444 20120 22091 0938/ 50101 80092 80099 9/015=
ZZYY 62722 22091 0950/ 738597 024664 6111/
11119 30237 40237 52006
22219 00228
444 20110 22091 0951/ 50101 80110 80031 9/015=
ZZYY 62722 22091 0850/ 738589 024656 6113/
11119 30241 40241 52010
22219 00227
444 20130 22091 0824/ 50101 80110 80032 9/015=
ZZYY 44917 22091 0920/ 742574 015415 6113/
11119 30254 40254 52006
444 20130 22091 0949/ 50101 80100 80063 9/015=
ZZYY 44917 22091 0820/ 742559 015405 6113/
11119 30252 40252 52004
444 20130 22091 0821/ 50101 80100 80063 9/015=
ZZYY 62909 22091 0954/ 730601 026699 6113/
22219 00258
444 20130 22091 0825/ 50101 80108 80003 9/015=
ZZYY 62723 22091 0954/ 740027 030236 6112/
22219 00222
444 20120 22091 0854/ 50101 80079 80005 9/015=
ZZYY 44942 22091 0940/ 761037 013202 6111/
11119 30004 40004 52017
22219 00118
444 20110 22091 0947/ 50101 80110 80000 9/015=
ZZYY 13600 22091 0900/ 733462 025775 6113/
11119 30239 40239 52010
22219 00247
444 20130 22091 0831/ 50101 80110 80011 9/015=
ZZYY 62727 22091 0954/ 741560 019706 6112/
22219 00207
444 20120 22091 0949/ 50101 80118 80015 9/015=
ZZYY 13956 22091 0900/ 728617 015894 6113/
11119 30198 40198 52011
22219 00236
444 20130 22091 0825/ 50101 80120 80006 9/015=
ZZYY 63964 22091 0946/ 173817 023042 6112/
444 20120 22091 0937/ 50101 80009 80012 9/015=
ZZYY 63951 22091 0947/ 765678 001351 6112/
22219 00107
444 20120 22091 0938/ 50101 80008 80008 9/015=
ZZYY 13589 22091 0954/ 728683 014011 6112/
22219 00284
444 20120 22091 0951/ 50101 80110 80000 9/015=
ZZYY 41957 22091 0910/ 733378 028356 6112/
11119 30225 40225 52008
22219 00256
444 20120 22091 0825/ 50101 80110 80035 9/015=
ZZYY 64933 22091 0940/ 769283 003056 6111/
22219 00101
33311 88872 20000 31010 43513
444 20110 22091 0937/ 50101 80010 80010 9////=
ZZYY 44904 22091 0930/ 746854 027789 6111/
11119 30121 40121 57007
22219 00168
444 20110 22091 0947/ 50101 80130 80001 9/015=
ZZYY 63966 22091 0947/ 171476 015236 6112/
22219 00103
444 20120 22091 0937/ 50101 80009 80008 9/015=
ZZYY 44923 22091 0920/ 752673 028182 6113/
11119 39975 49975 52003
22219 00125
444 20130 22091 0853/ 50101 80130 80002 9/015=
####018000146####
SSVX13 LFPW 221000
ZZYY 41632 22091 1000/ 722515 039838 6113/ 11119 40200 52012 22219
 00267 444 20130 22091 0956/ 50101 80124 80082 9/015=
####018000146####
SSVX13 LFPW 221000
ZZYY 64607 22091 1000/ 762208 056267 6110/ 11119 40126 52007 22219
 00056 444 20100 22091 1000/ 50101 80108 80000 9/015=
####018000137####
SSVB05 RJTD 220900
ZZYY 21599 22091 0900/ 133342 142824
11109 0//// 1//// 2//// 30027 40027 5////
22209 00276 10807 20084 21037=
####018000140####
SSVB05 RJTD 220900
ZZYY 21599 22091 0900/ 133342 142824
11109 0//// 1//// 2//// 30027 40027 5////
22209 00276 10807 20084 21037=

####018000879####
SSVX08 KARS 221001
ZZYY 13002 21091 1200/ 720460 023120 6111/
33311 88872 20001 32497 43644 20020 32494 43644 20040 31995 43539
20060 31761 43572 20080 31715 20100 31663 20120 31617 20140 31582
20180 31537 20300 31407 20500 31195
444 20110 21091 1155/ 521//=
ZZYY 13002 22091 09004 720461 023124 6113/
11119 00510 10249 29090
22219 00250
444 20130 22091 0832/ 521// 60401=
ZZYY 13001 21091 1200/ 711482 022977 6111/
33311 88872 20001 32883 43513 20020 32823 43556 20040 32122 43592
20060 31725 43575 20080 31544 20100 31440 20120 31360 20140 31326
20180 31282 20300 31133 20500 30955
444 20110 21091 1155/ 521//=
ZZYY 13001 22091 09004 711491 023000 6112/
11119 00603 10288 29079 40137
22219 00287
444 20120 22091 0835/ 521// 60401=
ZZYY 28401 21091 1200/ 132429 144535 6111/
33311 88872 20001 32741 43300
444 20110 21091 1010/ 521//=
####018009531####
SSVX02 KARS 221001
ZZYY 32679 22091 0948/ 128385 158895 6111/
444 20110 22091 0935/ 50101 80102 80001 9/015=
ZZYY 53604 22091 0952/ 133448 151199 6112/
22219 00275
444 20120 22091 0921/ 50101 80132 80002 9/015=
ZZYY 53601 22091 0956/ 139553 150915 6111/
22219 00236
444 20110 22091 0952/ 50101 80130 80004 9/015=
ZZYY 21896 22091 0910/ 119518 127466 6113/
11119 30075 40075 52253
22219 00292
444 20130 22091 0820/ 50101 80090 80000 9/015=
ZZYY 21576 22091 0950/ 142067 151304 6112/
11119 39962 49962 57236
22219 00205
444 20120 22091 0923/ 50101 80110 80034 9/015=
ZZYY 21514 22091 0940/ 139080 145551 6111/
11119 30024 40024 57225
22219 00219
444 20110 22091 0951/ 50101 80120 80019 9/015=
ZZYY 14940 22091 0952/ 138791 149342 6111/
22219 00249
444 20110 22091 0922/ 50101 8//// 80099 9/015=
ZZYY 52920 22091 0950/ 121189 151054 6111/
22219 00284
444 20110 22091 0934/ 50101 80121 80024 9/015=
ZZYY 21915 22091 0955/ 137416 146641 6112/
22219 00247
444 20120 20091 2224/ 50101 80000 80000 9/015=
ZZYY 21894 22091 0954/ 140940 157961 6113/
22219 00208
444 20130 22091 0922/ 50101 80110 80064 9/015=
ZZYY 51957 22091 0952/ 126523 134011 6111/
22219 00272
444 20110 22091 0936/ 50101 80119 80255 9/015=
ZZYY 21624 22091 0940/ 135890 154740 6111/
11119 30151 40151 57247
22219 00256
444 20110 22091 0936/ 50101 80100 80006 9/015=
ZZYY 21856 22091 0950/ 145268 162617 6113/
11119 30082 40082 57037
22219 00162
444 20130 22091 0922/ 50101 80140 80063 9/015=
ZZYY 32619 22091 0951/ 135275 154366 6113/
22219 00274
444 20130 22091 0922/ 50101 8//// 80077 9////=
ZZYY 21616 22091 0956/ 137936 145325 6112/
22219 00227
444 20120 22091 0649/ 50101 80120 80043 9/015=
ZZYY 21537 22091 0956/ 141746 154069 6113/
22219 00223
444 20130 22091 0951/ 50101 80110 80049 9/015=
ZZYY 21926 22091 0952/ 134189 159336 6111/
22219 00272
444 20110 22091 0936/ 50101 80110 80011 9/015=
ZZYY 52593 22091 0840/ 125572 126581 6113/
11119 30103 40103 57002
22219 00277
444 20130 22091 0822/ 50101 80110 80014 9/015=
ZZYY 52836 22091 0949/ 117592 142974 6112/
444 20120 22091 0934/ 50101 80126 9/015=
ZZYY 53524 22091 0952/ 128323 134128 6112/
22219 00278
444 20120 22091 0937/ 50101 80092 80006 9/015=
ZZYY 52594 22091 0952/ 130490 151462 6111/
22219 00273
444 20110 22091 0935/ 50101 80126 80003 9/015=
ZZYY 52907 22091 0950/ 112382 138441 6113/
22219 00314
444 20130 22091 0934/ 50101 80110 80004 9/015=
ZZYY 53908 22091 0948/ 120641 129718 6111/
444 20110 22091 0935/ 50101 80138 80003 9/015=
ZZYY 52601 22091 0950/ 120316 157775 6112/
22219 00284
444 20120 22091 0936/ 50101 80115 80007 9/015=
ZZYY 14946 22091 0950/ 132280 170935 6112/
22219 00274
444 20120 22091 0921/ 50101 8//// 80000 9/015=
ZZYY 22919 22091 0950/ 131867 170317 6113/
22219 00279
444 20130 22091 0937/ 50101 80009 80000 9/015=
ZZYY 53525 22091 0955/ 137262 149915 6112/
22219 00253
444 20120 22091 0952/ 50101 80136 80002 9/015=
ZZYY 21622 22091 0950/ 132348 137569 6111/
11119 30046 40046 57228
22219 00259
444 20110 22091 0828/ 50101 80100 80000 9/015=
ZZYY 21608 22091 0930/ 135426 130178 6113/
22219 00237=
ZZYY 51859 22091 0952/ 129168 151986 6111/
22219 00276
444 20110 22091 0935/ 50101 80460 80002 9/015=
ZZYY 22574 22091 0951/ 127527 130103 6111/
22219 00266
444 20110 22091 0821/ 50101 80009 80000 9////=
ZZYY 22572 22091 0952/ 137232 155278 6111/
22219 00253
444 20110 22091 0937/ 50101 80010 80089 9////=
ZZYY 21895 22091 0954/ 136119 149668 6111/
22219 00261
444 20110 22091 0937/ 50101 80120 80033 9/015=
ZZYY 52916 22091 0952/ 127700 131087 6111/
22219 00258
444 20110 22091 0820/ 50101 80107 80010 9/015=
ZZYY 22579 22091 0951/ 129820 153980 6111/
22219 00275
444 20110 22091 0935/ 50101 80007 80006 9/015=
ZZYY 51864 22091 0952/ 133065 146892 6111/
22219 00275
444 20110 22091 0757/ 50101 80117 80013 9/015=
ZZYY 53910 22091 0952/ 138017 163241 6111/
22219 00261
444 20110 22091 0937/ 50101 80136 80002 9/015=
ZZYY 51848 22091 0952/ 132090 166214 6111/
22219 00275
444 20110 22091 0936/ 50101 80119 80004 9/015=
ZZYY 22626 22091 0951/ 133043 163105 6111/
22219 00274
444 20110 22091 0936/ 50101 80008 80000 9////=
ZZYY 22634 22091 0953/ 129044 149193 6111/
22219 00277
444 20110 22091 0756/ 50101 80048 80000 9////=
ZZYY 51861 22091 0954/ 134646 144033 6111/
22219 00276
444 20110 22091 0648/ 50101 80005 80000 9////=
ZZYY 53578 22091 0953/ 140597 155499 6113/
22219 00220
444 20130 22091 0950/ 50101 80108 80020 9/015=
ZZYY 52914 22091 0955/ 134926 143448 6111/
22219 00275
444 20110 22091 0951/ 50101 80069 80005 9/015=
ZZYY 21526 22091 1000/ 140264 142253 6111/
11119 30025 40025 57232
22219 00194
444 20110 22091 0924/ 50101 80120 80015 9/015=
ZZYY 52678 22091 0952/ 128027 161262 6111/
22219 00278
444 20110 22091 0935/ 50101 8//// 80009 9////=
ZZYY 52842 22091 0952/ 131983 164006 6111/
22219 00277
444 20110 22091 0936/ 50101 80010 80043 9/015=
ZZYY 52901 22091 0951/ 132671 170081 6111/
22219 00272
444 20110 22091 0937/ 50101 80010 80058 9/015=
ZZYY 21625 22091 0955/ 135495 147269 6111/
22219 00241
444 20110 22091 0512/ 50101 80120 80078 9/015=
ZZYY 21923 22091 0953/ 139909 154823 6112/
22219 00226
444 20120 22091 0922/ 50101 80120 80067 9/015=
ZZYY 21921 22091 0956/ 138798 146894 6113/
22219 00237
444 20130 22091 0648/ 50101 80120 80000 9/015=
ZZYY 51829 22091 0952/ 127258 144388 6111/
22219 00273
444 20110 22091 0935/ 50101 80119 80010 9/015=
ZZYY 52838 22091 0951/ 126572 143282 6111/
22219 00276
444 20110 22091 0758/ 50101 80123 80014 9/015=
ZZYY 52815 22091 0952/ 129161 161961 6111/
22219 00279
444 20110 22091 0935/ 50101 80121 80010 9/015=
ZZYY 53517 22091 0950/ 117667 129638 6111/
22219 00304
444 20110 22091 0935/ 50101 80094 80011 9/015=
ZZYY 51668 22091 0951/ 123131 147951 6111/
444 20110 22091 0933/ 50101 80121 80024 9/015=
ZZYY 21521 22091 0955/ 135706 163582 6111/
22219 00258
444 20110 22091 0951/ 50101 80110 80004 9/015=
ZZYY 52611 22091 0951/ 130145 166562 6113/
22219 00274
444 20130 22091 0920/ 50101 80105 80000 9/015=
ZZYY 52591 22091 0950/ 122510 148149 6111/
22219 00282
444 20110 22091 0933/ 50101 80121 80013 9/015=
ZZYY 51744 22091 0952/ 134258 168192 6111/
22219 00270
444 20110 22091 0936/ 50101 80121 80004 9/015=
ZZYY 32667 22091 0952/ 127670 158408 6111/
22219 00278
444 20110 22091 0936/ 50101 80049 80000 9////=
ZZYY 13517 22091 0840/ 735020 017363 6112/
11119 30237 40237 52002
22219 00235
444 20120 22091 0825/ 50101 80120 80063 9/015=
ZZYY 54946 22091 0710/ 536021 152056 6113/
11119 38500 48500 57032
22219 00150
444 20130 22091 0714/ 50101 80110 80030 9/015=
ZZYY 54946 22091 0610/ 536020 152056 6111/
11119 38500 48500 54000
22219 00150
444 20110 22091 0607/ 50101 80110 80016 9/015=
ZZYY 51944 22091 0850/ 527165 156254 6113/
22219 00205
33311 88872 20000 32050 42048
444 20130 22091 0737/ 50101 80080 80000 9/015=
ZZYY 51945 22091 0850/ 533994 159180 6112/
22219 00165
33311 88872 20000 31650 42048
444 20120 22091 0856/ 50101 80060 80068 9/015=
ZZYY 55922 22091 0800/ 539630 158316 6112/
11119 39998 49998 57022
22219 00125
444 20120 22091 0735/ 50101 80110 80011 9/015=
ZZYY 51940 22091 0840/ 525344 169879 6111/
22219 00223
33311 88872 20000 32225 43547
444 20110 22091 0920/ 50101 80080 80021 9/015=
ZZYY 51952 22091 0840/ 525912 149349 6112/
22219 00227
33311 88872 20000 32270 43584
444 20120 22091 0738/ 50101 80100 80014 9/015=
ZZYY 51953 22091 0900/ 528906 152773 6112/
22219 00196
33311 88872 20000 31960 42048
444 20120 22091 0737/ 50101 80080 80097 9/015=
ZZYY 51946 22091 0840/ 525354 165236 6113/
22219 00215
33311 88872 20000 32145 42048
444 20130 22091 0739/ 50101 80070 80002 9/015=
ZZYY 54942 22091 0900/ 533075 161429 6112/
11119 30057 40057 57007
22219 00167
444 20120 22091 0736/ 50101 8//// 80100 9////=
ZZYY 54948 22091 0840/ 529999 150413 6113/
11119 40103 52004
22219 00195
444 20130 22091 0736/ 50101 80010 80000 9////=
ZZYY 54948 22091 0740/ 529999 150413 6113/
11119 40103 52008
22219 00196
444 20130 22091 0736/ 50101 80010 80000 9////=
ZZYY 55566 22091 0840/ 535972 146765 6112/
22219 00150
444 20120 22091 0856/ 50101 80009 80000 9////=
ZZYY 55911 22091 0830/ 536993 157343 6111/
11119 40023 57004
22219 00143
444 20110 22091 0855/ 50101 80010 80016 9////=
ZZYY 54550 22091 0840/ 531945 143558 6111/
11119 40138 57024
22219 00182
444 20110 22091 0714/ 50101 80010 80009 9////=
ZZYY 54550 22091 0740/ 531945 143558 6111/
11119 40157 57009
22219 00182
444 20110 22091 0714/ 50101 80010 80007 9////=
ZZYY 51655 22091 0900/ 528543 169883 6111/
22219 00188
444 20110 22091 0919/ 50101 80101 80012 9/015=
ZZYY 32564 22091 0900/ 533948 133327 6113/
22219 00145
444 20130 22091 0820/ 50101 80007 80098 9/015=
ZZYY 32684 22091 0900/ 518603 158569 6112/
22219 00261
444 20120 22091 0739/ 50101 80102 80019 9/015=
ZZYY 32682 22091 0900/ 521546 155382 6112/
22219 00253
444 20120 22091 0738/ 50101 80100 80013 9/015=
ZZYY 34538 22091 0859/ 530327 142995 6111/
22219 00190
444 20110 22091 0736/ 50101 80010 80000 9////=
ZZYY 55951 22091 0830/ 538217 133424 6112/
11119 30126 40126 52011
22219 00129
444 20120 22091 0821/ 50101 80100 80006 9/015=
####018000411####
SSVX13 KARS 221001
ZZYY 21574 22091 0950/ 142065 171063 6112/
11119 30214 40214 52013
22219 00187
444 20120 22091 0921/ 50101 80120 80100 9/015=
ZZYY 55645 22091 0800/ 336180 170596 6112/
11119 40153 52028
22219 00149
444 20120 22091 0738/ 50101 80110 80000 9/015=
ZZYY 55961 22091 0800/ 334373 163914 6111/
11119 40195 52017
22219 00157
444 20110 22091 0740/ 50101 80110 80016 9/015=
####018000146####
SSVX13 LFPW 220957
ZZYY 64517 22091 0957/ 763001 010339 6113/ 11119 49955 52021 22219
 00100 444 20130 22091 0855/ 50101 80132 80002 9/015=
####018001137####
SSVX11 LFVW 221001
ZZYY 21210 21091 23004 138123 146414 6112/
11119 02027 10264 29085 49954
22219 00250
444 20120 21091 2342/ 522// 60371=
ZZYY 21210 22091 05004 138098 146403 6111/
11119 01208 10201 29089 49973
22219 00245
444 20110 22091 0509/ 522// 60371=
ZZYY 21210 22091 03004 138096 146409 6112/
11119 03110 10201 29093 49963
22219 00247
444 20120 22091 0336/ 522// 60371=
ZZYY 21210 22091 01004 138114 146420 6111/
11119 03215 10207 29092 49960
22219 00250
444 20110 22091 0120/ 522// 60371=
ZZYY 21210 22091 06004 138096 146395 6111/
11119 01507 10204 29086 49978
22219 00242
444 20110 22091 0516/ 522// 60371=
ZZYY 21210 22091 08004 138081 146384 6111/
11119 03611 10204 29082 40000
22219 00240=
ZZYY 21210 22091 04004 138101 146411 6111/
11119 03011 10200 29092 49971
22219 00246
444 20110 22091 0402/ 522// 60371=
ZZYY 21210 22091 02004 138104 146418 6112/
11119 03211 10202 29094 49962
22219 00249
444 20120 22091 0221/ 522// 60371=
ZZYY 21210 22091 00004 138123 146414 6112/
11119 02324 10248 29086 49959
22219 00250
444 20120 21091 2342/ 522// 60371=
####018000283####
SSVX13 LFVW 221001
ZZYY 56511 22091 0840/ 544633 129574 6112/
11119 30057 40057 52006
22219 00084
444 20120 22091 0855/ 50101 80100 80000 9/015=
ZZYY 17572 22091 1000/ 344538 147371 6110/
11119 40000 57021
22219 00132
444 20100 22091 0859/ 50101 80114 80000 9/015=
####018000797####
SSVX02 LFVW 221001
ZZYY 21731 22091 0952/ 145308 140209 6112/
22219 00193
444 20120 22091 0802/ 50101 80138 80008 9/015=
ZZYY 22691 22091 0953/ 138717 131726 6111/
22219 00220
444 20110 22091 0829/ 50101 80146 80002 9/015=
ZZYY 21732 22091 0957/ 143044 144849 6111/
22219 00125
444 20110 22091 0953/ 50101 80015 80000 9/015=
ZZYY 21735 22091 0955/ 137155 130611 6112/
22219 00241
444 20120 22091 0953/ 50101 80038 80006 9/015=
ZZYY 54501 22091 0859/ 523147 178755 6112/
22219 00228
33311 88872 20000 32283 43485
444 2012/ 22091 0921/ 50101 9/015=
ZZYY 62777 22091 0930/ 745840 002863 6113/
22219 00190
444 20130 22091 0955/ 50101 80122 80100 9/015=
ZZYY 62777 22091 0900/ 745840 002865 6113/
22219 00190
444 20130 22091 0925/ 50101 80122 80100 9/015=
####018000146####
SSVX13 LFPW 220957
ZZYY 17930 22091 0957/ 549060 013820 6113/ 11119 40139 52004 22219
 00036 444 20130 22091 0855/ 50101 80136 80010 9/015=
####018000146####
SSVX13 LFPW 220957
ZZYY 17929 22091 0957/ 547221 055249 6113/ 11119 40220 52025 22219
 00060 444 20130 22091 0855/ 50101 80140 80006 9/015=
####018000146####
SSVX13 LFPW 220957
ZZYY 17932 22091 0957/ 545136 018245 6113/ 11119 40137 57021 22219
 00081 444 20130 22091 0855/ 50101 80140 80015 9/015=
####018000146####
SSVX13 LFPW 220957
ZZYY 64616 22091 0957/ 761284 012110 6113/ 11119 40006 52021 22219
 00118 444 20130 21091 1156/ 50101 80144 80027 9/015=
