####018005815####
SSVX08 KARS 211429
ZZYY 23003 20091 1200/ 301502 080504 6112/
33311 88872 20001 32892 43439 20020 32891 43444 20040 32892 43448
20060 32801 43487 20080 32441 20100 32189 20120 31913 20140 31745
20180 31490 20300 31197 20500 30950
444 20120 20091 1047/ 521//=
ZZYY 23003 21091 13004 301521 080513 6112/
11119 03306 10284 29075
22219 00294
444 20120 21091 1326/ 521// 60401=
ZZYY 23004 20091 1200/ 100025 089847 6113/
33311 88872 20001 32841 43300 20020 32866 43392 20040 32800 43418
20060 32324 43525 20080 32226 20100 32139 20120 31978 20140 31758
20180 31532 20300 31211 20500 30999
444 20130 20091 1318/ 521//=
ZZYY 23006 20091 1200/ 103977 089591 6112/
33311 88872 20001 32881 20020 32872 43315 20040 32870 43327
20060 32831 43348 20080 32323 20100 31840 20120 31629 20140 31483
20180 31359 20300 31226 20500 31027
444 20120 20091 1318/ 521//=
ZZYY 23006 21091 13004 103977 089590 6112/
11119 02211 10279 29076
22219 00289
444 20120 21091 1327/ 521// 60401=
ZZYY 53009 20091 1200/ 311878 093317 6111/
33311 88872 20020 32655 43402 20040 32653 43408 20060 32652 43405
20080 32652 20100 32639 20120 32539 20180 31954 20300 31234
20500 30911
444 20110 20091 1314/ 521//=
ZZYY 23002 20091 1200/ 101570 080510 6113/
33311 88872 20001 32900 43446 20020 32880 43449 20040 32854
20060 32703 43492 20080 32429 20100 32175 20120 31947 20140 31795
20180 31432 20300 31174
444 20130 20091 1050/ 521//=
ZZYY 23002 21091 1300/ 101561 080516 6111/
22219 00292
444 20110 21091 1325/ 521//=
ZZYY 53005 20091 1200/ 307997 080452 6112/
33311 88872 20001 32826 43482 20020 32827 43481 20040 32828 43483
20060 32558 43512 20080 32435 20100 32279 20120 32107 20140 31951
20180 31730 20300 31256 20500 30978
444 20120 20091 1048/ 521//=
ZZYY 53005 21091 13004 307996 080465 6111/
11119 01310 10269 29082
22219 00283
444 20110 21091 1323/ 521// 60401=
ZZYY 23007 20091 1200/ 108019 088997 6111/
33311 88872 20020 32854 43428 20040 32852 43429 20060 32847 43433
20080 32697 20100 32363 20120 32113 20140 31808 20180 31466
20300 31181 20500 31003
444 20110 20091 1320/ 521//=
ZZYY 23007 21091 13004 108018 088989 6112/
11119 02216 10285 29083
444 20120 21091 1329/ 521// 60401=
ZZYY 23005 20091 1200/ 101579 090082 6112/
33311 88872 20001 32890 43323 20020 32875 43356 20040 32881 43398
20060 32639 43441 20080 32147 20100 31994 20120 31794 20140 31609
20180 31427 20300 31232 20500 31006
444 20120 20091 1318/ 521//=
ZZYY 23005 21091 13004 101570 090087 6111/
11119 01611 10275 29081
22219 00287
444 20110 21091 1324/ 521// 60401=
ZZYY 43001 20091 1200/ 708043 110136 6111/
33311 88872 20001 32751 43306 20020 32746 20040 32723 20060 32304
20080 31811 20100 31468 20120 31326 20140 31246 20180 31157
20300 31038 20500 30877
444 20110 20091 1317/ 521//=
ZZYY 32323 20091 1200/ 700044 109918 6111/
33311 88872 20001 32150 43466 20020 31886 43478 20040 31651 43488
20060 31556 43496 20080 31463 20100 31438 20120 31403 20140 31369
20180 31290 20300 31156 20500 30815
444 20110 20091 1320/ 521//=
ZZYY 32323 21091 14004 700048 109918 6112/
11119 01312 10211 29096 40111
22219 00210
444 20120 21091 1357/ 521// 60401=
ZZYY 32319 20091 1200/ 507985 110073 6111/
33311 88872 20001 32375 43509 20020 32370 20040 32367 20060 32366
20080 32334 20100 31910 20120 31534 20140 31424 20180 31338
20300 31163 20500 30856
444 20110 20091 1322/ 521//=
ZZYY 32305 20091 12004 508023 095271 6111/
11119 01212 10211 29075
22219 00228
33311 88872 20000 32276 20001 32282 43527
444 20110 20091 1230/ 521// 60401=
ZZYY 32305 21091 14004 508029 095264 6111/
11119 01215 10212 29078
22219 00228
444 20110 21091 0937/ 521// 60401=
ZZYY 43301 20091 12004 707993 094888 6111/
11119 02117 10270 29086
22219 00276
33311 88872 20000 32764 20001 32767 43282 20020 32640 20040 31702
20060 31416 20080 31339 20100 31318 20120 31302 20140 31274
20180 31231 20300 31091 20500 30817
444 20110 20091 1257/ 521// 60401=
ZZYY 32317 20091 1200/ 502008 110318 6112/
33311 88872 20001 32233 43478 20020 32170 20040 32045 20060 31985
20080 31525 20100 31343 20120 31325 20140 31313 20180 31284
20300 31179 20500 30851
444 20120 20091 1320/ 521//=
ZZYY 32321 20091 12004 700219 095423 6111/
11119 01711 10210 29079
22219 00215
33311 88872 20000 32154 20001 32167 43441
444 20110 20091 1259/ 521// 60401=
ZZYY 32304 20091 12004 505074 095073 6112/
11119 01508 10222 29070
22219 00220
33311 88872 20000 32204 20001 32212 43516 20020 32205 20040 32192
20060 31737 20080 31481 20100 31426 20120 31384 20140 31350
20180 31306 20300 31206 20500 30842
444 20120 20091 1301/ 521// 60401=
ZZYY 32303 20091 12004 704915 094990 6111/
11119 01814 10254 29081
22219 00273
33311 88872 20000 32728 20001 32732 43299 20040 32490 20060 32010
20080 31794 20100 31556 20120 31414 20140 31376 20180 31327
20300 31141
444 20110 20091 1257/ 521// 60401=
ZZYY 32320 20091 12004 702113 095420 6111/
11119 01812 10230 29073
33311 88870 20040 31959 20060 31709 20080 31563 20100 31467
20120 31408 20140 31383 20180 31324 20300 31089 20500 30807
444 20110 20091 0956/ 521// 60401=
ZZYY 32315 20091 1200/ 705008 110064 6111/
33311 88872 20001 32693 43398 20020 32693 20040 32694 20060 32701
20080 32673 20100 31954 20120 31416 20140 31302 20180 31167
20300 31037 20500 30804
444 20110 20091 1318/ 521//=
ZZYY 32316 20091 1200/ 702047 110043 6111/
33311 88872 20001 32496 43391 20040 32190 20060 31660 20080 31447
20100 31373 20120 31347 20140 31338 20180 31318 20300 31147
20500 30829
444 20110 20091 1319/ 521//=
ZZYY 32316 21091 14004 702051 110046 6111/
11119 01417 10214 29087
22219 00221
444 20110 21091 1357/ 521// 60401=
####018012109####
SSVX02 KARS 211429
ZZYY 56563 21091 1250/ 558763 069369 6112/
11119 30204 40204 57001
22219 00048
444 20120 21091 1251/ 50101 80100 80000 9/015=
ZZYY 16555 21091 1300/ 333670 078314 6111/
22219 00155
444 20110 21091 1035/ 50101 80110 80000 9/015=
ZZYY 16575 21091 1240/ 338863 077665 6112/
11119 30180 40180 57030
22219 00128
444 20120 21091 1311/ 50101 80110 80000 9/015=
ZZYY 17656 21091 1200/ 333143 080961 6112/
11119 30291 40291 57001
22219 00151
444 20120 21091 1316/ 50101 80110 80000 9/015=
ZZYY 23975 21091 1030/ 312717 090914 6111/
11119 30142 40142 52253
22219 00266
444 20110 21091 0902/ 50101 80110 80010 9/015=
ZZYY 33510 21091 1230/ 548963 053897 6111/
11119 30039 40039
22219 00050
444 20110 21091 1212/ 50101 80110 80100 9/015=
ZZYY 33509 21091 1250/ 549234 047152 6112/
11119 30022 40022
22219 00056
444 20120 21091 1212/ 50101 80110 80100 9/015=
ZZYY 55600 21091 1250/ 534974 089880 6112/
11119 40177 52014
22219 00143
444 20120 21091 1240/ 50101 80010 80000 9////=
ZZYY 23973 21091 1250/ 312526 088886 6111/
11119 30152 40152 57236
22219 00274
444 20110 21091 1321/ 50101 80110 80011 9/015=
ZZYY 23973 21091 1150/ 312526 088886 6111/
11119 30145 40145 57243
22219 00274
444 20110 21091 1321/ 50101 80110 80010 9/015=
ZZYY 32736 21091 1244/ 514223 094731 6113/
444 20130 21091 1236/ 50101 80114 80000 9/015=
ZZYY 32736 21091 1421/ 514223 094731 6113/
444 20130 21091 1236/ 50101 80114 80000 9/015=
ZZYY 32520 21091 1246/ 519224 076697 6113/
22219 00166
444 20130 21091 1214/ 50101 80118 80148 9/015=
ZZYY 32731 21091 1247/ 516017 082328 6113/
22219 00166
444 20130 21091 1235/ 50101 80114 80123 9/015=
ZZYY 32731 21091 1421/ 516019 082329 6112/
22219 00166
444 20120 21091 1355/ 50101 80114 80125 9/015=
ZZYY 32708 21091 1243/ 515997 087166 6112/
22219 00179
444 20120 21091 1235/ 50101 80114 80090 9/015=
ZZYY 32708 21091 1420/ 515997 087166 6112/
22219 00179
444 20120 21091 1235/ 50101 80114 80180 9/015=
ZZYY 32705 21091 1246/ 515653 091593 6113/
22219 00195
444 20130 21091 1236/ 50101 80114 80046 9/015=
ZZYY 32705 21091 1421/ 515651 091600 6112/
22219 00195
444 20120 21091 1354/ 50101 80114 80042 9/015=
ZZYY 32704 21091 1247/ 522320 083544 6113/
22219 00169
444 20130 21091 1237/ 50101 80114 80074 9/015=
ZZYY 32702 21091 1247/ 515831 081535 6113/
22219 00171
444 20130 21091 1233/ 50101 80114 80012 9/015=
ZZYY 32702 21091 1422/ 515830 081548 6112/
22219 00171
444 20120 21091 1419/ 50101 80114 80010 9/015=
ZZYY 16516 21091 1320/ 333466 126555 6112/
11119 30095 40095 52024
22219 00161
444 20120 21091 1310/ 50101 80110 80005 9/015=
ZZYY 32739 21091 1246/ 518277 095443 6111/
22219 00200
444 20110 21091 1237/ 50101 80120 80020 9/015=
ZZYY 32739 21091 1421/ 518276 095457 6111/
22219 00200
444 20110 21091 1418/ 50101 80120 80018 9/015=
ZZYY 32912 21091 1246/ 517037 090721 6113/
22219 00190
444 20130 21091 1236/ 50101 80120 80103 9/015=
ZZYY 32917 21091 1245/ 519583 090204 6113/
22219 00189
444 20130 21091 1237/ 50101 80120 9/015=
ZZYY 33695 21091 1318/ 339703 130748 6112/
22219 00127
444 20120 21091 1310/ 50101 80072 80005 9/015=
ZZYY 33951 21091 1319/ 338972 087166 6111/
22219 00116
444 20110 21091 1311/ 50101 80072 80041 9/015=
ZZYY 32805 21091 1247/ 532719 101878 6112/
22219 00170
444 20120 21091 1245/ 50101 80104 80035 9/015=
ZZYY 32805 21091 1422/ 532719 101878 6112/
22219 00169
444 20120 21091 1245/ 50101 80104 80050 9/015=
ZZYY 56906 21091 1040/ 324283 079367 6111/
11119 30264 40264 57009
22219 00222
444 20110 21091 1019/ 50101 80090 80082 9/015=
ZZYY 16565 21091 1050/ 323574 077205 6111/
11119 30259 40259 57010
22219 00221
444 20110 21091 1019/ 50101 80100 80007 9////=
ZZYY 56561 21091 1250/ 556494 076747 6113/
11119 30272 40272 52007
22219 00046
444 20130 21091 1251/ 50101 8//// 80008 9/015=
ZZYY 17664 21091 1310/ 340652 125000 6112/
11119 39975 49975 52006
22219 00119
444 20120 21091 1307/ 50101 80110 80087 9/015=
ZZYY 33690 21091 1316/ 342368 099542 6112/
22219 00108
444 20120 21091 1309/ 50101 80074 80086 9/015=
ZZYY 55927 21091 1240/ 540090 107071 6112/
11119 39951 49951 57011
22219 00114
444 20120 21091 1249/ 50101 80100 80026 9/015=
ZZYY 55950 21091 1240/ 551409 045012 6111/
11119 39966 49966 57012
444 20110 21091 1249/ 50101 80100 80005 9/015=
ZZYY 33692 21091 1321/ 341191 091013 6112/
22219 00108
444 20120 21091 1310/ 50101 80074 80081 9/015=
ZZYY 16522 21091 1250/ 543529 102741 6112/
11119 49993 57018
22219 00090
444 50101 80010 80033 9////=
ZZYY 34544 21091 1310/ 345891 112561 6111/
11119 40107 52025
22219 00099
444 50101 80010 80021 9////=
ZZYY 31538 21091 1247/ 534455 051335 6113/
22219 00181
444 20130 21091 1240/ 50101 80071 80016 9/015=
ZZYY 14551 21091 1331/ 100824 082538 6113/
22219 00298
444 20130 21091 1327/ 50101 80126 80001 9/015=
ZZYY 71640 21091 1300/ 557242 118174 6112/
22219 00024
444 20120 21091 1254/ 50101 80009 80000 9////=
ZZYY 32549 21091 1247/ 518907 093994 6111/
22219 00194
444 20110 21091 1241/ 50101 80114 80180 9/015=
ZZYY 32549 21091 1422/ 518899 093982 6112/
22219 00194
444 20120 21091 1354/ 50101 80114 80180 9/015=
ZZYY 32538 21091 1242/ 522561 092255 6113/
444 20130 21091 1239/ 50101 80116 80069 9/015=
ZZYY 32538 21091 1421/ 522558 092252 6111/
22219 00186
444 20110 21091 1355/ 50101 80116 80069 9/015=
ZZYY 16591 21091 1230/ 524566 104186 6113/
11119 30172 40172 52004
22219 00206
444 20130 21091 0940/ 50101 8//// 80100 9////=
ZZYY 16591 21091 1130/ 524566 104186 6113/
11119 30170 40170 57004
22219 00206
444 20130 21091 0940/ 50101 8//// 80003 9////=
ZZYY 34542 21091 1120/ 520430 102554 6111/
11119 30239 40239
22219 00208
444 20110 21091 0940/ 50101 80130 80002 9/015=
ZZYY 34542 21091 1420/ 520430 102554 6111/
11119 30239 40239
22219 00208
444 20110 21091 0940/ 50101 80130 80002 9/015=
ZZYY 34542 21091 1320/ 520430 102554 6111/
11119 30239 40239
22219 00208
444 20110 21091 0940/ 50101 80130 80002 9/015=
ZZYY 33659 21091 1220/ 325819 076230 6112/
11119 40277 57001
22219 00203
444 20120 21091 1018/ 50101 80010 80005 9////=
ZZYY 53597 21091 1328/ 115490 122436 6112/
22219 00289
444 20120 21091 1258/ 50101 80094 80255 9/015=
ZZYY 71671 21091 1240/ 553145 039042 6113/
11119 39934 49934
22219 00005
444 20130 21091 1213/ 50101 80110 80000 9/015=
ZZYY 14928 21091 1334/ 105991 087979 6112/
22219 00285
444 20120 21091 1328/ 50101 80093 80005 9/015=
ZZYY 55931 21091 1040/ 530596 088210 6113/
22219 00169
444 20130 21091 0942/ 50101 80010 80003 9////=
ZZYY 54547 21091 1250/ 540760 116065 6111/
22219 00107
444 50101 80010 80006 9////=
ZZYY 55934 21091 1250/ 557660 114676 6112/
22219 00041
444 20120 21091 1255/ 50101 8//// 80000 9////=
ZZYY 53518 21091 1334/ 121061 114302 6112/
22219 00289
444 20120 21091 1303/ 50101 80138 80002 9/015=
ZZYY 55945 21091 1310/ 343599 122046 6113/
11119 39981 49981 52043
22219 00099
444 20130 21091 1308/ 50101 8//// 80000 9////=
ZZYY 16595 21091 1040/ 327854 089187 6112/
11119 30287 40287 52002
22219 00199
444 20120 21091 1018/ 50101 80080 80000 9/015=
ZZYY 16587 21091 1250/ 548648 055179 6113/
22219 00039
444 20130 21091 1248/ 50101 80100 80000 9/015=
ZZYY 71701 21091 1249/ 551936 043548 6111/
22219 00013
444 20110 21091 1213/ 50101 80114 80086 9/015=
ZZYY 71573 21091 1249/ 554021 042721 6113/
22219 00012
444 20130 21091 1212/ 50101 80116 80086 9/015=
ZZYY 16949 21091 1030/ 535985 107634 6111/
11119 39998 49998 57022
22219 00138
444 20110 21091 1008/ 50101 8//// 80000 9////=
ZZYY 55615 21091 1320/ 337955 089143 6111/
11119 30216 40216 52018
22219 00118
444 20110 21091 1317/ 50101 8//// 80100 9////=
ZZYY 34518 21091 1230/ 542166 047053 6111/
11119 30127 40127 57022
444 20110 21091 1247/ 50101 80110 80037 9/015=
ZZYY 23678 21091 1321/ 340056 089001 6112/
22219 00114
444 20120 21091 1310/ 50101 80049 80099 9////=
ZZYY 34519 21091 1240/ 543911 047430 6112/
11119 30099 40099 57032
22219 00091
444 20120 21091 1246/ 50101 80110 80023 9/015=
ZZYY 56604 21091 1250/ 547447 106118 6112/
11119 39952 49952 57019
22219 00070
444 20120 21091 1252/ 50101 80110 80010 9/015=
ZZYY 32533 21091 1421/ 514567 110304 6112/
22219 00231
444 20120 21091 1003/ 50101 80121 80012 9/015=
ZZYY 32548 21091 1420/ 516562 096234 6111/
22219 00204
444 20110 21091 1237/ 50101 80120 80029 9/015=
ZZYY 32923 21091 1300/ 506073 117265 6112/
11119 30121 40121 52004
22219 00238
444 20120 21091 1112/ 50101 80120 80088 9/015=
ZZYY 51958 21091 1416/ 706953 113812 6112/
22219 00273
444 20120 21091 1417/ 50101 80079 9/015=
ZZYY 32650 21091 1421/ 508710 119638 6112/
22219 00246
444 20120 21091 1118/ 50101 80120 80039 9/015=
ZZYY 32734 21091 1040/ 504132 111134 6113/
11119 30116 40116 57008
22219 00230
444 20130 21091 0955/ 50101 80120 80100 9/015=
ZZYY 32648 21091 1420/ 508545 119736 6113/
22219 00244
444 20130 21091 1116/ 50101 80110 80056 9/015=
ZZYY 32626 21091 1419/ 517602 090185 6113/
22219 00187
444 20130 21091 1220/ 50101 80116 80094 9/015=
ZZYY 32624 21091 1422/ 511351 100627 6112/
22219 00222
444 20120 21091 1354/ 50101 80116 80180 9/015=
ZZYY 32803 21091 1419/ 524013 116631 6112/
22219 00218
444 20120 21091 1121/ 50101 80102 9/015=
ZZYY 54912 21091 1420/ 523933 098887 6111/
11119 30204 40204 52018
22219 00198
444 20110 21091 1400/ 50101 8//// 80000 9////=
ZZYY 55957 21091 1410/ 536808 108542 6111/
444 20110 21091 1248/ 50101 9////=
ZZYY 55957 21091 1310/ 536808 108542 6111/
11119 49968 57011
22219 00142
444 20110 21091 1248/ 50101 80010 80000 9////=
ZZYY 32551 21091 1410/ 703698 119032 6113/
11119 30107 40107 52012
444 20130 21091 1110/ 50101 80077 80000 9/015=
ZZYY 32915 21091 1230/ 503852 105291 6113/
11119 30127 40127 52001
22219 00227
444 20130 21091 1354/ 50101 80130 80098 9/015=
ZZYY 32815 21091 1140/ 518092 116207 6112/
11119 30153 40153 57012
22219 00233
444 20120 21091 1118/ 50101 80120 80051 9/015=
ZZYY 55802 21091 1330/ 528526 109250 6112/
11119 30121 40121 52008
22219 00198
444 20120 21091 1007/ 50101 8//// 80100 9////=
ZZYY 32692 21091 1419/ 517985 082387 6112/
22219 00168
444 20120 21091 0939/ 50101 80118 80108 9/015=
ZZYY 32526 21091 1420/ 515051 094842 6111/
22219 00201
444 20110 21091 1400/ 50101 9/015=
ZZYY 51620 21091 1422/ 707714 097055 6111/
22219 00275
444 20110 21091 1419/ 50101 80115 80016 9/015=
ZZYY 16607 21091 1400/ 537226 096378 6112/
22219 00131
444 20120 21091 1240/ 50101 80010 80006 9////=
ZZYY 55569 21091 1400/ 533006 098958 6112/
22219 00160
444 20120 21091 1240/ 50101 80009 80000 9////=
ZZYY 55569 21091 1310/ 533006 098958 6112/
22219 00160
444 20120 21091 1240/ 50101 80010 80000 9////=
ZZYY 55949 21091 1400/ 527304 111227 6113/
11119 30130 40130 52013
22219 00204
444 20130 21091 1007/ 50101 8//// 80100 9////=
ZZYY 32640 21091 1422/ 520680 124592 6113/
22219 00236
444 20130 21091 1120/ 50101 80098 80014 9/015=
ZZYY 32627 21091 1421/ 525859 119508 6111/
444 20110 21091 1122/ 50101 80096 80063 9/015=
ZZYY 32676 21091 1400/ 500914 115289 6112/
11119 30116 40116 52014
22219 00222
444 20120 21091 1355/ 50101 80120 80058 9/015=
ZZYY 51904 21091 1419/ 709412 111618 6113/
22219 00273
444 20130 21091 1417/ 50101 80078 80001 9/015=
ZZYY 32904 21091 1410/ 506821 122669 6113/
11119 30124 40124 52014
22219 00236
444 20130 21091 1110/ 50101 80140 80000 9/015=
ZZYY 55622 21091 1410/ 525231 117183 6112/
11119 30135 40135 52009
22219 00211
444 20120 21091 1122/ 50101 8//// 80100 9////=
ZZYY 51670 21091 1420/ 710159 106732 6112/
444 20120 21091 1418/ 50101 80109 80003 9/015=
ZZYY 32730 21091 1400/ 509738 119124 6113/
22219 00246
444 20130 21091 1112/ 50101 80140 80002 9/015=
####018000125####
SSVX02 CWAO 211415
ZZYY 47531 21091 1415/ 784417 064769 6113/ 11131 10000 444 20130 21091 1415/ 50701 80138 80001 9////=
####018000125####
SSVX02 CWAO 211415
ZZYY 47532 21091 1415/ 782986 062231 6113/ 11119 11058 444 20130 21091 1415/ 50701 80136 80001 9////=
####018000131####
SSVX02 CWAO 211400
ZZYY 47506 21091 1400/ 784755 068512 6113/ 11119 40112 52010 444 20130 21091 1400/ 50701 80134 80001 9////=
####018000125####
SSVX02 CWAO 211415
ZZYY 47533 21091 1415/ 782984 062200 6113/ 22291 01006 444 20130 21091 1415/ 50701 80138 80001 9////=
####018000131####
SSVX02 CWAO 211400
ZZYY 47507 21091 1400/ 781461 106340 6113/ 11119 40064 52013 444 20130 21091 1400/ 50701 80140 80001 9////=
####018000131####
SSVX02 CWAO 211400
ZZYY 47505 21091 1400/ 785261 066668 6113/ 11119 40113 52008 444 20130 21091 1400/ 50701 80134 80001 9////=
####018000125####
SSVX02 CWAO 211415
ZZYY 47537 21091 1415/ 784416 064833 6113/ 22291 00003 444 20130 21091 1415/ 50701 80138 80001 9////=
####018000134####
SSVX02 CWAO 211400
ZZYY 47507 21091 1400/ 781461 106340 6113/ 11119 40064 52013 444 20130 21091 1400/ 50701 80140 80001 9////=

####018000134####
SSVX02 CWAO 211400
ZZYY 47506 21091 1400/ 784755 068512 6113/ 11119 40112 52010 444 20130 21091 1400/ 50701 80134 80001 9////=

####018000128####
SSVX02 CWAO 211415
ZZYY 47537 21091 1415/ 784416 064833 6113/ 22291 00003 444 20130 21091 1415/ 50701 80138 80001 9////=

####018000134####
SSVX02 CWAO 211400
ZZYY 47505 21091 1400/ 785261 066668 6113/ 11119 40113 52008 444 20130 21091 1400/ 50701 80134 80001 9////=

####018000128####
SSVX02 CWAO 211415
ZZYY 47532 21091 1415/ 782986 062231 6113/ 11119 11058 444 20130 21091 1415/ 50701 80136 80001 9////=

####018000128####
SSVX02 CWAO 211415
ZZYY 47533 21091 1415/ 782984 062200 6113/ 22291 01006 444 20130 21091 1415/ 50701 80138 80001 9////=

####018000128####
SSVX02 CWAO 211415
ZZYY 47531 21091 1415/ 784417 064769 6113/ 11131 10000 444 20130 21091 1415/ 50701 80138 80001 9////=

####018000434####
SSVX01 DEMS 211430
ZZYY 23095 21091 13001 110504 094031 111// 02308 10278 40093 222// 00/// 1////=
ZZYY 23094 21091 13001 114226 082893 111// 02506 10291 40056 222// 00/// 1//04=
ZZYY 23093 21091 13001 116511 088002 111// 02208 10277 40030 222// 00279 1////=
ZZYY 23091 21091 13001 118167 089695 111// 023// 10282 40019 222// 00/// 10605=
ZZYY 23459 21091 13001 110995 086501 111// 02208 10283 40080 222// 00283 1////=

####018000431####
SSVX01 DEMS 211430
ZZYY 23095 21091 13001 110504 094031 111// 02308 10278 40093 222// 00/// 1////=
ZZYY 23094 21091 13001 114226 082893 111// 02506 10291 40056 222// 00/// 1//04=
ZZYY 23093 21091 13001 116511 088002 111// 02208 10277 40030 222// 00279 1////=
ZZYY 23091 21091 13001 118167 089695 111// 023// 10282 40019 222// 00/// 10605=
ZZYY 23459 21091 13001 110995 086501 111// 02208 10283 40080 222// 00283 1////=
####018000539####
SSVX13 KARS 211431
ZZYY 23926 21091 1300/ 114607 090463 6113/
11119 40059 57233
22219 00285
444 2013/ 21091 1310/ 50101 80120 80002 9/015=
ZZYY 23926 21091 1200/ 114607 090463 6113/
11119 40054 57241
22219 00284
444 2013/ 21091 1310/ 50101 80120 80002 9/015=
ZZYY 23926 21091 1100/ 114624 090433 6111/
11119 40041 52252
22219 00284
444 2011/ 21091 1028/ 50101 80120 80002 9/015=
ZZYY 17655 21091 1330/ 557037 127993 6112/
11119 30124 40124 57003
22219 00030
444 20120 21091 1255/ 50101 80110 80076 9/015=
####018000143####
SSVX04 KARS 211431
ZZYY 46658 21091 1255/ 753104 153430 6112/
11119 49852 57003
22219 00104
444 20120 21091 1307/ 503// 80158 80016=
####018000251####
SSVX12 KARS 211431
ZZYY 48518 21091 1400/ 774204 156440 6112/
11119 11011 40015 57008
22219 00225
444 20120 21091 1417/ 501// 80140 80000=
ZZYY 48512 21091 1400/ 783923 154640 6112/
11119 11110 49997
444 20120 21091 1351/ 504// 80014=
####018000201####
SSVX07 KARS 211431
ZZYY 48536 21091 1420/ 173068 153483 6111/
11119 11007 40087
444 20110 21091 1417/=
ZZYY 48534 21091 1420/ 783366 046249 6113/
11119 11128 40172
444 20130 21091 1413/=
####018000907####
SSVX06 KARS 211431
ZZYY 47558 21091 1418/ 773758 081717 6113/
444 20130 21091 1413/ 500// 9/000=
ZZYY 48506 21091 1417/ 779547 119124 6112/
11119 40045
444 20120 21091 1353/ 500//=
ZZYY 48506 21091 1422/ 779547 119124 6112/
11119 40045
444 20120 21091 1353/ 500//=
ZZYY 47554 21091 1418/ 774305 111624 6112/
444 20120 21091 1415/ 500// 9/000=
ZZYY 47554 21091 1421/ 774305 111624 6112/
444 20120 21091 1415/ 500// 9/000=
ZZYY 48505 21091 1416/ 780189 127781 6111/
11119 40025=
ZZYY 48505 21091 1422/ 780189 127781 6111/
11119 40025
444 20110 21091 1415/ 500//=
ZZYY 47553 21091 1418/ 779342 103379 6111/
444 20110 21091 1414/ 500// 9/000=
ZZYY 47553 21091 1419/ 779342 103379 6111/
444 20110 21091 1414/ 500// 9/000=
ZZYY 48713 21091 1415/ 175306 165317 6112/
444 20120 21091 1417/ 500// 9/000=
ZZYY 48713 21091 1418/ 175306 165317 6112/
444 500// 9/000=
####018011933####
SSVX02 KARS 211431
ZZYY 48659 21091 1400/ 788161 158061 6112/
11119 30103 40103 57008
22219 01098
444 20120 21091 1353/ 50101 80145 80001 9/015=
ZZYY 44930 21091 1415/ 765109 001368 6112/
444 20120 21091 1405/ 50101 80092 80099 9/015=
ZZYY 48673 21091 1415/ 776630 124029 6112/
444 500// 9/000=
ZZYY 48673 21091 1421/ 776630 124029 6112/
444 20120 21091 1415/ 500// 9/000=
ZZYY 63579 21091 1413/ 168995 046999 6112/
22219 00085
444 20120 21091 1404/ 50101 80007 80003 9////=
ZZYY 63964 21091 1415/ 173733 023065 6112/
444 20120 21091 1406/ 50101 80009 80015 9/015=
ZZYY 63951 21091 1411/ 765627 001329 6113/
22219 00107
444 20130 21091 1406/ 50101 80008 80008 9/015=
ZZYY 63948 21091 1416/ 175346 035653 6112/
22219 00056
444 20120 21091 1407/ 50101 80008 80005 9/015=
ZZYY 63577 21091 1415/ 175241 067786 6111/
22219 00065
444 20110 21091 1409/ 50101 80009 80004 9/015=
ZZYY 63583 21091 1415/ 172488 046815 6111/
22219 00081
444 20110 21091 1408/ 50101 80007 80005 9/015=
ZZYY 63584 21091 1415/ 777773 002005 6112/
22219 00044
444 20120 21091 1406/ 50101 80007 80012 9/015=
ZZYY 64932 21091 1420/ 770669 013626 6113/
33311 88872 20000 43478
444 20130 21091 1407/ 50101 80011 80100 9////=
ZZYY 63966 21091 1414/ 171460 015296 6112/
22219 00104
444 20120 21091 1406/ 50101 80009 80004 9/015=
ZZYY 51513 21091 1416/ 708921 107157 6113/
22219 00274
444 50101 80117 80026 9/015=
ZZYY 41592 21091 1411/ 732343 071251 6112/
444 20120 21091 1359/ 50101 80096 80031 9/015=
ZZYY 13616 21091 1411/ 720708 063237 6111/
22219 00284
444 20110 21091 1405/ 50101 80052 80089 9/015=
ZZYY 41956 21091 1410/ 730566 064075 6112/
22219 00279
444 20120 21091 1400/ 50101 8//// 80000 9/015=
ZZYY 13636 21091 1410/ 723633 063678 6112/
22219 00284
444 20120 21091 1405/ 50101 80105 80008 9/015=
ZZYY 32734 21091 1140/ 504132 111134 6113/
11119 30117 40117 54000
22219 00230
444 20130 21091 0955/ 50101 80120 80092 9/015=
ZZYY 31527 21091 1412/ 732843 075124 6113/
22219 00274
444 20130 21091 1400/ 50101 8//// 80001 9////=
ZZYY 41686 21091 1412/ 719489 067895 6113/
22219 00288
444 20130 21091 1404/ 50101 80110 80000 9/015=
ZZYY 41611 21091 1413/ 727072 073173 6111/
22219 00289
444 20110 21091 1338/ 50101 80140 80008 9/015=
ZZYY 44553 21091 1406/ 729650 059879 6111/
22219 00282
444 20110 21091 1402/ 50101 80095 80011 9/015=
ZZYY 41570 21091 1413/ 727228 075231 6113/
22219 00284
444 20130 21091 1402/ 50101 80140 80001 9/015=
ZZYY 41563 21091 1411/ 731743 071454 6112/
22219 00271
444 20120 21091 1400/ 50101 80110 80005 9/015=
ZZYY 41924 21091 1410/ 732968 073852 6112/
11119 30214 40214 52009
22219 00274
444 20120 21091 1400/ 50101 80120 80032 9/015=
ZZYY 41945 21091 1410/ 730371 079665 6113/
11119 30188 40188
22219 00292
444 20130 21091 1400/ 50101 80110 80092 9/015=
ZZYY 31781 21091 1412/ 720987 068645 6112/
22219 00285
444 20120 21091 1409/ 50101 80120 80021 9/015=
ZZYY 41943 21091 1407/ 732412 065286 6111/
22219 00276
444 20110 21091 1401/ 50101 80144 80004 9/015=
ZZYY 41609 21091 1410/ 731962 066419 6111/
22219 00274
444 20110 21091 1401/ 50101 80144 80002 9/015=
ZZYY 42513 21091 1415/ 728019 085600 6112/
22219 00288
444 20120 21091 1401/ 50101 80094 80001 9/015=
ZZYY 13599 21091 1412/ 721933 066644 6111/
22219 00285
444 20110 21091 1404/ 50101 80109 80009 9/015=
ZZYY 31982 21091 1411/ 730990 067182 6113/
22219 00264
444 20130 21091 1400/ 50101 80051 80092 9/015=
ZZYY 31775 21091 1411/ 726200 062776 6111/
444 20110 21091 1403/ 50101 80052 80085 9/015=
ZZYY 41622 21091 1410/ 726002 065595 6112/
11119 30203 40203 52011
22219 00284
444 20120 21091 1342/ 50101 80120 80007 9/015=
ZZYY 43537 21091 1409/ 738352 065887 6113/
22219 00261
444 20130 21091 1400/ 50101 80122 80014 9/015=
ZZYY 21951 21091 1340/ 734339 171804 6112/
11119 30176 40176 57004
22219 00248
444 20120 21091 1307/ 50101 80090 80000 9/015=
ZZYY 46589 21091 1400/ 748510 167738 6113/
11119 30044 40044 57011
22219 00099
444 20130 21091 1305/ 50101 80140 80009 9/015=
ZZYY 21899 21091 1410/ 748689 178232 6113/
11119 30098 40098 57004
22219 00108
444 20130 21091 1305/ 50101 80140 80006 9/015=
ZZYY 46916 21091 1410/ 748760 175587 6112/
11119 30085 40085 57005
22219 00104
444 20120 21091 1306/ 50101 80077 80004 9/015=
ZZYY 46537 21091 1410/ 747596 173568 6113/
11119 30083 40083 57003
22219 00106
444 20130 21091 1305/ 50101 80140 80007 9/015=
ZZYY 46561 21091 1400/ 754042 144636 6112/
11119 39802 49802 57008
22219 00112
444 20120 21091 1305/ 50101 80145 80032 9/015=
ZZYY 52667 21091 1422/ 741553 154689 6112/
444 20120 21091 1306/ 50101 9////=
ZZYY 52667 21091 1423/ 741553 154689 6112/
444 20120 21091 1306/ 50101 9////=
ZZYY 21906 21091 1400/ 144342 161522 6111/
11119 30185 40185 52001
22219 00182
444 20110 21091 1311/ 50101 80140 80008 9/015=
ZZYY 21991 21091 1400/ 144928 164417 6113/
11119 30184 40184 52005
444 20130 21091 1308/ 50101 80140 80000 9/015=
ZZYY 21902 21091 1400/ 144739 163591 6112/
22219 00170
444 20120 21091 1308/ 50101 80140 80007 9/015=
ZZYY 21856 21091 1350/ 145208 162537 6112/
11119 30185 40185 52008
22219 00162
444 20120 21091 1308/ 50101 80140 80063 9/015=
ZZYY 21963 21091 1400/ 148421 173547 6113/
11119 30118 40118 52005
22219 00113
444 20130 21091 1306/ 50101 80140 80012 9/015=
ZZYY 21854 21091 1400/ 138906 168118 6112/
11119 30209 40209
22219 00239
444 20120 21091 1311/ 50101 80100 80024 9/015=
ZZYY 21897 21091 1410/ 150790 169684 6113/
11119 30077 40077 52014
22219 00115
444 20130 21091 1306/ 50101 80120 80011 9/015=
ZZYY 46587 21091 1400/ 753960 172489 6113/
11119 30014 40014 57009
22219 00085
444 20130 21091 1305/ 50101 80138 80044 9/015=
ZZYY 43517 21091 1410/ 734339 167784 6113/
11119 30173 40173 57014
22219 00253
444 20130 21091 1310/ 50101 8//// 80000 9////=
ZZYY 21997 21091 1410/ 742634 159545 6112/
11119 30090 40090 57019
22219 00162
444 20120 21091 1306/ 50101 80110 80034 9/015=
ZZYY 21990 21091 1330/ 748980 158492 6112/
11119 30010 40010 57002
22219 00108
444 20120 21091 1305/ 50101 80050 80000 9/015=
ZZYY 21546 21091 1410/ 743294 155730 6112/
11119 30066 40066 57001
22219 00162
444 20120 21091 1307/ 50101 80050 80025 9/015=
ZZYY 46910 21091 1400/ 746574 171654 6111/
11119 30071 40071 57011
22219 00111
444 20110 21091 1306/ 50101 80140 80004 9/015=
ZZYY 46917 21091 1330/ 737841 144377 6111/
11119 30116 40116 57008
22219 00224
444 20110 21091 1308/ 50101 80050 80063 9/015=
ZZYY 46586 21091 1400/ 755086 146813 6111/
11119 39788 49788 57009
22219 00106
444 20110 21091 1417/ 50101 80153 80019 9/015=
ZZYY 14945 21091 1422/ 739438 159016 6113/
444 20130 21091 1307/ 50101 9/015=
ZZYY 46921 21091 1400/ 752398 137484 6112/
11119 39781 49781 52008
22219 00118
444 20120 21091 1302/ 50101 80100 80000 9/015=
ZZYY 21998 21091 1330/ 744302 145549 6112/
11119 30061 40061 52007
22219 00157
444 20120 21091 1305/ 50101 80100 80000 9/015=
ZZYY 46618 21091 1410/ 145933 168326 6111/
11119 30170 40170 52005
22219 00134
444 20110 21091 1307/ 50101 80077 80063 9/015=
ZZYY 21548 21091 1330/ 742903 162109 6113/
11119 30082 40082 57002
22219 00150
444 20130 21091 1307/ 50101 80050 80013 9/015=
ZZYY 53597 21091 1313/ 115490 122436 6112/
22219 00289
444 20120 21091 1258/ 50101 80094 80255 9/015=
ZZYY 14551 21091 1312/ 100814 082535 6112/
22219 00300
444 20120 21091 1302/ 50101 80126 80001 9/015=
ZZYY 53596 21091 1310/ 121641 120458 6112/
22219 00284
444 20120 21091 0523/ 50101 80122 80255 9/015=
ZZYY 14928 21091 1315/ 105993 087985 6113/
22219 00285
444 20130 21091 1302/ 50101 80093 80005 9/015=
ZZYY 53565 21091 1308/ 114576 109078 6111/
22219 00305
444 50101 80100 80002 9/015=
ZZYY 53518 21091 1311/ 121057 114290 6112/
22219 00289
444 50101 80138 80003 9/015=
ZZYY 23973 21091 1050/ 312526 088886 6111/
11119 30137 40137
22219 00274
444 20110 21091 1321/ 50101 80110 80008 9/015=
ZZYY 21986 21091 1330/ 735937 167598 6112/
11119 40139 57017
22219 00229
444 20120 21091 1308/ 50101 80010 80000 9////=
ZZYY 21905 21091 1400/ 148402 162635 6111/
11119 30155 40155 52008
22219 00128
444 20110 21091 1306/ 50101 80140 80063 9/015=
ZZYY 33648 21091 1320/ 553571 134128 6111/
11119 40116 52001
22219 00065
444 20110 21091 1233/ 50101 80010 80000 9////=
ZZYY 56563 21091 1350/ 558767 069328 6111/
11119 30200 40200 57004
22219 00048
444 20110 21091 1416/ 50101 80100 80000 9/015=
ZZYY 55593 21091 1330/ 546755 144996 6112/
11119 30110 40110 57001
22219 00085
444 20120 21091 1310/ 50101 80100 80000 9/015=
ZZYY 33535 21091 1410/ 550720 136110 6111/
22219 00076
444 20110 21091 1415/ 50101 80009 80000 9////=
ZZYY 55948 21091 1330/ 562514 123749 6113/
22219 00005
444 20130 21091 1254/ 50101 8//// 80000 9////=
ZZYY 55934 21091 1350/ 557662 114658 6111/
22219 00041
444 20110 21091 1417/ 50101 8//// 80000 9////=
ZZYY 33587 21091 1400/ 551570 124161 6111/
22219 00065
444 20110 21091 1253/ 50101 80009 80000 9////=
ZZYY 33587 21091 1300/ 551570 124161 6111/
22219 00065
444 20110 21091 1253/ 50101 80009 80000 9////=
ZZYY 71640 21091 1400/ 557238 118191 6112/
22219 00026
444 20120 21091 1416/ 50101 80009 80000 9////=
ZZYY 71606 21091 1340/ 556955 118087 6111/
22219 00032
444 20110 21091 1417/ 50101 80010 80000 9////=
ZZYY 71616 21091 1340/ 561300 131028 6112/
11119 40206 57006
22219 01003
444 20120 21091 1314/ 50101 80010 80000 9////=
ZZYY 71568 21091 1400/ 560061 116232 6111/
11119 40142 57006
22219 00015
444 20110 21091 1417/ 50101 80009 80000 9////=
ZZYY 55956 21091 1220/ 535802 124497 6112/
444 20120 21091 1126/ 50101 9////=
ZZYY 71611 21091 1400/ 558447 121763 6111/
11119 40117 57009
22219 00009
444 20110 21091 1417/ 50101 80010 80000 9////=
ZZYY 71611 21091 1300/ 558458 121742 6112/
11119 40119 57011
22219 00009
444 20120 21091 1253/ 50101 80010 80000 9////=
ZZYY 33628 21091 1400/ 548057 137406 6112/
22219 00079
444 20120 21091 1415/ 50101 80010 80004 9////=
ZZYY 55910 21091 1410/ 553391 112053 6111/
11119 39918 49918 57016
22219 00051
444 20110 21091 1416/ 50101 80100 80000 9/015=
ZZYY 55910 21091 1310/ 553387 112030 6112/
11119 39920 49920 57025
22219 00051
444 20120 21091 1252/ 50101 80100 80000 9/015=
ZZYY 33665 21091 1350/ 548076 154936 6112/
444 20120 21091 1338/ 50101 9////=
ZZYY 55596 21091 1310/ 541340 135706 6112/
11119 30030 40030 52006
22219 00119
444 20120 21091 1154/ 50101 80090 80000 9/015=
ZZYY 55632 21091 1240/ 538594 117747 6112/
444 20120 21091 1126/ 50101 80100 80000 9/015=
ZZYY 55632 21091 1140/ 538594 117747 6112/
444 20120 21091 1126/ 50101 80100 80000 9/015=
ZZYY 56561 21091 1350/ 556484 076724 6111/
11119 30272 40272 52007
22219 00046
444 20110 21091 1415/ 50101 8//// 80006 9/015=
ZZYY 55952 21091 1330/ 538815 116419 6112/
444 20120 21091 1127/ 50101 80090 80009 9/015=
ZZYY 16942 21091 1340/ 559104 118633 6111/
11119 30118 40118 57004
22219 00013
444 20110 21091 1417/ 50101 80090 80000 9/015=
ZZYY 55591 21091 1400/ 538672 124712 6112/
22219 00138
444 20120 21091 1127/ 50101 80010 80000 9////=
ZZYY 56570 21091 1350/ 558995 129466 6113/
11119 30187 40187 54000
22219 00022
444 20130 21091 1417/ 50101 80100 80006 9/015=
ZZYY 54547 21091 1350/ 540760 116065 6111/
22219 00107
444 20110 21091 1250/ 50101 80010 80005 9////=
ZZYY 56604 21091 1350/ 547447 106118 6112/
11119 39946 49946 57018
22219 00070
444 20120 21091 1252/ 50101 80110 80011 9/015=
ZZYY 34905 21091 1400/ 551079 149493 6112/
22219 00067
444 20120 21091 1416/ 50101 80010 80005 9////=
####018005747####
SSVX08 KARS 211431
ZZYY 53009 20091 1200/ 311878 093317 6111/
33311 88872 20020 32655 43402 20040 32653 43408 20060 32652 43405
20080 32652 20100 32639 20120 32539 20180 31954 20300 31234
20500 30911
444 20110 20091 1314/ 521//=
ZZYY 53009 21091 13004 311872 093321 6111/
11119 01220 10249 29088
444 20110 21091 1301/ 521// 60401=
ZZYY 23002 20091 1200/ 101570 080510 6113/
33311 88872 20001 32900 43446 20020 32880 43449 20040 32854
20060 32703 43492 20080 32429 20100 32175 20120 31947 20140 31795
20180 31432 20300 31174
444 20130 20091 1050/ 521//=
ZZYY 53005 20091 1200/ 307997 080452 6112/
33311 88872 20001 32826 43482 20020 32827 43481 20040 32828 43483
20060 32558 43512 20080 32435 20100 32279 20120 32107 20140 31951
20180 31730 20300 31256 20500 30978
444 20120 20091 1048/ 521//=
ZZYY 53005 21091 13004 307996 080465 6111/
11119 01310 10269 29082
22219 00283
444 20110 21091 1323/ 521// 60401=
ZZYY 23007 20091 1200/ 108019 088997 6111/
33311 88872 20020 32854 43428 20040 32852 43429 20060 32847 43433
20080 32697 20100 32363 20120 32113 20140 31808 20180 31466
20300 31181 20500 31003
444 20110 20091 1320/ 521//=
ZZYY 23005 20091 1200/ 101579 090082 6112/
33311 88872 20001 32890 43323 20020 32875 43356 20040 32881 43398
20060 32639 43441 20080 32147 20100 31994 20120 31794 20140 31609
20180 31427 20300 31232 20500 31006
444 20120 20091 1318/ 521//=
ZZYY 23005 21091 13004 101578 090088 6111/
11119 01611 10275 29081
22219 00287
444 20110 21091 1305/ 521// 60401=
ZZYY 23004 20091 1200/ 100025 089847 6113/
33311 88872 20001 32841 43300 20020 32866 43392 20040 32800 43418
20060 32324 43525 20080 32226 20100 32139 20120 31978 20140 31758
20180 31532 20300 31211 20500 30999
444 20130 20091 1318/ 521//=
ZZYY 23004 21091 13004 100020 089850 6111/
11119 01413 10279 29082
22219 00285
444 20110 21091 1305/ 521// 60401=
ZZYY 23006 20091 1200/ 103977 089591 6112/
33311 88872 20001 32881 20020 32872 43315 20040 32870 43327
20060 32831 43348 20080 32323 20100 31840 20120 31629 20140 31483
20180 31359 20300 31226 20500 31027
444 20120 20091 1318/ 521//=
ZZYY 23006 21091 13004 103977 089594 6112/
11119 02211 10279 29076
22219 00289
444 20120 21091 1307/ 521// 60401=
ZZYY 23009 20091 1200/ 114984 089934 6112/
33311 88872 20001 32848 43227 20020 32860 43253 20040 32846 43289
20060 32762 43405 20080 32626 20100 32335 20120 32058 20140 31893
20180 31520 20300 31156 20500 30993
444 20120 20091 1053/ 521//=
ZZYY 23009 21091 13004 114982 089931 6111/
11119 02516 10275 29085 40046
22219 00285
444 20110 21091 1311/ 521// 60401=
ZZYY 43001 20091 1200/ 708043 110136 6111/
33311 88872 20001 32751 43306 20020 32746 20040 32723 20060 32304
20080 31811 20100 31468 20120 31326 20140 31246 20180 31157
20300 31038 20500 30877
444 20110 20091 1317/ 521//=
ZZYY 43001 21091 14004 708053 110128 6111/
11119 01915 10262 29088
22219 00274
444 20110 21091 1414/ 521// 60401=
ZZYY 32319 20091 1200/ 507985 110073 6111/
33311 88872 20001 32375 43509 20020 32370 20040 32367 20060 32366
20080 32334 20100 31910 20120 31534 20140 31424 20180 31338
20300 31163 20500 30856
444 20110 20091 1322/ 521//=
ZZYY 32305 20091 12004 508023 095271 6111/
11119 01212 10211 29075
22219 00228
33311 88872 20000 32276 20001 32282 43527
444 20110 20091 1230/ 521// 60401=
ZZYY 43301 20091 12004 707993 094888 6111/
11119 02117 10270 29086
22219 00276
33311 88872 20000 32764 20001 32767 43282 20020 32640 20040 31702
20060 31416 20080 31339 20100 31318 20120 31302 20140 31274
20180 31231 20300 31091 20500 30817
444 20110 20091 1257/ 521// 60401=
ZZYY 43301 21091 14004 707993 094923 6111/
11119 02115 10271 29080
22219 00276
444 20110 21091 1351/ 521// 60401=
ZZYY 32317 20091 1200/ 502008 110318 6112/
33311 88872 20001 32233 43478 20020 32170 20040 32045 20060 31985
20080 31525 20100 31343 20120 31325 20140 31313 20180 31284
20300 31179 20500 30851
444 20120 20091 1320/ 521//=
ZZYY 32317 21091 1400/ 501932 110405 6111/
11119 10225 29088
22219 00221
444 20110 21091 1000/ 521//=
ZZYY 32304 20091 12004 505074 095073 6112/
11119 01508 10222 29070
22219 00220
33311 88872 20000 32204 20001 32212 43516 20020 32205 20040 32192
20060 31737 20080 31481 20100 31426 20120 31384 20140 31350
20180 31306 20300 31206 20500 30842
444 20120 20091 1301/ 521// 60401=
ZZYY 32318 20091 1200/ 504978 110000 6111/
33311 88872 20001 32411 43521 20040 32403 20060 32365 20080 31737
20100 31484 20120 31411 20140 31354 20180 31301 20300 31171
20500 30862
444 20110 20091 1011/ 521//=
ZZYY 32303 20091 12004 704915 094990 6111/
11119 01814 10254 29081
22219 00273
33311 88872 20000 32728 20001 32732 43299 20040 32490 20060 32010
20080 31794 20100 31556 20120 31414 20140 31376 20180 31327
20300 31141
444 20110 20091 1257/ 521// 60401=
ZZYY 32320 20091 12004 702113 095420 6111/
11119 01812 10230 29073
33311 88870 20040 31959 20060 31709 20080 31563 20100 31467
20120 31408 20140 31383 20180 31324 20300 31089 20500 30807
444 20110 20091 0956/ 521// 60401=
ZZYY 32320 21091 14004 702114 095415 6112/
11119 01609 10224 29074
444 20120 21091 1356/ 521// 60401=
ZZYY 32315 20091 1200/ 705008 110064 6111/
33311 88872 20001 32693 43398 20020 32693 20040 32694 20060 32701
20080 32673 20100 31954 20120 31416 20140 31302 20180 31167
20300 31037 20500 30804
444 20110 20091 1318/ 521//=
ZZYY 32316 20091 1200/ 702047 110043 6111/
33311 88872 20001 32496 43391 20040 32190 20060 31660 20080 31447
20100 31373 20120 31347 20140 31338 20180 31318 20300 31147
20500 30829
444 20110 20091 1319/ 521//=
####018000557####
SSVX13 KARS 211433
ZZYY 21532 21091 1350/ 138693 154533 6113/
11119 30143 40143 57009
22219 00232
444 20130 21091 1122/ 50101 80120 80063 9/015=
ZZYY 21532 21091 1250/ 138693 154533 6113/
11119 30147 40147 57004
22219 00232
444 20130 21091 1122/ 50101 80120 80062 9/015=
ZZYY 21575 21091 1340/ 140082 158230 6113/
11119 30159 40159 57005
22219 00199
444 20130 21091 1121/ 50101 80120 80085 9/015=
ZZYY 21574 21091 1350/ 142117 171180 6113/
11119 30198 40198 52001
22219 00187
444 20130 21091 1310/ 50101 80120 80100 9/015=
####018007505####
SSVX02 KARS 211433
ZZYY 46607 21091 1320/ 728278 146689 6112/
11119 30192 40192
22219 00244
444 20120 21091 1311/ 50101 80100 80000 9/015=
ZZYY 46607 21091 1420/ 728278 146689 6112/
11119 30194 40194
22219 00244
444 20120 21091 1311/ 50101 80100 80000 9/015=
ZZYY 22927 21091 1424/ 741452 152382 6113/
22219 00175
444 20130 21091 1305/ 50101 80009 80099 9////=
ZZYY 46568 21091 1400/ 753516 160433 6111/
11119 39905 49905 57003
22219 00105
444 20110 21091 1301/ 50101 80145 80044 9/015=
ZZYY 46540 21091 1340/ 742461 144619 6113/
11119 30088 40088 52013
22219 00184
444 20130 21091 1306/ 50101 80123 80010 9/015=
ZZYY 22593 21091 1424/ 739570 154377 6111/
22219 00205
444 20110 21091 1311/ 50101 80007 80007 9/015=
ZZYY 22576 21091 1423/ 732656 140346 6112/
22219 00238
444 20120 21091 1310/ 50101 80010 80000 9/015=
ZZYY 21544 21091 1340/ 746394 142665 6112/
11119 30024 40024 52016
22219 00148
444 20120 21091 1305/ 50101 80100 80063 9/015=
ZZYY 46564 21091 1400/ 747385 168486 6112/
11119 30061 40061 57014
22219 00110
444 20120 21091 1421/ 50101 80130 80070 9/015=
ZZYY 51955 21091 1427/ 129835 179856 6112/
22219 00270
444 20120 21091 1310/ 50101 80148 80009 9/015=
ZZYY 51973 21091 1427/ 733755 163897 6113/
22219 00253
444 20130 21091 1310/ 50101 80117 80031 9/015=
ZZYY 46925 21091 1400/ 147415 166421 6111/
11119 30156 40156 52008
444 20110 21091 0943/ 50101 80077 80005 9/015=
ZZYY 46919 21091 1410/ 147973 161250 6111/
11119 30169 40169 52009
444 20110 21091 1307/ 50101 80077 80011 9/015=
ZZYY 46566 21091 1400/ 726899 149350 6112/
11119 30185 40185 57007
22219 00253
444 20120 21091 1310/ 50101 8//// 80000 9/015=
ZZYY 46608 21091 1410/ 738758 161526 6111/
11119 30088 40088 57031
22219 00211
444 20110 21091 1422/ 50101 8//// 80100 9/015=
ZZYY 51974 21091 1427/ 736565 164126 6111/
22219 00239
444 20110 21091 1422/ 50101 80119 80009 9/015=
ZZYY 21525 21091 1426/ 140707 168112 6112/
22219 00219
444 20120 21091 1307/ 50101 80110 80058 9/015=
ZZYY 46535 21091 1340/ 739160 141067 6111/
11119 30115 40115 57001
22219 00217
444 20110 21091 1307/ 50101 80123 80001 9/015=
ZZYY 46533 21091 1400/ 753675 147284 6112/
11119 39826 49826 52002
22219 00112
444 20120 21091 1417/ 50101 80145 80058 9/015=
ZZYY 46927 21091 1427/ 733065 145804 6112/
22219 00240
444 20120 21091 1309/ 50101 80138 80002 9/015=
ZZYY 46927 21091 1426/ 733065 145804 6112/
22219 00240
444 20120 21091 1309/ 50101 80138 80002 9/015=
ZZYY 53904 21091 1427/ 142168 171682 6111/
22219 00190
444 20110 21091 1422/ 50101 80132 80005 9/015=
ZZYY 51816 21091 1425/ 727649 170108 6111/
22219 00270
444 20110 21091 1310/ 50101 80078 80017 9/015=
ZZYY 51930 21091 1426/ 727724 176978 6113/
22219 00272
444 20130 21091 1311/ 50101 80115 80018 9/015=
ZZYY 51931 21091 1427/ 729324 161356 6113/
22219 00265
444 20130 21091 1308/ 50101 80068 80009 9/015=
ZZYY 21916 21091 1410/ 732060 169585 6111/
11119 30189 40189 57012
22219 00261
444 20110 21091 1308/ 50101 80009 80000 9////=
ZZYY 21543 21091 1400/ 734527 151640 6111/
11119 40156 57008
22219 00245
444 20110 21091 1422/ 50101 80010 80000 9////=
ZZYY 53593 21091 1420/ 134292 159937 6113/
11119 30216 40216
22219 00271
444 20130 21091 1122/ 50101 80110 80000 9/015=
ZZYY 21944 21091 1420/ 727901 174253 6111/
11119 30200 40200 57012
22219 00274
444 20110 21091 1425/ 50101 80010 80000 9////=
ZZYY 51641 21091 1427/ 732605 172720 6112/
22219 00262
444 20120 21091 1308/ 50101 80117 80056 9/015=
ZZYY 14942 21091 1426/ 726855 165755 6113/
444 20130 21091 1310/ 50101 9/015=
ZZYY 14946 21091 1428/ 132269 170870 6113/
22219 00272
444 20130 21091 1311/ 50101 8//// 80000 9/015=
ZZYY 22919 21091 1427/ 131642 170491 6113/
22219 00280
444 20130 21091 1311/ 50101 80009 80000 9/015=
ZZYY 14945 21091 1427/ 739438 159016 6113/
22219 00197
444 20130 21091 1307/ 50101 8//// 80012 9/015=
ZZYY 22536 21091 1426/ 131844 176431 6113/
22219 00270
444 20130 21091 1311/ 50101 80010 80000 9////=
ZZYY 21964 21091 1420/ 134916 174836 6112/
11119 30206 40206 57007
22219 00250
444 20120 21091 1310/ 50101 80009 80000 9////=
ZZYY 22910 21091 1427/ 740332 151732 6111/
22219 00200
444 20110 21091 1422/ 50101 80009 80044 9////=
ZZYY 21933 21091 1350/ 734188 166195 6112/
11119 30173 40173 57016
444 20120 21091 1307/ 50101 8//// 80043 9/015=
ZZYY 21952 21091 1427/ 135221 170269 6112/
22219 00260
444 20120 21091 1311/ 50101 80110 80100 9/015=
ZZYY 22572 21091 1427/ 137048 155186 6112/
22219 00254
444 20120 21091 1121/ 50101 80010 80043 9////=
ZZYY 51628 21091 1426/ 127657 179841 6112/
22219 00272
444 20120 21091 1311/ 50101 80090 80020 9/015=
ZZYY 22578 21091 1427/ 131533 173316 6113/
22219 00270
444 20130 21091 1310/ 50101 80010 80000 9/015=
ZZYY 52667 21091 1425/ 741535 154698 6112/
22219 00172
444 20120 21091 1421/ 50101 9////=
ZZYY 53910 21091 1427/ 137828 163061 6112/
22219 00263
444 20120 21091 1311/ 50101 80136 80002 9/015=
ZZYY 51848 21091 1427/ 132189 166294 6113/
22219 00275
444 20130 21091 1311/ 50101 80119 80003 9/015=
ZZYY 21536 21091 1420/ 148677 158086 6111/
11119 30172 40172 52004
22219 00119
444 20110 21091 1422/ 50101 80120 80057 9/015=
ZZYY 21536 21091 1320/ 148677 158086 6111/
11119 30171 40171 52012
22219 00119
444 20110 21091 1422/ 50101 80120 80063 9/015=
ZZYY 22616 21091 1427/ 732229 154553 6113/
22219 00257
444 20130 21091 1308/ 50101 80045 80000 9/015=
ZZYY 21539 21091 1320/ 143153 170169 6112/
11119 30188 40188 57001
22219 00181
444 20120 21091 1307/ 50101 80110 80073 9/015=
ZZYY 21540 21091 1420/ 142525 161263 6111/
11119 30161 40161 57017
22219 00195
444 20110 21091 1310/ 50101 80120 80013 9/015=
ZZYY 21540 21091 1320/ 142525 161263 6111/
11119 30162 40162 57024
22219 00195
444 20110 21091 1310/ 50101 80120 80016 9/015=
ZZYY 21617 21091 1427/ 133608 172453 6113/
22219 00260
444 20130 21091 1311/ 50101 80110 80044 9/015=
ZZYY 21579 21091 1330/ 138290 159064 6111/
11119 30189 40189 57002
22219 00236
444 20110 21091 1311/ 50101 80120 80054 9/015=
ZZYY 21853 21091 1340/ 742434 176021 6112/
11119 30051 40051 52064
22219 00163
444 20120 21091 1306/ 50101 80120 80000 9/015=
ZZYY 51855 21091 1426/ 133158 175405 6113/
22219 00259
444 20130 21091 1311/ 50101 80113 80008 9/015=
ZZYY 21521 21091 1426/ 135677 163690 6112/
22219 00256
444 20120 21091 1122/ 50101 80110 80003 9/015=
ZZYY 52611 21091 1428/ 130121 166659 6112/
22219 00273
444 20120 21091 1311/ 50101 80107 80000 9/015=
ZZYY 51744 21091 1427/ 134602 167993 6113/
22219 00266
444 20130 21091 1311/ 50101 80121 80005 9/015=
ZZYY 46762 21091 1425/ 720354 136177 6113/
22219 00231
444 20130 21091 1247/ 50101 80000 80022 9/015=
ZZYY 46903 21091 1427/ 730509 134504 6113/
22219 00215
444 20130 21091 1243/ 50101 80138 80000 9/015=
ZZYY 43554 21091 1424/ 728517 126443 6113/
22219 00203
444 20130 21091 1244/ 50101 80088 80031 9/015=
ZZYY 46924 21091 1427/ 724336 127524 6113/
22219 00216
444 20130 21091 1246/ 50101 80100 80138 9/015=
ZZYY 46926 21091 1427/ 724965 143021 6111/
22219 00240
444 20110 21091 1311/ 50101 80138 80001 9/015=
ZZYY 46539 21091 1400/ 736294 156042 6113/
11119 30142 40142 57009
22219 00243
444 20130 21091 1307/ 50101 8//// 80100 9////=
####018000097####
SSVX06 KARS 211433
ZZYY 48506 21091 1423/ 779534 119081 6112/
444 20120 21091 1414/ 500//=
####018000143####
SSVX04 KARS 211433
ZZYY 46658 21091 1156/ 753093 153435 6111/
11119 49854 54000
22219 00105
444 20110 21091 1126/ 503// 80158 80017=
####018000593####
SXPA01 KWNB 211400
ZZYY 51018 21091 14001 505029 124871 6113/ 11119 01107 10244
29077 22219 00254 33311 88872 20001 32535 43549 20020 32536 20040
32537 20060 32537 20080 32530 20100 31983 20120 31630 20140 31391
20180 31258 20300 31120 20500 30849 444 20130 21091 1400/ 35008
40500 521// 60401=
ZZYY 51007 21091 14001 705020 139978 6113/ 11119 01507 10253
29072 22219 00259 33311 88872 20001 32592 43465 20020 32593 20040
32571 20060 32547 20080 32531 20100 32524 20120 32519 20140 32497
20180 32247 20300 31008 20500 30843 444 20130 21091 1400/ 35030
40500 521// 60401=
####018002037####
SSVX11 LFVW 211432
ZZYY 53056 21091 0400/ 305043 095059 6113/
11119 10267 29081
22219 00271
33311 88872 20000 32709 20001 32709 43406 20011 32704 43412
20021 32703 43410 20040 32703 43415 20081 32130 20100 31865 43492
20119 31537 20140 31336 20200 31203 20300 31083 20500 30935
444 20130 21091 0338/ 522//=
ZZYY 53056 21091 0200/ 305043 095056 6112/
11119 10265 29080
22219 00270
33311 88872 20000 32702 20001 32702 43405 20011 32702 43410
20021 32702 43408 20040 32702 43412 20081 32161 20100 31851 43497
20120 31534 20140 31339 20200 31213 20300 31089 20500 30935
444 20120 21091 0157/ 522//=
ZZYY 53056 21091 1100/ 305040 095068 6112/
11119 10269 29081
22219 00272
33311 88872 20000 32724 20001 32724 43406 20011 32718 43412
20020 32703 43424 20040 32700 43419 20300 31088 20501 30933
444 20120 21091 1022/ 522//=
ZZYY 53056 21091 0700/ 305045 095061 6112/
11119 10268 29081
22219 00272
33311 88872 20000 32722 20001 32722 43406 20011 32708 43412
20020 32705 43412 20040 32702 43418 20081 32125 20100 31860 43498
20120 31554 20140 31364 20200 31216 20300 31089 20501 30933=
ZZYY 53056 21091 0300/ 305045 095058 6113/
11119 10266 29080
22219 00270
33311 88872 20000 32704 20001 32704 43406 20011 32703 43411
20020 32702 43410 20040 32702 43413 20081 32184 20100 31879 43493
20120 31543 20140 31325 20200 31202 20300 31085 20500 30937
444 20130 21091 0229/ 522//=
ZZYY 53056 21091 1000/ 305040 095068 6112/
11119 10269 29081
22219 00273
33311 88872 20000 32729 20001 32729 43405 20011 32716 43412
20020 32703 43423 20040 32700 43419 20081 32113 20100 31791 43497
20120 31478 20140 31319 20200 31205 20301 31090 20501 30931
444 20120 21091 1022/ 522//=
ZZYY 53056 21091 0800/ 305041 095060 6113/
11119 10268 29081
22219 00273
33311 88872 20000 32725 20001 32725 43407 20011 32714 43412
20021 32705 43417 20040 32703 43418 20081 32233 20100 31892 43486
20119 31550 20140 31355 20200 31223 20300 31093 20501 30930
444 20130 21091 0725/ 522//=
####018000731####
SSVX13 LFVW 211432
ZZYY 56506 21091 1400/ 554228 131738 6111/
11119 30139 40139 57003
22219 00064
444 20110 21091 1417/ 50101 80060 80010 9/015=
ZZYY 56511 21091 1340/ 544738 129499 6111/
11119 30003 40003 52003
22219 00083
444 20110 21091 1155/ 50101 80100 80000 9/015=
ZZYY 15954 21091 1330/ 500559 045281 6111/
11119 40139
22219 00272
33311 88872 20000 32717 43580
444 20110 21091 1233/ 50101 80120 80003 9/015=
ZZYY 15954 21091 1230/ 500559 045281 6111/
11119 40139
22219 00271
33311 88872 20000 32714 43578
444 20110 21091 1233/ 50101 80120 80003 9/015=
ZZYY 23995 21091 1310/ 119200 085449 6113/
11119 30016 40016 52014
22219 00284
444 20130 21091 1030/ 50101 80110 80002 9/015=
####018000143####
SSVX12 LFVW 211432
ZZYY 25619 21091 1400/ 183288 131888 6112/
11119 11080 49850 57026
22219 01031
444 20120 21091 1353/ 501// 80140=
####018000277####
SSVX02 LFVW 211432
ZZYY 41725 21091 1339/ 732254 054341 6111/
22219 00286
33311 88872 20000 32861 43673
444 2011/ 21091 1336/ 50101 9/015=
ZZYY 13982 21091 1342/ 723998 043773 6112/
22219 00273
33311 88872 20000 32734 43749
444 2012/ 21091 1338/ 50101 9/015=
####018000213####
SSVX07 LFVW 211432
ZZYY 48548 21091 1410/ 774312 127412 6112/
11119 11002 39973 49973
444 20120 21091 1416/=
ZZYY 48548 21091 1420/ 774312 127412 6112/
11119 11002 39973 49973
444 20120 21091 1416/=
