####018000125####
SSVX02 CWAO 212145
ZZYY 47533 21091 2145/ 782989 062175 6113/ 22291 01006 444 20130 21091 2145/ 50701 80138 80001 9////=
####018000125####
SSVX02 CWAO 212145
ZZYY 47531 21091 2145/ 784419 064736 6113/ 11131 10000 444 20130 21091 2145/ 50701 80138 80001 9////=
####018000125####
SSVX02 CWAO 212145
ZZYY 47537 21091 2145/ 784419 064800 6113/ 22291 00003 444 20130 21091 2145/ 50701 80138 80001 9////=
####018000125####
SSVX02 CWAO 212145
ZZYY 47532 21091 2145/ 782991 062206 6113/ 11119 11075 444 20130 21091 2145/ 50701 80136 80001 9////=
####018001061####
SSVX08 KARS 212154
ZZYY 13010 20091 12004 500011 000001 6111/
11119 01906 10253 29078
22219 00263
33311 88872 20000 32631 20001 32612 20020 32604 43539
20040 32366 43563 20060 31885 20080 31716 20100 31621
20120 31536 43559 20140 31509 20180 31486 20300 31042 20500 30760
444 20110 20091 1245/ 521// 60001=
ZZYY 13010 21091 21004 500016 000004 6111/
11119 01912 10250 29087
22219 00261
444 20110 21091 2123/ 521// 60001=
ZZYY 15002 20091 1200/ 700013 009867 6112/
33311 88872 20001 32424 20020 32394 43578 20040 32346 43579
20060 32135 43585 20080 31923 20100 31693 20120 31534 20140 31500
20180 31413 20300 31075 20500 30742
444 20120 20091 1043/ 521//=
ZZYY 15002 21091 21004 700007 009859 6111/
11119 01510 10242 29093
22219 00242
444 20110 21091 2122/ 521// 60401=
ZZYY 15001 20091 1200/ 509918 009981 6112/
33311 88872 20001 32341 43644 20020 32340 43644 20040 32340 43644
20060 32341 43644 20080 32330 20100 32088 20120 31803 20140 31574
20180 31297 20300 30956 20500 30733
444 20120 20091 1046/ 521//=
####018000195####
SSVX07 KARS 212154
ZZYY 48536 21091 2000/ 173148 153795 6112/
11119 11007 40073
444 20120 21091 1949/=
ZZYY 48534 21091 2010/ 783371 046220 6112/
11119 11112
444 20120 21091 2003/=
####018005569####
SSVX02 KARS 212154
ZZYY 44930 21091 2005/ 765215 001509 6112/
444 20120 21091 2008/ 50101 80092 80099 9/015=
ZZYY 48673 21091 2005/ 776614 124071 6113/
444 20130 21091 2022/ 500// 9/000=
ZZYY 63964 21091 2003/ 173760 023087 6112/
444 20120 21091 1958/ 50101 80009 80010 9/015=
ZZYY 63951 21091 2004/ 765643 001306 6111/
22219 00105
444 20110 21091 1957/ 50101 80008 80010 9/015=
ZZYY 63948 21091 2004/ 175370 035625 6112/
22219 00056
444 20120 21091 1959/ 50101 80008 80006 9/015=
ZZYY 63577 21091 2004/ 175176 067639 6111/
444 20110 21091 2001/ 50101 80009 80004 9/015=
ZZYY 63577 21091 2139/ 175165 067639 6113/
22219 00062
444 20130 21091 2128/ 50101 80009 80006 9/015=
ZZYY 63583 21091 2004/ 172511 046794 6111/
22219 00081
444 20110 21091 1959/ 50101 80007 80012 9/015=
ZZYY 63584 21091 2004/ 777774 002110 6112/
22219 00042
444 20120 21091 1959/ 50101 80007 80013 9/015=
ZZYY 63966 21091 2004/ 171492 015306 6112/
22219 00104
444 20120 21091 2001/ 50101 80009 80005 9/015=
ZZYY 13904 21091 2133/ 717187 019469 6111/
444 20110 21091 2123/ 50101 80128 9/015=
ZZYY 15945 21091 2126/ 505712 017571 6111/
22219 00251
444 20110 21091 2124/ 50101 80084 80013 9/015=
ZZYY 15904 21091 2121/ 310805 007204 6112/
22219 00206
444 20120 21091 1946/ 50101 80152 80008 9/015=
ZZYY 15501 21091 2100/ 528784 011424 6113/
11119 30262 40262 52016
444 20130 21091 1945/ 50101 80110 80000 9/015=
ZZYY 13518 21091 2127/ 706632 013244 6111/
22219 00277
444 20110 21091 2124/ 50101 80134 80001 9/015=
ZZYY 17657 21091 2120/ 524388 011828 6112/
11119 30245 40245 52011
22219 00201
444 20120 21091 1945/ 50101 8//// 80100 9/015=
ZZYY 17657 21091 2020/ 524388 011828 6112/
11119 30242 40242 52009
22219 00202
444 20120 21091 1945/ 50101 8//// 80100 9/015=
ZZYY 15666 21091 2121/ 314852 008702 6112/
22219 00181
444 20120 21091 1945/ 50101 80152 80012 9/015=
ZZYY 23681 21091 2050/ 519912 013916 6112/
22219 00264
444 20120 21091 1946/ 50101 80010 80011 9////=
ZZYY 23681 21091 1950/ 519912 013916 6112/
22219 00265
444 20120 21091 1946/ 50101 80010 80000 9////=
ZZYY 15679 21091 2122/ 308871 006326 6112/
22219 00223
444 20120 21091 2119/ 50101 80152 80009 9/015=
ZZYY 17509 21091 2050/ 529030 010680 6112/
11119 30255 40255
22219 00189
444 20120 21091 1944/ 50101 80080 80100 9/015=
ZZYY 15924 21091 2100/ 517007 016620 6111/
11119 30206 40206 52017
22219 00218
444 20110 21091 2119/ 50101 80140 80011 9/015=
ZZYY 71626 21091 2050/ 526492 002361 6112/
11119 30274 40274 52012
22219 00187
444 20120 21091 1945/ 50101 80100 80008 9/015=
ZZYY 15906 21091 2124/ 507501 012041 6111/
22219 00239
444 50101 80082 80012 9/015=
ZZYY 15927 21091 2040/ 523366 007961 6113/
11119 30249 40249 52013
22219 00196
444 20130 21091 1946/ 50101 80140 80000 9/015=
ZZYY 15618 21091 2122/ 520798 002154 6111/
22219 00189
444 20110 21091 2119/ 50101 80124 80180 9/015=
ZZYY 15505 21091 2030/ 525558 011155 6112/
11119 30246 40246
22219 00198
444 20120 21091 1946/ 50101 80110 80100 9/015=
ZZYY 31519 21091 2020/ 526936 013732 6112/
11119 30218 40218 52016
22219 00193
444 20120 21091 1946/ 50101 80080 80000 9/015=
ZZYY 33907 21091 2100/ 533814 003036 6113/
11119 30287 40287 52014
22219 00153
444 20130 21091 1944/ 50101 8//// 80000 9////=
ZZYY 33907 21091 2000/ 533814 003036 6113/
11119 30285 40285 52012
22219 00154
444 20130 21091 1944/ 50101 8//// 80002 9////=
ZZYY 33908 21091 2030/ 331408 004393 6112/
11119 30289 40289 52010
22219 00169
444 20120 21091 1944/ 50101 8//// 80000 9/015=
ZZYY 17653 21091 2030/ 337902 004705 6112/
11119 30264 40264 52003
22219 00128
444 20120 21091 1936/ 50101 80080 80007 9/015=
ZZYY 33691 21091 2120/ 527641 002147 6113/
22219 00184
444 20130 21091 1945/ 50101 80070 80005 9/015=
ZZYY 17685 21091 2100/ 331189 001433 6113/
11119 30324 40324 52009
22219 00167
444 20130 21091 1945/ 50101 8//// 80000 9////=
ZZYY 15944 21091 2126/ 301895 002722 6111/
22219 00251
444 20110 21091 2124/ 50101 80152 80007 9/015=
ZZYY 15905 21091 2118/ 312879 008080 6112/
22219 00196
444 20120 21091 1948/ 50101 80152 9/015=
ZZYY 15923 21091 2100/ 514832 021473 6113/
11119 30186 40186 52010
22219 00233
444 20130 21091 1845/ 50101 80120 80012 9/015=
ZZYY 33900 21091 2030/ 319439 000373 6112/
11119 30220 40220 52015
22219 00186
444 20120 21091 1945/ 50101 80110 80010 9/015=
ZZYY 33558 21091 2100/ 328855 007719 6112/
11119 30276 40276 52009
22219 00166
444 20120 21091 1821/ 50101 80110 80006 9/015=
ZZYY 33558 21091 2000/ 328855 007719 6112/
11119 30277 40277 52011
22219 00166
444 20120 21091 1821/ 50101 80110 80006 9/015=
ZZYY 15912 21091 2127/ 303658 003717 6112/
22219 00241
444 20120 21091 1946/ 50101 80152 80007 9/015=
ZZYY 15942 21091 2127/ 305332 004567 6111/
22219 00245
444 50101 80152 80008 9/015=
ZZYY 31926 21091 2119/ 533128 006199 6113/
22219 00172
444 20130 21091 1945/ 50101 80007 80023 9////=
ZZYY 31708 21091 2119/ 331491 009936 6113/
22219 00166
444 20130 21091 1944/ 50101 80004 80023 9////=
ZZYY 17672 21091 2110/ 537794 011414 6111/
11119 30245 40245 52018
22219 00123
444 20110 21091 1939/ 50101 80110 80006 9/015=
ZZYY 15620 21091 2110/ 326872 000197 6112/
11119 30277 40277 52010
22219 00179
444 20120 21091 1946/ 50101 80077 80017 9/015=
ZZYY 63579 21091 2140/ 168997 046987 6113/
22219 00086
444 20130 21091 2131/ 50101 80007 80004 9////=
####018000515####
SSVX06 KARS 212154
ZZYY 47558 21091 2006/ 773759 081621 6112/
444 20120 21091 2017/ 500// 9/000=
ZZYY 48506 21091 2003/ 779553 119095 6112/
444 20120 21091 1943/ 500//=
ZZYY 47554 21091 2006/ 774322 111775 6113/
444 20130 21091 2018/ 500// 9/000=
ZZYY 48505 21091 2005/ 780187 127724 6111/
11119 40043
444 20110 21091 2020/ 500//=
ZZYY 47553 21091 2005/ 779334 103377 6112/
444 20120 21091 2019/ 500// 9/000=
ZZYY 48713 21091 2006/ 175313 165392 6113/
444 20130 21091 1948/ 500// 9/000=
####018000128####
SSVX02 CWAO 212145
ZZYY 47531 21091 2145/ 784419 064736 6113/ 11131 10000 444 20130 21091 2145/ 50701 80138 80001 9////=

####018000128####
SSVX02 CWAO 212145
ZZYY 47537 21091 2145/ 784419 064800 6113/ 22291 00003 444 20130 21091 2145/ 50701 80138 80001 9////=

####018000128####
SSVX02 CWAO 212145
ZZYY 47532 21091 2145/ 782991 062206 6113/ 11119 11075 444 20130 21091 2145/ 50701 80136 80001 9////=

####018000128####
SSVX02 CWAO 212145
ZZYY 47533 21091 2145/ 782989 062175 6113/ 22291 01006 444 20130 21091 2145/ 50701 80138 80001 9////=

####018000146####
SSVX13 LFPW 212200
ZZYY 64611 21091 2200/ 763335 025779 6111/ 11119 49963 52019 22219
 00108 444 20110 21091 2200/ 50101 80131 80000 9/015=
####018000277####
SSVX02 LFVW 212156
ZZYY 33707 21091 2100/ 534110 008127 6112/
11119 40259 52009
22219 00149
444 20120 21091 1944/ 50101 8//// 80046 9/015=
ZZYY 33707 21091 2000/ 534110 008127 6112/
11119 40256 52009
22219 00149
444 20120 21091 1944/ 50101 8//// 80046 9/015=
