####018000434####
SSVX01 DEMS 212030
ZZYY 23091 21091 19001 118155 089691 111// 02306 10274 40022 222// 00280 10705=
ZZYY 23093 21091 19001 116517 088011 111// 02308 10284 40035 222// 00279 1////=
ZZYY 23094 21091 19001 114219 082884 111// 02206 10289 40063 222// 00/// 10603=
ZZYY 23095 21091 19001 110502 094031 111// 02308 10277 40094 222// 00/// 1////=
ZZYY 23459 21091 19001 111002 086502 111// 0//09 10284 40084 222// 00282 1////=

####018000431####
SSVX01 DEMS 212030
ZZYY 23091 21091 19001 118155 089691 111// 02306 10274 40022 222// 00280 10705=
ZZYY 23093 21091 19001 116517 088011 111// 02308 10284 40035 222// 00279 1////=
ZZYY 23094 21091 19001 114219 082884 111// 02206 10289 40063 222// 00/// 10603=
ZZYY 23095 21091 19001 110502 094031 111// 02308 10277 40094 222// 00/// 1////=
ZZYY 23459 21091 19001 111002 086502 111// 0//09 10284 40084 222// 00282 1////=
####018001615####
SSVX08 KARS 212029
ZZYY 51006 20091 1200/ 709010 140231 6113/
33311 88872 20001 32753 43392 20020 32780 20040 32736 20060 32181
20080 31610 20100 31281 20120 31207 20140 31152 20180 31088
20300 30987 20500 30829
444 20130 20091 1148/ 521//=
ZZYY 51006 21091 18004 709004 140230 6111/
11119 01901 10260 29090
22219 00277
444 20110 21091 1734/ 521// 60401=
ZZYY 51021 20091 1200/ 701994 154969 6111/
33311 88870 20001 32642
444 20110 20091 1128/ 521//=
ZZYY 51008 20091 1200/ 702014 140021 6111/
33311 88870 20040 32615 20060 32579 20080 32448 20100 32311
20120 32006 20140 31572 20180 31361 20300 31153 20500 30913
444 20110 20091 1151/ 521//=
ZZYY 51020 20091 1200/ 705006 154955 6111/
33311 88872 20001 32771 43507 20025 32768 20050 32766 20100 32673
20125 32582 20150 32064 20200 31248 20250 31107 20300 31077
20500 30900
444 20110 20091 1307/ 521//=
ZZYY 51020 21091 18004 705000 154949 6112/
11119 01409 10267 29079
22219 00275
444 20120 21091 1737/ 521// 60401=
ZZYY 48400 20091 12004 750130 144819 6111/
11119 02224 10122 29088
22219 00127
33311 88872 20000 31266 20001 31265 43798
444 20110 20091 1139/ 521// 60401=
ZZYY 48400 21091 18004 750122 144806 6111/
11119 02519 10115 29073
22219 00124
444 20110 21091 1724/ 521// 60401=
ZZYY 51301 20091 1200/ 707989 155000 6111/
33311 88870 20001 32841 20050 32812 20075 32726 20100 32332
20125 31709 20150 31348 20200 31131 20300 31012 20500 30813
444 20110 20091 1148/ 521//=
ZZYY 51009 21091 18004 502030 140013 6112/
11119 01014 10255 29082
444 20120 21091 1738/ 521// 60401=
####018000483####
SSVX06 KARS 212029
ZZYY 48506 21091 2026/ 779553 119095 6112/
444 20120 21091 1943/ 500//=
ZZYY 48506 21091 1834/ 779557 119150 6111/
444 20110 21091 1839/ 500//=
ZZYY 47553 21091 2025/ 779334 103377 6112/
444 20120 21091 2019/ 500// 9/000=
ZZYY 48713 21091 2024/ 175315 165398 6112/
444 500// 9/000=
ZZYY 47558 21091 1831/ 773758 081645 6112/
444 20120 21091 1827/ 500// 9/000=
ZZYY 47554 21091 1832/ 774317 111716 6113/
444 20130 21091 1836/ 500// 9/000=
####018009035####
SSVX02 KARS 212029
ZZYY 32670 21091 1842/ 705075 132131 6112/
22219 00271
444 20120 21091 1731/ 50101 80120 80033 9/015=
ZZYY 51900 21091 1844/ 702313 138815 6113/
22219 00260
444 20130 21091 1731/ 50101 80120 80007 9/015=
ZZYY 51788 21091 1844/ 709492 149686 6112/
22219 00276
444 20120 21091 1730/ 50101 80088 80000 9/015=
ZZYY 51966 21091 1844/ 705024 134899 6113/
22219 00271
444 20130 21091 1729/ 50101 80120 80005 9/015=
ZZYY 46766 21091 1842/ 723288 152226 6112/
22219 00252
444 50101 80082 80022 9/015=
ZZYY 46516 21091 1844/ 735429 140112 6113/
22219 00233
444 20130 21091 1838/ 50101 80094 80093 9////=
ZZYY 46904 21091 1843/ 719359 140168 6112/
22219 00245
444 20120 21091 1841/ 50101 80072 80098 9/015=
ZZYY 22635 21091 1844/ 722065 139616 6112/
444 20120 21091 1840/ 50101 80009 80074 9/015=
ZZYY 52667 21091 1843/ 741517 154740 6111/
22219 00172
444 20110 21091 1837/ 50101 8//// 80005 9////=
ZZYY 32674 21091 1844/ 703300 136608 6111/
22219 00267
444 20110 21091 1707/ 50101 80120 80099 9/015=
ZZYY 46924 21091 1845/ 724338 127506 6113/
22219 00218
444 20130 21091 1839/ 50101 80100 80130 9/015=
ZZYY 22616 21091 1845/ 732215 154501 6112/
22219 00257
444 20120 21091 1840/ 50101 80045 80000 9/015=
ZZYY 46923 21091 1844/ 710632 129217 6111/
22219 00277
444 20110 21091 1841/ 50101 80106 80015 9/015=
ZZYY 32910 21091 1844/ 705834 134163 6113/
22219 00266
444 20130 21091 1730/ 50101 80122 80007 9/015=
ZZYY 51975 21091 1844/ 709935 123428 6111/
22219 00278
444 20110 21091 1841/ 50101 80091 80004 9/015=
ZZYY 51770 21091 1845/ 710430 143593 6112/
22219 00272
444 20120 21091 1842/ 50101 80119 80035 9/015=
ZZYY 46906 21091 1843/ 712515 149503 6112/
22219 00270
444 50101 80076 80023 9/015=
ZZYY 51730 21091 1844/ 731545 160691 6111/
22219 00261
444 20110 21091 0940/ 50101 80121 80016 9/015=
ZZYY 43543 21091 1844/ 720604 120910 6112/
22219 00242
444 20120 21091 1840/ 50101 80054 80019 9/015=
ZZYY 51613 21091 1844/ 709355 141535 6112/
444 20120 21091 1730/ 50101 80113 80072 9/015=
ZZYY 51739 21091 1844/ 714563 153697 6113/
22219 00268
444 20130 21091 1730/ 50101 80111 80008 9/015=
ZZYY 46533 21091 2000/ 753689 147194 6112/
11119 39864 49864 52023
22219 00112
444 20120 21091 1937/ 50101 80145 80058 9/015=
ZZYY 46537 21091 2010/ 747607 173508 6112/
11119 30090 40090 52001
22219 00106
444 20120 21091 1903/ 50101 80140 80008 9/015=
ZZYY 21905 21091 2000/ 148418 162691 6112/
11119 30174 40174 52013
22219 00128
444 20120 21091 1743/ 50101 80140 80063 9/015=
ZZYY 21536 21091 2020/ 148672 157888 6112/
11119 30188 40188 52011
22219 00118
444 20120 21091 1925/ 50101 80120 80054 9/015=
ZZYY 46919 21091 2010/ 147922 161302 6112/
11119 30184 40184 52012
444 20120 21091 1925/ 50101 80077 80009 9/015=
ZZYY 21546 21091 2010/ 743349 155702 6111/
11119 30045 40045 57009
22219 00160
444 20110 21091 1903/ 50101 80050 80017 9/015=
ZZYY 48673 21091 2024/ 776614 124071 6113/
444 20130 21091 2022/ 500// 9/000=
ZZYY 48673 21091 1833/ 776618 124044 6112/
444 20120 21091 1836/ 500// 9/000=
ZZYY 46921 21091 2000/ 752332 137381 6112/
11119 39830 49830 52037
22219 00113
444 20120 21091 1937/ 50101 80100 80000 9/015=
ZZYY 21998 21091 1930/ 744288 145385 6111/
11119 30095 40095 52017
22219 00158
444 20110 21091 1903/ 50101 80100 80000 9/015=
ZZYY 46618 21091 2010/ 145920 168260 6113/
11119 30189 40189 52016
22219 00134
444 20130 21091 1925/ 50101 80077 80063 9/015=
ZZYY 63561 21091 1950/ 775966 000052 6111/
22219 00049
33311 88872 20000 30490 42048
444 20110 21091 2012/ 50101 80070 80100 9/015=
ZZYY 44932 21091 2016/ 750848 025323 6112/
22219 00141
444 20120 21091 2008/ 50101 80142 80004 9/015=
ZZYY 44930 21091 2018/ 765215 001509 6112/
444 20120 21091 2008/ 50101 80092 80099 9/015=
ZZYY 48656 21091 1950/ 780650 160314 6112/
22219 01022
444 20120 21091 1943/ 50101 80123 80001 9/015=
ZZYY 44517 21091 2016/ 751795 020077 6112/
22219 00137
444 20120 21091 2008/ 50101 80142 80010 9/015=
ZZYY 63964 21091 2019/ 173753 023096 6112/
444 20120 21091 2011/ 50101 80009 80010 9/015=
ZZYY 63951 21091 2016/ 765642 001327 6112/
22219 00105
444 20120 21091 2011/ 50101 80008 80010 9/015=
ZZYY 63583 21091 2019/ 172512 046814 6111/
22219 00081
444 20110 21091 2020/ 50101 80007 80012 9/015=
ZZYY 44931 21091 2010/ 746150 027642 6113/
11119 30221 40221 57012
22219 00183
444 20130 21091 2007/ 50101 80138 80001 9/015=
ZZYY 64932 21091 2010/ 770668 013649 6112/
33311 88872 20000 43478
444 20120 21091 2011/ 50101 80011 80100 9////=
ZZYY 63966 21091 2019/ 171486 015308 6112/
22219 00104
444 20120 21091 2010/ 50101 80009 80005 9/015=
ZZYY 46914 21091 1842/ 719385 121789 6113/
22219 00242
444 20130 21091 0327/ 50101 80102 80000 9/015=
ZZYY 32615 21091 1844/ 708794 143813 6111/
22219 00275
444 20110 21091 1730/ 50101 80007 80016 9/015=
ZZYY 32675 21091 1844/ 703826 138549 6112/
22219 00262
444 20120 21091 1739/ 50101 80120 80105 9/015=
ZZYY 46903 21091 1844/ 730519 134493 6112/
22219 00215
444 20120 21091 1839/ 50101 80138 80000 9/015=
ZZYY 51653 21091 1844/ 718809 135964 6113/
22219 00251
444 20130 21091 1725/ 50101 80122 80031 9/015=
ZZYY 32551 21091 1810/ 703880 119070 6113/
11119 30119 40119 52007
444 20130 21091 1707/ 50101 80077 80000 9/015=
ZZYY 46566 21091 1800/ 726881 149353 6112/
11119 30198 40198 52008
22219 00253
444 20120 21091 1725/ 50101 8//// 80000 9/015=
ZZYY 51967 21091 1844/ 706259 134036 6112/
22219 00271
444 20120 21091 1736/ 50101 80120 80035 9/015=
ZZYY 51679 21091 1844/ 704673 133837 6113/
22219 00267
444 20130 21091 1730/ 50101 80120 80037 9/015=
ZZYY 46769 21091 1844/ 721384 123362 6112/
22219 00241
444 20120 21091 1840/ 50101 80114 80117 9/015=
ZZYY 43556 21091 1845/ 720246 129006 6113/
22219 00227
444 20130 21091 1840/ 50101 80078 80017 9/015=
ZZYY 43555 21091 1845/ 717881 129720 6112/
22219 00253
444 20120 21091 1840/ 50101 80088 80014 9/015=
ZZYY 46927 21091 1843/ 733062 145758 6112/
22219 00240
444 20120 21091 1839/ 50101 80138 80003 9/015=
ZZYY 46616 21091 1842/ 721945 119218 6112/
22219 00235
444 20120 21091 1840/ 50101 80114 80117 9/015=
ZZYY 46609 21091 1844/ 722199 128689 6113/
22219 00225
444 20130 21091 1840/ 50101 80112 80126 9/015=
ZZYY 46559 21091 1845/ 712770 122270 6112/
22219 00282
444 20120 21091 1841/ 50101 80110 80011 9/015=
ZZYY 46540 21091 1840/ 742497 144630 6111/
11119 30115 40115 52022
22219 00184
444 20110 21091 1903/ 50101 80123 80012 9/015=
ZZYY 46583 21091 1845/ 716929 130567 6112/
22219 00256
444 20120 21091 1841/ 50101 80098 80026 9/015=
ZZYY 43557 21091 1845/ 722434 120067 6113/
22219 00231
444 20130 21091 1841/ 50101 80088 80016 9/015=
ZZYY 43558 21091 1844/ 722675 124633 6113/
444 20130 21091 1840/ 50101 80086 80255 9/015=
ZZYY 43532 21091 1845/ 718792 141697 6112/
22219 00248
444 20120 21091 1730/ 50101 80074 80027 9/015=
ZZYY 43553 21091 1840/ 721034 127780 6112/
22219 00228
444 50101 80088 80039 9/015=
ZZYY 43540 21091 1844/ 715450 133107 6112/
22219 00262
444 20120 21091 1841/ 50101 80096 80016 9/015=
ZZYY 51931 21091 1844/ 729333 161341 6112/
22219 00265
444 20120 21091 1729/ 50101 80068 80010 9/015=
ZZYY 51623 21091 1845/ 709945 122292 6111/
22219 00277
444 20110 21091 1842/ 50101 80113 80071 9/015=
ZZYY 43554 21091 1843/ 728530 126441 6113/
22219 00203
444 20130 21091 1839/ 50101 80090 80034 9/015=
ZZYY 51759 21091 1844/ 700608 121704 6113/
22219 00231
444 20130 21091 1709/ 50101 80110 80045 9/015=
ZZYY 43551 21091 1844/ 723085 121204 6113/
22219 00221
444 20130 21091 1840/ 50101 80090 80015 9/015=
ZZYY 51904 21091 1842/ 709405 111552 6112/
444 20120 21091 1922/ 50101 80078 80002 9/015=
ZZYY 22576 21091 1842/ 732657 140303 6113/
22219 00238
444 20130 21091 1838/ 50101 80010 80000 9/015=
ZZYY 46926 21091 1845/ 724963 143020 6112/
22219 00240
444 20120 21091 1840/ 50101 80138 80002 9/015=
ZZYY 32904 21091 1810/ 506855 122771 6112/
11119 30149 40149 52015
22219 00237
444 20120 21091 1739/ 50101 80140 80000 9/015=
ZZYY 14945 21091 1843/ 739433 158972 6112/
22219 00197
444 20120 21091 1838/ 50101 8//// 80029 9/015=
ZZYY 43552 21091 1843/ 728433 123284 6113/
444 20130 21091 1838/ 50101 80088 80020 9/015=
ZZYY 51647 21091 1844/ 710758 150880 6113/
22219 00273
444 20130 21091 1730/ 50101 80109 80006 9/015=
ZZYY 46762 21091 1845/ 720353 136196 6112/
22219 00232
444 20120 21091 1730/ 50101 80000 80061 9/015=
ZZYY 22910 21091 1844/ 740304 151675 6112/
22219 00200
444 20120 21091 1840/ 50101 80009 80000 9////=
ZZYY 22927 21091 1843/ 741404 152321 6111/
22219 00176
444 20110 21091 1844/ 50101 80009 80099 9////=
ZZYY 46768 21091 1841/ 718085 139750 6112/
22219 00244
444 50101 80072 80031 9/015=
####018000143####
SSVX04 KARS 212029
ZZYY 46658 21091 1955/ 753094 153317 6111/
11119 49874 52016
22219 00104
444 20110 21091 1835/ 503// 80158 80017=
####018000123####
SSVX12 KARS 212029
ZZYY 48512 21091 2000/ 783925 154600 6113/
11119 11138 40008
444 20130 21091 1946/ 504// 80014=
####018001131####
SSVX11 LFVW 212030
ZZYY 53056 21091 1300/ 305041 095061 6113/
11119 10267 29082
22219 00272
33311 88872 20000 32717 20001 32717 43405 20011 32717 43411
20020 32708 43421 20040 32701 43420 20081 32224 20100 31862 43491
20120 31523 20140 31342 20200 31209 20301 31086 20501 30924
444 20130 21091 1303/ 522//=
ZZYY 53056 21091 1100/ 305040 095068 6112/
11119 10269 29081
22219 00272
33311 88872 20000 32724 20001 32724 43406 20011 32718 43412
20020 32703 43424 20040 32700 43419 20081 32152 20100 31802 43495
20120 31453 20140 31295 20200 31199 20300 31088 20501 30933
444 20120 21091 1022/ 522//=
ZZYY 53056 21091 1800/ 305040 095059 6113/
11119 10265 29085
22219 00000
33311 88872 20000 30000 20001 32706 43406 20011 32707 43410
20020 32706 43396 20040 32701 43421 20081 32094 20100 31860 43499
20120 31568 20140 31325 20200 31229 20301 31095 20501 30937
444 20130 21091 1834/ 522//=
ZZYY 53056 21091 2000/ 305042 095059 6111/
11119 10264 29082
22219 00270
33311 88872 20000 32704 20081 32203 20100 31858 43502 20120 31485
20140 31287 20200 31217
444 20110 21091 2014/ 522//=
####018000117####
SSVX07 LFVW 212028
ZZYY 48548 21091 2020/ 774310 127618 6111/
11119 11012 39938 49938
444 20110 21091 1916/=
####018001209####
SSVX13 LFVW 212030
ZZYY 23925 21091 2000/ 330818 048553 6113/
11119 30235 40235 52004
22219 00179
444 20130 21091 1818/ 50101 80130 80000 9/015=
ZZYY 23998 21091 1930/ 314759 057760 6111/
11119 30196 40196 57002
22219 00249
444 20110 21091 2018/ 50101 80100 80008 9/015=
ZZYY 23998 21091 1830/ 314763 057755 6111/
11119 30198 40198 52008
22219 00249
444 20110 21091 1757/ 50101 80100 80008 9/015=
ZZYY 23997 21091 2020/ 312075 064787 6111/
11119 30158 40158 57018
22219 00257
444 50101 80110 80003 9/015=
ZZYY 23997 21091 1920/ 312075 064787 6111/
11119 30167 40167 57005
22219 00257
444 20110 21091 2019/ 50101 80110 80003 9/015=
ZZYY 23997 21091 1820/ 312078 064817 6112/
11119 30173 40173 52007
22219 00257
444 20120 21091 1756/ 50101 80110 80005 9/015=
ZZYY 23999 21091 2010/ 318098 050849 6112/
11119 30207 40207 57010
22219 00245
444 20120 21091 2019/ 50101 80100 80008 9/015=
ZZYY 23999 21091 1910/ 318090 050876 6112/
11119 30214 40214 52002
22219 00245
444 20120 21091 1822/ 50101 80100 80008 9/015=
ZZYY 56518 21091 2000/ 311714 050885 6111/
11119 30185 40185 54000
22219 00250
444 20110 21091 1936/ 50101 80060 80002 9/015=
####018000249####
SSVX02 LFVW 212030
ZZYY 56939 21091 2000/ 336709 051115 6112/
11119 40224 52015
444 20120 21091 1819/ 50101 80090 80000 9/015=
ZZYY 56939 21091 1900/ 336709 051115 6112/
11119 40220 52025
444 20120 21091 1819/ 50101 80090 80000 9/015=
####018000097####
SSVX06 KARS 212031
ZZYY 48505 21091 2026/ 780181 127702 6111/
444 20110 21091 2022/ 500//=
####018003545####
SSVX08 KARS 212031
ZZYY 23001 20091 1200/ 100121 080522 6113/
33311 88872 20001 32936 43427 20020 32894 43439 20040 32858 43437
20060 32569 43524 20080 32453 20100 32254 20120 32089 20140 31959
20180 31504 20300 31152 20500 30963
444 20130 20091 1050/ 521//=
ZZYY 23001 21091 20004 100119 080533 6112/
11119 01906 10283 29076 40109
22219 00294
444 20120 21091 1616/ 521// 60401=
ZZYY 14043 20091 1200/ 312206 067221 6111/
33311 88872 20001 32608 43524 20020 32609 43523 20040 32608 43525
20060 32608 43525 20080 32607 20100 32546 20120 32090 20140 31884
20180 31635 20300 31164 20500 30851
444 20110 20091 1057/ 521//=
ZZYY 14043 21091 20004 312195 067211 6112/
11119 01220 10254 29078 40150
22219 00260
444 20120 21091 2016/ 521// 60401=
ZZYY 23003 20091 1200/ 301502 080504 6112/
33311 88872 20001 32892 43439 20020 32891 43444 20040 32892 43448
20060 32801 43487 20080 32441 20100 32189 20120 31913 20140 31745
20180 31490 20300 31197 20500 30950
444 20120 20091 1047/ 521//=
ZZYY 23003 21091 20004 301505 080509 6111/
11119 02904 10278 29077
22219 00292
444 20110 21091 1616/ 521// 60401=
ZZYY 53006 20091 1200/ 312001 080518 6112/
33311 88872 20001 32639 43475 20020 32639 43473 20040 32639 43474
20060 32619 43473 20080 32244 20140 31598 20180 31425 20300 31132
20500 30861
444 20120 20091 1046/ 521//=
ZZYY 23004 20091 1200/ 100025 089847 6113/
33311 88872 20001 32841 43300 20020 32866 43392 20040 32800 43418
20060 32324 43525 20080 32226 20100 32139 20120 31978 20140 31758
20180 31532 20300 31211 20500 30999
444 20130 20091 1318/ 521//=
ZZYY 23006 20091 1200/ 103977 089591 6112/
33311 88872 20001 32881 20020 32872 43315 20040 32870 43327
20060 32831 43348 20080 32323 20100 31840 20120 31629 20140 31483
20180 31359 20300 31226 20500 31027
444 20120 20091 1318/ 521//=
ZZYY 53009 20091 1200/ 311878 093317 6111/
33311 88872 20020 32655 43402 20040 32653 43408 20060 32652 43405
20080 32652 20100 32639 20120 32539 20180 31954 20300 31234
20500 30911
444 20110 20091 1314/ 521//=
ZZYY 53009 21091 20004 311877 093320 6111/
11119 01213 10255 29082
444 20110 21091 2016/ 521// 60401=
ZZYY 23002 20091 1200/ 101570 080510 6113/
33311 88872 20001 32900 43446 20020 32880 43449 20040 32854
20060 32703 43492 20080 32429 20100 32175 20120 31947 20140 31795
20180 31432 20300 31174
444 20130 20091 1050/ 521//=
ZZYY 53005 20091 1200/ 307997 080452 6112/
33311 88872 20001 32826 43482 20020 32827 43481 20040 32828 43483
20060 32558 43512 20080 32435 20100 32279 20120 32107 20140 31951
20180 31730 20300 31256 20500 30978
444 20120 20091 1048/ 521//=
ZZYY 53005 21091 20004 307998 080455 6111/
11119 01012 10277 29078
22219 00283
444 20110 21091 1503/ 521// 60401=
ZZYY 23005 20091 1200/ 101579 090082 6112/
33311 88872 20001 32890 43323 20020 32875 43356 20040 32881 43398
20060 32639 43441 20080 32147 20100 31994 20120 31794 20140 31609
20180 31427 20300 31232 20500 31006
444 20120 20091 1318/ 521//=
ZZYY 23005 21091 20004 101585 090086 6111/
11119 01708 10276 29080
22219 00286
444 20110 21091 2012/ 521// 60401=
ZZYY 23010 20091 1200/ 303979 080493 6113/
33311 88872 20001 32881 43437 20020 32875 43458 20040 32873 43458
20060 32873 43459 20080 32726 20100 32430 20120 32025 20140 31627
20180 31367 20300 31101 20500 30912
444 20130 20091 1049/ 521//=
ZZYY 23010 21091 20004 303976 080501 6111/
11119 00612 10270 29080
22219 00286
444 20110 21091 1616/ 521// 60401=
####018008103####
SSVX02 KARS 212031
ZZYY 17671 21091 1940/ 327445 055757 6111/
22219 00207
444 20110 21091 2020/ 50101 80080 80100 9/015=
ZZYY 33591 21091 1940/ 331610 051147 6111/
11119 30229 40229 52004
22219 00169
444 20110 21091 2020/ 50101 80100 80000 9/015=
ZZYY 71630 21091 2000/ 338269 038942 6111/
11119 30276 40276 52023
22219 00133
444 20110 21091 1936/ 50101 80100 80000 9/015=
ZZYY 14551 21091 2018/ 100879 082564 6112/
22219 00291
444 20120 21091 2007/ 50101 80126 80003 9/015=
ZZYY 33696 21091 2020/ 333184 050225 6113/
11119 30229 40229 52005
22219 00164
444 20130 21091 1821/ 50101 80100 80000 9/015=
ZZYY 23975 21091 1930/ 312732 090898 6113/
11119 30153 40153 52241
22219 00266
444 20130 21091 1837/ 50101 80110 80008 9/015=
ZZYY 23974 21091 1940/ 309308 087181 6113/
11119 30120 40120 52233
22219 00278
444 20130 21091 1832/ 50101 80110 80013 9/015=
ZZYY 14545 21091 1950/ 317660 055468 6112/
11119 30203 40203 52253
22219 00240
444 20120 21091 1755/ 50101 80110 80013 9/015=
ZZYY 14545 21091 1850/ 317660 055468 6112/
11119 30208 40208 57249
22219 00240
444 20120 21091 1755/ 50101 80110 80011 9/015=
ZZYY 17679 21091 2000/ 333506 051668 6112/
444 20120 21091 1818/ 50101 80070 80097 9/015=
ZZYY 14566 21091 1840/ 311178 049883 6111/
11119 30167 40167 57246
22219 00251
444 20110 21091 1806/ 50101 80110 80002 9/015=
ZZYY 14949 21091 1910/ 107026 064856 6111/
11119 30128 40128
22219 00287
444 20110 21091 1759/ 50101 80110 80006 9/015=
ZZYY 14949 21091 1810/ 107026 064856 6111/
11119 30133 40133 57243
22219 00288
444 20110 21091 1759/ 50101 80110 80006 9/015=
ZZYY 14948 21091 2020/ 321235 050239 6111/
11119 30208 40208 57253
22219 00242
444 20110 21091 1820/ 50101 80110 80010 9/015=
ZZYY 14948 21091 1920/ 321235 050239 6111/
11119 30208 40208 57247
22219 00242
444 20110 21091 1820/ 50101 80110 80010 9/015=
ZZYY 33659 21091 2020/ 325821 076084 6111/
11119 40276 57013
22219 00201
444 50101 80010 80006 9////=
ZZYY 14543 21091 2020/ 318495 074597 6111/
11119 30209 40209 52242
22219 00238
444 50101 80110 80011 9/015=
ZZYY 14543 21091 1920/ 318487 074621 6112/
11119 30215 40215 52246
22219 00238
444 20120 21091 1836/ 50101 80110 80011 9/015=
ZZYY 23973 21091 1950/ 312480 088920 6111/
11119 30144 40144 52238
22219 00273
444 20110 21091 1834/ 50101 80110 80011 9/015=
ZZYY 16943 21091 2010/ 331043 050538 6112/
11119 30232 40232 52007
22219 00179
444 20120 21091 2020/ 50101 8//// 80000 9////=
ZZYY 16943 21091 1920/ 331045 050544 6112/
11119 30230 40230 52009
22219 00179
444 20120 21091 1820/ 50101 8//// 80000 9////=
ZZYY 14923 21091 2000/ 315078 051527 6111/
11119 30197 40197 54000
22219 00244
444 20110 21091 1821/ 50101 80145 80010 9/015=
ZZYY 14923 21091 1900/ 315078 051527 6111/
11119 30198 40198 52008
22219 00244
444 20110 21091 1821/ 50101 80145 80007 9/015=
ZZYY 16962 21091 2000/ 327243 047528 6112/
22219 00222
444 20120 21091 1820/ 50101 80009 80000 9////=
ZZYY 14918 21091 1910/ 333364 046595 6111/
11119 30231 40231 52015
22219 00182
444 20110 21091 1819/ 50101 80123 80007 9/015=
ZZYY 14918 21091 1810/ 333364 046595 6111/
11119 30226 40226 52018
22219 00182
444 20110 21091 1819/ 50101 80123 80005 9/015=
ZZYY 17518 21091 1850/ 323459 067154 6113/
11119 30247 40247 57004
22219 00223
444 20130 21091 1756/ 50101 80110 80000 9/015=
ZZYY 17518 21091 1950/ 323472 067132 6112/
11119 30241 40241 57011
22219 00223
444 20120 21091 2019/ 50101 80110 80000 9/015=
ZZYY 14927 21091 1920/ 317135 053337 6112/
11119 30209 40209 52003
22219 00244
444 20120 21091 2019/ 50101 80145 80009 9/015=
ZZYY 14927 21091 2020/ 317135 053337 6112/
11119 30204 40204 57008
22219 00244
444 50101 80145 80008 9/015=
ZZYY 16963 21091 1910/ 325394 059858 6112/
11119 40237 52001
22219 00222
444 20120 21091 1802/ 50101 80009 80000 9////=
ZZYY 16963 21091 1810/ 325394 059858 6112/
11119 40240 52006
22219 00223
444 20120 21091 1802/ 50101 80009 80000 9////=
ZZYY 16963 21091 2010/ 325415 059863 6113/
11119 40233 57007
22219 00222
444 20130 21091 2019/ 50101 80009 80000 9////=
ZZYY 16609 21091 2010/ 327381 051424 6111/
11119 40203 57001
22219 00215
444 20110 21091 2020/ 50101 80010 80003 9////=
ZZYY 16609 21091 1910/ 327373 051402 6112/
11119 40206 52005
22219 00216
444 20120 21091 1821/ 50101 80010 80003 9////=
ZZYY 16608 21091 1950/ 330408 044555 6113/
11119 40242 52010
22219 00200
444 20130 21091 1821/ 50101 80010 80004 9////=
ZZYY 14928 21091 2018/ 105988 087939 6112/
22219 00284
444 20120 21091 2009/ 50101 80099 80006 9/015=
ZZYY 14939 21091 1950/ 319609 055493 6112/
11119 30217 40217 54000
22219 00238
444 20120 21091 2020/ 50101 80145 80009 9/015=
ZZYY 14939 21091 1850/ 319597 055483 6111/
11119 30219 40219 52006
22219 00238
444 20110 21091 1759/ 50101 80145 80007 9/015=
ZZYY 14943 21091 1830/ 314247 051948 6111/
11119 30199 40199 52014
22219 00246
444 20110 21091 1800/ 50101 80138 80011 9/015=
ZZYY 55599 21091 2000/ 347885 061272 6111/
11119 49976 52009
22219 00028
444 20110 21091 1843/ 50101 80008 80000 9////=
ZZYY 14554 21091 1930/ 332208 065552 6111/
11119 40241 57007
22219 00177
444 20110 21091 1842/ 50101 80010 80000 9////=
ZZYY 14916 21091 1930/ 320116 056731 6112/
11119 30219 40219 52001
22219 00238
444 20120 21091 1643/ 50101 80120 80027 9/015=
ZZYY 17520 21091 2023/ 336013 045544 6112/
22219 00162
444 20120 21091 1819/ 50101 80094 80000 9////=
ZZYY 33951 21091 2023/ 338958 087140 6111/
22219 00116
444 20110 21091 2020/ 50101 80072 80009 9/015=
ZZYY 16595 21091 1940/ 327848 089188 6111/
11119 30286 40286 57016
22219 00201
444 20110 21091 2020/ 50101 80080 80000 9/015=
ZZYY 16565 21091 1950/ 323533 077055 6112/
11119 30263 40263 57011
22219 00218
444 20120 21091 2019/ 50101 80100 80007 9////=
ZZYY 16565 21091 1850/ 323539 077099 6112/
11119 30270 40270 57005
22219 00218
444 20120 21091 1840/ 50101 80100 80008 9////=
ZZYY 14926 21091 1900/ 332092 054363 6112/
11119 30221 40221 52009
444 20120 21091 1819/ 50101 8//// 80000 9/015=
ZZYY 16593 21091 1940/ 328592 056740 6112/
11119 30226 40226 57004
22219 00210
444 20120 21091 2019/ 50101 80100 80008 9////=
ZZYY 16593 21091 1840/ 328583 056729 6112/
11119 30230 40230 52003
22219 00211
444 20120 21091 1819/ 50101 80100 80008 9////=
ZZYY 17690 21091 1950/ 330806 045648 6111/
22219 00186
444 20110 21091 1819/ 50101 80090 80000 9/015=
ZZYY 14549 21091 1850/ 332702 059857 6112/
11119 30219 40219 57001
22219 00178
444 20120 21091 1818/ 50101 8//// 80006 9////=
ZZYY 33687 21091 2023/ 333696 061778 6111/
22219 00151
444 20110 21091 2019/ 50101 80070 80000 9/015=
ZZYY 33692 21091 2023/ 341207 091000 6112/
22219 00108
444 20120 21091 1837/ 50101 80074 80072 9/015=
ZZYY 55615 21091 2020/ 337925 089153 6111/
11119 30224 40224 57006
22219 00119
444 20110 21091 2001/ 50101 8//// 80100 9////=
ZZYY 33557 21091 1840/ 335831 046419 6113/
11119 30243 40243 52027
22219 00156
444 20130 21091 1820/ 50101 80110 80004 9/015=
ZZYY 23678 21091 2024/ 340016 089041 6111/
22219 00113
444 20110 21091 2001/ 50101 80049 80099 9////=
ZZYY 46587 21091 2000/ 753953 172522 6112/
11119 30006 40006 57003
22219 00085
444 20120 21091 1903/ 50101 80138 80049 9/015=
ZZYY 52667 21091 2026/ 741517 154740 6111/
444 20110 21091 1837/ 50101 9////=
ZZYY 21991 21091 2010/ 144920 164424 6112/
11119 30191 40191 52010
444 20120 21091 1630/ 50101 80140 80000 9/015=
ZZYY 21856 21091 1950/ 145203 162533 6112/
11119 30182 40182 57002
22219 00162
444 20120 21091 1925/ 50101 80140 80063 9/015=
ZZYY 21548 21091 1940/ 742929 162043 6111/
11119 30011 40011 57007
22219 00150
444 20110 21091 1904/ 50101 80050 80013 9/015=
ZZYY 21963 21091 2000/ 148327 173592 6112/
11119 30157 40157 52025
22219 00113
444 20120 21091 1742/ 50101 80140 80015 9/015=
####018000289####
SSVX13 KARS 212031
ZZYY 14917 21091 2000/ 326514 074162 6112/
11119 30271 40271 57010
22219 00212
444 20120 21091 1841/ 50101 80115 80003 9/015=
ZZYY 14917 21091 1900/ 326514 074162 6112/
11119 30277 40277 57008
22219 00211
444 20120 21091 1841/ 50101 80115 80003 9/015=
