####018000161####
SSVX02 KARS 220859
ZZYY 64933 22091 0840/ 769279 003051 6113/
22219 00101
33311 88872 20000 31010 43513
444 20130 22091 0814/ 50101 80010 80010 9////=
####018000103####
SSVX06 KARS 220859
ZZYY 47554 22091 0847/ 774344 112341 6113/
444 20130 22091 0745/ 500// 9/000=
####018000146####
SSVX13 LFPW 220900
ZZYY 64607 22091 0900/ 762208 056267 6110/ 11119 40123 52006 22219
 00056 444 20100 22091 0900/ 50101 80108 80002 9/015=
####018000140####
SSVB04 RJTD 220800
ZZYY 21595 22091 0800/ 137872 142066
11109 0//// 1//// 2//// 30027 40027 5////
22209 00210 10806 20076 21028=

####018000140####
SSVB04 RJTD 220600
ZZYY 21595 22091 0600/ 137831 142082
11109 0//// 1//// 2//// 30008 40008 5////
22209 00211 10907 20088 21034=

####018000140####
SSVB04 RJTD 220700
ZZYY 21595 22091 0700/ 137850 142068
11109 0//// 1//// 2//// 30021 40021 5////
22209 00210 10806 20080 21031=

####018000137####
SSVB04 RJTD 220800
ZZYY 21595 22091 0800/ 137872 142066
11109 0//// 1//// 2//// 30027 40027 5////
22209 00210 10806 20076 21028=
####018000137####
SSVB04 RJTD 220600
ZZYY 21595 22091 0600/ 137831 142082
11109 0//// 1//// 2//// 30008 40008 5////
22209 00211 10907 20088 21034=
####018000137####
SSVB04 RJTD 220700
ZZYY 21595 22091 0700/ 137850 142068
11109 0//// 1//// 2//// 30021 40021 5////
22209 00210 10806 20080 21031=
####018000146####
SSVX13 LFPW 220900
ZZYY 41632 22091 0900/ 722516 039835 6113/ 11119 40194 52007 22219
 00267 444 20130 22091 0856/ 50101 80124 80068 9/015=
####018010761####
SSVX02 KARS 220903
ZZYY 33591 22091 0740/ 331509 051209 6113/
11119 30248 40248 52004
22219 00174
444 20130 22091 0643/ 50101 80100 80000 9/015=
ZZYY 33591 22091 0840/ 331483 051204 6113/
11119 30245 40245 57001
22219 00174
444 20130 22091 0846/ 50101 80100 80000 9/015=
ZZYY 33696 22091 0820/ 333170 050329 6111/
11119 30252 40252 52002
22219 00166
444 20110 22091 0845/ 50101 80100 80000 9/015=
ZZYY 14551 22091 0857/ 100912 082591 6111/
22219 00301
444 20110 22091 0855/ 50101 80126 80002 9/015=
ZZYY 33972 22091 0740/ 341186 054438 6111/
444 20110 22091 0651/ 50101 80009 80000 9////=
ZZYY 17656 22091 0900/ 333107 081057 6113/
11119 30260 40260 57016
22219 00152
444 20130 22091 0845/ 50101 80110 80000 9/015=
ZZYY 23975 22091 0720/ 312818 090950 6112/
11119 30148 40148 52233
22219 00267
444 20120 22091 0854/ 50101 80110 80011 9/015=
ZZYY 23975 22091 0830/ 312818 090950 6112/
11119 30142 40142 52236
22219 00267
444 20120 22091 0854/ 50101 80110 80010 9/015=
ZZYY 23975 22091 0630/ 312818 090950 6112/
11119 30156 40156 52241
22219 00267
444 20120 22091 0854/ 50101 80110 80010 9/015=
ZZYY 23974 22091 0840/ 309448 087083 6112/
11119 30116 40116 52237
22219 00278
444 20120 22091 0709/ 50101 80110 80011 9/015=
ZZYY 14929 22091 0850/ 335991 082085 6112/
11119 30220 40220
22219 00131
444 20120 22091 0843/ 50101 80100 80100 9/015=
ZZYY 14545 22091 0750/ 317654 055427 6113/
11119 30197 40197 52249
22219 00242
444 20130 22091 0637/ 50101 80110 80014 9/015=
ZZYY 14545 22091 0650/ 317654 055427 6113/
11119 30205 40205 57252
22219 00241
444 20130 22091 0637/ 50101 80110 80014 9/015=
ZZYY 33635 22091 0850/ 338034 070856 6112/
22219 00134
444 20120 22091 0846/ 50101 80100 80100 9/015=
ZZYY 14566 22091 0840/ 311078 049650 6113/
11119 30156 40156 52247
22219 00251
444 20130 22091 0637/ 50101 80110 80002 9/015=
ZZYY 14566 22091 0740/ 311078 049650 6113/
11119 30161 40161
22219 00251
444 20130 22091 0637/ 50101 80110 80002 9/015=
ZZYY 33520 22091 0850/ 338903 055126 6112/
11119 30249 40249 54000
22219 00153
444 20120 22091 0845/ 50101 80100 80000 9/015=
ZZYY 33520 22091 0750/ 338903 055126 6112/
11119 30250 40250 52005
22219 00153
444 20120 22091 0845/ 50101 80100 80000 9/015=
ZZYY 14949 22091 0810/ 106988 064808 6112/
11119 30112 40112 52237
22219 00293
444 20120 22091 0632/ 50101 80110 80008 9/015=
ZZYY 14948 22091 0820/ 321155 050324 6112/
11119 30208 40208 52245
22219 00244
444 20120 22091 0855/ 50101 80110 80010 9/015=
ZZYY 33659 22091 0820/ 325742 075911 6111/
11119 40262 57018
22219 00202
444 20110 22091 0845/ 50101 80010 80006 9////=
ZZYY 14912 22091 0750/ 105702 065851 6112/
11119 30111 40111 52237
22219 00307
444 20120 22091 0633/ 50101 80110 80008 9/015=
ZZYY 14912 22091 0650/ 105702 065851 6112/
11119 30118 40118 52247
22219 00300
444 20120 22091 0633/ 50101 80110 80008 9/015=
ZZYY 14543 22091 0720/ 318515 074540 6112/
11119 30199 40199 52239
22219 00239
444 20120 22091 0456/ 50101 80110 80008 9/015=
ZZYY 14543 22091 0520/ 318515 074540 6112/
11119 30214 40214
22219 00238
444 20120 22091 0456/ 50101 80110 80016 9/015=
ZZYY 16943 22091 0720/ 331040 050508 6113/
11119 30249 40249 52008
22219 00183
444 20130 22091 0642/ 50101 8//// 80000 9////=
ZZYY 11906 22091 0830/ 112462 060915 6113/
11119 30108 40108 57021
22219 00270
444 20130 22091 0630/ 50101 80138 80003 9/015=
ZZYY 11906 22091 0730/ 112462 060915 6113/
11119 30115 40115 57014
22219 00269
444 20130 22091 0630/ 50101 80138 80003 9/015=
ZZYY 14923 22091 0700/ 314952 051467 6112/
11119 30193 40193 52009
22219 00245
444 20120 22091 0637/ 50101 80145 80008 9/015=
ZZYY 14923 22091 0850/ 314929 051454 6111/
11119 30180 40180 57013
22219 00247
444 20110 22091 0854/ 50101 80145 80008 9/015=
ZZYY 14923 22091 0800/ 314929 051454 6111/
11119 30188 40188 57001
22219 00246
444 20110 22091 0854/ 50101 80145 80008 9/015=
ZZYY 17914 22091 0850/ 327767 081572 6113/
22219 00188
444 20130 22091 0853/ 50101 80008 80100 9/015=
ZZYY 16962 22091 0700/ 326980 047485 6113/
22219 00226
444 20130 22091 0641/ 50101 80008 80000 9////=
ZZYY 16962 22091 0800/ 326932 047481 6111/
22219 00227
444 20110 22091 0852/ 50101 80008 80000 9////=
ZZYY 14925 22091 0750/ 310300 046406 6113/
11119 30161 40161 52002
22219 00247
444 20130 22091 0636/ 50101 80145 80011 9/015=
ZZYY 11905 22091 0850/ 110863 066475 6111/
11119 30104 40104 57025
22219 00288
444 20110 22091 0722/ 50101 80138 80001 9/015=
ZZYY 11905 22091 0750/ 110863 066475 6111/
11119 30114 40114 57019
22219 00287
444 20110 22091 0722/ 50101 80138 80001 9/015=
ZZYY 17517 22091 0850/ 334003 080969 6112/
11119 30251 40251 57020
22219 00147
444 20120 22091 0843/ 50101 80110 80000 9/015=
ZZYY 14930 22091 0750/ 309832 046470 6111/
11119 30159 40159 52004
22219 00251
444 20110 22091 0636/ 50101 80145 80015 9/015=
ZZYY 14918 22091 0810/ 333364 046588 6112/
11119 30274 40274 52006
22219 00182
444 20120 22091 0643/ 50101 80123 80006 9/015=
ZZYY 17518 22091 0650/ 323543 067058 6113/
11119 30238 40238 57008
22219 00223
444 20130 22091 0456/ 50101 80110 80000 9/015=
ZZYY 17518 22091 0550/ 323543 067058 6113/
11119 30245 40245 54000
22219 00223
444 20130 22091 0456/ 50101 80110 80000 9/015=
ZZYY 17518 22091 0850/ 323544 066998 6113/
11119 30225 40225 57020
22219 00223
444 20130 22091 0846/ 50101 80110 80000 9/015=
ZZYY 16963 22091 0710/ 325493 059922 6111/
11119 40227 57007
22219 00226
444 20110 22091 0644/ 50101 80009 80000 9////=
ZZYY 14927 22091 0720/ 317118 053292 6111/
11119 30205 40205 54000
22219 00244
444 20110 22091 0637/ 50101 80145 80009 9/015=
ZZYY 16609 22091 0810/ 327369 051499 6112/
11119 40215 57007
22219 00218
444 20120 22091 0847/ 50101 80010 80004 9////=
ZZYY 16609 22091 0710/ 327367 051491 6112/
11119 40219 52002
22219 00219
444 20120 22091 0642/ 50101 80010 80005 9////=
ZZYY 16608 22091 0750/ 330074 044836 6113/
11119 40257 52002
22219 00205
444 20130 22091 0642/ 50101 80010 80006 9////=
ZZYY 11908 22091 0840/ 105737 053477 6112/
11119 30120 40120 57012
22219 00266
444 20120 22091 0632/ 50101 80138 80002 9/015=
ZZYY 14928 22091 0858/ 105988 087848 6112/
22219 00284
444 20120 22091 0712/ 50101 80093 80005 9/015=
ZZYY 14939 22091 0650/ 319611 055549 6111/
11119 30218 40218 57001
22219 00239
444 20110 22091 0637/ 50101 80145 80010 9/015=
ZZYY 14939 22091 0550/ 319611 055549 6111/
11119 30220 40220 52006
22219 00238
444 20110 22091 0637/ 50101 80145 80009 9/015=
ZZYY 14939 22091 0850/ 319632 055557 6111/
11119 30199 40199 57021
22219 00240
444 20110 22091 0854/ 50101 80145 80009 9/015=
ZZYY 14939 22091 0750/ 319632 055557 6111/
11119 30209 40209 57010
22219 00240
444 20110 22091 0854/ 50101 80145 80008 9/015=
ZZYY 14947 22091 0750/ 309253 046355 6111/
11119 30160 40160 52005
22219 00252
444 20110 22091 0634/ 50101 80138 80007 9/015=
ZZYY 14947 22091 0650/ 309253 046355 6111/
11119 30164 40164 52013
22219 00252
444 20110 22091 0634/ 50101 80138 80010 9/015=
ZZYY 14943 22091 0730/ 314233 052005 6111/
11119 30189 40189 52002
22219 00247
444 20110 22091 0636/ 50101 80138 80013 9/015=
ZZYY 14913 22091 0900/ 115205 055448 6113/
11119 30094 40094 57020
22219 00256
444 20130 22091 0629/ 50101 80120 80063 9/015=
ZZYY 14911 22091 0850/ 115118 060559 6113/
11119 30094 40094 57024
22219 00266
444 20130 22091 0628/ 50101 80110 80004 9/015=
ZZYY 14922 22091 0810/ 310576 046875 6113/
11119 30159 40159 54000
22219 00248
444 20130 22091 0636/ 50101 80120 80011 9/015=
ZZYY 14914 22091 0700/ 301031 050163 6113/
11119 30137 40137 52002
22219 00276
444 20130 22091 0633/ 50101 80120 80022 9/015=
ZZYY 14916 22091 0730/ 320099 056769 6112/
11119 30214 40214 57008
22219 00240
444 20120 22091 0641/ 50101 80120 80035 9/015=
ZZYY 14916 22091 0830/ 320102 056773 6112/
11119 30204 40204 57019
22219 00242
444 20120 22091 0853/ 50101 80120 80029 9/015=
ZZYY 17520 22091 0852/ 336009 045558 6113/
22219 00162
444 20130 22091 0643/ 50101 80094 80000 9////=
ZZYY 56906 22091 0850/ 324287 079293 6112/
11119 30244 40244 57018
22219 00220
444 20120 22091 0845/ 50101 80090 80088 9/015=
ZZYY 56906 22091 0740/ 324279 079282 6112/
11119 30248 40248 57019
22219 00220
444 20120 22091 0709/ 50101 80090 80095 9/015=
ZZYY 16595 22091 0840/ 327926 089136 6113/
11119 30275 40275 57014
22219 00203
444 20130 22091 0844/ 50101 80080 80000 9/015=
ZZYY 16565 22091 0550/ 323536 076899 6113/
11119 30258 40258 57006
22219 00218
444 20130 22091 0457/ 50101 80100 80006 9////=
ZZYY 16565 22091 0850/ 323537 076851 6112/
11119 30241 40241 57017
22219 00220
444 20120 22091 0846/ 50101 80100 80006 9////=
ZZYY 14926 22091 0800/ 332091 054305 6112/
11119 30239 40239 57002
444 20120 22091 0846/ 50101 8//// 80000 9/015=
ZZYY 14926 22091 0700/ 332100 054314 6112/
11119 30241 40241 52003
444 20120 22091 0643/ 50101 8//// 80000 9/015=
ZZYY 16593 22091 0840/ 328580 056733 6112/
11119 30220 40220 57012
22219 00209
444 20120 22091 0845/ 50101 80100 80009 9////=
ZZYY 17690 22091 0750/ 330864 045627 6113/
22219 00188
444 20130 22091 0643/ 50101 80090 80002 9/015=
ZZYY 17660 22091 0850/ 327663 101559 6113/
11119 30246 40246 57007
22219 00202
444 20130 22091 0844/ 50101 80110 80022 9////=
ZZYY 17660 22091 0750/ 327632 101539 6112/
11119 30246 40246 57011
22219 00202
444 20120 22091 0702/ 50101 80110 80000 9////=
ZZYY 33690 22091 0851/ 342392 099648 6112/
22219 00108
444 20120 22091 0842/ 50101 80074 80099 9/015=
ZZYY 33687 22091 0856/ 333696 061713 6112/
22219 00156
444 20120 22091 0845/ 50101 80070 80000 9/015=
ZZYY 33692 22091 0849/ 341291 091061 6112/
22219 00109
444 20120 22091 0843/ 50101 80074 80059 9/015=
ZZYY 11948 22091 0830/ 308218 048520 6113/
22219 00264=
ZZYY 11948 22091 0530/ 308216 048524 6113/
22219 00262=
ZZYY 11948 22091 0230/ 308207 048533 6113/
22219 00262=
ZZYY 33569 22091 0850/ 337050 085576 6113/
11119 30208 40208 57012
22219 00125
444 20130 22091 0843/ 50101 80110 80006 9/015=
ZZYY 55615 22091 0720/ 337973 089233 6113/
11119 30191 40191 57024
22219 00119
444 20130 22091 0702/ 50101 8//// 80100 9////=
ZZYY 33557 22091 0740/ 335796 046345 6112/
11119 30286 40286 52006
22219 00157
444 20120 22091 0643/ 50101 80110 80004 9/015=
ZZYY 23678 22091 0854/ 340040 089239 6112/
22219 00111
444 20120 22091 0843/ 50101 80049 80099 9////=
####018003929####
SSVX08 KARS 220903
ZZYY 23001 21091 1200/ 100101 080534 6111/
33311 88872 20001 32967 43417 20020 32895 43440 20040 32743 43463
20060 32542 43531 20080 32366 20100 32210 20120 32080 20140 31904
20180 31512 20300 31153 20500 30961
444 20110 21091 1306/ 521//=
ZZYY 23001 22091 08004 100118 080529 6112/
11119 01505 10284 29075 40093
22219 00298
444 20120 22091 0717/ 521// 60401=
ZZYY 14043 21091 1200/ 312200 067216 6111/
33311 88872 20001 32602 43525 20020 32603 43524 20040 32603 43526
20060 32603 43526 20080 32602 20100 32514 20120 32155 20140 31900
20180 31615 20300 31154 20500 30850
444 20110 21091 1046/ 521//=
ZZYY 14043 22091 08004 312203 067206 6111/
11119 01118 10255 29076 40145
22219 00260
444 20110 22091 0853/ 521// 60401=
ZZYY 23003 21091 1200/ 301521 080513 6112/
33311 88872 20001 32932 43441 20020 32892 43445 20040 32894 43451
20060 32742 43496 20080 32387 20100 32107 20120 31867 20140 31723
20180 31454 20300 31188 20500 30970
444 20120 21091 1326/ 521//=
ZZYY 23003 22091 08004 301511 080503 6112/
11119 02808 10283 29075
22219 00299
444 20120 22091 0716/ 521// 60401=
ZZYY 53006 21091 1200/ 311997 080519 6111/
33311 88872 20001 32630 43474 20020 32631 43473 20040 32631 43474
20060 32619 43474 20080 32224 20140 31607 20180 31435 20500 30863
444 20110 21091 1022/ 521//=
ZZYY 53006 22091 08004 312000 080511 6111/
11119 01222 10258 29082 40124
22219 00263
444 20110 22091 0714/ 521// 60401=
ZZYY 23004 21091 12004 100014 089844 6111/
11119 01408 10276 29082
22219 00285
33311 88872 20000 32851 20001 32848 43336 20020 32861 43390
20040 32728 43448 20060 32333 43529 20080 32214 20100 32077
20120 31869 20140 31648 20180 31508 20300 31214 20500 31005
444 20110 21091 1205/ 521// 60401=
ZZYY 23006 21091 12004 103957 089581 6111/
11119 02212 10278 29076
22219 00289
33311 88872 20000 32888 20001 32882 20020 32875 43317
20040 32871 43324 20060 32830 43347 20080 32263 20100 31831
20120 31600 20140 31479 20180 31364 20300 31224 20500 31028
444 20110 21091 1206/ 521// 60401=
ZZYY 23006 22091 08004 103972 089586 6111/
11119 01811 10286 29080
22219 00290
444 20110 22091 0716/ 521// 60401=
ZZYY 53009 21091 1200/ 311887 093328 6111/
33311 88872 20020 32651 43401 20040 32651 43407 20060 32651 43403
20080 32650 20100 32613 20120 32488 20180 31930 20300 31219
20500 30915
444 20110 21091 1201/ 521//=
ZZYY 53009 22091 08004 311879 093322 6112/
11119 01112 10264 29080
444 20120 22091 0712/ 521// 60401=
ZZYY 23002 21091 1200/ 101571 080508 6111/
33311 88872 20001 32919 43444 20020 32895 43446 20040 32876 43462
20060 32718 43491 20080 32454 20100 32194 20120 31927 20140 31774
20180 31393 20300 31166
444 20110 21091 1306/ 521//=
ZZYY 23002 22091 0800/ 101565 080514 6112/
22219 00294
444 20120 22091 0720/ 521//=
ZZYY 53005 21091 1200/ 307996 080465 6111/
33311 88872 20001 32829 43479 20020 32829 43478 20040 32827 43480
20060 32559 43512 20080 32441 20100 32256 20120 32047 20140 31942
20180 31715 20300 31204 20500 30963
444 20110 21091 1323/ 521//=
ZZYY 53005 22091 08004 308004 080454 6111/
11119 00910 10282 29077
22219 00286
444 20110 22091 0714/ 521// 60401=
ZZYY 23005 21091 12004 101558 090080 6112/
11119 01511 10274 29082
22219 00287
33311 88872 20000 32866 20001 32865 43325 20020 32867 43352
20040 32888 43397 20060 32748 43430 20080 32172 20100 31996
20120 31830 20140 31636 20180 31421 20300 31221 20500 31002
444 20120 21091 1205/ 521// 60401=
ZZYY 23010 21091 1200/ 303984 080505 6111/
33311 88872 20001 32861 43435 20020 32870 43455 20040 32872 43459
20060 32869 43458 20080 32740 20100 32453 20120 32031 20140 31598
20180 31358 20300 31092 20500 30918
444 20110 21091 1306/ 521//=
ZZYY 23010 22091 08004 303979 080495 6112/
11119 01009 10281 29079
22219 00291
444 20120 22091 0716/ 521// 60401=
