####018000241####
SSVX08 KARS 220247
ZZYY 53009 21091 1200/ 311887 093328 6111/
33311 88872 20020 32651 43401 20040 32651 43407 20060 32651 43403
20080 32650 20100 32613 20120 32488 20180 31930 20300 31219
20500 30915
444 20110 21091 1201/ 521//=
####018005867####
SSVX02 KARS 220247
ZZYY 17904 22091 0110/ 345417 124260 6111/
11119 30084 40084
22219 00095
444 20110 22091 0036/ 50101 80100 80100 9/015=
ZZYY 21907 22091 0010/ 119567 133129 6112/
11119 30104 40104 57241
22219 00288
444 20120 21091 2239/ 50101 80100 80005 9/015=
ZZYY 21898 22091 0110/ 112843 120769 6111/
11119 30110 40110 57237
22219 00264
444 20110 22091 0129/ 50101 80100 80000 9/015=
ZZYY 16563 22091 0130/ 335128 092337 6112/
11119 30256 40256 52015
22219 00135
444 20120 22091 0036/ 50101 80110 80000 9/015=
ZZYY 17656 22091 0100/ 333099 081009 6111/
11119 30283 40283 52005
22219 00150
444 20110 22091 0036/ 50101 80110 80000 9/015=
ZZYY 17522 22091 0100/ 339673 098472 6112/
11119 30186 40186
444 20120 21091 2313/ 50101 80090 80100 9/015=
ZZYY 21968 22091 0130/ 114489 126314 6112/
11119 30098 40098 57250
22219 00301
444 20120 22091 0127/ 50101 80080 80002 9/015=
ZZYY 23975 22091 0020/ 312763 090908 6112/
11119 30159 40159 57245
22219 00266
444 20120 21091 2308/ 50101 80110 80011 9/015=
ZZYY 14929 22091 0050/ 336011 082015 6112/
11119 30243 40243
22219 00130
444 20120 22091 0036/ 50101 80100 80100 9/015=
ZZYY 51957 22091 0132/ 126597 133962 6112/
22219 00272
444 20120 22091 0125/ 50101 80119 80255 9/015=
ZZYY 33952 22091 0110/ 348472 126573 6113/
11119 30004 40004 52032
22219 00093
444 20130 22091 0036/ 50101 80100 80013 9/015=
ZZYY 33632 22091 0100/ 341942 136587 6111/
22219 00106
444 20110 22091 0019/ 50101 80010 80000 9////=
ZZYY 34540 22091 0110/ 343170 135065 6111/
11119 49945 57015
22219 00104
444 20110 22091 0034/ 50101 80010 80004 9////=
ZZYY 53597 22091 0137/ 114851 121788 6113/
22219 00295
444 20130 22091 0016/ 50101 80094 80219 9/015=
ZZYY 17914 22091 0050/ 327762 081651 6112/
444 20120 21091 2311/ 50101 9/015=
ZZYY 14915 22091 0140/ 328975 094803 6111/
11119 30283 40283 52012
22219 00171
444 20110 22091 0141/ 50101 80090 80004 9/015=
ZZYY 52907 22091 0132/ 112419 138507 6112/
22219 00317
444 20120 22091 0127/ 50101 80120 80003 9/015=
ZZYY 52665 22091 0120/ 113365 132683 6112/
11119 30098 40098 57250
22219 00301
444 20120 22091 0127/ 50101 80120 80008 9/015=
ZZYY 16517 22091 0110/ 344761 123297 6111/
22219 00096
444 20110 22091 0035/ 50101 80123 80001 9/015=
ZZYY 53575 22091 0132/ 115363 122535 6112/
22219 00285
444 20120 21091 1259/ 50101 80092 80006 9/015=
ZZYY 53571 22091 0134/ 115003 122036 6111/
22219 00277
444 20110 22091 0132/ 50101 80104 80000 9/015=
ZZYY 52807 22091 0138/ 102014 133732 6112/
22219 00289
444 20120 22091 0129/ 50101 80120 80036 9/015=
ZZYY 22583 22091 0135/ 119482 128945 6111/
22219 00293
444 20110 22091 0126/ 50101 80140 80002 9/015=
ZZYY 52619 22091 0137/ 105391 133046 6112/
22219 00292
444 20120 22091 0128/ 50101 80120 80052 9/015=
ZZYY 52614 22091 0134/ 120282 124351 6111/
22219 00290
444 20110 22091 0125/ 50101 80006 80012 9////=
ZZYY 52666 22091 0138/ 301505 134759 6113/
22219 00290
444 20130 21091 2355/ 50101 80120 80255 9/015=
ZZYY 53596 22091 0133/ 121769 120519 6111/
22219 00283
444 20110 22091 0126/ 50101 80122 80255 9/015=
ZZYY 52606 22091 0138/ 106941 132180 6113/
22219 00294
444 20130 22091 0128/ 50101 80120 80012 9/015=
ZZYY 52916 22091 0133/ 127753 130875 6113/
22219 00258
444 20130 22091 0124/ 50101 80107 80013 9/015=
ZZYY 52608 22091 0134/ 106029 133342 6112/
22219 00291
444 50101 80120 80016 9/015=
ZZYY 52805 22091 0137/ 108570 132331 6112/
22219 00293
444 20120 22091 0129/ 50101 80120 80029 9/015=
ZZYY 52679 22091 0134/ 112496 138980 6111/
22219 00293
444 20110 22091 0127/ 50101 80120 80024 9/015=
ZZYY 52910 22091 0136/ 111170 136810 6113/
22219 00294
444 20130 21091 2344/ 50101 80120 80010 9/015=
ZZYY 52909 22091 0129/ 114715 139274 6112/
22219 00295
444 20120 21091 2351/ 50101 80120 9/015=
ZZYY 33695 22091 0145/ 339760 130985 6111/
22219 00127
444 20110 22091 0034/ 50101 80072 80000 9/015=
ZZYY 52664 22091 0138/ 110067 133158 6113/
22219 00298
444 20130 22091 0127/ 50101 80120 80021 9/015=
ZZYY 53518 22091 0135/ 121014 114113 6113/
22219 00286
444 20130 22091 0126/ 50101 80138 80002 9/015=
ZZYY 52911 22091 0136/ 111435 136668 6112/
22219 00294
444 20120 22091 0126/ 50101 80120 80026 9/015=
ZZYY 55945 22091 0110/ 343475 122097 6111/
11119 30132 40132 52033
22219 00099
444 20110 22091 0036/ 50101 8//// 80000 9////=
ZZYY 16573 22091 0040/ 338450 140513 6112/
11119 30095 40095 57020
22219 00149
444 20120 21091 2359/ 50101 80100 80000 9/015=
ZZYY 33951 22091 0145/ 338972 087175 6113/
22219 00116
444 20130 22091 0035/ 50101 80072 80014 9/015=
ZZYY 52673 22091 0139/ 101713 131772 6112/
22219 00291
444 20120 22091 0134/ 50101 80120 80023 9/015=
ZZYY 16594 22091 0040/ 340882 136743 6112/
11119 30010 40010 57026
22219 00120
444 20120 21091 2359/ 50101 80090 80000 9/015=
ZZYY 17660 22091 0050/ 327520 101431 6112/
11119 30256 40256 52012
22219 00202
444 20120 22091 0031/ 50101 80110 80044 9////=
ZZYY 17669 22091 0050/ 342375 121612 6112/
11119 30144 40144 52034
22219 00108
444 20120 22091 0034/ 50101 80080 80100 9/015=
ZZYY 17664 22091 0110/ 340536 125136 6111/
11119 30122 40122 52054
22219 00120
444 20110 22091 0035/ 50101 80110 80100 9/015=
ZZYY 33692 22091 0144/ 341260 091024 6112/
22219 00108
444 20120 22091 0205/ 50101 80074 80068 9/015=
ZZYY 53517 22091 0131/ 117594 129558 6112/
22219 00305
444 20120 22091 0126/ 50101 80094 80006 9/015=
ZZYY 34543 22091 0110/ 340597 115287 6112/
11119 40195 52023
22219 00109
444 20120 22091 0035/ 50101 80010 80007 9////=
ZZYY 34902 22091 0120/ 340735 129084 6112/
11119 40008 52050
22219 00115
444 20120 22091 0034/ 50101 80010 80007 9////=
####018000283####
SSVX06 KARS 220249
ZZYY 48506 22091 0239/ 779548 119090 6111/
11119 40066
444 20110 22091 0236/ 500//=
ZZYY 48505 22091 0240/ 780188 127688 6112/
11119 40057
444 20120 22091 0208/ 500//=
ZZYY 47553 22091 0238/ 779336 103388 6111/
444 20110 22091 0157/ 500// 9/000=
####018001349####
SSVX02 KARS 220249
ZZYY 64936 22091 0220/ 176117 007132 6112/
22219 00073
33311 88872 20000 30725 43511
444 20120 22091 0206/ 50101 80100 80100 9/015=
ZZYY 63561 22091 0220/ 775989 000179 6112/
22219 00049
33311 88872 20000 30485 42048
444 20120 22091 0208/ 50101 80070 80100 9/015=
ZZYY 44930 22091 0239/ 765337 001656 6112/
444 20120 22091 0211/ 50101 80092 80099 9/015=
ZZYY 63579 22091 0238/ 169030 046964 6111/
22219 00086
444 50101 80005 80004 9////=
ZZYY 63964 22091 0236/ 173790 023071 6112/
444 20120 22091 0206/ 50101 80007 80013 9/015=
ZZYY 63951 22091 0238/ 765674 001354 6112/
22219 00106
444 20120 22091 0210/ 50101 80007 80011 9/015=
ZZYY 63948 22091 0238/ 175385 035572 6112/
22219 00056
444 20120 22091 0236/ 50101 80007 80005 9/015=
ZZYY 63577 22091 0238/ 175111 067621 6112/
22219 00061
444 20120 22091 0205/ 50101 80007 80005 9/015=
ZZYY 63583 22091 0238/ 172525 046799 6112/
22219 00080
444 20120 22091 0236/ 50101 80007 80010 9/015=
ZZYY 63584 22091 0238/ 777798 002188 6112/
22219 00042
444 20120 22091 0236/ 50101 80008 80013 9/015=
ZZYY 63569 22091 0230/ 175122 002903 6112/
22219 00059
33311 88872 20000 30590 42048
444 20120 22091 0237/ 50101 80080 80100 9/015=
ZZYY 63966 22091 0238/ 171454 015201 6111/
22219 00104
444 50101 80009 80005 9/015=
####018000201####
SSVX07 KARS 220249
ZZYY 48536 22091 0240/ 173227 154189 6111/
11119 11007 40064
444 20110 22091 0202/=
ZZYY 48534 22091 0240/ 783368 046239 6111/
11119 11138 40162
444 20110 22091 0236/=
####018007537####
SSVX02 KARS 220251 RRA
ZZYY 54558 22091 0140/ 529018 080516 6112/
11119 30230 40230 52014
22219 00159
444 20120 22091 0110/ 50101 80100 80054 9/015=
ZZYY 32705 22091 0240/ 515670 091662 6112/
22219 00195
444 20120 22091 0237/ 50101 80114 80044 9/015=
ZZYY 32702 22091 0240/ 515834 081661 6111/
22219 00169
444 20110 22091 0236/ 50101 80114 80009 9/015=
ZZYY 16949 22091 0230/ 536164 107444 6112/
11119 39973 49973 52017
22219 00140
444 20120 22091 0236/ 50101 8//// 80033 9////=
ZZYY 54947 22091 0200/ 536052 087208 6112/
11119 40202 52021
22219 00138
444 20120 22091 0225/ 50101 80010 80000 9////=
ZZYY 55952 22091 0110/ 538721 116135 6112/
444 20120 22091 0123/ 50101 80090 80011 9/015=
ZZYY 55952 22091 0230/ 538719 116118 6111/
444 20110 22091 0237/ 50101 80090 80014 9/015=
ZZYY 55626 22091 0230/ 536791 081993 6112/
11119 30205 40205 52024
22219 00129
444 20120 22091 0225/ 50101 80100 80005 9/015=
ZZYY 55570 22091 0200/ 538439 116610 6112/
22219 00132
444 20120 22091 0123/ 50101 80010 80000 9////=
ZZYY 55949 22091 0200/ 527380 110991 6112/
444 20120 22091 0126/ 50101 9////=
ZZYY 32640 22091 0239/ 520669 124584 6112/
22219 00241
444 20120 22091 0129/ 50101 80098 80016 9/015=
ZZYY 32627 22091 0235/ 525695 119485 6111/
444 20110 22091 0237/ 50101 80094 80043 9/015=
ZZYY 55932 22091 0150/ 527173 080839 6112/
11119 40222 52012
22219 00164
444 20120 22091 0227/ 50101 80010 80004 9////=
ZZYY 71630 22091 0100/ 338267 038942 6111/
11119 30267 40267 54000
22219 00133
444 20110 22091 0055/ 50101 80100 80000 9/015=
ZZYY 33886 22091 0150/ 350670 027451 6112/
11119 39987 49987
22219 00035
444 20120 22091 0105/ 50101 80090 80100 9/015=
ZZYY 14563 22091 0200/ 323688 041390 6112/
11119 30194 40194 52253
22219 00231
444 20120 22091 0053/ 50101 80110 80003 9/015=
ZZYY 33656 22091 0210/ 348190 029972 6112/
11119 30054 40054
22219 00076
444 20120 22091 0105/ 50101 80110 80100 9/015=
ZZYY 15508 22091 0240/ 332102 013400 6113/
11119 30264 40264 54000
22219 00180
444 20130 21091 1519/ 50101 80050 80000 9/015=
ZZYY 14550 22091 0210/ 332349 036905 6112/
11119 30256 40256
22219 00192
444 20120 22091 0104/ 50101 80110 80100 9/015=
ZZYY 17520 22091 0236/ 336014 045532 6112/
22219 00161
444 20120 22091 0102/ 50101 80094 80005 9////=
ZZYY 33996 22091 0200/ 344921 005425 6112/
11119 40094 57221
22219 00072
444 2012/ 22091 0105/ 50101 80081 80001 9/015=
ZZYY 33883 22091 0220/ 349114 032211 6111/
11119 30028 40028
22219 00023
444 20110 22091 0208/ 50101 80100 80100 9/015=
ZZYY 33537 22091 0220/ 342003 020148 6112/
11119 30168 40168 57018
22219 00160
444 20120 22091 0105/ 50101 80100 80004 9/015=
ZZYY 33537 22091 0120/ 342003 020148 6112/
11119 30169 40169 57023
22219 00160
444 20120 22091 0105/ 50101 80100 80006 9/015=
ZZYY 33991 22091 0200/ 343663 000657 6112/
11119 40166 57227
22219 00088
444 2012/ 22091 0105/ 50101 80104 80000 9/015=
ZZYY 33555 22091 0220/ 339666 006436 6112/
11119 30194 40194 57016
22219 00120
444 20120 22091 0105/ 50101 80100 80074 9/015=
ZZYY 17690 22091 0150/ 330815 045636 6112/
22219 00186
444 20120 22091 0054/ 50101 80090 80003 9/015=
ZZYY 33907 22091 0200/ 533770 003034 6113/
11119 30278 40278 57007
22219 00153
444 20130 22091 0106/ 50101 8//// 80000 9////=
ZZYY 33573 22091 0110/ 350000 025462 6111/
11119 39969 49969 57022
22219 00012
444 20110 22091 0105/ 50101 80130 80001 9/015=
ZZYY 16962 22091 0200/ 327094 047494 6112/
444 20120 22091 0052/ 50101 9////=
ZZYY 33908 22091 0230/ 331435 004387 6113/
11119 30278 40278 57009
22219 00169
444 20130 22091 0105/ 50101 8//// 80000 9/015=
ZZYY 17653 22091 0230/ 337847 004808 6112/
11119 30244 40244 57004
22219 00130
444 20120 22091 0105/ 50101 80080 80006 9/015=
ZZYY 14918 22091 0210/ 333359 046575 6112/
11119 30247 40247 52011
22219 00182
444 20120 22091 0054/ 50101 80123 80008 9/015=
ZZYY 33585 22091 0150/ 348628 025426 6111/
11119 30026 40026
22219 00028
444 20110 21091 1401/ 50101 80060 80100 9/015=
ZZYY 55915 22091 0130/ 548557 003610 6112/
11119 30025 40025 52017
22219 00043
444 20120 22091 0105/ 50101 80100 80004 9/015=
ZZYY 16511 22091 0210/ 341040 025491 6113/
11119 30232 40232 57014
22219 00114
444 20130 22091 0106/ 50101 80110 80000 9/015=
ZZYY 33900 22091 0230/ 319435 000334 6112/
11119 30202 40202 57017
22219 00186
444 20120 22091 0103/ 50101 80110 80010 9/015=
ZZYY 31708 22091 0236/ 331468 009863 6112/
22219 00165
444 20120 22091 0105/ 50101 80006 80024 9////=
ZZYY 15620 22091 0210/ 326853 000182 6112/
11119 30266 40266 57008
22219 00179
444 20120 22091 0104/ 50101 80077 80013 9/015=
ZZYY 13904 22091 0233/ 717179 019413 6111/
22219 00281
444 20110 22091 0226/ 50101 80128 80001 9/015=
ZZYY 15945 22091 0232/ 505707 017577 6111/
22219 00250
444 20110 21091 2307/ 50101 80084 80010 9/015=
ZZYY 13518 22091 0233/ 706581 013170 6111/
22219 00275
444 20110 22091 0228/ 50101 80134 80001 9/015=
ZZYY 15679 22091 0232/ 308836 006303 6113/
22219 00223
444 20130 22091 0057/ 50101 80152 80008 9/015=
ZZYY 15924 22091 0200/ 516988 016625 6112/
11119 30195 40195 57014
22219 00218
444 20120 21091 2302/ 50101 80140 80010 9/015=
ZZYY 44896 22091 0110/ 718373 022677 6112/
11119 30155 40155 52004
22219 00258
444 20120 21091 2311/ 50101 80070 80000 9/015=
ZZYY 13548 22091 0230/ 705600 021125 6113/
22219 00278
444 20130 21091 2307/ 500// 80010 9/001=
ZZYY 13926 22091 0233/ 706168 023159 6112/
22219 00280
444 20120 21091 2307/ 50101 80109 80003 9/015=
ZZYY 15943 22091 0230/ 504413 017786 6113/
444 20130 21091 2306/ 50101 80090 80255 9/015=
ZZYY 13910 22091 0234/ 718408 018848 6112/
22219 00257
444 20120 21091 1716/ 50101 80058 80255 9/015=
ZZYY 13960 22091 0234/ 713739 017368 6112/
22219 00291
444 20120 22091 0227/ 50101 80148 80009 9/015=
ZZYY 13945 22091 0233/ 714798 018201 6112/
22219 00291
444 20120 21091 2307/ 50101 80146 80009 9/015=
ZZYY 15906 22091 0233/ 507502 012053 6112/
22219 00238
444 20120 21091 2300/ 50101 80082 80011 9/015=
ZZYY 15942 22091 0230/ 305361 004562 6112/
22219 00244
444 20120 22091 0056/ 50101 80152 9/015=
ZZYY 15929 22091 0233/ 306951 005044 6111/
22219 00228
444 20110 22091 0055/ 50101 80138 80007 9/015=
ZZYY 32734 22091 0140/ 504223 111464 6112/
11119 30118 40118 52017
22219 00230
444 20120 22091 0133/ 50101 80120 80100 9/015=
ZZYY 54912 22091 0120/ 524035 098932 6111/
11119 30204 40204 52011
22219 00199
444 20110 22091 0109/ 50101 8//// 80000 9////=
ZZYY 16591 22091 0030/ 524674 104164 6111/
11119 30178 40178 57003
22219 00207
444 20110 21091 2348/ 50101 8//// 80024 9////=
ZZYY 32915 22091 0130/ 503765 105425 6112/
11119 30122 40122 52019
22219 00229
444 20120 21091 2352/ 50101 80130 80100 9/015=
ZZYY 32925 22091 0230/ 517556 119320 6112/
11119 30176 40176 52020
22219 00240
444 20120 22091 0131/ 50101 80120 80052 9/015=
ZZYY 32736 22091 0236/ 514198 094922 6112/
444 20120 22091 0053/ 50101 80114 80000 9/015=
ZZYY 16579 22091 0140/ 528859 093193 6111/
11119 30219 40219 52013
22219 00184
444 20110 22091 0108/ 50101 8//// 80000 9////=
ZZYY 55569 22091 0210/ 533121 098873 6112/
22219 00161
444 20120 22091 0123/ 50101 80010 80002 9////=
ZZYY 51670 22091 0237/ 710201 106573 6111/
444 20110 22091 0001/ 50101 80111 80006 9/015=
####018000283####
SSVX13 KARS 220251
ZZYY 21527 22091 0130/ 133726 160826 6112/
11119 30226 40226 57007
22219 00269
444 20120 22091 0159/ 50101 80120 80058 9/015=
ZZYY 13585 22091 0000/ 706042 019149 6112/
11119 40137 52008
22219 00277
444 20120 21091 2152/ 50101 80128 80000 9/015=
####018000201####
SSVX07 KARS 220251
ZZYY 48536 22091 0230/ 173229 154200 6112/
11119 11007 40064
444 20120 22091 0231/=
ZZYY 48534 22091 0230/ 783369 046260 6111/
11119 11138 40162
444 20110 22091 0234/=
####018000193####
SSVX06 KARS 220251
ZZYY 48713 22091 0230/ 175324 165543 6113/
444 20130 22091 0204/ 500// 9/000=
ZZYY 48506 22091 0236/ 779549 119120 6112/
11119 40066
444 20120 22091 0234/ 500//=
####018004669####
SSVX08 KARS 220251
ZZYY 52003 21091 1200/ 105099 165032 6112/
33311 88872 20001 32942 43392 20025 32938 20050 32937 20075 32949
20100 32880 20125 32545 20150 32036 20200 31175 20250 30991
20300 30933 20500 30789
444 20120 21091 1324/ 521//=
ZZYY 28401 21091 1200/ 132429 144535 6111/
33311 88870 20001 32741
444 20110 21091 1010/ 521//=
ZZYY 13002 21091 1200/ 720460 023120 6111/
444 20110 21091 1155/ 521//=
ZZYY 13002 22091 02004 720463 023113 6111/
11119 00612 10248 29089
22219 00251
444 20110 22091 0229/ 521// 60401=
ZZYY 13010 21091 12004 300017 000002 6111/
11119 01812 10254 29087
22219 00262
33311 88872 20000 32615 20001 32611 20020 32609 43543
20040 32287 43570 20060 31880 20080 31713 20100 31617
20120 31543 43560 20140 31510 20180 31487 20300 31063 20500 30766
444 20110 21091 1235/ 521// 60001=
ZZYY 13010 22091 02004 300018 000006 6111/
11119 01912 10250 29088
22219 00260
444 20110 22091 0054/ 521// 60001=
ZZYY 13001 21091 1200/ 711482 022977 6111/
33311 88872 20001 32883 43513 20020 32823 43556 20040 32122 43592
20060 31725 43575 20080 31544 20100 31440 20120 31360 20140 31326
20180 31282 20300 31133 20500 30955
444 20110 21091 1155/ 521//=
ZZYY 13001 22091 02004 711494 022995 6112/
11119 01504 10279 29083 40123
22219 00287
444 20120 21091 2306/ 521// 60401=
ZZYY 31006 21091 1200/ 704038 022985 6112/
33311 88872 20001 32803 43463 20020 32798 43496 20040 32799 43499
20060 32750 43559 20080 32360 20100 31877 20120 31655 20140 31577
20180 31396 20300 31144
444 20120 21091 1051/ 521//=
ZZYY 31006 22091 02004 704040 022979 6111/
11119 01909 10267 29080
22219 00281
444 20110 21091 2304/ 521// 60401=
ZZYY 31007 21091 1200/ 700027 023006 6112/
444 20120 21091 1051/ 521//=
ZZYY 31007 22091 02004 700016 023006 6112/
11119 01411 10253 29084 40138
22219 00258
444 20120 21091 2150/ 521// 60401=
ZZYY 15002 21091 1200/ 700011 009863 6112/
33311 88870 20001 32424 20020 32402 20040 32216 20060 32046
20080 31848 20100 31616 20120 31506 20140 31467 20180 31402
20300 31065 20500 30733
444 20120 21091 1022/ 521//=
ZZYY 32319 21091 1200/ 507989 110076 6111/
33311 88872 20001 32385 43517 20020 32383 20040 32381 20060 32379
20080 32328 20100 31897 20120 31547 20140 31430 20180 31332
20300 31145 20500 30849
444 20110 21091 1001/ 521//=
ZZYY 32319 21091 1200/ 507989 110076 6111/
33311 88872 20001 32385 43517 20020 32383 20040 32381 20060 32379
20080 32328 20100 31897 20120 31547 20140 31430 20180 31332
20300 31145 20500 30849
444 20110 21091 1001/ 521//=
ZZYY 32305 21091 1200/ 508016 095280 6111/
33311 88872 20001 32282 43528
444 20110 21091 1417/ 521//=
ZZYY 32305 21091 1200/ 508016 095280 6111/
33311 88872 20001 32282 43528
444 20110 21091 1417/ 521//=
ZZYY 32317 21091 1200/ 501932 110405 6111/
33311 88872 20001 32227 43478 20020 32187 20040 32048 20060 31987
20080 31638 20100 31372 20120 31333 20140 31316 20180 31284
20300 31175 20500 30865
444 20110 21091 1000/ 521//=
ZZYY 32321 21091 12004 700216 095433 6112/
11119 01410 10200 29083
22219 00209
33311 88872 20000 32085 20001 32104 43458
444 20120 21091 1356/ 521// 60401=
ZZYY 32318 21091 1200/ 504980 110007 6111/
33311 88872 20001 32410 43524 20040 32406 20060 32381 20080 31680
20100 31451 20120 31383 20140 31336 20180 31292 20300 31158
20500 30854
444 20110 21091 1001/ 521//=
ZZYY 32320 21091 1200/ 702114 095415 6112/
33311 88870 20040 32166 20060 31734 20080 31545 20100 31458
20120 31400 20140 31376 20180 31328 20300 31088 20500 30798
444 20120 21091 1356/ 521//=
ZZYY 32315 21091 1200/ 705004 110057 6111/
444 20110 21091 1357/ 521//=
ZZYY 51308 21091 1200/ 507973 124992 6112/
444 20120 21091 1117/ 521//=
ZZYY 32316 21091 1200/ 702051 110046 6111/
33311 88872 20001 32252 43447 20040 32152 20060 31682 20080 31483
20100 31394 20120 31353 20140 31337 20180 31318 20300 31133
20500 30825
444 20110 21091 1357/ 521//=
ZZYY 32304 21091 12004 505096 095074 6111/
11119 01212 10217 29079
22219 00220
33311 88872 20000 32199 20001 32206 43513 20020 32202 20040 32196
20060 31965 20080 31523 20100 31441 20120 31397 20140 31361
20180 31315 20300 31201 20500 30822
444 20110 21091 1238/ 521// 60401=
ZZYY 51303 21091 1200/ 705026 169984 6112/
11119 10248 29088
22219 00275
33311 88872 20000 32745 20001 32755 43518 20025 32754 20050 32754
20075 32753 20100 32751 20200 31609 20250 31113 20300 31009
20500 30845
444 20120 21091 1141/ 521//=
ZZYY 51303 22091 0100/ 705018 169983 6112/
11119 10272 29079
22219 00282
444 20120 22091 0029/ 521//=
####018014965####
SSVX02 KARS 220251
ZZYY 21608 21091 2300/ 135409 130135 6113/
22219 00237=
ZZYY 55600 21091 2320/ 534967 089784 6111/
444 20110 21091 2343/ 50101 9////=
ZZYY 14940 22091 0225/ 138676 149235 6111/
22219 00247
444 20110 22091 0222/ 50101 8//// 80099 9/015=
ZZYY 21522 22091 0228/ 140830 152980 6112/
22219 00218
444 20120 22091 0223/ 50101 80110 80081 9/015=
ZZYY 21524 22091 0228/ 140124 148660 6113/
22219 00217
444 20130 21091 1606/ 50101 80120 80068 9/015=
ZZYY 51853 22091 0224/ 130109 162191 6111/
22219 00279
444 20110 22091 0222/ 50101 80121 80024 9/015=
ZZYY 48673 22091 0232/ 776597 124251 6111/
444 20110 22091 0157/ 500// 9/000=
ZZYY 32619 22091 0228/ 135361 154090 6112/
22219 00274
444 20120 22091 0223/ 50101 80049 80087 9////=
ZZYY 21525 22091 0226/ 140783 168185 6112/
22219 00220
444 20120 22091 0159/ 50101 80110 80061 9/015=
ZZYY 21537 22091 0230/ 141808 153795 6112/
22219 00224
444 20120 22091 0224/ 50101 80110 80039 9/015=
ZZYY 21929 22091 0225/ 139899 150012 6112/
22219 00240
444 20120 21091 2228/ 50101 80110 80175 9/015=
ZZYY 21926 22091 0226/ 134167 159410 6113/
22219 00272
444 20130 22091 0159/ 50101 80110 80009 9/015=
ZZYY 51909 22091 0229/ 136717 151144 6111/
22219 00272
444 20110 22091 0223/ 50101 80046 80000 9////=
ZZYY 22919 22091 0226/ 131795 170409 6112/
22219 00281
444 20120 22091 0222/ 50101 80009 80000 9/015=
ZZYY 22536 22091 0225/ 131705 176479 6111/
22219 00269
444 20110 22091 0222/ 50101 80010 80000 9////=
ZZYY 46909 22091 0211/ 719901 175938 6111/
444 20110 22091 0156/ 50101 80112 80000 9/015=
ZZYY 22572 22091 0228/ 137117 155293 6112/
22219 00253
444 20120 22091 0224/ 50101 80010 80099 9////=
ZZYY 21895 22091 0227/ 136059 149306 6111/
22219 00262
444 20110 22091 0223/ 50101 80120 80042 9/015=
ZZYY 21890 22091 0226/ 136635 149956 6111/
22219 00254
444 20110 21091 2341/ 50101 80120 80108 9/015=
ZZYY 46764 22091 0219/ 720790 177281 6112/
22219 00281
444 20120 22091 0148/ 50101 80072 80017 9/015=
ZZYY 22579 22091 0224/ 129766 154032 6112/
22219 00275
444 20120 21091 2340/ 50101 80007 80013 9/015=
ZZYY 22578 22091 0225/ 131442 173309 6111/
22219 00276
444 20110 22091 0223/ 50101 80010 80000 9/015=
ZZYY 22626 22091 0227/ 132926 163085 6111/
22219 00276
444 20110 22091 0223/ 50101 80008 80000 9////=
ZZYY 53578 22091 0226/ 140593 155415 6111/
22219 00222
444 20110 22091 0224/ 50101 80108 80020 9/015=
ZZYY 21549 22091 0210/ 141379 150003 6111/
11119 39943 49943 52246
22219 00204
444 20110 22091 0224/ 50101 80120 80021 9/015=
ZZYY 21526 22091 0200/ 140468 142179 6112/
11119 39983 49983 57240
22219 00194
444 20120 22091 0120/ 50101 80120 80022 9/015=
ZZYY 22610 22091 0224/ 127481 152707 6112/
22219 00276
444 20120 21091 2341/ 50101 80009 80000 9////=
ZZYY 21571 22091 0210/ 131143 162200 6113/
11119 30222 40222 57013
22219 00273
444 20130 22091 0157/ 50101 80120 80090 9/015=
ZZYY 21534 22091 0200/ 137937 158488 6111/
11119 30175 40175 57007
22219 00252
444 50101 80110 80100 9/015=
ZZYY 52842 22091 0227/ 131942 163953 6112/
22219 00278
444 20120 22091 0223/ 50101 80010 80016 9/015=
ZZYY 52901 22091 0226/ 132629 170049 6112/
22219 00274
444 20120 22091 0223/ 50101 80010 80061 9/015=
ZZYY 21625 22091 0225/ 135599 147092 6113/
22219 00245
444 20130 21091 2340/ 50101 80120 80094 9/015=
ZZYY 21539 22091 0220/ 143166 170330 6113/
11119 30203 40203 57007
22219 00181
444 20130 22091 0224/ 50101 80110 80071 9/015=
ZZYY 21540 22091 0220/ 142550 161262 6112/
11119 30138 40138 57015
22219 00198
444 20120 22091 0223/ 50101 80120 80013 9/015=
ZZYY 21617 22091 0226/ 133469 172622 6112/
22219 00263
444 20120 22091 0158/ 50101 80110 80044 9/015=
ZZYY 46908 22091 0211/ 124139 163887 6111/
22219 00283
444 20110 22091 0156/ 50101 80088 80030 9/015=
ZZYY 21521 22091 0228/ 135675 163620 6112/
22219 00260
444 20120 22091 0223/ 50101 80110 80004 9/015=
ZZYY 21961 22091 0223/ 133762 150494 6111/
22219 00273
444 20110 21091 2343/ 50101 80110 80054 9/015=
ZZYY 21908 22091 0210/ 130849 151838 6112/
11119 30153 40153 52248
22219 00271
444 20120 22091 0221/ 50101 80100 80000 9/015=
ZZYY 53604 22091 0228/ 133345 151095 6111/
22219 00276
444 20110 22091 0224/ 50101 80132 80001 9/015=
ZZYY 32679 22091 0221/ 128299 158806 6111/
22219 00272
444 20110 22091 0156/ 50101 80102 80002 9/015=
ZZYY 53601 22091 0229/ 139572 150757 6111/
22219 00240
444 20110 22091 0224/ 50101 80130 80005 9/015=
ZZYY 21576 22091 0150/ 142039 151111 6111/
11119 39950 49950 52232
22219 00207
444 20110 22091 0201/ 50101 80110 80034 9/015=
ZZYY 52919 22091 0221/ 121717 149284 6111/
22219 00281
444 20110 21091 2342/ 50101 80119 80026 9/015=
ZZYY 52804 22091 0221/ 117130 157419 6111/
22219 00291
444 20110 22091 0209/ 50101 80115 80004 9/015=
ZZYY 46564 22091 0200/ 747387 168455 6112/
11119 30064 40064 57008
22219 00111
444 50101 80130 80070 9/015=
ZZYY 21514 22091 0140/ 139157 145694 6111/
11119 39965 49965 57236
22219 00224
444 20110 22091 0122/ 50101 80120 80018 9/015=
ZZYY 21530 22091 0220/ 140662 152752 6112/
11119 30028 40028 52248
22219 00232
444 20120 22091 0224/ 50101 80120 80015 9/015=
ZZYY 52841 22091 0221/ 119457 158091 6112/
22219 00288
444 20120 21091 2344/ 50101 80146 80013 9/015=
ZZYY 52920 22091 0223/ 121150 151009 6112/
22219 00285
444 20120 22091 0221/ 50101 80121 80016 9/015=
ZZYY 21915 22091 0224/ 137416 146641 6112/
22219 00250
444 20120 20091 2224/ 50101 80000 80000 9/015=
ZZYY 52617 22091 0222/ 120787 157114 6113/
22219 00280
444 20130 21091 2342/ 50101 80123 80000 9/015=
ZZYY 51955 22091 0221/ 129831 179881 6111/
22219 00277
444 20110 22091 0035/ 50101 80148 80007 9/015=
ZZYY 46605 22091 0221/ 730686 176141 6111/
22219 00274
444 20110 22091 0036/ 50101 80142 80006 9/015=
ZZYY 21894 22091 0227/ 140980 157984 6111/
22219 00208
444 20110 22091 0224/ 50101 80110 80063 9/015=
ZZYY 21899 22091 0210/ 748644 178136 6112/
11119 30084 40084 52011
22219 00108
444 20120 22091 0200/ 50101 80140 80010 9/015=
ZZYY 46537 22091 0210/ 747581 173485 6112/
11119 30051 40051 57033
22219 00106
444 20120 22091 0159/ 50101 80140 80007 9/015=
ZZYY 46916 22091 0210/ 748720 175545 6113/
11119 30054 40054 54000
22219 00105
444 20130 22091 0200/ 50101 80077 80005 9/015=
ZZYY 46925 22091 0210/ 147373 166446 6112/
11119 30179 40179 57010
444 20120 22091 0200/ 50101 80077 80006 9/015=
ZZYY 46919 22091 0210/ 147936 161203 6113/
11119 30190 40190 52003
444 20130 22091 0201/ 50101 80077 80007 9/015=
ZZYY 21906 22091 0200/ 144381 161553 6112/
11119 30151 40151 57032
22219 00182
444 20120 22091 0201/ 50101 80140 80010 9/015=
ZZYY 21991 22091 0210/ 144953 164481 6113/
11119 30179 40179 57022
444 20130 22091 0201/ 50101 80140 80000 9/015=
ZZYY 21616 22091 0225/ 138026 145451 6111/
22219 00228
444 20110 22091 0222/ 50101 80120 80055 9/015=
ZZYY 21963 22091 0200/ 148393 173483 6111/
11119 30179 40179 52007
22219 00114
444 50101 80140 80014 9/015=
ZZYY 21854 22091 0200/ 138899 168207 6112/
11119 30220 40220
22219 00242
444 20120 22091 0158/ 50101 80100 80025 9/015=
ZZYY 53524 22091 0224/ 128293 134219 6112/
22219 00278
444 20120 22091 0125/ 50101 80092 80007 9/015=
ZZYY 52594 22091 0227/ 130486 151488 6112/
22219 00274
444 20120 22091 0223/ 50101 80126 80002 9/015=
ZZYY 53904 22091 0229/ 142055 171746 6113/
22219 00190
444 20130 22091 0224/ 50101 80132 80005 9/015=
ZZYY 21973 22091 0010/ 129867 152660 6112/
11119 30176 40176 52004
22219 00275
444 20120 21091 2341/ 50101 80130 80005 9/015=
ZZYY 21973 22091 0210/ 129892 152690 6111/
11119 30166 40166 57007
22219 00275
444 20110 22091 0157/ 50101 80130 80005 9/015=
ZZYY 22528 22091 0222/ 131558 141968 6111/
22219 00237
444 20110 22091 0220/ 50101 80096 80255 9/015=
ZZYY 51816 22091 0220/ 727645 170079 6111/
22219 00281
444 20110 22091 0159/ 50101 80078 80018 9/015=
ZZYY 51930 22091 0221/ 727696 176901 6112/
22219 00273
444 20120 22091 0034/ 50101 80115 80021 9/015=
ZZYY 43522 22091 0222/ 126012 177222 6112/
22219 00285
444 20120 22091 0156/ 50101 80076 80003 9/015=
ZZYY 53593 22091 0220/ 134380 159674 6111/
11119 30206 40206
22219 00271
444 20110 22091 0223/ 50101 80110 80000 9/015=
ZZYY 52601 22091 0224/ 120209 157802 6112/
22219 00285
444 20120 22091 0210/ 50101 80115 80009 9/015=
ZZYY 14946 22091 0226/ 132297 170964 6111/
22219 00277
444 20110 22091 0223/ 50101 8//// 80000 9/015=
ZZYY 51868 22091 0224/ 120465 167402 6112/
22219 00284
444 20120 22091 0156/ 50101 80109 80008 9/015=
ZZYY 21622 22091 0150/ 132416 137055 6113/
11119 30024 40024 57248
22219 00258
444 20130 22091 0124/ 50101 80100 80000 9/015=
ZZYY 53525 22091 0228/ 137131 149860 6112/
22219 00258
444 20120 22091 0223/ 50101 80136 80001 9/015=
ZZYY 51859 22091 0222/ 129135 151910 6111/
22219 00276
444 20110 22091 0157/ 50101 80510 80005 9/015=
ZZYY 21855 22091 0224/ 141663 150593 6113/
22219 00209
444 50101 80110 80087 9/015=
ZZYY 21964 22091 0220/ 134949 174720 6111/
11119 30232 40232 57006
22219 00253
444 20110 22091 0222/ 50101 80009 80000 9////=
ZZYY 21952 22091 0226/ 135317 170229 6113/
22219 00269
444 20130 22091 0039/ 50101 80110 80054 9/015=
ZZYY 51628 22091 0221/ 127615 179752 6111/
22219 00276
444 20110 22091 0158/ 50101 80088 80021 9/015=
ZZYY 21577 22091 0221/ 137896 149985 6111/
22219 00271
444 20110 21091 2340/ 50101 80120 80083 9/015=
ZZYY 51864 22091 0225/ 133224 146766 6111/
22219 00276
444 20110 22091 0223/ 50101 80117 80012 9/015=
ZZYY 52915 22091 0223/ 122052 159900 6113/
22219 00283
444 20130 21091 2342/ 50101 80144 80008 9/015=
ZZYY 51860 22091 0221/ 116010 155954 6111/
22219 00291
444 20110 22091 0210/ 50101 80117 80006 9/015=
ZZYY 53910 22091 0227/ 137942 163110 6111/
22219 00264
444 20110 22091 0224/ 50101 80136 80001 9/015=
ZZYY 21533 22091 0140/ 143686 149779 6111/
11119 39879 49879 57054
22219 00158
444 20110 22091 0119/ 50101 80120 80063 9/015=
ZZYY 51848 22091 0224/ 132107 166257 6112/
22219 00278
444 20120 22091 0221/ 50101 80117 80004 9/015=
ZZYY 22634 22091 0225/ 128956 149163 6111/
22219 00279
444 20110 22091 0222/ 50101 80048 80000 9////=
ZZYY 51858 22091 0222/ 116516 157955 6113/
22219 00290
444 20130 21091 2343/ 50101 80119 80011 9/015=
ZZYY 51861 22091 0226/ 134638 143945 6112/
22219 00276
444 20120 22091 0222/ 50101 80005 80000 9////=
ZZYY 52914 22091 0227/ 134923 143348 6112/
22219 00275
444 20120 22091 0223/ 50101 80069 80004 9/015=
ZZYY 21536 22091 0220/ 148736 157716 6111/
11119 30158 40158 57021
22219 00118
444 20110 22091 0226/ 50101 80120 80063 9/015=
ZZYY 52678 22091 0224/ 128009 161293 6112/
22219 00278
444 20120 22091 0221/ 50101 8//// 80004 9////=
ZZYY 52908 22091 0223/ 121143 155473 6111/
22219 00286
444 20110 21091 2344/ 50101 80144 80006 9/015=
ZZYY 32552 22091 0223/ 122937 169629 6111/
22219 00273
444 20110 22091 0210/ 50101 80049 80019 9/015=
ZZYY 21923 22091 0229/ 139860 154690 6112/
22219 00227
444 20120 22091 0225/ 50101 80120 80057 9/015=
ZZYY 21921 22091 0224/ 138872 146913 6113/
22219 00239
444 20130 22091 0222/ 50101 80120 80000 9/015=
ZZYY 21897 22091 0210/ 150760 169748 6113/
11119 30133 40133 52002
22219 00116
444 20130 22091 0202/ 50101 80120 80010 9/015=
ZZYY 51829 22091 0223/ 127189 144312 6112/
22219 00274
444 20120 22091 0126/ 50101 80119 80011 9/015=
ZZYY 51855 22091 0226/ 133242 175521 6112/
22219 00261
444 20120 22091 0222/ 50101 80113 80006 9/015=
ZZYY 52838 22091 0224/ 126532 143288 6111/
22219 00277
444 20110 22091 0222/ 50101 80123 80016 9/015=
ZZYY 21901 22091 0225/ 127007 159380 6111/
22219 00278
444 20110 22091 0222/ 50101 80123 80006 9/015=
ZZYY 52815 22091 0225/ 129083 161986 6111/
22219 00280
444 20110 22091 0222/ 50101 80121 80012 9/015=
ZZYY 21538 22091 0221/ 126174 163159 6111/
22219 00281
444 20110 22091 0156/ 50101 80121 80019 9/015=
ZZYY 52615 22091 0225/ 131476 151469 6111/
22219 00274
444 20110 22091 0123/ 50101 80121 80020 9/015=
ZZYY 51668 22091 0224/ 123073 147964 6111/
444 20110 22091 0222/ 50101 80121 80029 9/015=
ZZYY 52906 22091 0221/ 115015 163783 6111/
22219 00290
444 20110 22091 0209/ 50101 80087 80022 9/015=
ZZYY 52611 22091 0221/ 130103 166621 6112/
22219 00274
444 20120 22091 0158/ 50101 80105 80000 9/015=
ZZYY 52591 22091 0224/ 122507 148192 6111/
22219 00282
444 20110 22091 0222/ 50101 80121 80013 9/015=
ZZYY 46618 22091 0210/ 145966 168261 6112/
11119 30191 40191 57008
22219 00136
444 20120 22091 0201/ 50101 80077 80063 9/015=
ZZYY 51744 22091 0227/ 134376 168123 6113/
22219 00273
444 20130 22091 0223/ 50101 80121 80004 9/015=
ZZYY 32667 22091 0222/ 127673 158356 6111/
22219 00278
444 50101 80049 80001 9////=
ZZYY 32533 22091 0240/ 514589 110420 6112/
22219 00233
444 20120 22091 0236/ 50101 80121 80009 9/015=
ZZYY 32739 22091 0240/ 518329 095569 6113/
22219 00201
444 20130 22091 0237/ 50101 80120 80020 9/015=
ZZYY 32912 22091 0240/ 517042 090781 6112/
22219 00191
444 20120 22091 0234/ 50101 80120 80122 9/015=
ZZYY 32695 22091 0240/ 523577 106034 6112/
22219 00206
444 20120 22091 0227/ 50101 80094 80072 9/015=
ZZYY 32548 22091 0235/ 516686 096247 6111/
22219 00204
444 20110 22091 0237/ 50101 80120 80036 9/015=
ZZYY 32917 22091 0240/ 519598 090236 6113/
22219 00191
444 20130 22091 0110/ 50101 80120 80103 9/015=
ZZYY 32528 22091 0238/ 518493 088423 6112/
22219 00185
444 50101 80120 9/015=
ZZYY 32916 22091 0050/ 506839 107727 6111/
11119 30119 40119 52007
22219 00241
444 20110 22091 0236/ 50101 80120 80066 9/015=
ZZYY 54923 22091 0210/ 530948 105351 6111/
11119 30111 40111 52012
22219 00181
444 20110 22091 0226/ 50101 8//// 80000 9////=
ZZYY 32624 22091 0240/ 511318 100736 6112/
22219 00222
444 20120 21091 2350/ 50101 80116 80180 9/015=
ZZYY 32803 22091 0234/ 524052 116505 6111/
22219 00220
444 20110 22091 0236/ 50101 80102 80000 9/015=
ZZYY 32538 22091 0237/ 522563 092277 6112/
22219 00186
444 50101 80116 80069 9/015=
ZZYY 55957 22091 0210/ 536824 108361 6111/
11119 49937 52019
22219 00140
444 20110 22091 0226/ 50101 80010 80000 9////=
ZZYY 32805 22091 0232/ 532823 101795 6111/
22219 00170
444 20110 22091 0226/ 50101 80104 80089 9/015=
ZZYY 55609 22091 0230/ 528869 089675 6111/
444 20110 22091 0226/ 50101 9////=
ZZYY 55632 22091 0140/ 538527 117653 6112/
444 20120 22091 0124/ 50101 80100 80000 9/015=
ZZYY 32708 22091 0240/ 515950 087214 6112/
22219 00180
444 20120 22091 0237/ 50101 80114 80180 9/015=
