####018000131####
SSVX02 CWAO 211700
ZZYY 48712 21091 1700/ 775710 153694 6113/ 11132 11009 40138 444 20130 21091 1700/ 50301 89990 80001 9////=
####018000131####
SSVX02 CWAO 211700
ZZYY 47543 21091 1700/ 784504 110617 6113/ 11119 11073 40056 444 20130 21091 1700/ 50101 89990 80001 9////=
####018000134####
SSVX02 CWAO 211700
ZZYY 47543 21091 1700/ 784504 110617 6113/ 11119 11073 40056 444 20130 21091 1700/ 50101 89990 80001 9////=

####018000134####
SSVX02 CWAO 211700
ZZYY 48712 21091 1700/ 775710 153694 6113/ 11132 11009 40138 444 20130 21091 1700/ 50301 89990 80001 9////=

####018001441####
SSVX02 KARS 211706
ZZYY 56563 21091 1550/ 558766 069288 6112/
11119 30195 40195 57009
22219 00048
444 20120 21091 1541/ 50101 80100 80000 9/015=
ZZYY 33655 21091 1650/ 547499 003866 6112/
11119 30044 40044
22219 00031
444 20120 21091 1537/ 50101 80100 80100 9/015=
ZZYY 33579 21091 1640/ 551488 013584 6112/
11119 39961 49961
22219 00016
444 20120 21091 1542/ 50101 80110 80100 9/015=
ZZYY 71673 21091 1640/ 554112 025374 6111/
11119 39976 49976
22219 00005
444 20110 21091 1536/ 50101 80110 80000 9/015=
ZZYY 71671 21091 1640/ 553151 039008 6112/
11119 39915 49915
22219 00005
444 20120 21091 1536/ 50101 80110 80000 9/015=
ZZYY 71667 21091 1640/ 556655 023172 6111/
11119 39934 49934
22219 01004
444 20110 21091 1537/ 50101 80110 80100 9/015=
ZZYY 71675 21091 1620/ 550857 030704 6113/
11119 30025 40025
22219 00018
444 20130 21091 1537/ 50101 80110 80100 9/015=
ZZYY 33517 21091 1630/ 554574 031321 6113/
11119 39953 49953
22219 01009
444 20130 21091 1537/ 50101 80100 80100 9/015=
ZZYY 71670 21091 1650/ 553716 041007 6111/
11119 39900 49900
22219 00000
444 20110 21091 1536/ 50101 80070 80098 9/015=
ZZYY 34534 21091 1630/ 351863 138244 6112/
11119 49902 57021
22219 00057
444 20120 21091 1631/ 50101 80010 80011 9////=
ZZYY 33881 21091 1630/ 348500 085241 6112/
11119 30024 40024 57020
22219 00062
444 20120 21091 1433/ 50101 80110 80068 9/015=
####018000277####
SSVX13 KARS 211706
ZZYY 71653 21091 1610/ 556876 031916 6113/
11119 39968 49968
22219 01012
444 20130 21091 1535/ 50101 80110 80100 9/015=
ZZYY 71665 21091 1630/ 353477 001644 6112/
11119 39757 49757
22219 01004
444 20120 21091 1535/ 50101 80110 80079 9/015=
####018000146####
SSVX13 LFPW 211657
ZZYY 64517 21091 1657/ 763154 010834 6113/ 11119 49822 52007 22219
 00099 444 20130 21091 1455/ 50101 80132 80002 9/015=
####018000134####
SSVX13 LFPW 211700
ZZYY 62502 21091 1700/ 740050 015330 6113/ 11119 40224 57005 444
 20130 21091 1500/ 50101 80108 80000 9/015=
####018000146####
SSVX13 LFPW 211700
ZZYY 44601 21091 1700/ 750590 018989 6110/ 11119 40204 52005 22219
 00145 444 20100 21091 1700/ 50101 80128 80002 9/015=
####018000173####
SSVX13 LFPW 211700
ZZYY 62503 21091 1700/ 747926 018482 6113/ 11119 40239 54000 22219
 00165 33300 88872 20000 43563 444 20130 21091 1500/ 50101 80108
 80010 9/015=
####018000173####
SSVX13 LFPW 211700
ZZYY 62508 21091 1700/ 743537 009908 6113/ 11119 40224 54000 22219
 00192 33300 88872 20000 43589 444 20130 21091 1500/ 50101 80144
 80073 9/015=
####018000173####
SSVX13 LFPW 211700
ZZYY 62504 21091 1700/ 739660 021212 6113/ 11119 40239 57007 22219
 00231 33300 88872 20000 43661 444 20130 21091 1500/ 50101 80148
 80066 9/015=
####018000173####
SSVX13 LFPW 211700
ZZYY 62506 21091 1700/ 743738 005536 6113/ 11119 40212 52001 22219
 00202 33300 88872 20000 43591 444 20130 21091 1500/ 50101 80144
 80050 9/015=
####018000279####
SSVX13 LFVW 211705
ZZYY 55573 21091 1630/ 309374 142803 6113/
11119 40116 57017
22219 00241
444 20130 21091 0513/ 50101 80100 80000 9/015=
ZZYY 17572 21091 1700/ 344256 147533 6110/
11119 40114 52002
22219 00124
444 2020/ 344256 147533 50101 80114 80000 9/015=
####018007051####
SSVX11 LFVW 211705
ZZYY 52084 21091 09004 105018 155955 6111/
11119 00407 10277 29089 40094
22219 00295
33311 88872 20000 32954 20002 32954 43367 20025 32942 43369
20050 32940 43369 20075 32906 43411 20100 32727 43476
20125 32504 43509 20150 32177 43495 20200 31164 43456
20250 31003 43462 20300 30933 43464 20500 30761 43458 20750 30574
444 20110 21091 0934/ 522// 60381=
ZZYY 52084 21091 11004 105022 155967 6112/
11119 00307 10279 29085 40110
22219 00295
33311 88872 20000 32952 20002 32952 43366 20025 32939 43365
20050 32942 43366 20075 32904 43410 20100 32693 43484
20125 32480 43513 20150 32187 43497 20200 31222 43456
20250 31010 43463 20300 30944 43463 20500 30785 43458 20750 30575
444 20120 21091 1115/ 522// 60381=
ZZYY 52075 21091 07004 107976 130048 6111/
11119 02810 10282 29081 40070
22219 00293
33311 88872 20000 32928 20002 32928 43331 20025 32929 43337
20050 32912 43344 20075 32630 43478 20100 32342 43489
20125 31961 43483 20150 31659 43464 20200 31207 43441
20250 30997 43451 20300 30941 43455 20500 30738 43449=
ZZYY 52075 21091 1400/ 107986 130041 6112/
33311 88872 20125 32027 43484 20150 31698 43465 20200 31195 43442
20250 31002 43443 20500 30739 43450
444 20120 21091 1258/ 522//=
ZZYY 52078 21091 12004 105043 146947 6112/
11119 00805 10248 29099 40123
22219 00291
33311 88872 20000 32905 20002 32905 43290 20025 32951 43362
20050 32943 43377 20075 32852 43438 20100 32656 43480
20125 32330 43506 20150 31926 43479 20200 31236 43454
20250 31049 43461 20300 30919 43461 20500 30763 43457
20750 30605 43453
444 20120 21091 1117/ 522// 60381=
ZZYY 52078 21091 1000/ 105037 146920 6111/
33311 88872 20125 32231 43499 20150 31869 43480 20200 31156 43457
20250 31021 43463 20500 30762 43457
444 20110 21091 1003/ 522//=
ZZYY 52078 21091 06004 105044 146944 6111/
11119 02505 10281 29080 40080
22219 00295
33311 88872 20000 32953 20002 32953 43348 20025 32943 43358
20050 32951 43369 20075 32852 43438 20100 32538 43488
20125 32279 43502 20150 31933 43480 20200 31247 43455
20250 31061 43459 20300 30933 43461 20500 30782 43457
20750 30621 43454
444 20110 21091 0524/ 522// 60381=
ZZYY 52078 21091 08004 105043 146950 6113/
11119 02602 10281 29080 40088
22219 00295
33311 88872 20000 32949 20002 32949 43347 20025 32945 43360
20050 32946 43375 20075 32799 43452 20100 32400 43499
20125 32158 43493 20150 31808 43475 20200 31224 43455
20250 31045 43460 20300 30918 43462 20500 30758 43456
20750 30608 43454
444 20130 21091 0703/ 522// 60381=
ZZYY 52081 21091 0500/ 100071 138036 6113/
33311 88872 20002 32937 43396 20025 32921 43430 20050 32923 43453
20075 32901 43494 20100 32812 43497 20125 32573 43552
20150 32266 43543 20200 31900 43535 20250 31580 43513
20300 31489 43509 20500 30820 43458 20750 30554 43450
444 20130 21091 0518/ 522//=
ZZYY 52081 21091 1600/ 100075 138040 6113/
33311 88872 20002 32920 43426 20025 32940 43441 20050 32929 43455
20075 32868 43490 20100 32786 43548 20125 32514 43551
20150 32244 43548 20200 31876 43534 20250 31562 43515
20300 31488 43509 20500 30821 43460 20750 30558 43450
444 20130 21091 1624/ 522//=
ZZYY 52081 21091 1200/ 100068 138046 6111/
33311 88872 20002 32933 43424 20025 32941 43443 20050 32926 43458
20075 32872 43490 20100 32830 43528 20125 32506 43553
20150 32256 43546 20200 31877 43535 20250 31550 43510
20300 31434 43507 20500 30796 43459 20750 30542 43452
444 20110 21091 1140/ 522//=
ZZYY 52081 21091 1000/ 100070 138039 6113/
33311 88872 20002 32947 43426 20025 32936 43442 20050 32924 43460
20075 32865 43490 20100 32833 43530 20125 32498 43555
20150 32266 43543 20200 31891 43537 20250 31568 43515
20300 31425 43509 20500 30775 43458 20750 30546 43451
444 20130 21091 1001/ 522//=
ZZYY 52087 21091 05004 107869 136498 6112/
11119 02407 10268 29085 40075
22219 00295
33311 88872 20000 32951 20002 32951 43351 20025 32949 43359
20050 32959 43382 20075 32877 43468 20100 32697 43488
20125 32503 43494 20150 32182 43490 20200 31491 43462
20250 31173 43453 20300 31022 43456 20500 30737 43451
20750 30598 43450
444 20120 21091 0520/ 522// 60381=
ZZYY 52080 21091 07004 101996 138104 6113/
11119 02708 10285 29076 40070
22219 00291
33311 88872 20000 32907 20002 32907 43346 20025 32913 43436
20050 32843 43467 20075 32862 43497 20100 32868 43518
20125 32661 43544 20150 32554 43540 20200 32006 43551
20250 31453 43493 20300 31214 43476 20500 30770 43457
20750 30533 43451
444 20130 21091 0703/ 522// 60381=
ZZYY 52080 21091 14004 101994 138107 6112/
11119 01905 10283 29077 40108
22219 00290
33311 88872 20000 32898 20125 32701 43547 20150 32552 43540
20200 32097 43546 20250 31484 43486 20500 30766 43457
444 20120 21091 1253/ 522// 60381=
ZZYY 52080 21091 16004 101996 138102 6113/
11119 02507 10279 29081 40098
22219 00290
33311 88872 20000 32898 20002 32898 43369 20025 32922 43428
20050 32901 43443 20075 32856 43494 20100 32865 43514
20300 31194 43475 20750 30528 43453
444 20130 21091 1624/ 522// 60381=
ZZYY 52080 21091 10004 101994 138101 6113/
11119 02507 10284 29076 40091
22219 00289
33311 88872 20000 32892 20002 32892 43339 20025 32911 43438
20050 32852 43488 20075 32862 43499 20100 32847 43538
20125 32633 43541 20150 32532 43542 20200 31859 43533
20250 31420 43484 20300 31189 43473 20500 30766 43456
20750 30530 43452
444 20130 21091 1001/ 522// 60381=
ZZYY 52077 21091 0600/ 102082 146953 6111/
33311 88872 20002 32946 43435 20025 32912 43440 20050 32919 43464
20075 32919 43474 20100 32917 43476 20125 32671 43519
20150 32401 43551 20200 31569 43467 20250 31190 43451
20300 31026 43474 20500 30827 43460 20750 30520 43453
444 20110 21091 0524/ 522//=
ZZYY 52077 21091 15004 102075 146955 6113/
11119 03006 10276 29083 40105
22219 00291
33311 88872 20000 32912 20002 32912 43435 20025 32914 43442
20050 32919 43469 20075 32917 43472 20100 32867 43484
20125 32547 43551 20150 32369 43549 20200 31668 43479
20250 31225 43452 20300 31036 43468 20500 30818 43459
20750 30522 43453
444 20130 21091 1507/ 522// 60381=
ZZYY 52073 21091 05004 104854 137279 6112/
11119 02815 10274 29081 40070
22219 00291
33311 88872 20000 32913 20002 32913 43336 20025 32915 43337
20050 32933 43391 20075 32866 20100 32767 43450 20125 32439 43489
20150 32070 43487 20200 31260 43448 20250 30965 43440
20300 30906 43457 20500 30764 43453 20750 30623 43450
444 20120 21091 0519/ 522// 60381=
ZZYY 52073 21091 14004 104854 137281 6112/
11119 03010 10269 29086 40103
22219 00291
444 20120 21091 1256/ 522// 60381=
ZZYY 52073 21091 16004 104856 137278 6112/
11119 02808 10269 29086 40091
22219 00291
33311 88872 20000 32906 20002 32906 43327 20025 32922 43342
20050 32926 43396 20075 32842 20100 32655 43473 20125 32314 43487
20150 31947 43485 20200 31087 43446 20250 30934 43446
20300 30896 43457 20500 30757 43454 20750 30613 43450
444 20120 21091 1624/ 522// 60381=
####018001755####
SSVX02 KARS 211708
ZZYY 44936 21091 1640/ 167574 000796 6112/
11119 39987 49987 57003
22219 00110
444 20120 21091 1645/ 50101 80100 80000 9/015=
ZZYY 44930 21091 1658/ 765165 001416 6113/
444 20130 21091 1645/ 50101 80092 80099 9/015=
ZZYY 48656 21091 1650/ 780660 160363 6112/
22219 01022
444 20120 21091 1656/ 50101 80123 80001 9/015=
ZZYY 48653 21091 1640/ 788105 164913 6113/
11119 30099 40099 57008
22219 01082
444 20130 21091 1651/ 50101 80145 80001 9/015=
ZZYY 62926 21091 1650/ 759958 018088 6112/
22219 00118
444 20120 21091 1648/ 50101 80110 80006 9/015=
ZZYY 44835 21091 1640/ 763399 031728 6111/
22219 00099
444 20110 21091 1650/ 50101 80110 80036 9/015=
ZZYY 48673 21091 1659/ 776621 124025 6112/
444 20120 21091 1657/ 500// 9/000=
ZZYY 63579 21091 1653/ 168978 047048 6113/
22219 00085
444 20130 21091 1645/ 50101 80005 80005 9////=
ZZYY 63964 21091 1657/ 173745 023073 6112/
444 20120 21091 1645/ 50101 80007 80015 9/015=
ZZYY 63951 21091 1656/ 765639 001313 6112/
22219 00104
444 20120 21091 1645/ 50101 80007 80009 9/015=
ZZYY 63948 21091 1656/ 175357 035633 6113/
22219 00056
444 20130 21091 1647/ 50101 80007 80005 9/015=
ZZYY 63577 21091 1655/ 175210 067747 6112/
22219 00063
444 20120 21091 1649/ 50101 80007 80005 9/015=
ZZYY 63583 21091 1655/ 172497 046804 6113/
22219 00081
444 20130 21091 1645/ 50101 80007 80007 9/015=
ZZYY 63584 21091 1658/ 777767 002060 6111/
22219 00044
444 20110 21091 1647/ 50101 80008 80013 9/015=
ZZYY 48652 21091 1650/ 788155 158495 6113/
11119 30094 40094 57005
22219 01052
444 50101 80110 80003 9/015=
ZZYY 63966 21091 1655/ 171487 015283 6111/
22219 00104
444 20110 21091 1637/ 50101 80008 80005 9/015=
####018000201####
SSVX07 KARS 211708
ZZYY 48536 21091 1700/ 173114 153597 6111/
11119 11007 40080
444 20110 21091 1656/=
ZZYY 48534 21091 1700/ 783370 046228 6113/
11119 11099 40174
444 20130 21091 1655/=
####018000447####
SSVX06 KARS 211708
ZZYY 47558 21091 1700/ 773757 081659 6113/
444 20130 21091 1656/ 500// 9/000=
ZZYY 48506 21091 1659/ 779551 119139 6112/
11119 40054
444 20120 21091 1655/ 500//=
ZZYY 47554 21091 1659/ 774312 111652 6112/
444 20120 21091 1656/ 500// 9/000=
ZZYY 48505 21091 1658/ 780180 127749 6113/
11119 40036
444 20130 21091 1656/ 500//=
ZZYY 47553 21091 1659/ 779342 103394 6113/
444 20130 21091 1655/ 500// 9/000=
####018000146####
SSVX13 LFPW 211700
ZZYY 26553 21091 1700/ 185609 061563 6113/ 11119 40203 52017 22219
 01050 444 20130 21091 1700/ 50101 80144 80003 9/015=
####018000146####
SSVX13 LFPW 211700
ZZYY 62532 21091 1700/ 747780 017378 6113/ 11119 40240 54000 22219
 00172 444 20130 21091 1700/ 50101 80136 80003 9/015=
####018000146####
SSVX13 LFPW 211700
ZZYY 41728 21091 1700/ 726441 046587 6113/ 11119 40236 57009 22219
 00281 444 20130 21091 1700/ 50101 80120 80003 9/015=
####018000146####
SSVX13 LFPW 211700
ZZYY 63638 21091 1700/ 178372 008771 6113/ 11119 40160 54000 22219
 00069 444 20130 21091 1700/ 50101 80142 80023 9/015=
####018000146####
SSVX13 LFPW 211700
ZZYY 62517 21091 1700/ 734039 025019 6113/ 11119 40232 57003 22219
 00253 444 20130 21091 1700/ 50101 80100 80005 9/015=
####018000146####
SSVX13 LFPW 211700
ZZYY 62514 21091 1700/ 735240 021439 6113/ 11119 40239 57006 22219
 00246 444 20130 21091 1700/ 50101 80136 80003 9/015=
####018000146####
SSVX13 LFPW 211700
ZZYY 44775 21091 1700/ 751425 047639 6113/ 11119 40032 57003 22219
 00118 444 20130 21091 1500/ 50101 80138 80016 9/015=
####018000146####
SSVX13 LFPW 211700
ZZYY 44766 21091 1700/ 746645 028306 6113/ 11119 40228 57023 22219
 00168 444 20130 21091 1700/ 50101 80140 80015 9/015=
####018000146####
SSVX13 LFPW 211700
ZZYY 44770 21091 1700/ 740699 028631 6113/ 11119 40256 57016 22219
 00220 444 20130 21091 1500/ 50101 80140 80016 9/015=
####018000146####
SSVX13 LFPW 211700
ZZYY 41730 21091 1700/ 733072 050615 6113/ 11119 40261 57007 22219
 00289 444 20130 21091 1700/ 50101 80126 80002 9/015=
####018000146####
SSVX13 LFPW 211700
ZZYY 63639 21091 1700/ 179768 007971 6113/ 11119 40172 57003 22219
 00064 444 20130 21091 1700/ 50101 80144 80008 9/015=
####018000146####
SSVX13 LFPW 211700
ZZYY 26554 21091 1700/ 189472 102092 6113/ 11119 40130 57003 22219
 01050 444 20130 21091 1700/ 50101 80146 80000 9/015=
####018000146####
SSVX13 LFPW 211700
ZZYY 62533 21091 1700/ 748694 020450 6113/ 11119 40230 57002 22219
 00168 444 20130 21091 1700/ 50101 80140 80003 9/015=
####018000146####
SSVX13 LFPW 211700
ZZYY 44624 21091 1700/ 755472 046119 6113/ 11119 40041 57017 22219
 00081 444 20130 21091 1500/ 50101 80144 80005 9/015=
####018000146####
SSVX13 LFPW 211700
ZZYY 25616 21091 1700/ 183857 133920 6113/ 11119 40099 52012 22219
 01050 444 20130 21091 1700/ 50101 80150 80002 9/015=
####018000146####
SSVX13 LFPW 211700
ZZYY 62534 21091 1700/ 743545 024430 6113/ 11119 40270 57012 22219
 00201 444 20130 21091 1700/ 50101 80140 80013 9/015=
####018000146####
SSVX13 LFPW 211657
ZZYY 17928 21091 1657/ 352690 050308 6113/ 11119 49819 57017 22219
 00012 444 20130 21091 1652/ 50101 80140 80003 9/015=
####018000146####
SSVX13 LFPW 211700
ZZYY 62539 21091 1700/ 740958 025211 6113/ 11119 40259 57014 22219
 00215 444 20130 21091 1500/ 50101 80140 80016 9/015=
####018000146####
SSVX13 LFPW 211700
ZZYY 44779 21091 1700/ 743540 032506 6113/ 11119 40219 57021 22219
 00207 444 20130 21091 1500/ 50101 80140 80023 9/015=
####018000146####
SSVX13 LFPW 211700
ZZYY 44769 21091 1700/ 743539 051929 6113/ 11119 40224 57001 22219
 00165 444 20130 21091 1700/ 50101 80140 80015 9/015=
####018000146####
SSVX13 LFPW 211700
ZZYY 63635 21091 1700/ 172765 018216 6113/ 11119 40113 52006 22219
 00100 444 20130 21091 1700/ 50101 80144 80002 9/015=
####018000146####
SSVX13 LFPW 211700
ZZYY 63637 21091 1700/ 175223 013438 6113/ 11119 40115 57003 22219
 00086 444 20130 21091 1700/ 50101 80138 80013 9/015=
####018000146####
SSVX13 LFPW 211700
ZZYY 63640 21091 1700/ 175048 012537 6113/ 11119 40108 57001 22219
 00083 444 20130 21091 1700/ 50101 80142 80010 9/015=
####018000146####
SSVX13 LFPW 211700
ZZYY 62516 21091 1700/ 732516 020941 6113/ 11119 40223 57009 22219
 00246 444 20130 21091 1700/ 50101 80130 80003 9/015=
####018000146####
SSVX13 LFPW 211700
ZZYY 44622 21091 1700/ 732615 035125 6113/ 11119 40231 57011 22219
 00267 444 20130 21091 1700/ 50101 80094 80003 9/015=
####018000146####
SSVX13 LFPW 211700
ZZYY 41638 21091 1700/ 730884 039540 6113/ 11119 40234 57011 22219
 00278 444 20130 21091 1700/ 50101 80094 80002 9/015=
####018000146####
SSVX13 LFPW 211700
ZZYY 63636 21091 1700/ 175361 008645 6113/ 11119 40094 57004 22219
 00077 444 20130 21091 1700/ 50101 80142 80011 9/015=
####018000128####
SSVX13 LFPW 211700
ZZYY 62538 21091 1700/ 743214 016471 6113/ 22219 00191 444 20130
 21091 1500/ 50101 80140 80015 9/015=
####018000146####
SSVX13 LFPW 211700
ZZYY 44771 21091 1700/ 742576 040866 6113/ 11119 40179 57008 22219
 00211 444 20130 21091 1500/ 50101 80140 80003 9/015=
####018000146####
SSVX13 LFPW 211657
ZZYY 17931 21091 1657/ 344884 049380 6113/ 11119 40096 52022 22219
 00050 444 20130 21091 1652/ 50101 80140 80005 9/015=
####018000146####
SSVX13 LFPW 211700
ZZYY 62535 21091 1700/ 737448 025233 6113/ 11119 40231 57010 22219
 00229 444 20130 21091 1500/ 50101 80138 80016 9/015=
####018000146####
SSVX13 LFPW 211700
ZZYY 41729 21091 1700/ 730782 039333 6113/ 11119 40238 57011 22219
 00285 444 20130 21091 1700/ 50101 80128 80002 9/015=
####018000146####
SSVX13 LFPW 211700
ZZYY 62551 21091 1700/ 738265 026364 6113/ 11119 40246 57014 22219
 00229 444 20130 21091 1500/ 50101 80142 80006 9/015=
####018000146####
SSVX13 LFPW 211700
ZZYY 44773 21091 1700/ 746569 036835 6113/ 11119 40105 57013 22219
 00168 444 20130 21091 1500/ 50101 80140 80026 9/015=
####018000146####
SSVX13 LFPW 211700
ZZYY 44776 21091 1700/ 742379 031929 6113/ 11119 40237 57023 22219
 00218 444 20130 21091 1500/ 50101 80140 80016 9/015=
####018000146####
SSVX13 LFPW 211700
ZZYY 44613 21091 1700/ 743046 048227 6113/ 11119 40220 52005 22219
 00129 444 20130 21091 1700/ 50101 80140 80011 9/015=
####018000146####
SSVX13 LFPW 211700
ZZYY 44772 21091 1700/ 747227 040073 6113/ 11119 40073 57004 22219
 00178 444 20130 21091 1500/ 50101 80140 80021 9/015=
####018000146####
SSVX13 LFPW 211700
ZZYY 62600 21091 1700/ 756576 031370 6113/ 11119 40051 57004 22219
 00106 444 20130 21091 1700/ 50101 80138 80018 9/015=
####018000146####
SSVX13 LFPW 211700
ZZYY 44780 21091 1700/ 741355 032935 6113/ 11119 40234 57018 22219
 00216 444 20130 21091 1500/ 50101 80142 80010 9/015=
####018000146####
SSVX13 LFPW 211700
ZZYY 48611 21091 1700/ 783665 167290 6113/ 11119 49996 52002 22219
 01050 444 20130 21091 1700/ 50101 80150 80002 9/015=
####018000146####
SSVX13 LFPW 211700
ZZYY 62531 21091 1700/ 745797 010832 6113/ 11119 40248 52005 22219
 00179 444 20130 21091 1700/ 50101 80140 80003 9/015=
####018000146####
SSVX13 LFPW 211700
ZZYY 44778 21091 1700/ 743428 041043 6113/ 11119 40171 57009 22219
 00208 444 20130 21091 0900/ 50101 80142 80016 9/015=
####018000146####
SSVX13 LFPW 211700
ZZYY 62537 21091 1700/ 742461 033102 6113/ 11119 40225 57022 22219
 00209 444 20130 21091 1500/ 50101 80140 80006 9/015=
####018000146####
SSVX13 LFPW 211700
ZZYY 64613 21091 1700/ 764032 026236 6113/ 11119 49930 52021 22219
 00106 444 20130 21091 1500/ 50101 80146 80006 9/015=
####018000146####
SSVX13 LFPW 211700
ZZYY 13974 21091 1700/ 734996 027721 6113/ 11119 40229 57006 22219
 00262 444 20130 21091 1700/ 50101 80130 80011 9/015=
####018000146####
SSVX13 LFPW 211700
ZZYY 41731 21091 1700/ 733008 048445 6113/ 11119 40259 57007 22219
 00277 444 20130 21091 1700/ 50101 80086 80006 9/015=
####018000146####
SSVX13 LFPW 211657
ZZYY 64623 21091 1657/ 164004 004635 6113/ 11119 49999 57020 22219
 00123 444 20130 21091 1452/ 50101 80100 80005 9/015=
####018000146####
SSVX13 LFPW 211700
ZZYY 44777 21091 1700/ 744574 028992 6113/ 11119 40241 57023 22219
 00201 444 20130 21091 1500/ 50101 80140 80015 9/015=
####018000146####
SSVX13 LFPW 211700
ZZYY 64612 21091 1700/ 760952 030716 6113/ 11119 49994 52008 22219
 00104 444 20130 21091 1500/ 50101 80146 80006 9/015=
####018000146####
SSVX13 LFPW 211700
ZZYY 44623 21091 1700/ 757859 036559 6113/ 11119 40012 57009 22219
 00087 444 20130 21091 1500/ 50101 80146 80019 9/015=
####018000146####
SSVX13 LFPW 211700
ZZYY 44774 21091 1700/ 745118 033246 6113/ 11119 40181 57030 22219
 00196 444 20130 21091 1500/ 50101 80140 80026 9/015=
####018000146####
SSVX13 LFPW 211700
ZZYY 62536 21091 1700/ 740411 032232 6113/ 11119 40238 57016 22219
 00233 444 20130 21091 1500/ 50101 80142 80018 9/015=
####018000146####
SSVX13 LFPW 211700
ZZYY 62599 21091 1700/ 758132 021695 6113/ 11119 40014 52027 22219
 00120 444 20130 21091 1700/ 50101 80138 80000 9/015=
####018000146####
SSVX13 LFPW 211700
ZZYY 44621 21091 1700/ 750348 047788 6113/ 11119 40044 52007 22219
 00101 444 20130 21091 1500/ 50101 80146 80015 9/015=
####018000146####
SSVX13 LFPW 211700
ZZYY 62711 21091 1700/ 753798 033950 6113/ 11119 40092 57022 22219
 00112 444 20130 21091 1700/ 50101 80138 80016 9/015=
####018000146####
SSVX13 LFPW 211700
ZZYY 62552 21091 1700/ 741993 034455 6113/ 11119 40214 57027 22219
 00223 444 20130 21091 1500/ 50101 80142 80021 9/015=
