####018000117####
SSVX07 LFVW 211953
ZZYY 48548 21091 1950/ 774310 127618 6111/
11119 11014 39946 49946
444 20110 21091 1916/=
####018001813####
SSVX11 LFVW 211953
ZZYY 52075 21091 18004 107987 130042 6113/
11119 02707 10282 29081 40080
22219 00292
33311 88872 20000 32920 20125 32031 43484 20150 31707 43466
20200 31226 43442 20250 31021 43438 20500 30744 43447
444 20130 21091 1802/ 522// 60381=
ZZYY 52075 21091 16004 107972 130032 6112/
11119 02206 10279 29084 40096
22219 00293
33311 88872 20000 32925 20002 32925 43331 20025 32927 43333
20050 32911 43343 20075 32580 43484 20100 32318 43490
20125 32007 43486 20150 31734 43468 20200 31237 43447
20250 31006 43442 20300 30946 43453 20500 30739 43450
444 20120 21091 1620/ 522// 60381=
ZZYY 53056 21091 1400/ 305040 095060 6113/
11119 10267 29083
22219 00271
33311 88872 20000 32714 20001 32714 43405 20011 32714 43411
20021 32708 43422 20040 32700 43420 20081 32260 20100 31909 43474
20120 31566 20140 31366 20200 31215 20301 31087 20501 30932
444 20130 21091 1434/ 522//=
ZZYY 53056 21091 0800/ 305041 095060 6113/
11119 10268 29081
22219 00273
33311 88872 20000 32725 20001 32725 43407 20011 32714 43412
20021 32705 43417 20040 32703 43418 20081 32233 20100 31892 43486
20119 31550 20140 31355 20200 31223 20300 31093 20501 30930
444 20130 21091 0725/ 522//=
ZZYY 53056 21091 1000/ 305040 095068 6112/
11119 10269 29081
22219 00273
33311 88872 20000 32729 20001 32729 43405 20011 32716 43412
20020 32703 43423 20040 32700 43419 20081 32113 20100 31791 43497
20120 31478 20140 31319 20200 31205 20301 31090 20501 30931
444 20120 21091 1022/ 522//=
ZZYY 53056 21091 1700/ 305035 095055 6112/
22219 00000
33311 88872 20000 30000 20001 32708 43405 20011 32709 43410
20020 32707 43420 20040 32700 43420 20081 32085 20100 31843 43499
20120 31531 20140 31309 20200 31223 20300 31092 20501 30937
444 20120 21091 1614/ 522//=
####018000125####
SSVX02 CWAO 211945
ZZYY 47537 21091 1945/ 784418 064809 6113/ 22291 00003 444 20130 21091 1945/ 50701 80138 80001 9////=
####018000125####
SSVX02 CWAO 211945
ZZYY 47533 21091 1945/ 782989 062178 6113/ 22291 01005 444 20130 21091 1945/ 50701 80138 80001 9////=
####018000125####
SSVX02 CWAO 211945
ZZYY 47532 21091 1945/ 782991 062209 6113/ 11119 11066 444 20130 21091 1945/ 50701 80138 80001 9////=
####018000125####
SSVX02 CWAO 211945
ZZYY 47531 21091 1945/ 784418 064746 6113/ 11131 10000 444 20130 21091 1945/ 50701 80138 80001 9////=
####018000128####
SSVX02 CWAO 211945
ZZYY 47532 21091 1945/ 782991 062209 6113/ 11119 11066 444 20130 21091 1945/ 50701 80138 80001 9////=

####018000128####
SSVX02 CWAO 211945
ZZYY 47533 21091 1945/ 782989 062178 6113/ 22291 01005 444 20130 21091 1945/ 50701 80138 80001 9////=

####018000128####
SSVX02 CWAO 211945
ZZYY 47531 21091 1945/ 784418 064746 6113/ 11131 10000 444 20130 21091 1945/ 50701 80138 80001 9////=

####018000128####
SSVX02 CWAO 211945
ZZYY 47537 21091 1945/ 784418 064809 6113/ 22291 00003 444 20130 21091 1945/ 50701 80138 80001 9////=

####018000201####
SSVX07 KARS 211955
ZZYY 48536 21091 1950/ 173146 153804 6111/
11119 11007 40074
444 20110 21091 1946/=
ZZYY 48534 21091 1950/ 783366 046229 6112/
11119 11114 40170
444 20120 21091 1945/=
####018002417####
SSVX02 KARS 211955
ZZYY 63579 21091 1949/ 168983 047034 6111/
22219 00085
444 20110 21091 1830/ 50101 80007 80005 9////=
ZZYY 63964 21091 1949/ 173757 023085 6111/
444 20110 21091 1855/ 50101 80009 80010 9/015=
ZZYY 63948 21091 1947/ 175368 035601 6111/
22219 00056
444 20110 21091 1919/ 50101 80008 80006 9/015=
ZZYY 63577 21091 1948/ 175184 067672 6111/
22219 00063
444 20110 21091 1918/ 50101 80009 80004 9/015=
ZZYY 63583 21091 1948/ 172512 046810 6111/
22219 00081
444 20110 21091 1919/ 50101 80009 80008 9/015=
ZZYY 63584 21091 1948/ 777780 002104 6111/
22219 00042
444 20110 21091 1944/ 50101 80007 80013 9/015=
ZZYY 48652 21091 1950/ 788154 158790 6113/
11119 30083 40083 57011
22219 01052
444 20130 21091 1943/ 50101 80110 80004 9/015=
ZZYY 48673 21091 1948/ 776617 124055 6113/
444 20130 21091 1937/ 500// 9/000=
ZZYY 55948 21091 1830/ 562559 123745 6112/
22219 00007
444 20120 21091 1754/ 50101 8//// 80000 9////=
ZZYY 71679 21091 1850/ 556213 034737 6112/
11119 39935 49935 57007
22219 01002
444 20120 21091 1841/ 50101 80100 80000 9/015=
ZZYY 71640 21091 1900/ 557237 118202 6112/
22219 00026
444 20120 21091 1737/ 50101 80009 80000 9////=
ZZYY 71640 21091 1800/ 557237 118202 6112/
22219 00025
444 20120 21091 1737/ 50101 80009 80000 9////=
ZZYY 53565 21091 1828/ 114580 109054 6111/
444 50101 80099 80002 9/015=
ZZYY 23975 21091 1830/ 312732 090898 6113/
11119 30159 40159 52247
22219 00266
444 20130 21091 1837/ 50101 80110 80008 9/015=
ZZYY 71568 21091 1800/ 560062 116302 6111/
11119 40133 57009
22219 00015
444 20110 21091 1754/ 50101 80009 80000 9////=
ZZYY 71611 21091 1900/ 558405 121793 6112/
444 20120 21091 1754/ 50101 9////=
ZZYY 53597 21091 1831/ 115253 122071 6112/
22219 00288
444 20120 21091 1820/ 50101 80094 80003 9/015=
ZZYY 71701 21091 1910/ 551929 043438 6112/
22219 00013
444 20120 21091 1908/ 50101 80114 80092 9/015=
ZZYY 71709 21091 1909/ 548656 040527 6111/
22219 00021
444 20110 21091 1907/ 50101 80116 80133 9/015=
ZZYY 71573 21091 1909/ 553986 042802 6113/
22219 00011
444 20130 21091 1907/ 50101 80116 80095 9/015=
ZZYY 14928 21091 1832/ 105976 087950 6111/
22219 00284
444 20110 21091 1827/ 50101 80099 80005 9/015=
ZZYY 71670 21091 1850/ 553705 040990 6112/
11119 39902 49902
22219 00000
444 20120 21091 1841/ 50101 80070 80098 9/015=
####018000357####
SSVX06 KARS 211955
ZZYY 47554 21091 1948/ 774324 111742 6113/
444 20130 21091 1943/ 500// 9/000=
ZZYY 48505 21091 1950/ 780181 127719 6112/
11119 40043
444 20120 21091 1944/ 500//=
ZZYY 47553 21091 1949/ 779340 103373 6113/
444 20130 21091 1945/ 500// 9/000=
ZZYY 48713 21091 1949/ 175313 165394 6113/
444 20130 21091 1947/ 500// 9/000=
####018000991####
SSVX08 KARS 211955
ZZYY 23006 20091 1200/ 103977 089591 6112/
33311 88872 20001 32881 20020 32872 43315 20040 32870 43327
20060 32831 43348 20080 32323 20100 31840 20120 31629 20140 31483
20180 31359 20300 31226 20500 31027
444 20120 20091 1318/ 521//=
ZZYY 23006 21091 18004 103974 089588 6112/
11119 02110 10279 29079
22219 00287
444 20120 21091 1831/ 521// 60401=
ZZYY 23007 20091 1200/ 108019 088997 6111/
33311 88872 20020 32854 43428 20040 32852 43429 20060 32847 43433
20080 32697 20100 32363 20120 32113 20140 31808 20180 31466
20300 31181 20500 31003
444 20110 20091 1320/ 521//=
ZZYY 23005 20091 1200/ 101579 090082 6112/
33311 88872 20001 32890 43323 20020 32875 43356 20040 32881 43398
20060 32639 43441 20080 32147 20100 31994 20120 31794 20140 31609
20180 31427 20300 31232 20500 31006
444 20120 20091 1318/ 521//=
ZZYY 23005 21091 18004 101580 090089 6112/
11119 01508 10276 29081
22219 00286
444 20120 21091 1831/ 521// 60401=
####018000146####
SSVX13 LFPW 212000
ZZYY 64611 21091 2000/ 763350 025886 6110/ 11119 49951 52021 22219
 00108 444 20100 21091 1900/ 50101 80131 80000 9/015=
####018000237####
SSVX02 LFVW 211955
ZZYY 61793 21091 1930/ 140570 001599 6113/
22219 00245
444 20130 21091 1946/ 50101 80110 80021 9/050=
ZZYY 61793 21091 1900/ 140571 001598 6113/
22219 00246
444 20130 21091 1916/ 50101 80110 80014 9/050=
