####018000125####
SSVX02 CWAO 221315
ZZYY 47533 22091 1315/ 782984 062198 6113/ 22291 01011 444 20130 22091 1315/ 50701 80138 80001 9////=
####018000143####
SSVX02 CWAO 211000
ZZYY 48698 21091 1000/ 172616 172605 6113/ 11131 40459 57001 22219 01012 444 20130 21091 1000/ 50101 80136 80001 9////=
####018000125####
SSVX02 CWAO 221315
ZZYY 47531 22091 1315/ 784415 064720 6113/ 11131 10000 444 20130 22091 1315/ 50701 80138 80001 9////=
####018000125####
SSVX02 CWAO 221315
ZZYY 47532 22091 1315/ 782986 062229 6113/ 11119 11101 444 20130 22091 1315/ 50701 80134 80001 9////=
####018000143####
SSVX02 CWAO 210900
ZZYY 48698 21091 0900/ 172622 172629 6113/ 11131 40462 54000 22219 01012 444 20130 21091 0900/ 50101 80136 80001 9////=
####018000143####
SSVX02 CWAO 211200
ZZYY 48698 21091 1200/ 172606 172593 6113/ 11192 40459 57003 22219 01010 444 20130 21091 1200/ 50101 80136 80001 9////=
####018000143####
SSVX02 CWAO 211100
ZZYY 48698 21091 1100/ 172610 172590 6113/ 11131 40458 57004 22219 01011 444 20130 21091 1100/ 50101 80136 80001 9////=
####018000125####
SSVX02 CWAO 221315
ZZYY 47537 22091 1315/ 784414 064784 6113/ 22291 00003 444 20130 22091 1315/ 50701 80138 80001 9////=
####018000128####
SSVX02 CWAO 221315
ZZYY 47532 22091 1315/ 782986 062229 6113/ 11119 11101 444 20130 22091 1315/ 50701 80134 80001 9////=

####018000128####
SSVX02 CWAO 221315
ZZYY 47533 22091 1315/ 782984 062198 6113/ 22291 01011 444 20130 22091 1315/ 50701 80138 80001 9////=

####018000146####
SSVX02 CWAO 211000
ZZYY 48698 21091 1000/ 172616 172605 6113/ 11131 40459 57001 22219 01012 444 20130 21091 1000/ 50101 80136 80001 9////=

####018000146####
SSVX02 CWAO 211200
ZZYY 48698 21091 1200/ 172606 172593 6113/ 11192 40459 57003 22219 01010 444 20130 21091 1200/ 50101 80136 80001 9////=

####018000128####
SSVX02 CWAO 221315
ZZYY 47537 22091 1315/ 784414 064784 6113/ 22291 00003 444 20130 22091 1315/ 50701 80138 80001 9////=

####018000146####
SSVX02 CWAO 210900
ZZYY 48698 21091 0900/ 172622 172629 6113/ 11131 40462 54000 22219 01012 444 20130 21091 0900/ 50101 80136 80001 9////=

####018000146####
SSVX02 CWAO 211100
ZZYY 48698 21091 1100/ 172610 172590 6113/ 11131 40458 57004 22219 01011 444 20130 21091 1100/ 50101 80136 80001 9////=

####018000128####
SSVX02 CWAO 221315
ZZYY 47531 22091 1315/ 784415 064720 6113/ 11131 10000 444 20130 22091 1315/ 50701 80138 80001 9////=

####018002045####
SSVX08 KARS 221326
ZZYY 51302 21091 12004 508275 155015 6111/
11119 01216 10269 29076
22219 00272
33311 88872 20000 32721 20001 32725 43551 20025 32722 20050 32720
20075 32720 20100 32719 20125 32700 20150 32565 20200 32136
20250 31622 20300 31204 20500 30805
444 20110 21091 1121/ 521// 60401=
ZZYY 51302 22091 12004 508262 155029 6111/
11119 01112 10268 29077
22219 00272
444 20110 22091 1249/ 521// 60401=
ZZYY 51304 21091 12004 504996 170020 6112/
11119 01213 10276 29076
22219 00277
33311 88872 20000 32772 20001 32777 43543 20025 32775 20050 32774
20125 32674 20150 32508 20200 31866 20250 31307 20300 31059
20500 30810
444 20120 21091 1144/ 521// 60401=
ZZYY 51304 22091 12004 505006 170027 6112/
11119 01213 10273 29077
22219 00277
444 20120 22091 1134/ 521// 60401=
ZZYY 51023 21091 1200/ 500009 154941 6111/
11119 10239 29092
22219 00254
33311 88870 20000 32536 20001 32547 20025 32533 20050 32518
20100 32097 20125 31816 20200 31303 20250 31187 20300 31128
20500 30796
444 20110 21091 1255/ 521//=
ZZYY 51023 22091 1200/ 500005 154951 6111/
11119 10248 29089
22219 00254
444 20110 22091 1132/ 521//=
ZZYY 51022 21091 12004 501975 154995 6111/
11119 01019 10255 29085
22219 00267
33311 88872 20000 32672 20001 32678 43532 20025 32676 20050 32669
20075 32668 20100 32664 20125 31920 20150 31592 20200 31337
20300 31100
444 20110 21091 1143/ 521// 60401=
ZZYY 51022 22091 12004 501973 155011 6111/
11119 01112 10265 29078
22219 00268
444 20110 22091 1132/ 521// 60401=
ZZYY 51019 21091 12004 504984 155022 6112/
11119 01013 10270 29079
22219 00271
33311 88870 20000 32708 20001 32712 20025 32709 20050 32707
20075 32706 20100 32706 20125 32608 20150 32164 20200 31449
20250 31163 20300 31067 20500 30823
444 20120 21091 1256/ 521// 60401=
ZZYY 51310 21091 1200/ 508023 170059 6111/
33311 88872 20001 32809 43555 20025 32808 20050 32807 20075 32807
20100 32808 20125 32797 20150 32704 20200 32265
444 20110 21091 1145/ 521//=
####018000759####
SSVX13 KARS 221326
ZZYY 55962 22091 1300/ 337434 168574 6111/
11119 40152 52002
22219 00145
444 20110 22091 1301/ 50101 80108 80011 9/015=
ZZYY 17655 22091 1230/ 557011 128184 6112/
11119 30075 40075 57007
22219 00026
444 20120 22091 1221/ 50101 80110 80077 9/015=
ZZYY 55645 22091 1200/ 336170 170576 6112/
11119 40150 57006
22219 00148
444 20120 22091 1300/ 50101 80110 80000 9/015=
ZZYY 55645 22091 1300/ 336170 170576 6112/
11119 40147 57001
22219 00147
444 50101 80110 80000 9/015=
ZZYY 55644 22091 1300/ 336956 171754 6112/
11119 40139 52003
22219 00144
444 20120 22091 1301/ 50101 80112 80031 9/015=
ZZYY 55961 22091 1300/ 334355 163909 6112/
11119 40200 57003
22219 00157
444 50101 80110 80016 9/015=
####018009833####
SSVX02 KARS 221326
ZZYY 43502 22091 1230/ 545098 158723 6113/
11119 40116 57001
22219 00093
444 20130 22091 1301/ 50101 80010 80000 9////=
ZZYY 33649 22091 1240/ 349509 177335 6113/
11119 40189 52007
22219 00073
444 20130 22091 1300/ 50101 80010 80000 9////=
ZZYY 51780 22091 1258/ 512570 161503 6111/
22219 00274
444 20110 22091 1245/ 50101 80115 80010 9/015=
ZZYY 51512 22091 1257/ 319642 176803 6111/
22219 00246
444 20110 22091 1043/ 50101 80115 80038 9/015=
ZZYY 54946 22091 1230/ 536047 152064 6113/
11119 38500 48500 54000
22219 00150
444 20130 22091 1258/ 50101 80110 80015 9/015=
ZZYY 54946 22091 1030/ 536023 152058 6113/
11119 38500 48500 54000
22219 00150
444 20130 22091 1001/ 50101 80110 80035 9/015=
ZZYY 51944 22091 1250/ 527200 156276 6112/
22219 00207
33311 88872 20000 32070 42048
444 20120 22091 1258/ 50101 80080 80002 9/015=
ZZYY 33535 22091 1210/ 550659 136240 6112/
22219 00077
444 20120 22091 1145/ 50101 80009 80000 9////=
ZZYY 51945 22091 1250/ 534020 159173 6112/
22219 00164
33311 88872 20000 31640 42048
444 20120 22091 1258/ 50101 80060 80086 9/015=
ZZYY 55922 22091 1300/ 539653 158306 6113/
11119 39970 49970 57013
22219 00124
444 50101 80110 80010 9/015=
ZZYY 55922 22091 1200/ 539654 158311 6112/
11119 39975 49975 57016
22219 00124
444 20120 22091 1145/ 50101 80110 80009 9/015=
ZZYY 54901 22091 1210/ 543162 153346 6113/
11119 30110 40110 57009
22219 00102
444 20130 22091 1146/ 50101 80080 80010 9/015=
ZZYY 33536 22091 1240/ 350885 164409 6112/
11119 40118 52004
22219 00081
444 20120 22091 1302/ 50101 80009 80000 9////=
ZZYY 51940 22091 1240/ 525337 169888 6111/
22219 00222
33311 88872 20000 32220 43547
444 20110 22091 1258/ 50101 80080 80003 9/015=
ZZYY 51952 22091 1240/ 525908 149301 6112/
22219 00227
33311 88872 20000 32265 43583
444 20120 22091 1132/ 50101 80100 80008 9/015=
ZZYY 51953 22091 1230/ 528916 152728 6112/
22219 00196
33311 88872 20000 31955 42048
444 20120 22091 1257/ 50101 80080 80100 9/015=
ZZYY 51953 22091 1300/ 528916 152728 6112/
22219 00196
33311 88872 20000 31955 42048
444 20120 22091 1257/ 50101 80080 80098 9/015=
ZZYY 51946 22091 1240/ 525295 165260 6111/
22219 00214
33311 88872 20000 32135 42048
444 20110 22091 1247/ 50101 80070 80025 9/015=
ZZYY 56908 22091 1300/ 356811 138200 6111/
11119 39894 49894 52007
22219 00020
444 20110 22091 1305/ 50101 80110 80011 9/015=
ZZYY 51727 22091 1257/ 509478 177450 6111/
22219 00283
444 20110 22091 1133/ 50101 80111 80255 9/015=
ZZYY 71575 22091 1310/ 349214 155813 6111/
22219 00084
444 20110 22091 1304/ 50101 80009 80000 9////=
ZZYY 71616 22091 1240/ 561235 130548 6113/
11119 40071 57019
22219 01003
444 20130 22091 1224/ 50101 80010 80000 9////=
ZZYY 54942 22091 1200/ 533091 161362 6112/
11119 30045 40045 57012
22219 00167
444 20120 22091 1144/ 50101 8//// 80073 9////=
ZZYY 55920 22091 1140/ 533872 135799 6113/
11119 30162 40162 57012
444 20130 22091 1143/ 50101 8//// 80087 9/015=
ZZYY 54948 22091 1240/ 529947 150332 6112/
11119 40095 57005
22219 00194
444 20120 22091 1258/ 50101 80010 80000 9////=
ZZYY 54949 22091 1200/ 530607 153648 6112/
11119 40099 57003
22219 00180
444 20120 22091 1144/ 50101 80010 80000 9////=
ZZYY 51965 22091 1257/ 316517 175940 6111/
22219 00272
444 20110 22091 1042/ 50101 80119 80007 9/015=
ZZYY 33559 22091 1250/ 358904 135372 6113/
11119 39894 49894
22219 00002
444 20130 22091 1235/ 50101 80090 80100 9/015=
ZZYY 33628 22091 1300/ 547908 137546 6112/
22219 00079
444 50101 80010 80005 9////=
ZZYY 55596 22091 1210/ 541240 135657 6113/
11119 30114 40114 57001
22219 00120
444 20130 22091 1145/ 50101 80090 80000 9/015=
ZZYY 33665 22091 1250/ 548115 155104 6113/
11119 40179 57006
22219 00090
444 20130 22091 1301/ 50101 80010 80008 9////=
ZZYY 51802 22091 1301/ 522560 174988 6111/
22219 00234
444 20110 22091 1258/ 50101 80053 80007 9/015=
ZZYY 14547 22091 1230/ 348959 176047 6113/
11119 30181 40181 52004
22219 00072
444 20130 22091 1302/ 50101 80100 80063 9/015=
ZZYY 51913 22091 1258/ 515753 173313 6112/
22219 00240
444 20120 22091 1247/ 50101 80115 80011 9/015=
ZZYY 16960 22091 1240/ 354077 163469 6112/
22219 00075
444 20120 22091 1303/ 50101 80100 80000 9/015=
ZZYY 51669 22091 1258/ 511903 174920 6112/
22219 00280
444 20120 22091 1247/ 50101 80105 80020 9/015=
ZZYY 54935 22091 1200/ 541293 136271 6112/
11119 30118 40118 57002
22219 00109
444 20120 22091 1145/ 50101 80080 80000 9/015=
ZZYY 51614 22091 1258/ 318804 173095 6113/
22219 00256
444 20130 22091 1042/ 50101 80046 80023 9/015=
ZZYY 54928 22091 1210/ 542475 153713 6113/
22219 00103
444 20130 22091 1146/ 50101 80110 80016 9/015=
ZZYY 55566 22091 1240/ 536006 146769 6113/
22219 00147
444 20130 22091 1258/ 50101 80009 80000 9////=
ZZYY 54909 22091 1300/ 541671 147917 6113/
11119 30123 40123 57005
22219 00113
444 50101 80090 80004 9/015=
ZZYY 54909 22091 1200/ 541674 147915 6113/
11119 30122 40122 57010
22219 00113
444 20130 22091 1145/ 50101 80090 80005 9/015=
ZZYY 56904 22091 1300/ 350120 156367 6112/
11119 30023 40023 57013
22219 00079
444 20120 22091 1303/ 50101 80100 80063 9/015=
ZZYY 51627 22091 1259/ 517908 169294 6111/
22219 00269
444 20110 22091 1246/ 50101 80113 80000 9/015=
ZZYY 55911 22091 1230/ 536981 157320 6113/
11119 40007 57013
22219 00143
444 20130 22091 1259/ 50101 80010 80017 9////=
ZZYY 54550 22091 1240/ 532009 143545 6112/
11119 40104 57011
22219 00181
444 20120 22091 1257/ 50101 80010 80009 9////=
ZZYY 51655 22091 1302/ 528501 169870 6112/
22219 00187
444 20120 22091 1258/ 50101 80101 80009 9/015=
ZZYY 51663 22091 1256/ 512359 170571 6112/
22219 00277
444 20120 22091 1246/ 50101 80111 80009 9/015=
ZZYY 32871 22091 1247/ 525997 149880 6112/
22219 00226
444 20120 22091 1132/ 50101 80104 9/015=
ZZYY 32564 22091 1256/ 533957 133297 6113/
22219 00145
444 20130 22091 1142/ 50101 80007 80091 9/015=
ZZYY 32725 22091 1257/ 513215 167848 6111/
22219 00276
444 20110 22091 1246/ 50101 80121 80004 9/015=
ZZYY 51753 22091 1300/ 521403 163098 6112/
22219 00256
444 20120 22091 1132/ 50101 80083 80006 9/015=
ZZYY 32973 22091 1259/ 520651 156098 6112/
22219 00256
444 20120 22091 1247/ 50101 80047 80016 9/015=
ZZYY 55593 22091 1230/ 546581 145137 6112/
11119 30128 40128 57002
22219 00085
444 20120 22091 1301/ 50101 80100 80000 9/015=
ZZYY 55614 22091 1200/ 538317 168958 6112/
11119 30019 40019 52018
22219 00138
444 20120 22091 1145/ 50101 80110 80000 9/015=
ZZYY 55614 22091 1300/ 538300 168969 6111/
11119 30022 40022 52022
22219 00138
444 20110 22091 1301/ 50101 80110 80000 9/015=
ZZYY 55948 22091 1230/ 562781 123419 6113/
22219 00008
444 20130 22091 1222/ 50101 8//// 80000 9////=
ZZYY 32684 22091 1259/ 518621 158582 6111/
22219 00261
444 20110 22091 1246/ 50101 80102 80020 9/015=
ZZYY 32830 22091 1300/ 521086 160780 6112/
22219 00258
444 20120 22091 1247/ 50101 80108 80004 9/015=
ZZYY 32682 22091 1300/ 521546 155340 6113/
22219 00253
444 20130 22091 1246/ 50101 80100 80016 9/015=
ZZYY 51649 22091 1300/ 527122 159859 6112/
22219 00211
444 20120 22091 1143/ 50101 80008 80000 9/015=
ZZYY 34538 22091 1259/ 530389 143016 6111/
22219 00191
444 20110 22091 1257/ 50101 80010 80010 9////=
ZZYY 32827 22091 1258/ 522936 139257 6111/
22219 00239
444 20110 22091 1247/ 50101 80102 80000 9/015=
ZZYY 54925 22091 1256/ 528901 133534 6111/
22219 00199
444 20110 22091 1142/ 50101 80104 80000 9/015=
ZZYY 51624 22091 1258/ 516307 174199 6112/
22219 00275
444 20120 22091 1247/ 50101 80085 80026 9/015=
ZZYY 71641 22091 1220/ 548820 146004 6111/
22219 00083
444 20110 22091 1146/ 50101 8//// 80041 9////=
ZZYY 32719 22091 1258/ 510541 167290 6111/
444 20110 22091 1246/ 50101 80540 80050 9/015=
ZZYY 33518 22091 1210/ 537561 135272 6111/
11119 30143 40143 52001
22219 00130
444 20110 22091 1144/ 50101 8//// 80085 9/015=
ZZYY 32558 22091 1300/ 520294 153701 6111/
22219 00261
444 20110 22091 1245/ 50101 80108 80099 9/015=
ZZYY 55951 22091 1230/ 538238 133379 6112/
11119 30129 40129 52004
22219 00129
444 20120 22091 1144/ 50101 80100 80008 9/015=
ZZYY 56570 22091 1250/ 558949 129677 6111/
11119 30104 40104 57017
22219 00022
444 20110 22091 1304/ 50101 80100 80006 9/015=
ZZYY 32616 22091 1258/ 522673 140477 6112/
22219 00243
444 20120 22091 1247/ 50101 80100 80019 9/015=
ZZYY 32642 22091 1256/ 526398 132466 6112/
22219 00227
444 20120 22091 1142/ 50101 80104 80000 9/015=
ZZYY 51873 22091 1257/ 507953 162054 6113/
22219 00276
444 20130 22091 1245/ 50101 80119 80019 9/015=
ZZYY 55631 22091 1210/ 332401 168870 6113/
11119 30167 40167 57006
22219 00161
444 20130 22091 1258/ 50101 80100 80012 9/015=
ZZYY 32546 22091 1257/ 523890 135569 6112/
22219 00226
444 20120 22091 1132/ 50101 80050 80000 9/015=
ZZYY 34545 22091 1210/ 548437 143267 6113/
11119 40146 57016
22219 00083
444 20130 22091 1146/ 50101 80010 80010 9////=
ZZYY 34512 22091 1250/ 548051 177505 6112/
11119 40204 52011
22219 00070
444 20120 22091 1301/ 50101 80010 80007 9////=
ZZYY 56551 22091 1300/ 336669 168226 6111/
11119 30161 40161 52003
22219 00151
444 50101 80110 80013 9/015=
ZZYY 56551 22091 1200/ 336671 168224 6112/
11119 30160 40160 52013
22219 00151
444 20120 22091 1145/ 50101 80110 80015 9/015=
ZZYY 34905 22091 1200/ 550850 149624 6112/
22219 00067
444 20120 22091 1147/ 50101 80010 80004 9////=
ZZYY 34905 22091 1300/ 550838 149625 6112/
22219 00067
444 20120 22091 1301/ 50101 80010 80004 9////=
####018000695####
SSVX02 KARS 221328
ZZYY 51531 22091 1230/ 307316 154954 6111/
22219 00293
444 20110 22091 1114/ 50101 80115 80005 9/015=
ZZYY 51901 22091 1229/ 312807 159219 6112/
22219 00280
444 20120 22091 1054/ 50101 80115 80005 9/015=
ZZYY 51875 22091 1229/ 310097 147762 6111/
22219 00174
444 20110 22091 1106/ 50101 80060 80000 9/015=
ZZYY 33695 22091 1229/ 339655 131160 6112/
22219 00126
444 20120 22091 1222/ 50101 80072 80000 9/015=
ZZYY 51644 22091 1228/ 311102 154507 6111/
22219 00281
444 20110 22091 1106/ 50101 80085 80009 9/015=
ZZYY 55627 22091 1210/ 335007 170685 6111/
11119 30149 40149 57001
22219 00154
444 20110 22091 1220/ 50101 80110 80011 9/015=
####018000405####
SSVX13 KARS 221328
ZZYY 55962 22091 1200/ 337432 168570 6111/
11119 40149 52004
22219 00145
444 20110 22091 1222/ 50101 80108 80011 9/015=
ZZYY 55644 22091 1200/ 336965 171753 6111/
11119 40138 52002
22219 00144
444 20110 22091 1146/ 50101 80112 80031 9/015=
ZZYY 55961 22091 1200/ 334357 163915 6111/
11119 40201 52001
22219 00157
444 20110 22091 1220/ 50101 80110 80015 9/015=
