####018000201####
SSVX07 KARS 100019
ZZYY 48533 09070 2230/ 783705 036302 6112/
11119 10043 40048
444 20120 09070 2222/=
ZZYY 48534 09070 2230/ 783566 048070 6113/
11119 10016 40038
444 20130 09070 2222/=
####018014885####
SSVX02 KARS 100019
ZZYY 54938 09070 2310/ 548585 137853 6111/
11119 30137 40137 57054
22219 00082
444 20110 09070 2325/ 50101 80110 80000 9/015=
ZZYY 54938 09070 2210/ 548566 137856 6111/
11119 30157 40157 57050
22219 00082
444 20110 09070 2133/ 50101 80110 80000 9/015=
ZZYY 55638 09070 2310/ 553118 166252 6111/
11119 30014 40014 52001
22219 00063
444 20110 09070 2210/ 50101 80110 80035 9/015=
ZZYY 54936 09070 2210/ 548678 131864 6112/
11119 30337 40337 57022
22219 00078
444 20120 09070 2132/ 50101 80110 80063 9/015=
ZZYY 54936 09070 2310/ 548678 131864 6112/
11119 30327 40327 57028
22219 00078
444 20120 09070 2132/ 50101 80110 80063 9/015=
ZZYY 55632 09070 2310/ 550662 166007 6112/
11119 30035 40035 52007
22219 00098
444 20120 09070 2059/ 50101 80110 80063 9/015=
ZZYY 54902 09070 2200/ 544523 146664 6111/
11119 30038 40038 57007
22219 00103
444 20110 09070 2134/ 50101 80110 80000 9/015=
ZZYY 54902 09070 2300/ 544496 146649 6112/
11119 30031 40031 57016
22219 00103
444 20120 09070 2327/ 50101 80110 80000 9/015=
ZZYY 54558 09070 2200/ 544947 148444 6112/
11119 30016 40016 57002
22219 00101
444 20120 09070 2326/ 50101 80120 80000 9/015=
ZZYY 54558 09070 2300/ 544947 148444 6112/
11119 30009 40009 57016
22219 00101
444 20120 09070 2326/ 50101 80120 80000 9/015=
ZZYY 55637 09070 2300/ 551115 170249 6111/
11119 30078 40078 52005
22219 00081
444 20110 09070 2209/ 50101 80110 80000 9/015=
ZZYY 22576 09070 2354/ 735682 160556 6111/
22219 00223
444 20110 09070 2348/ 50101 80011 80099 9/015=
ZZYY 46624 09070 2348/ 727450 122909 6111/
22219 00200
444 20110 09070 2346/ 50101 80108 80056 9/015=
ZZYY 46762 09070 2345/ 724580 121325 6112/
22219 00204
444 20120 09070 2206/ 50101 80108 80071 9/015=
ZZYY 22574 09070 2353/ 128093 176083 6112/
22219 00278
444 20120 09070 2147/ 50101 80011 80000 9////=
ZZYY 46763 09070 2348/ 725298 125026 6111/
22219 00204
444 20110 09070 2346/ 50101 80110 80058 9/015=
ZZYY 46765 09070 2345/ 723268 122593 6112/
22219 00213
444 20120 09070 2206/ 50101 80110 80027 9/015=
ZZYY 22616 09070 2353/ 734189 170466 6112/
22219 00239
444 20120 09070 2350/ 50101 80053 80012 9/015=
ZZYY 55952 09070 2300/ 547141 164548 6112/
11119 39997 49997 52029
22219 00103
444 20120 09070 2326/ 50101 80110 80011 9/015=
ZZYY 55927 09070 2310/ 546913 158505 6112/
11119 39893 49893 57003
22219 00102
444 20120 09070 2324/ 50101 80110 80009 9/015=
ZZYY 55927 09070 2210/ 546901 158504 6111/
11119 39896 49896 52001
22219 00102
444 20110 09070 2056/ 50101 80110 80009 9/015=
ZZYY 55927 09070 2110/ 546901 158504 6111/
11119 39899 49899 52005
22219 00102
444 20110 09070 2056/ 50101 80110 80013 9/015=
ZZYY 55626 09070 2200/ 550652 156815 6111/
11119 39896 49896 52014
22219 00097
444 20110 09070 2325/ 50101 80110 80008 9/015=
ZZYY 55626 09070 2100/ 550657 156859 6112/
11119 39893 49893 52015
22219 00097
444 20120 09070 2028/ 50101 80110 80006 9/015=
ZZYY 55626 09070 2300/ 550652 156815 6111/
11119 39903 49903 52016
22219 00097
444 20110 09070 2325/ 50101 80110 80010 9/015=
ZZYY 55950 09070 2310/ 558478 166190 6111/
11119 39869 49869 57002
444 20110 09070 2322/ 50101 80110 80030 9/015=
ZZYY 55946 09070 2300/ 557210 146321 6111/
11119 39827 49827 52006
22219 01006
444 20110 09070 2321/ 50101 80110 80005 9/015=
ZZYY 55946 09070 2200/ 557214 146328 6111/
11119 39824 49824 52005
22219 01006
444 20110 09070 2131/ 50101 80110 80006 9/015=
ZZYY 55914 09070 2200/ 550485 155266 6112/
11119 39893 49893 52008
22219 00092
444 20120 09070 2325/ 50101 80110 80007 9/015=
ZZYY 55914 09070 2100/ 550536 155290 6112/
11119 39893 49893 52011
22219 00093
444 20120 09070 2028/ 50101 80110 80009 9/015=
ZZYY 55914 09070 2300/ 550485 155266 6112/
11119 39891 49891 52004
22219 00091
444 20120 09070 2325/ 50101 80110 80010 9/015=
ZZYY 51960 09070 2343/ 506741 146270 6112/
22219 00266
444 20120 09070 2337/ 50101 80143 80032 9/015=
ZZYY 51535 09070 2347/ 705581 145923 6112/
22219 00280
444 20120 09070 2332/ 50101 80143 80036 9/015=
ZZYY 55915 09070 2300/ 553884 138115 6111/
11119 30012 40012 57040
22219 00045
444 20110 09070 2325/ 50101 80110 80005 9/015=
ZZYY 55915 09070 2200/ 553852 138120 6111/
11119 30025 40025 57039
22219 00042
444 20110 09070 2133/ 50101 80110 80005 9/015=
ZZYY 55616 09070 2300/ 550626 146537 6111/
11119 39938 49938 57038
22219 00077
444 20110 09070 2325/ 50101 80110 80006 9/015=
ZZYY 55616 09070 2200/ 550626 146537 6111/
11119 39952 49952 57027
22219 00077
444 20110 09070 2325/ 50101 80110 80005 9/015=
ZZYY 23658 09070 2250/ 123688 063953 6113/
22219 00298
444 20130 09070 2246/ 500//=
ZZYY 32546 09070 2337/ 515231 132502 6112/
22219 00261
444 20120 09070 2333/ 50101 80056 80099 9/015=
ZZYY 32808 09070 2334/ 525873 124063 6112/
22219 00225
444 20120 09070 2330/ 50101 80054 80099 9/015=
ZZYY 46581 09070 2349/ 717057 131818 6111/
22219 00247
444 20110 09070 2343/ 50101 80100 80014 9/015=
ZZYY 55947 09070 2310/ 550323 143530 6112/
11119 39970 49970 57061
22219 00083
444 20120 09070 2325/ 50101 80110 80000 9/015=
ZZYY 55947 09070 2210/ 550293 143528 6111/
11119 39996 49996 57043
22219 00083
444 20110 09070 2134/ 50101 80110 80000 9/015=
ZZYY 55942 09070 2310/ 546281 162090 6112/
11119 39934 49934 52030
22219 00106
444 20120 09070 2326/ 50101 80110 80050 9////=
ZZYY 55942 09070 2210/ 546297 162100 6111/
11119 39926 49926 52031
22219 00106
444 20110 09070 2056/ 50101 80110 80024 9////=
ZZYY 46621 09070 2345/ 722658 124707 6111/
22219 00219
444 20110 09070 2206/ 50101 80104 80014 9/015=
ZZYY 55970 09070 2300/ 552322 142630 6112/
11119 39969 49969 57039
22219 00068
444 20120 09070 2324/ 50101 80110 80000 9/015=
ZZYY 55970 09070 2200/ 552322 142630 6112/
11119 39984 49984 57033
22219 00068
444 20120 09070 2324/ 50101 80110 80000 9/015=
ZZYY 55564 09070 2200/ 558207 134654 6112/
11119 39906 49906 57055
22219 00006
444 20120 09070 2130/ 50101 80110 80000 9/015=
ZZYY 46612 09070 2347/ 733461 126608 6111/
22219 00181
444 50101 80104 80040 9/015=
ZZYY 46615 09070 2349/ 732437 126205 6111/
22219 00182
444 20110 09070 2347/ 50101 80104 80075 9/015=
ZZYY 46605 09070 2349/ 720039 127188 6111/
22219 00227
444 20110 09070 2344/ 50101 80100 80048 9////=
ZZYY 46620 09070 2348/ 725565 124444 6111/
22219 00202
444 20110 09070 2207/ 50101 80104 80050 9/015=
ZZYY 46617 09070 2346/ 724640 122937 6112/
22219 00209
444 20120 09070 2207/ 50101 80104 80012 9/015=
ZZYY 46567 09070 2347/ 726615 126780 6112/
22219 00201
444 20120 09070 2345/ 50101 80108 80051 9/015=
ZZYY 51860 09070 2349/ 724300 178594 6111/
22219 00274
444 20110 09070 2338/ 50101 80143 80044 9/015=
ZZYY 51848 09070 2350/ 720913 170250 6112/
22219 00270
444 20120 09070 2345/ 50101 80145 80038 9/015=
ZZYY 51858 09070 2348/ 722883 176036 6111/
22219 00272
444 20110 09070 2338/ 50101 80143 80045 9/015=
ZZYY 55902 09070 2140/ 533351 134807 6111/
11119 30320 40320 57016
444 50101 80008 80100 9/015=
ZZYY 55902 09070 2240/ 533370 134837 6111/
11119 30310 40310 57024
444 20110 09070 2330/ 50101 80008 80100 9/015=
ZZYY 55913 09070 2200/ 530614 108785 6112/
11119 30127 40127 57028
22219 00195
444 20120 09070 2138/ 50101 80007 80100 9/015=
ZZYY 51855 09070 2349/ 720384 171184 6111/
22219 00271
444 20110 09070 2345/ 50101 80143 80041 9/015=
ZZYY 32804 09070 2335/ 519643 112603 6111/
22219 00236
444 20110 09070 2331/ 50101 80055 80099 9/015=
ZZYY 55937 09070 2310/ 521904 108440 6112/
11119 30164 40164 57015
22219 00222
444 20120 09070 2140/ 50101 8//// 80002 9////=
ZZYY 55930 09070 2320/ 528387 117416 6112/
11119 30148 40148 57014
22219 00212
444 20120 09070 2329/ 50101 8//// 80095 9/015=
ZZYY 55930 09070 2220/ 528397 117430 6112/
11119 30151 40151 57020
22219 00212
444 20120 09070 2139/ 50101 8//// 80100 9/015=
ZZYY 55920 09070 2320/ 529677 144670 6112/
11119 30236 40236 57018
444 20120 09070 2331/ 50101 8//// 80025 9/015=
ZZYY 55920 09070 2220/ 529677 144670 6112/
11119 30245 40245 57016
444 20120 09070 2331/ 50101 8//// 80088 9/015=
ZZYY 32801 09070 2337/ 522547 122781 6111/
22219 00243
444 20110 09070 2331/ 50101 80054 80000 9/015=
ZZYY 32521 09070 2340/ 525168 149594 6112/
22219 00232
444 20120 09070 2333/ 50101 80009 80006 9/015=
ZZYY 51784 09070 2346/ 707900 140378 6111/
22219 00280
444 20110 09070 2341/ 50101 80075 80012 9////=
ZZYY 51761 09070 2350/ 711266 149983 6112/
22219 00276
444 20120 09070 2152/ 50101 80101 80016 9/015=
ZZYY 51763 09070 2347/ 708669 134082 6112/
22219 00272
444 20120 09070 2342/ 50101 80089 80005 9/015=
ZZYY 51759 09070 2348/ 715456 168101 6111/
22219 00266
444 20110 09070 2344/ 50101 80103 80180 9////=
ZZYY 51781 09070 2349/ 709126 145479 6111/
22219 00278
444 20110 09070 2342/ 50101 80101 80020 9/015=
ZZYY 51795 09070 2348/ 708188 143117 6111/
22219 00280
444 20110 09070 2342/ 50101 80103 80005 9/015=
ZZYY 51793 09070 2348/ 710511 132535 6111/
22219 00280
444 20110 09070 2343/ 50101 80101 80009 9/015=
ZZYY 51788 09070 2344/ 510923 154301 6111/
22219 00289
444 20110 09070 2337/ 50101 80093 80012 9////=
ZZYY 51796 09070 2349/ 707928 140414 6111/
22219 00280
444 20110 09070 2342/ 50101 80105 80011 9////=
ZZYY 51786 09070 2339/ 513308 169262 6112/
22219 00286
444 20120 09070 2048/ 50101 80099 80008 9////=
ZZYY 33518 09070 2250/ 543443 169049 6111/
11119 30070 40070 52027
22219 00131
444 20110 09070 2328/ 50101 8//// 80073 9/015=
ZZYY 33651 09070 2310/ 557707 055575 6112/
11119 39847 49847 52019
22219 01004
444 20120 09070 2306/ 50101 80110 80022 9/015=
ZZYY 16605 09070 2250/ 550407 146004 6112/
11119 49960 57034
22219 00079
444 20120 09070 2326/ 50101 80010 80000 9////=
ZZYY 16605 09070 2150/ 550392 146021 6111/
11119 49972 57029
22219 00079
444 20110 09070 2134/ 50101 80010 80000 9////=
ZZYY 16607 09070 2240/ 546089 160923 6112/
11119 49894 52006
22219 00104
444 20120 09070 2325/ 50101 80011 80005 9////=
ZZYY 55566 09070 2320/ 535985 167055 6111/
22219 00162
444 20110 09070 2205/ 50101 80010 80000 9////=
ZZYY 55566 09070 2220/ 535985 167055 6111/
22219 00162
444 20110 09070 2205/ 50101 80010 80002 9////=
ZZYY 55911 09070 2210/ 535155 170561 6111/
444 20110 09070 2205/ 50101 9////=
ZZYY 55924 09070 2310/ 544192 105687 6112/
22219 00094
444 20120 09070 2325/ 50101 80011 80000 9////=
ZZYY 54550 09070 2220/ 535474 164768 6111/
11119 40093 52013
22219 00164
444 20110 09070 2329/ 50101 80011 80006 9////=
ZZYY 54550 09070 2320/ 535474 164768 6111/
11119 40089 52001
22219 00165
444 20110 09070 2329/ 50101 80011 80006 9////=
ZZYY 55932 09070 2320/ 542098 124336 6112/
11119 40359 57010
22219 00122
444 20120 09070 2328/ 50101 80011 80007 9////=
ZZYY 55931 09070 2320/ 542605 129819 6112/
22219 00116
444 20120 09070 2327/ 50101 80011 80004 9////=
ZZYY 55931 09070 2220/ 542591 129807 6112/
22219 00116
444 20120 09070 2135/ 50101 80011 80004 9////=
ZZYY 54547 09070 2120/ 538969 155935 6111/
11119 40078 52021
22219 00139
444 20110 09070 2055/ 50101 80011 80006 9////=
ZZYY 54547 09070 2320/ 539009 155910 6111/
11119 40088 52016
22219 00139
444 20110 09070 2328/ 50101 80011 80005 9////=
ZZYY 54547 09070 2220/ 539009 155910 6111/
11119 40089 52019
22219 00139
444 20110 09070 2328/ 50101 80011 80006 9////=
ZZYY 55925 09070 2210/ 537921 144141 6111/
11119 40145 57017
22219 00143
444 20110 09070 2137/ 50101 80011 80005 9////=
ZZYY 55925 09070 2310/ 537935 144128 6111/
11119 40144 57012
22219 00143
444 20110 09070 2328/ 50101 80011 80008 9////=
ZZYY 55928 09070 2120/ 539796 159937 6111/
11119 40014 52012
22219 00136
444 20110 09070 2055/ 50101 80011 80013 9/015=
ZZYY 55928 09070 2320/ 539788 159904 6111/
11119 40009 57002
22219 00136
444 20110 09070 2328/ 50101 80011 80012 9/015=
ZZYY 55928 09070 2220/ 539788 159904 6111/
11119 40014 52008
22219 00136
444 20110 09070 2328/ 50101 80011 80018 9/015=
ZZYY 21927 09070 2348/ 733668 168183 6112/
22219 00242
444 20120 09070 2349/ 50101 80090 80000 9/015=
ZZYY 64930 09070 2220/ 774674 000273 6112/
22219 00040
33311 88872 20000 30400 43484
444 20120 09070 2216/ 50101 80012 80099 9////=
ZZYY 63932 09070 2232/ 172307 033434 6112/
22219 00071
444 20120 09070 2228/ 50101 80012 80038 9/015=
ZZYY 63685 09070 2231/ 174864 035886 6112/
22219 00055
444 20120 09070 2227/ 50101 80012 80011 9////=
ZZYY 63579 09070 2226/ 770436 004583 6112/
22219 00082
444 20120 09070 2153/ 50101 80011 80005 9////=
ZZYY 63949 09070 2230/ 171319 018542 6112/
22219 00092
444 20120 09070 2228/ 50101 80012 80010 9/015=
ZZYY 63948 09070 2231/ 173873 024676 6112/
22219 00072
444 20120 09070 2226/ 50101 80011 80033 9/015=
ZZYY 63945 09070 2227/ 178252 004577 6112/
22219 00066
444 20120 09070 2225/ 50101 80012 80029 9/015=
ZZYY 63582 09070 2231/ 172654 021478 6112/
22219 00081
444 20120 09070 2227/ 50101 80011 80008 9/015=
ZZYY 63577 09070 2231/ 175446 038712 6112/
22219 00037
444 20120 09070 2226/ 50101 80012 80006 9/015=
ZZYY 63578 09070 2232/ 173664 032754 6112/
22219 00069
444 20120 09070 2227/ 50101 80011 80008 9/015=
ZZYY 63575 09070 2231/ 172963 023946 6112/
22219 00081
444 20120 09070 2227/ 50101 80012 80006 9/015=
ZZYY 63576 09070 2229/ 175424 002940 6111/
22219 00052
444 20110 09070 2226/ 50101 80011 80005 9////=
ZZYY 63585 09070 2231/ 174725 021471 6112/
22219 00042
444 20120 09070 2226/ 50101 80011 80005 9/015=
ZZYY 63583 09070 2232/ 173439 029195 6112/
22219 00072
444 20120 09070 2227/ 50101 80011 80037 9/015=
ZZYY 63584 09070 2227/ 172181 012919 6112/
22219 00081
444 50101 80012 80038 9/015=
ZZYY 22679 09070 2358/ 136818 178650 6112/
22219 00214
444 20120 09070 2352/ 50101 80094 80013 9////=
ZZYY 22708 09070 2357/ 740375 178179 6112/
22219 00144
444 20120 09070 2352/ 50101 80098 80047 9/015=
ZZYY 22705 09070 2357/ 736196 168560 6111/
22219 00208
444 20110 09070 2350/ 50101 80098 80010 9/015=
ZZYY 17663 09070 2320/ 521000 125939 6112/
11119 30180 40180 57023
444 20120 09070 2332/ 50101 80009 80000 9/015=
ZZYY 17663 09070 2220/ 521016 125936 6112/
11119 30183 40183 57020
444 20120 09070 2142/ 50101 80009 80000 9/015=
ZZYY 32692 09070 2342/ 511940 139222 6111/
22219 00274
444 20110 09070 2335/ 50101 80043 80168 9/015=
ZZYY 54942 09070 2030/ 528269 146203 6112/
11119 30242 40242 57001
22219 00211
444 20120 09070 2021/ 50101 8//// 80076 9////=
####018014969####
SSVX02 KARS 100019 RRA
ZZYY 54942 09070 2230/ 528295 146185 6112/
11119 30235 40235 57013
22219 00211
444 20120 09070 2331/ 50101 8//// 80087 9////=
ZZYY 54942 09070 2330/ 528295 146185 6112/
11119 30226 40226 57016
22219 00211
444 20120 09070 2331/ 50101 8//// 80100 9////=
ZZYY 48672 09070 2222/ 782906 102113 6112/
444 20120 09070 2219/ 500// 9/000=
ZZYY 48673 09070 2225/ 781790 107144 6112/
444 20120 09070 2220/ 500// 9/000=
ZZYY 16526 09070 2300/ 529750 113106 6112/
11119 30112 40112 57018
22219 00207
444 20120 09070 2328/ 50101 80009 80047 9/015=
ZZYY 31981 09070 2330/ 547894 156792 6111/
11119 39900 49900 57005
22219 00096
444 20110 09070 2325/ 50101 8//// 80000 9/015=
ZZYY 51755 09070 2337/ 514941 147700 6113/
22219 00280
444 20130 09070 2335/ 50101 80009 80070 9/015=
ZZYY 33593 09070 2200/ 342822 065618 6112/
11119 40280 52014
22219 00112
444 20120 09070 2107/ 50101 80011 80001 9/015=
ZZYY 51802 09070 2343/ 513231 152220 6112/
22219 00285
444 20120 09070 2336/ 50101 80109 80020 9/015=
ZZYY 51808 09070 2349/ 709616 162480 6113/
22219 00279
444 20130 09070 2343/ 50101 80093 80100 9/015=
ZZYY 51801 09070 2340/ 511541 167941 6112/
22219 00292
444 20120 09070 2157/ 50101 80111 80005 9/015=
ZZYY 51800 09070 2348/ 708616 137775 6112/
22219 00275
444 20120 09070 2341/ 50101 80085 80010 9/015=
ZZYY 32806 09070 2338/ 509835 167148 6111/
22219 00294
444 50101 80091 80009 9////=
ZZYY 32737 09070 2343/ 511478 144601 6111/
22219 00282
444 20110 09070 2336/ 50101 80085 80022 9/015=
ZZYY 51511 09070 2348/ 708407 168267 6112/
22219 00279
444 20120 09070 2343/ 50101 80119 80009 9/015=
ZZYY 16571 09070 2130/ 532500 148876 6111/
11119 30180 40180 52002
22219 00186
444 20110 09070 2023/ 50101 8//// 80021 9////=
ZZYY 16571 09070 2330/ 532510 148824 6111/
11119 30170 40170 57016
22219 00187
444 20110 09070 2331/ 50101 8//// 80013 9////=
ZZYY 16571 09070 2230/ 532510 148824 6111/
11119 30175 40175 57012
22219 00186
444 20110 09070 2331/ 50101 8//// 80019 9////=
ZZYY 51521 09070 2343/ 511110 159724 6111/
22219 00292
444 20110 09070 2338/ 50101 80087 80037 9/015=
ZZYY 51937 09070 2347/ 705817 138631 6112/
22219 00275
444 20120 09070 2340/ 50101 80117 80033 9/015=
ZZYY 51835 09070 2346/ 707858 138329 6113/
22219 00278
444 20130 09070 2340/ 50101 80115 80061 9/015=
ZZYY 51852 09070 2349/ 712874 153152 6113/
22219 00270
444 20130 09070 2343/ 50101 80113 80040 9/015=
ZZYY 51723 09070 2348/ 712413 131278 6112/
22219 00282
444 20120 09070 2342/ 50101 80119 80030 9/015=
ZZYY 51834 09070 2348/ 708567 135205 6112/
22219 00276
444 20120 09070 2341/ 50101 80089 80029 9/015=
ZZYY 51791 09070 2350/ 713305 151410 6112/
22219 00262
444 20120 09070 2344/ 50101 80113 80028 9/015=
ZZYY 51888 09070 2346/ 709552 173758 6111/
22219 00277
444 20110 09070 2334/ 50101 80089 80006 9/015=
ZZYY 51721 09070 2353/ 727872 136272 6112/
22219 00208
444 20120 09070 2347/ 50101 80011 80101 9/015=
ZZYY 51717 09070 2350/ 710714 154591 6112/
444 20120 09070 2343/ 50101 80008 80000 9////=
ZZYY 51719 09070 2348/ 731806 138555 6111/
22219 00202
444 20110 09070 2345/ 50101 80011 80101 9/015=
ZZYY 32534 09070 2338/ 506098 117993 6111/
22219 00256
444 20110 09070 2145/ 50101 80112 80018 9/015=
ZZYY 51722 09070 2354/ 730288 150092 6111/
22219 00231
444 20110 09070 2348/ 50101 80010 80101 9/015=
ZZYY 43519 09070 2350/ 726423 136017 6112/
22219 00206
444 20120 09070 2345/ 50101 80012 80101 9/015=
ZZYY 46614 09070 2349/ 725426 132926 6111/
444 20110 09070 2344/ 50101 80010 80101 9/015=
ZZYY 51540 09070 2346/ 723560 149104 6112/
22219 00238
444 20120 09070 2335/ 50101 80010 80101 9/015=
ZZYY 51666 09070 2341/ 515679 162004 6111/
22219 00281
444 20110 09070 2336/ 50101 80011 80030 9/015=
ZZYY 51622 09070 2340/ 517596 158918 6111/
22219 00272
444 20110 09070 2335/ 50101 80008 80045 9/015=
ZZYY 51642 09070 2340/ 522637 159201 6111/
22219 00250
444 20110 09070 2334/ 50101 80012 80000 9/015=
ZZYY 51534 09070 2343/ 713253 150260 6111/
22219 00266
444 50101 80010 80050 9////=
ZZYY 34515 09070 2331/ 531989 109330 6111/
22219 00189
444 20110 09070 2317/ 50101 80009 80023 9////=
ZZYY 34538 09070 2334/ 521077 116668 6111/
22219 00234
444 20110 09070 2330/ 50101 80013 80000 9////=
ZZYY 51615 09070 2337/ 514951 163286 6111/
22219 00284
444 50101 80010 80005 9/015=
ZZYY 51712 09070 2349/ 708345 168259 6112/
22219 00279
444 20120 09070 2343/ 50101 80011 80010 9////=
ZZYY 55613 09070 2320/ 527721 115191 6111/
11119 30140 40140 57012
444 20110 09070 2330/ 50101 80008 80070 9////=
ZZYY 51526 09070 2341/ 516256 163103 6111/
22219 00276
444 20110 09070 2336/ 50101 80013 80043 9/015=
ZZYY 32736 09070 2340/ 515761 135583 6112/
22219 00266
444 20120 09070 2333/ 50101 80136 80068 9/015=
ZZYY 32738 09070 2340/ 520225 134100 6111/
22219 00251
444 20110 09070 2333/ 50101 80100 80000 9////=
ZZYY 51527 09070 2340/ 513723 164228 6112/
22219 00286
444 20120 09070 2335/ 50101 80072 80032 9/015=
ZZYY 32904 09070 2340/ 501203 129925 6111/
22219 00235
444 20110 09070 2338/ 50101 80138 80007 9/015=
ZZYY 32641 09070 2346/ 710129 150329 6111/
22219 00277
444 20110 09070 2343/ 50101 80058 80099 9/015=
ZZYY 32670 09070 2339/ 505675 143029 6111/
22219 00275
444 20110 09070 2148/ 50101 80136 80012 9/015=
ZZYY 51780 09070 2342/ 514231 160874 6112/
22219 00284
444 20120 09070 2336/ 50101 80103 80010 9/015=
ZZYY 54557 09070 2342/ 518942 147200 6112/
22219 00264
444 20120 09070 2335/ 50101 80055 80096 9/015=
ZZYY 51674 09070 2348/ 710690 170530 6111/
22219 00275
444 20110 09070 2345/ 50101 80049 80007 9/015=
ZZYY 51764 09070 2349/ 712211 152374 6112/
22219 00271
444 20120 09070 2343/ 50101 80061 80008 9/015=
ZZYY 51739 09070 2339/ 513939 165550 6111/
22219 00287
444 20110 09070 2158/ 50101 80006 80009 9////=
ZZYY 51738 09070 2349/ 710641 161207 6113/
22219 00273
444 20130 09070 2343/ 50101 80006 80048 9/015=
ZZYY 51745 09070 2338/ 514096 169374 6112/
22219 00286
444 20120 09070 2047/ 50101 80009 80006 9////=
ZZYY 51749 09070 2346/ 709397 174390 6111/
22219 00277
444 20110 09070 2334/ 50101 80004 80011 9////=
ZZYY 32540 09070 2342/ 516059 148822 6112/
22219 00275
444 20120 09070 2334/ 50101 80055 80082 9/015=
ZZYY 51935 09070 2346/ 503759 158744 6112/
22219 00273
444 20120 09070 2340/ 50101 80141 80029 9/015=
ZZYY 51617 09070 2347/ 706791 146087 6112/
22219 00281
444 20120 09070 2333/ 50101 80143 80033 9/015=
ZZYY 51616 09070 2347/ 704895 155941 6112/
22219 00278
444 20120 09070 2341/ 50101 80143 80033 9/015=
ZZYY 32543 09070 2341/ 517362 134905 6112/
22219 00264
444 20120 09070 2334/ 50101 80056 80099 9/015=
ZZYY 14943 09070 2349/ 729709 165737 6112/
22219 00267
444 50101 8//// 80000 9/015=
ZZYY 14939 09070 2349/ 731174 156253 6111/
22219 00246
444 20110 09070 2337/ 50101 8//// 80099 9/015=
ZZYY 51842 09070 2344/ 506478 148693 6111/
22219 00276
444 20110 09070 2337/ 50101 80127 80053 9/015=
ZZYY 51655 09070 2345/ 507418 152205 6112/
22219 00287
444 20120 09070 2338/ 50101 80127 80030 9/015=
ZZYY 14946 09070 2350/ 729424 127987 6112/
22219 00195
444 20120 09070 2346/ 50101 8//// 80099 9/015=
ZZYY 51868 09070 2341/ 701984 123683 6111/
22219 00264
444 20110 09070 2337/ 50101 80125 80032 9/015=
ZZYY 51612 09070 2350/ 713131 149316 6111/
22219 00273
444 20110 09070 2334/ 50101 80125 80033 9/015=
ZZYY 32926 09070 2339/ 515558 128719 6112/
22219 00256
444 20120 09070 2334/ 50101 80035 80255 9/015=
ZZYY 32549 09070 2334/ 527617 144332 6113/
22219 00245
444 20130 09070 2332/ 50101 8//// 80000 9/015=
ZZYY 51918 09070 2345/ 707101 161532 6111/
22219 00283
444 20110 09070 2342/ 50101 80057 80025 9/015=
ZZYY 51771 09070 2349/ 711022 153552 6112/
22219 00275
444 20120 09070 2343/ 50101 80065 80035 9/015=
ZZYY 51680 09070 2350/ 712477 152724 6112/
22219 00272
444 20120 09070 2343/ 50101 80077 80007 9/015=
ZZYY 32552 09070 2344/ 709098 138019 6112/
22219 00274
444 20120 09070 2341/ 50101 80055 80000 9/015=
ZZYY 63969 09070 2231/ 174906 011904 6111/
22219 00064
444 20110 09070 2226/ 50101 80011 80039 9/015=
ZZYY 32823 09070 2343/ 514314 137795 6111/
444 20110 09070 2335/ 50101 80043 80000 9/015=
ZZYY 32807 09070 2335/ 512774 116468 6111/
22219 00245
444 20110 09070 2332/ 50101 80105 80000 9/015=
ZZYY 51754 09070 2350/ 717303 176182 6111/
22219 00274
444 20110 09070 2346/ 50101 80121 80007 9/015=
ZZYY 32667 09070 2344/ 709534 133870 6111/
22219 00278
444 20110 09070 2342/ 50101 80056 80000 9////=
ZZYY 51943 09070 2310/ 522460 162421 6111/
22219 00256
33311 88872 20000 32560 43592
444 20110 09070 2333/ 50101 80110 80100 9/015=
ZZYY 63561 09070 2230/ 174666 000140 6111/
22219 00041
33311 88872 20000 30410 43485
444 20110 09070 2225/ 50101 80120 80100 9/015=
ZZYY 51953 09070 2340/ 521539 155874 6113/
22219 00249
33311 88872 20000 32490 43564
444 20130 09070 2333/ 50101 80120 80100 9/015=
ZZYY 51948 09070 2340/ 514021 160086 6111/
22219 00283
33311 88872 20000 32830 43579
444 20110 09070 2336/ 50101 80110 80100 9/015=
ZZYY 51951 09070 2340/ 514483 158442 6111/
22219 00282
33311 88872 20000 32820 43579
444 20110 09070 2336/ 50101 80110 80100 9/015=
ZZYY 55957 09070 2040/ 538941 145535 6111/
11119 40118 57015
22219 00140
444 20110 09070 2025/ 50101 80010 80000 9////=
ZZYY 55957 09070 2240/ 538940 145528 6112/
11119 40117 57009
22219 00140
444 20120 09070 2328/ 50101 80011 80000 9////=
ZZYY 55954 09070 2310/ 540615 141985 6112/
11119 40130 57058
22219 00128
444 20120 09070 2328/ 50101 80010 80003 9////=
ZZYY 55954 09070 2210/ 540564 141967 6111/
11119 40147 57052
22219 00127
444 20110 09070 2135/ 50101 80010 80002 9////=
ZZYY 55959 09070 2320/ 538790 118445 6111/
11119 40284 54000
22219 00145
444 20110 09070 2327/ 50101 80011 80002 9////=
ZZYY 55959 09070 2220/ 538800 118435 6112/
11119 40276 57009
22219 00146
444 20120 09070 2136/ 50101 80011 80002 9////=
ZZYY 55956 09070 2240/ 537193 150251 6112/
11119 40130 57006
22219 00152
444 20120 09070 2328/ 50101 80011 80000 9////=
ZZYY 55956 09070 2140/ 537176 150271 6112/
11119 40136 52005
22219 00152
444 20120 09070 2024/ 50101 80010 80000 9////=
ZZYY 55956 09070 2040/ 537176 150271 6112/
11119 40140 52012
22219 00152
444 20120 09070 2024/ 50101 80011 80000 9////=
ZZYY 55953 09070 2330/ 537042 149223 6112/
11119 40135 57010
22219 00153
444 50101 80010 80000 9////=
ZZYY 55953 09070 2230/ 537042 149223 6112/
11119 40139 57003
22219 00153
444 20120 09070 2329/ 50101 80010 80000 9////=
ZZYY 55953 09070 2130/ 537031 149240 6112/
11119 40144 52007
22219 00153
444 20120 09070 2024/ 50101 80010 80000 9////=
ZZYY 54948 09070 2320/ 534451 152202 6112/
11119 40150 57010
22219 00174
444 20120 09070 2331/ 50101 80010 80000 9////=
ZZYY 54948 09070 2220/ 534451 152202 6112/
11119 40152 57003
22219 00174
444 20120 09070 2331/ 50101 80010 80000 9////=
ZZYY 54948 09070 2120/ 534471 152226 6112/
11119 40157 52004
22219 00174
444 20120 09070 2024/ 50101 80010 80000 9////=
ZZYY 54949 09070 2130/ 533526 158413 6111/
11119 40157 52012
22219 00177
444 20110 09070 2021/ 50101 80011 80000 9////=
ZZYY 54949 09070 2330/ 533520 158371 6112/
11119 40150 57010
22219 00178
444 20120 09070 2331/ 50101 80011 80000 9////=
ZZYY 54949 09070 2230/ 533520 158371 6112/
11119 40154 52001
22219 00178
444 20120 09070 2331/ 50101 80011 80000 9////=
ZZYY 55609 09070 2220/ 542123 129953 6112/
22219 00116
444 20120 09070 2136/ 50101 80011 80000 9////=
ZZYY 55609 09070 2320/ 542136 129956 6112/
22219 00116
444 20120 09070 2327/ 50101 80011 80000 9////=
ZZYY 32619 09070 2342/ 708927 138046 6113/
22219 00276
444 50101 80057 80021 9////=
ZZYY 55600 09070 2320/ 543398 144618 6112/
11119 40060 57025
22219 00105
444 20120 09070 2327/ 50101 80011 80000 9////=
ZZYY 55600 09070 2220/ 543373 144649 6111/
11119 40065 57028
22219 00106
444 20110 09070 2135/ 50101 80011 80000 9////=
ZZYY 51873 09070 2353/ 126435 179967 6111/
22219 00285
444 20110 09070 2339/ 50101 80039 80000 9////=
ZZYY 32878 09070 2331/ 528435 136904 6112/
22219 00220
444 20120 09070 2139/ 50101 80053 80000 9////=
ZZYY 32739 09070 2341/ 523295 146017 6112/
22219 00249
444 20120 09070 2333/ 50101 80053 80000 9////=
ZZYY 54947 09070 2230/ 537557 133803 6113/
11119 40326 57032
22219 00156
444 20130 09070 2137/ 50101 80011 80000 9////=
ZZYY 54947 09070 2330/ 537572 133820 6111/
11119 40324 57023
22219 00156
444 20110 09070 2328/ 50101 80011 80000 9////=
ZZYY 43517 09070 2340/ 730494 126255 6112/
11119 30168 40168 57008
22219 00185
444 20120 09070 2346/ 50101 8//// 80000 9////=
ZZYY 21514 09070 2340/ 716406 126327 6112/
11119 30122 40122 57013
22219 00268
444 20120 09070 2343/ 50101 8//// 80000 9////=
ZZYY 54915 09070 2336/ 529801 157505 6112/
22219 00199
444 20120 09070 2331/ 50101 80112 9/015=
ZZYY 52801 09070 2350/ 731165 135301 6111/
11119 30191 40191 57010
22219 00196
444 50101 80010 80000 9////=
ZZYY 16600 09070 2210/ 538382 148287 6112/
11119 30123 40123 52002
22219 00141
444 20120 09070 2328/ 50101 8//// 80000 9////=
ZZYY 16600 09070 2110/ 538373 148296 6112/
11119 30129 40129 52014
22219 00140
444 20120 09070 2024/ 50101 8//// 80000 9////=
ZZYY 16600 09070 2310/ 538382 148287 6112/
11119 30122 40122 57007
22219 00141
444 20120 09070 2328/ 50101 8//// 80000 9////=
ZZYY 54904 09070 2335/ 529020 162371 6111/
22219 00206
444 20110 09070 2332/ 50101 80106 80014 9/015=
ZZYY 54920 09070 2335/ 529005 162368 6112/
22219 00206
444 20120 09070 2022/ 50101 80094 80099 9/015=
ZZYY 54916 09070 2340/ 517959 161155 6112/
22219 00273
444 20120 09070 2334/ 50101 80104 80099 9/015=
ZZYY 32564 09070 2336/ 528373 134575 6111/
22219 00214
444 20110 09070 2331/ 50101 80011 80087 9/015=
ZZYY 52836 09070 2338/ 522195 135247 6112/
22219 00244
444 20120 09070 2332/ 50101 80011 80099 9/015=
ZZYY 21892 09070 2250/ 722917 124555 6111/
11119 30143 40143 57012
22219 00227
444 20110 09070 2206/ 50101 8//// 80000 9/015=
ZZYY 55938 09070 2300/ 540530 142652 6111/
22219 00128
444 20110 09070 2328/ 50101 8//// 80095 9/015=
ZZYY 54932 09070 2200/ 529055 107646 6112/
11119 30150 40150 57027
22219 00203
444 20120 09070 2139/ 50101 80006 80092 9////=
ZZYY 32803 09070 2334/ 524904 114471 6112/
22219 00221
444 20120 09070 2330/ 50101 80114 80099 9/015=
ZZYY 32802 09070 2335/ 523626 125782 6112/
22219 00232
444 20120 09070 2331/ 50101 80102 80006 9/015=
####018000213####
SSVX12 KARS 100019
ZZYY 48636 09070 2230/ 177845 154218 6111/
11119 10003 30129 40129
444 20110 09070 2223/=
ZZYY 48522 09070 2230/ 174504 173827 6112/
11119 11005 30187 40187
444 20120 09070 2221/=
####018000453####
SSVX06 KARS 100019
ZZYY 47554 09070 2226/ 779416 108477 6113/
444 20130 09070 2221/ 500// 9/000=
ZZYY 47553 09070 2222/ 779180 102173 6112/
444 20120 09070 2203/ 500// 9/000=
ZZYY 47552 09070 2222/ 779687 104646 6113/
11119 49904
444 20130 09070 2219/ 500//=
ZZYY 48558 09070 2222/ 782442 102094 6112/
444 20120 09070 2211/ 500// 9/000=
ZZYY 47560 09070 2225/ 779457 106840 6113/
11119 39892 49892
444 20130 09070 2220/ 500//=
####018007637####
SSVX02 KARS 100019 RRB
ZZYY 51675 09070 2350/ 711779 146071 6111/
22219 00273
444 20110 09070 2342/ 50101 80011 80099 9////=
ZZYY 32827 09070 2333/ 521814 112581 6113/
22219 00230
444 20130 09070 2141/ 50101 80114 80099 9/015=
ZZYY 54925 09070 2338/ 528265 140688 6112/
22219 00207
444 20120 09070 2331/ 50101 80114 80029 9/015=
ZZYY 32805 09070 2335/ 529671 117758 6111/
22219 00209
444 20110 09070 2329/ 50101 80114 80099 9/015=
ZZYY 32816 09070 2336/ 519031 116946 6112/
22219 00244
444 20120 09070 2332/ 50101 80114 80099 9/015=
ZZYY 51959 09070 2348/ 700737 148140 6111/
22219 00256
444 20110 09070 2340/ 50101 80143 80037 9/015=
ZZYY 22596 09070 2356/ 135175 174213 6111/
22219 00237
444 20110 09070 2342/ 50101 80008 80099 9/015=
ZZYY 22609 09070 2355/ 131604 175778 6112/
22219 00256
444 20120 09070 2216/ 50101 80006 80099 9/015=
ZZYY 32639 09070 2342/ 518241 156481 6111/
22219 00270
444 20110 09070 2019/ 50101 80012 80004 9////=
ZZYY 32630 09070 2337/ 527797 131391 6111/
22219 00219
444 20110 09070 2331/ 50101 80010 80001 9////=
ZZYY 51958 09070 2345/ 703136 143013 6112/
22219 00269
444 20120 09070 2339/ 50101 80145 80037 9/015=
ZZYY 32629 09070 2339/ 528065 132923 6111/
22219 00218
444 20110 09070 2331/ 50101 80118 80001 9/015=
ZZYY 44837 09070 2345/ 706281 135767 6111/
22219 00272
444 20110 09070 2340/ 50101 80136 80007 9/015=
ZZYY 32613 09070 2340/ 522808 134813 6112/
22219 00239
444 20120 09070 2332/ 50101 80011 80099 9/015=
ZZYY 32626 09070 2343/ 515363 142980 6112/
22219 00277
444 20120 09070 2017/ 50101 80011 80003 9////=
ZZYY 32611 09070 2341/ 513625 138035 6112/
22219 00270
444 20120 09070 2335/ 50101 80011 80099 9/015=
ZZYY 55592 09070 2330/ 543642 117601 6112/
11119 49993
444 20120 09070 2325/ 50101 80011 80000 9////=
ZZYY 55592 09070 2230/ 543655 117580 6112/
11119 49998
444 20120 09070 2135/ 50101 80011 80000 9////=
ZZYY 55591 09070 2230/ 540313 158468 6111/
22219 00141
444 20110 09070 2328/ 50101 80010 80000 9////=
ZZYY 55591 09070 2130/ 540282 158547 6111/
22219 00141
444 20110 09070 2055/ 50101 80010 80000 9////=
ZZYY 55591 09070 2330/ 540313 158468 6111/
22219 00140
444 20110 09070 2328/ 50101 80011 80000 9////=
ZZYY 55570 09070 2230/ 542197 162217 6111/
22219 00128
444 20110 09070 2327/ 50101 80011 80000 9////=
ZZYY 55570 09070 2030/ 542203 162223 6112/
22219 00128
444 20120 09070 2025/ 50101 80011 80000 9////=
ZZYY 55569 09070 2230/ 542679 145535 6111/
22219 00112
444 20110 09070 2328/ 50101 80010 80000 9////=
ZZYY 32628 09070 2340/ 521588 136500 6111/
22219 00248
444 20110 09070 2141/ 50101 80012 80004 9////=
ZZYY 32617 09070 2344/ 505659 152008 6112/
22219 00278
444 20120 09070 2338/ 50101 80134 80001 9/015=
ZZYY 63569 09070 2220/ 775776 000893 6111/
22219 00041
33311 88872 20000 30410 43485
444 20110 09070 2215/ 50101 80120 80100 9/015=
ZZYY 32866 09070 2338/ 504729 125220 6112/
22219 00259
444 20120 09070 2145/ 50101 80138 80001 9/015=
ZZYY 64935 09070 2220/ 174543 000307 6111/
22219 00041
33311 88872 20000 30410 43485
444 20110 09070 2215/ 50101 80011 80099 9////=
ZZYY 51954 09070 2340/ 504263 169677 6112/
22219 00282
444 20120 09070 2154/ 50101 80143 80030 9/015=
ZZYY 51950 09070 2346/ 707128 131940 6112/
22219 00280
444 20120 09070 2341/ 50101 80141 80033 9/015=
ZZYY 16591 09070 2310/ 539334 102659 6111/
11119 30133 40133 52032
22219 00131
444 20110 09070 2314/ 50101 8//// 80093 9////=
ZZYY 46566 09070 2340/ 732297 143650 6112/
11119 30246 40246 57007
22219 00217
444 20120 09070 2337/ 50101 8//// 80051 9/015=
ZZYY 46539 09070 2340/ 729579 135106 6112/
11119 30185 40185 57012
22219 00198
444 20120 09070 2337/ 50101 8//// 80006 9////=
ZZYY 46562 09070 2340/ 724236 131946 6112/
11119 30161 40161 57011
22219 00211
444 20120 09070 2335/ 50101 8//// 80000 9////=
ZZYY 55917 09070 2150/ 517634 114655 6112/
11119 30166 40166 57021
22219 00237
444 20120 09070 2142/ 50101 8//// 80003 9////=
ZZYY 51890 09070 2344/ 706685 128159 6112/
22219 00282
444 20120 09070 2339/ 50101 80120 80022 9/015=
ZZYY 51882 09070 2347/ 706903 132652 6112/
22219 00279
444 20120 09070 2341/ 50101 80122 80003 9/015=
ZZYY 43522 09070 2348/ 709484 145639 6111/
22219 00277
444 20110 09070 2342/ 50101 80122 80030 9/015=
ZZYY 51928 09070 2346/ 709186 131515 6111/
22219 00278
444 20110 09070 2342/ 50101 80122 80010 9/015=
ZZYY 51931 09070 2350/ 711110 147999 6111/
22219 00275
444 20110 09070 2152/ 50101 80120 80034 9/015=
ZZYY 32815 09070 2338/ 514651 134641 6112/
22219 00263
444 20120 09070 2335/ 50101 80055 80099 9/015=
ZZYY 51932 09070 2344/ 709132 131150 6113/
22219 00280
444 20130 09070 2340/ 50101 80122 80018 9/015=
ZZYY 51871 09070 2344/ 506049 164583 6112/
22219 00289
444 20120 09070 2338/ 50101 80122 80020 9/015=
ZZYY 51900 09070 2344/ 708657 140362 6112/
22219 00279
444 20120 09070 2342/ 50101 80120 80019 9/015=
ZZYY 51878 09070 2344/ 706069 125329 6111/
22219 00278
444 20110 09070 2340/ 50101 80120 80024 9/015=
ZZYY 43518 09070 2344/ 712905 124150 6111/
22219 00268
444 20110 09070 2150/ 50101 80120 80015 9/015=
ZZYY 54913 09070 2330/ 532364 150459 6112/
11119 30173 40173 57013
22219 00187
444 20120 09070 2332/ 50101 8//// 80000 9////=
ZZYY 54913 09070 2230/ 532364 150459 6112/
11119 30177 40177 57010
22219 00187
444 20120 09070 2332/ 50101 8//// 80000 9////=
ZZYY 54913 09070 2130/ 532355 150503 6113/
11119 30184 40184 52005
22219 00187
444 20130 09070 2022/ 50101 8//// 80000 9////=
ZZYY 54913 09070 2030/ 532355 150503 6113/
11119 30186 40186 52010
22219 00186
444 20130 09070 2022/ 50101 8//// 80000 9////=
ZZYY 54912 09070 2250/ 540458 108905 6112/
11119 30216 40216 52015
22219 00128
444 20120 09070 2314/ 50101 8//// 80000 9////=
ZZYY 54906 09070 2150/ 539700 113800 6111/
11119 30251 40251 57002
22219 00130
444 20110 09070 2136/ 50101 8//// 80000 9////=
ZZYY 74545 09070 2150/ 549111 139387 6111/
22219 00082
444 20110 09070 2133/ 50101 80011 80003 9////=
ZZYY 74545 09070 2250/ 549138 139390 6112/
22219 00082
444 20120 09070 2326/ 50101 80011 80000 9////=
ZZYY 71561 09070 2300/ 547191 150483 6111/
11119 39953 49953 57018
22219 00094
444 20110 09070 2326/ 50101 8//// 80041 9/015=
ZZYY 71561 09070 2200/ 547191 150483 6111/
11119 39959 49959 57016
22219 00094
444 20110 09070 2326/ 50101 8//// 80032 9/015=
ZZYY 71561 09070 2100/ 547174 150505 6111/
11119 39967 49967 57011
22219 00094
444 20110 09070 2027/ 50101 8//// 80027 9/015=
ZZYY 16949 09070 2050/ 539966 151738 6112/
11119 30081 40081 52008
22219 00135
444 20120 09070 2024/ 50101 8//// 80100 9////=
ZZYY 16949 09070 2250/ 539983 151714 6112/
11119 30067 40067 57012
22219 00135
444 20120 09070 2328/ 50101 8//// 80098 9////=
ZZYY 16949 09070 2150/ 539966 151738 6112/
11119 30074 40074 57003
22219 00135
444 20120 09070 2024/ 50101 8//// 80095 9////=
ZZYY 55617 09070 2230/ 535123 148930 6112/
11119 30157 40157 57007
22219 00177
444 20120 09070 2330/ 50101 8//// 80055 9////=
ZZYY 55617 09070 2130/ 535137 148941 6111/
11119 30163 40163 52004
22219 00176
444 20110 09070 2023/ 50101 8//// 80082 9////=
ZZYY 55617 09070 2030/ 535137 148941 6111/
11119 30164 40164 52008
22219 00176
444 20110 09070 2023/ 50101 8//// 80087 9////=
ZZYY 55617 09070 2330/ 535123 148930 6112/
11119 30153 40153 57011
22219 00177
444 50101 8//// 80076 9////=
####018009863####
SSVX08 KARS 100019
ZZYY 51007 08070 12004 704977 139949 6112/
11119 01315 10253 29089
22219 00271
33311 88872 20000 32714 20001 32724 43467 20020 32722 20040 32717
20060 32673 20080 32423 20100 31984 20120 31556 20180 31214
20300 31052 20500 30854
444 20120 08070 1244/ 521// 60401=
ZZYY 51007 09070 23004 704977 139947 6111/
11119 01412 10260 29078
22219 00263
444 20110 09070 2333/ 521// 60401=
ZZYY 51010 08070 12004 500037 170035 6112/
11119 00914 10268 29076 40093
22219 00272
33311 88872 20000 32721 20001 32725 43518 20025 32723 43536
20050 32714 43537 20075 32643 43540 20100 32460 20125 32023
20150 31764 20200 31398 20250 31226 20300 31136 20500 30797
444 20120 08070 1233/ 521// 60401=
ZZYY 51010 09070 23004 500025 170038 6111/
11119 00611 10271 29080 40113
22219 00272
444 20110 09070 2332/ 521// 60401=
ZZYY 51311 08070 12004 700160 140164 6112/
11119 00914 10242 29083 40099
22219 00243
33311 88872 20000 32428 20001 32445 43525 20020 32427 43504
20060 32285 43522 20100 31787 20120 31607 20140 31460 20180 31344
444 20120 08070 1235/ 521// 60401=
ZZYY 51311 09070 23004 700161 140157 6111/
11119 00913 10240 29083 40111
22219 00248
444 20110 09070 2332/ 521// 60401=
ZZYY 51017 08070 1200/ 502018 124892 6112/
33311 88870 20001 32416 20020 32401 20040 32388 20080 31779
20100 31407 20120 31354 20140 31321 20300 31176 20500 30788
444 20120 08070 1104/ 521//=
ZZYY 51017 09070 23004 502027 124886 6112/
11119 01314 10252 29083
22219 00245
444 20120 09070 2337/ 521// 60401=
ZZYY 51011 08070 1200/ 500168 124387 6112/
33311 88872 20001 32358 43475 20020 32331 20040 32166 20060 31887
20080 31576 20100 31478 20120 31412 20140 31373 20180 31271
20300 31151 20500 30812
444 20120 08070 1104/ 521//=
ZZYY 51011 09070 23004 500162 124395 6112/
11119 01312 10244 29090
22219 00242
444 20120 09070 2338/ 521// 60401=
ZZYY 51016 08070 1200/ 701964 125077 6112/
33311 88870 20020 32679 20060 32436 20080 31784 20100 31530
20140 31346 20180 31309 20500 30788
444 20120 08070 1103/ 521//=
ZZYY 51016 09070 23004 701961 125073 6111/
11119 01317 10254 29082
444 20110 09070 2338/ 521// 60401=
ZZYY 51309 08070 12004 708001 170067 6111/
11119 00417 10273 29086
22219 00281
33311 88872 20000 32805 20001 32807 43433 20025 32804 20050 32801
20075 32744 20100 32259 20125 31676 20150 31339 20200 31124
20250 31061 20300 31002 20500 30820
444 20110 08070 1232/ 521// 60401=
ZZYY 51309 09070 23004 708017 170063 6111/
11119 00608 10268 29085
22219 00282
444 20110 09070 2334/ 521// 60401=
ZZYY 51306 08070 12004 502160 170017 6111/
11119 00413 10268 29077
22219 00280
33311 88872 20000 32796 20001 32801 43560 20025 32797 20050 32796
20075 32787 20100 32658 20125 32173 20150 31777 20200 31304
20500 30848
444 20110 08070 1237/ 521// 60401=
ZZYY 51308 08070 1200/ 507991 124989 6111/
33311 88872 20001 32655 43541 20020 32656 20040 32655 20060 32655
20080 32654 20100 32547 20120 32235 20140 31962 20180 31541
20300 31107 20500 30860
444 20110 08070 1106/ 521//=
ZZYY 51308 09070 23004 507992 124989 6111/
11119 01317 10261 29077
22219 00266
444 20110 09070 2336/ 521// 60401=
ZZYY 51303 08070 12004 705009 169980 6112/
11119 01511
22219 00285
33311 88872 20000 32848 20001 32850 43625 20075 32810 20100 32741
20125 32287 20200 31079 20250 30995 20300 30941 20500 30775
444 20120 08070 1233/ 521// 60401=
ZZYY 51303 09070 23004 705009 169991 6111/
11119 01211
22219 00286
444 20110 09070 2333/ 521// 60401=
ZZYY 51301 08070 12004 707985 154998 6112/
11119 01010 10273 29075
22219 00277
33311 88870 20000 32768 20001 32774 20025 32760 20050 32676
20075 31981 20100 31519 20125 31277 20150 31214 20200 31142
20250 31053 20300 30994 20500 30808
444 20120 08070 1231/ 521// 60401=
ZZYY 51301 09070 23004 707969 154999 6112/
11119 01215 10262 29087
22219 00278
444 20120 09070 2334/ 521// 60401=
ZZYY 51015 08070 1200/ 705076 124937 6112/
33311 88872 20001 32719 43404 20020 32718 20040 32725 20080 32558
20100 32266 20120 31688 20140 31340 20180 31135 20300 30976
20500 30807
444 20120 08070 1102/ 521//=
ZZYY 51015 09070 23004 705068 124935 6111/
11119 01513 10262 29080
22219 00276
444 20110 09070 2340/ 521// 60401=
ZZYY 51018 08070 1200/ 504995 124948 6111/
33311 88872 20001 32583 43495 20020 32581 20040 32574 20060 32564
20080 32420 20100 32016 20120 31660 20180 31231 20300 31004
20500 30787
444 20110 08070 1105/ 521//=
ZZYY 51018 09070 23004 504999 124951 6111/
11119 01117 10258 29079
22219 00259
444 20110 09070 2336/ 521// 60401=
ZZYY 51305 08070 12004 702014 169995 6111/
11119 01113 10272 29078
22219 00282
33311 88872 20000 32823 20001 32826 43519 20025 32824 20050 32823
20075 32741 20100 32309 20125 31657 20150 31414 20200 31198
20250 31154 20300 31106 20500 30806
444 20110 08070 1234/ 521// 60401=
ZZYY 51305 09070 23004 702036 170002 6111/
11119 01014 10277 29074
22219 00282
444 20110 09070 2333/ 521// 60401=
ZZYY 51310 08070 12004 507978 170035 6112/
11119 00709 10283 29083
22219 00296
33311 88872 20000 32963 20001 32963 43529 20025 32963 20050 32965
20075 32968 20100 32916 20125 32756 20150 32603 20200 32139
20250 31692 20300 31271 20500 30784
444 20120 08070 1238/ 521// 60401=
ZZYY 51310 09070 23004 507994 170042 6111/
11119 00706 10281 29082
22219 00296
444 20110 09070 2339/ 521// 60401=
ZZYY 51022 08070 12004 501973 155009 6112/
11119 00717 10270 29078
22219 00272
33311 88872 20000 32717 20001 32721 43529 20025 32715 20050 32679
20075 32602 20100 32593 20125 31891 20150 31483 20250 31223
20300 31182
444 20120 08070 1236/ 521// 60401=
ZZYY 51022 09070 23004 501968 155030 6111/
11119 00717 10273 29081
22219 00277
444 20110 09070 2333/ 521// 60401=
ZZYY 51008 08070 12004 701981 140016 6111/
11119 01119 10253 29080
22219 00256
33311 88872 20000 32564 20001 32573 43478 20020 32566 20040 32531
20060 32467 20080 32296 20100 31917 20120 31466 20140 31281
20180 31227 20300 31177 20500 30855
444 20110 08070 1233/ 521// 60401=
ZZYY 51008 09070 23004 701972 140023 6111/
11119 01113 10250 29081
22219 00258
444 20110 09070 2332/ 521// 60401=
ZZYY 51006 08070 1200/ 708995 140263 6111/
11119 10266 29083
22219 00272
33311 88872 20000 32720 20001 32725 43403 20020 32720 20040 32645
20060 32027 20080 31427 20100 31340 20120 31296 20140 31247
20180 31121 20300 31011 20500 30809
444 20110 08070 1232/ 521//=
ZZYY 51006 09070 2300/ 709002 140255 6112/
11119 10266 29073
22219 00277
444 20120 09070 2333/ 521//=
ZZYY 51021 08070 1200/ 701990 154965 6111/
11119 10270 29078
22219 00276
33311 88870 20000 32763 20001 32765 20025 32764 20050 32768
20075 32750 20100 32337 20125 31609 20200 31159
444 20110 08070 1237/ 521//=
ZZYY 51021 09070 2300/ 701993 154975 6111/
11119 10274 29075
22219 00275
444 20110 09070 2333/ 521//=
ZZYY 14043 08070 1200/ 312184 067199 6111/
33311 88872 20020 32574 43447 20040 32573 43456 20060 32571 43459
20120 32170 20140 32078 20180 31667 20300 31174 20500 30877
444 20110 08070 1155/ 521//=
ZZYY 51014 08070 12004 504996 139930 6111/
11119 01119 10266 29076
22219 00272
33311 88872 20000 32721 20001 32726 43511 20020 32725 20040 32725
20060 32727 20080 32715 20100 32536 20120 32086 20140 31744
444 20110 08070 1236/ 521// 60401=
ZZYY 51014 09070 23004 504990 139920 6112/
11119 00914 10265 29078
22219 00273
444 20120 09070 2337/ 521// 60401=
ZZYY 51302 08070 12004 508263 155003 6112/
11119 00916 10283 29077
33311 88870 20025 32881 20050 32881 20075 32882 20100 32887
20125 32810 20150 32572 20200 32107 20250 31519 20300 31196
20500 30809
444 20120 08070 1237/ 521// 60401=
ZZYY 51302 09070 23004 508264 155003 6111/
11119 01015 10281 29080
444 20110 09070 2337/ 521// 60401=
ZZYY 51009 08070 12004 502040 140003 6111/
11119 00714 10247 29084
22219 00256
33311 88872 20000 32559 20001 32568 43515 20020 32534 20040 32527
20060 32399 20080 31827 20100 31405 20120 31315 20140 31281
20180 31228 20300 31145 20500 30827
444 20110 08070 1246/ 521// 60401=
ZZYY 51009 09070 23004 502042 139995 6112/
11119 00909 10244 29088
22219 00248
444 20120 09070 2338/ 521// 60401=
ZZYY 51019 08070 12004 504981 154991 6112/
11119 00815 10277 29079
22219 00282
33311 88872 20000 32822 20001 32825 43555 20050 32824 20075 32824
20100 32825 20125 32702 20150 32243 20200 31587 20250 31248
20300 31103 20500 30824
444 20120 08070 1237/ 521// 60401=
ZZYY 51019 09070 23004 504981 154989 6111/
11119 00816 10282 29076
22219 00283
444 20110 09070 2331/ 521// 60401=
ZZYY 51307 08070 1200/ 708039 125010 6111/
33311 88872 20001 32843 43355 20020 32792 20040 32726 20060 31892
20080 31448 20100 31303 20120 31235 20140 31195 20300 31014
20500 30805
444 20110 08070 1101/ 521//=
ZZYY 51307 09070 23004 708041 125011 6111/
11119 01815 10275 29082
22219 00282
444 20110 09070 1649/ 521// 60401=
ZZYY 51020 08070 12004 704989 154906 6112/
11119 00911 10275 29078
22219 00279
33311 88872 20000 32789 20001 32795 43493 20050 32788 20075 32708
20100 32557 20125 32112 20150 31460 20200 31142
444 20120 08070 1232/ 521// 60401=
ZZYY 51020 09070 23004 704994 154915 6111/
11119 01218 10279 29072
22219 00284
444 20110 09070 2334/ 521// 60401=
ZZYY 51023 08070 1200/ 700009 154966 6113/
11119 10253 29083
22219 00251
33311 88872 20000 32514 20001 32523 43512 20025 32512 20050 32468
20075 32355 20100 32066 20125 31817 20150 31636 20200 31291
20250 31185 20300 31103 20500 30783
444 20130 08070 1233/ 521//=
ZZYY 51023 09070 2300/ 700002 154970 6111/
11119 10257 29087
22219 00254
444 20110 09070 2332/ 521//=
####018000769####
SSWB19 RKSL 100000
ZZYY 22101 10070 00001 13723/ 12602/ 
11109 01301 10181 40010 5//// 
22209 00166 10900 20091 21002= 
ZZYY 22102 10070 00001 13480/ 12577/ 
11109 01505 10240 40059 5//// 
22209 00173 10601 20064 21004= 
ZZYY 22103 10070 00001 13400/ 12750/ 
11109 00904 10218 40095 5//// 
22209 00214 10701 20071 21007= 
ZZYY 22104 10070 00001 13477/ 12890/ 
11109 00400 10232 40107 5//// 
22209 00227 10701 20071 21006= 
ZZYY 22106 10070 00001 13635/ 12978/ 
11109 01503 10219 40102 5//// 
22209 00222 10301 20032 21004= 
ZZYY 22107 10070 00001 13308/ 12603/ 
11109 00910 10253 40075 5//// 
22209 00251 10302 20034 21009= 
ZZYY 22108 10070 00001 13625/ 12575/ 
11109 01204 10247 40091 5//// 
22209 00251 10401 20040 21003=
####018000770####
SSWB19 RKSL 100000
ZZYY 22101 10070 00001 13723/ 12602/ 
11109 01301 10181 40010 5//// 
22209 00166 10900 20091 21002= 
ZZYY 22102 10070 00001 13480/ 12577/ 
11109 01505 10240 40059 5//// 
22209 00173 10601 20064 21004= 
ZZYY 22103 10070 00001 13400/ 12750/ 
11109 00904 10218 40095 5//// 
22209 00214 10701 20071 21007= 
ZZYY 22104 10070 00001 13477/ 12890/ 
11109 00400 10232 40107 5//// 
22209 00227 10701 20071 21006= 
ZZYY 22106 10070 00001 13635/ 12978/ 
11109 01503 10219 40102 5//// 
22209 00222 10301 20032 21004= 
ZZYY 22107 10070 00001 13308/ 12603/ 
11109 00910 10253 40075 5//// 
22209 00251 10302 20034 21009= 
ZZYY 22108 10070 00001 13625/ 12575/ 
11109 01204 10247 40091 5//// 
22209 00251 10401 20040 21003= 
####018000146####
SSVX13 LFPW 100000
ZZYY 44546 10070 0000/ 741170 024113 6110/ 11119 40214 52010 22219
 00204 444 20100 09070 2300/ 50101 80118 80005 9/015=
####018000117####
SSVX07 LFVW 100019
ZZYY 48548 09070 2230/ 780796 106568 6112/
11119 10011 39879 49879
444 20120 09070 2220/=
####018000721####
SSVX02 LFVW 100019
ZZYY 56941 09070 2300/ 548453 142602 6111/
11119 40000 57073
444 20110 09070 2326/ 50101 80100 80000 9/015=
ZZYY 56941 09070 2200/ 548453 142602 6111/
11119 40015 57059
444 20110 09070 2326/ 50101 80100 80000 9/015=
ZZYY 56942 09070 2200/ 545996 137590 6111/
22219 00095
444 20110 09070 2134/ 50101 80100 80000 9/015=
ZZYY 56942 09070 2300/ 546017 137561 6112/
22219 00091
444 20120 09070 2326/ 50101 80100 80000 9/015=
ZZYY 56946 09070 2300/ 546070 160686 6111/
11119 49892 52006
22219 00107
444 20110 09070 2326/ 50101 80100 80000 9/015=
ZZYY 56946 09070 2200/ 546071 160693 6112/
11119 49891 52005
22219 00107
444 20120 09070 2057/ 50101 80100 80000 9/015=
####018001841####
SSVX13 LFVW 100019
ZZYY 55571 09070 2140/ 547119 143500 6111/
11119 30027 40027 57046
22219 00088
444 20110 09070 2027/ 501// 80008 80100=
ZZYY 55571 09070 2240/ 547170 143464 6112/
11119 30014 40014 57045
22219 00088
444 20120 09070 2326/ 501// 80008 80100=
ZZYY 23706 09070 2240/ 112382 071536 6111/
11119 38500 48500
22219 01050
444 20110 09070 2243/ 50101 80060 80000 9/015=
ZZYY 23598 09070 2200/ 116723 070802 6112/
11119 30074 40074 57011
22219 00294
444 20120 09070 2052/ 50101 80130 80070 9/015=
ZZYY 23707 09070 2210/ 111946 071696 6111/
11119 30091 40091 57018
22219 00289
444 20110 09070 2244/ 50101 80100 80003 9/015=
ZZYY 23709 09070 2240/ 112248 074213 6111/
11119 30086 40086 57010
22219 00288
444 20110 09070 2244/ 50101 80100 80002 9/015=
ZZYY 23709 09070 2140/ 112248 074213 6111/
11119 30088 40088 57013
22219 00288
444 20110 09070 2244/ 50101 80100 80003 9/015=
ZZYY 23710 09070 2230/ 109216 073817 6111/
11119 30085 40085 57018
22219 00287
444 20110 09070 2245/ 50101 80100 80003 9/015=
ZZYY 23710 09070 2130/ 109224 073838 6111/
11119 30090 40090 57018
22219 00287
444 20110 09070 2053/ 50101 80100 80003 9/015=
ZZYY 56547 09070 2250/ 543125 138317 6111/
22219 00105
444 20110 09070 2327/ 50101 80100 80000 9/015=
ZZYY 56547 09070 2150/ 543103 138316 6112/
22219 00105
444 20120 09070 2136/ 50101 80100 80000 9/015=
ZZYY 56516 09070 2210/ 526606 115837 6111/
11119 30144 40144 57021
22219 00220
444 20110 09070 2329/ 50101 80080 80000 9/015=
ZZYY 53549 09070 2300/ 314132 120146 6113/
11119 40128 52014
22219 00276
444 20130 09070 2057/ 50101 80148 80000 9/015=
ZZYY 52750 10070 0000/ 314501 144989 6112/
11119 40165
22219 00257
33311 88872 20000 32565 42054
444 20120 09070 2230/ 50101 80110 80000 9/015=
####018011621####
SSVX11 LFVW 100019
ZZYY 52087 09070 20004 107863 136488 6112/
11119 02105 10287 29074 40098
22219 00303
33311 88872 20000 33026 20125 32370 43484 20150 31875 43474
20200 31464 43458 20250 31147 43453 20500 30772 43455
444 20120 09070 2033/ 522// 60381=
ZZYY 52087 09070 22004 107861 136493 6113/
11119 02402 10282 29075 40104
22219 00303
33311 88872 20000 33025 20002 33025 43395 20025 33026 43397
20050 33006 43426 20075 32937 43443 20100 32737 43469
20125 32418 43488 20150 31858 43474 20200 31404 43457
20250 31178 43452 20300 31007 43455 20500 30773 43455
20750 30612 43452
444 20130 09070 2213/ 522// 60381=
ZZYY 52087 09070 18004 107861 136485 6112/
11119 01610 10281 29079 40097
22219 00303
33311 88872 20000 33026 20002 33026 43395 20025 33029 43395
20050 32982 43437 20075 32882 43448 20100 32733 43465
20125 32490 43489 20150 32068 43483 20200 31496 43460
20250 31115 43452 20300 30992 43455 20500 30773 43455
20750 30624 43452
444 20120 09070 1739/ 522// 60381=
ZZYY 52087 09070 21004 107854 136482 6111/
11119 02602 10283 29075 40100
22219 00303
33311 88872 20000 33025 20125 32375 43485 20150 31877 43476
20200 31428 43458 20250 31155 43451 20500 30773 43455
444 20110 09070 2049/ 522// 60381=
ZZYY 52087 09070 23004 107859 136486 6112/
11119 02403 10294 29072 40111
22219 00303
444 20120 09070 2225/ 522// 60381=
ZZYY 52087 10070 00004 107861 136489 6113/
11119 02506 10291 29078 40116
22219 00303
33311 88872 20000 33032 20002 33032 43395 20025 33028 43395
20050 33026 43411 20075 32933 43444 20100 32780 43463
20300 31031 43456 20750 30618 43451
444 20130 10070 0003/ 522// 60381=
ZZYY 52080 09070 20004 101991 138109 6112/
11119 01905 10285 29081 40094
22219 00303
33311 88872 20000 33026 20002 33026 43420 20025 33026 43444
20050 33023 43461 20075 33006 43455 20100 32855 43449
20125 32559 43475 20150 32183 43513 20200 31860 43541
20250 31517 43519 20300 31200 43476 20500 30762 43457
20750 30599 43453
444 20120 09070 2035/ 522// 60381=
ZZYY 52080 09070 22004 101998 138109 6112/
11119 01403 10280 29080 40104
22219 00302
33311 88872 20000 33024 20125 32582 43473 20150 32190 43514
20200 31858 43540 20250 31447 43513 20500 30760 43456
444 20120 09070 2215/ 522// 60381=
ZZYY 52080 09070 16004 101996 138102 6112/
11119 01803 10291 29075 40104
22219 00303
33311 88872 20000 33033 20002 33033 43427 20025 33030 43451
20050 33020 43464 20075 33012 43458 20100 33005 43459
20125 32633 43469 20150 32209 43497 20200 31871 43542
20250 31510 43518 20300 31223 43478 20500 30759 43455
20750 30571 43452=
ZZYY 52080 09070 18004 101983 138101 6112/
11119 02103 10287 29077 40095
22219 00304
33311 88872 20000 33036 20002 33036 43424 20025 33024 43448
20050 33018 43461 20075 33005 43455 20100 32815 43455
20125 32509 43481 20150 32116 43514 20200 31837 43540
20250 31486 43516 20300 31197 43478 20500 30762 43457
20750 30596 43452
444 20120 09070 1742/ 522// 60381=
ZZYY 52073 09070 1300/ 104942 137298 6111/
11119 10292 29080 40109
22219 00306
33311 88872 20000 33060 20002 33060 43388 20025 33032 43396
20050 33032 43398 20075 32927 43445 20100 32709 43466
20125 32363 43488 20150 32220 43486 20200 31466 43455
20250 31120 43449 20300 30979 43458 20500 30757 20750 30611 43454
444 20110 09070 1308/ 522//=
ZZYY 52073 09070 2000/ 104938 137295 6112/
11119 10289 29081 40095
22219 00303
33311 88872 20000 33030 20002 33030 43390 20025 33032 43392
20050 33033 43397 20075 32964 43441 20100 32777 43459
20125 32561 43479 20150 32294 43488 20200 31527 43460
20250 31119 43449 20300 30936 43460 20500 30740 20750 30616 43452
444 20120 09070 2034/ 522//=
ZZYY 52073 09070 2200/ 104944 137295 6113/
11119 10293 29077 40103
22219 00303
33311 88872 20000 33028 20002 33028 43391 20025 33032 43394
20050 33033 43397 20075 32957 43443 20100 32772 43458
20125 32542 43479 20150 32275 43484 20200 31286 43457
20250 31108 43450 20300 30954 43460 20500 30753 20750 30617 43452
444 20130 09070 2212/ 522//=
ZZYY 52073 09070 1800/ 104942 137300 6113/
33311 88872 20002 33032 43391 20025 33033 43394 20050 33033 43397
20075 32964 43441 20100 32844 43450 20125 32679 43470
20150 32343 43486 20200 31416 43458 20250 31098 43451
20300 30937 43460 20500 30747 20750 30607 43452
444 20130 09070 1741/ 522//=
ZZYY 52073 09070 1200/ 104946 137300 6112/
11119 10294 29080 40104
22219 00306
33311 88872 20000 33063 20002 33063 43382 20025 33032 43396
20050 33033 43397 20075 32971 43442 20100 32764 43461
20125 32495 43484 20150 32263 43486 20200 31445 43457
20250 31112 43449 20300 30967 43459 20500 30750 20750 30613 43453
444 20120 09070 1128/ 522//=
ZZYY 52073 09070 1400/ 104942 137298 6111/
11119 10292 29079 40114
22219 00305
33311 88872 20000 33046 20002 33046 43387 20025 33031 43395
20050 33032 43397 20075 32950 43443 20100 32766 43459
20125 32517 43481 20150 32274 43487 20200 31372 43456
20250 31109 43450 20300 30946 43459 20500 30742 20750 30610 43453
444 20110 09070 1308/ 522//=
ZZYY 52075 09070 13004 107929 130068 6112/
11119 01003 10280 29082 40113
22219 00305
33311 88872 20000 33052 20002 33052 43417 20025 33026 43433
20050 32845 43454 20075 32518 43482 20100 32211 43486
20125 31836 43473 20150 31638 43463 20200 31260 43445
20250 31044 43441 20300 30879 43441 20500 30703 43453
20750 30583 43450
444 20120 09070 1310/ 522// 60381=
ZZYY 52075 09070 20004 107937 130072 6111/
11119 0//13 10258 29095 40108
22219 00302
33311 88872 20000 33022 20002 33022 43422 20025 33020 43426
20050 32903 43449 20075 32657 43474 20100 32389 43486
20125 32052 43484 20150 31729 43468 20200 31382 43451
20250 31094 43442 20300 30899 43439 20500 30702 43453
20750 30586 43450
444 20110 09070 2033/ 522// 60381=
ZZYY 52075 09070 22004 107928 130068 6112/
11119 03005 10257 29092 40117
22219 00302
33311 88872 20000 33019 20002 33019 43421 20025 33023 43424
20050 32953 43446 20075 32712 43468 20100 32439 43485
20125 32072 43485 20150 31737 43469 20200 31339 43449
20250 31064 43442 20300 30892 43441 20500 30710 43453
20750 30595 43450
444 20120 09070 2211/ 522// 60381=
ZZYY 52075 09070 16004 107934 130066 6112/
11119 00209 10278 29085 40108
22219 00304
33311 88872 20000 33040 20002 33040 43423 20025 33018 43424
20050 32829 43460 20075 32615 43477 20100 32214 43486
20125 31847 43475 20150 31613 43461 20200 31318 43449
20250 31096 43443 20300 30935 43441 20500 30705 43452
20750 30588 43450
444 20120 09070 1558/ 522// 60381=
ZZYY 52075 09070 18004 107930 130063 6113/
11119 00912 10273 29090 40107
22219 00303
33311 88872 20000 33034 20002 33034 43421 20025 33018 43423
20050 32813 43462 20075 32603 43478 20100 32248 43487
20125 31858 43475 20150 31612 43460 20200 31298 43448
20250 31069 43442 20300 30918 43442 20500 30695 43454
20750 30574 43450
444 20130 09070 1740/ 522// 60381=
ZZYY 52075 09070 14004 107921 130064 6111/
11119 00105 10283 29083 40114
22219 00305
33311 88872 20000 33047 20002 33047 43420 20025 33027 43428
20050 32837 43456 20075 32505 43484 20100 32208 43486
20125 31848 43475 20150 31624 43462 20200 31256 43446
20250 31043 43442 20300 30887 43440 20500 30704 43453
20750 30588 43450
444 20110 09070 1420/ 522// 60381=
ZZYY 52075 09070 12004 107931 130061 6113/
11119 01104 10274 29085 40107
22219 00306
33311 88872 20000 33058 20002 33058 43417 20025 33030 43421
20050 32891 43451 20075 32671 43474 20100 32386 43485
20125 31947 43480 20150 31681 43465 20200 31251 43444
20250 31019 43441 20300 30865 43442 20500 30691 43453
20750 30563 43451
444 20130 09070 1129/ 522// 60381=
ZZYY 52081 09070 2200/ 100070 138042 6112/
22219 00301
33311 88872 20000 33005 20002 33005 43467 20025 33006 43467
20050 32987 43497 20075 32906 43489 20100 32846 43485
20300 31218 43491 20750 30589 43452
444 20120 09070 2217/ 522//=
ZZYY 52081 09070 2000/ 100072 138044 6113/
22219 00300
33311 88872 20000 33001 20002 33001 43461 20025 33009 43469
20050 32989 43495 20075 32913 43489 20100 32868 43486
20125 32622 43530 20150 32359 43513 20200 32080 43553
20250 31456 43511 20300 31239 43493 20500 30769 43456
20750 30607 43451
444 20130 09070 2033/ 522//=
ZZYY 52081 09070 1600/ 100072 138035 6113/
22219 00300
33311 88872 20000 33004 20002 33004 43451 20025 33011 43468
20050 32981 43497 20075 32906 43490 20100 32835 43489
20125 32571 43536 20150 32355 43514 20200 32074 43551
20250 31390 43506 20300 31222 43492 20500 30800 43458
20750 30616 43452=
ZZYY 52081 09070 1800/ 100066 138041 6112/
22219 00300
33311 88872 20000 33000 20002 33000 43455 20025 33012 43473
20050 32980 43497 20075 32907 43489 20100 32840 43487
20125 32586 43534 20150 32360 43514 20200 32079 43551
20250 31402 43506 20300 31221 43492 20500 30795 43457
20750 30610 43452
444 20120 09070 1742/ 522//=
ZZYY 52081 09070 1400/ 100055 138054 6111/
22219 00301
33311 88872 20000 33009 20002 33009 43459 20025 33011 43469
20050 32982 43495 20075 32913 43490 20100 32846 43487
20125 32592 43532 20150 32349 43517 20200 32072 43552
20250 31400 43508 20300 31244 43494 20500 30814 43459
20750 30618 43452
444 20110 09070 1307/ 522//=
ZZYY 52081 09070 1200/ 100069 138044 6113/
22219 00301
33311 88872 20000 33009 20002 33009 43465 20025 33012 43469
20050 32987 43498 20075 32910 43490 20100 32835 43489
20125 32569 43535 20150 32346 43520 20200 32074 43551
20250 31402 43506 20300 31230 43491 20500 30798 43458
20750 30610 43451
444 20130 09070 1128/ 522//=
ZZYY 52081 10070 0000/ 100069 138039 6113/
33311 88872 20002 33014 43467 20025 33008 43467 20050 32983 43498
20075 32901 43489 20100 32828 43491 20300 31243 43494
20750 30571 43452
444 20130 10070 0006/ 522//=
ZZYY 52077 09070 13004 101991 147024 6112/
11119 00508 10291 30111 40111
22219 00302
33311 88872 20000 33015 20002 33015 43432 20025 32993 43451
20050 33002 43481 20075 32998 43489 20100 32798 43511
20125 32490 43514 20150 32374 43522 20200 31808 43544
20250 31342 43482 20300 30992 43472 20500 30816 43458
20750 30570 43453
444 20120 09070 1237/ 522// 60381=
ZZYY 52077 10070 0000/ 101991 147030 6111/
33311 88872 20002 32994 43424 20025 32998 43439 20050 33008 43477
20075 33001 43488 20100 32757 43514 20300 30992 43472
20750 30571 43453
444 20110 10070 0005/ 522//=
ZZYY 52082 09070 21004 102085 156024 6111/
11119 00209 10291 29070 30111 40111
22219 00298
33311 88872 20000 32979 20002 32979 43457 20025 32980 43462
20050 32980 43460 20075 32982 43469 20100 32817 20125 32525 43507
20150 32194 43498 20200 31437 43467 20250 31140 43474
20300 31030 43473 20500 30817 43458 20750 30606 43452
444 20110 09070 2045/ 522// 60401=
ZZYY 52078 09070 13004 104959 147032 6113/
11119 00808 30114 40114
22219 00297
33311 88872 20000 32966 20002 32966 43385 20025 32966 43383
20050 32969 43416 20075 32913 43446 20100 32701 43478
20125 32524 43488 20150 31910 43471 20200 31187 43454
20250 30992 43459 20300 30911 43460 20500 30754 43456
20750 30594 43453
444 20130 09070 1237/ 522// 60401=
ZZYY 52078 09070 12004 104960 147030 6113/
11119 00809 30114 40114
22219 00297
33311 88872 20000 32966 20002 32966 43385 20025 32964 43382
20050 32975 43404 20075 32921 43446 20100 32704 43477
20125 32519 43488 20150 31873 43472 20200 31167 43455
20250 30987 43458 20300 30903 43462 20500 30749 43457
20750 30600 43454
444 20130 09070 1127/ 522// 60401=
####018000146####
SSVX13 LFPW 100030
ZZYY 41596 10070 0030/ 723470 046883 6110/ 11119 40226 57255 22219
 00272 444 20100 10070 0030/ 50101 80142 80000 9/015=
####018013971####
SSVX08 KARS 100023
ZZYY 31003 08070 1200/ 507915 030553 6111/
33311 88872 20001 32802 20040 32804 43625 20060 32804 20080 32698
20100 32405 20120 32174 43654 20140 31897 20180 31400 20300 31010
20500 30758
444 20110 08070 1102/ 521//=
ZZYY 15006 08070 1200/ 506019 010055 6111/
33311 88872 20001 32625 43587 20020 32629 20040 32623 43587
20060 32575 20100 31813 20120 31461 43548 20180 31173 20300 30991
20500 30748
444 20110 08070 1322/ 521//=
ZZYY 15006 09070 22004 506009 010022 6111/
11119 01317 10256 29079
22219 00258
444 20110 09070 2244/ 521// 60401=
ZZYY 15002 08070 1200/ 700004 009875 6112/
33311 88872 20001 32366 43584 20020 32338 43563
444 20120 08070 1328/ 521//=
ZZYY 31007 08070 1200/ 500018 022985 6112/
33311 88872 20001 32626 43634 20020 32623 43631 20060 32351 43629
20080 31986 20100 31678 20120 31553 20500 30692
444 20120 08070 1101/ 521//=
ZZYY 31007 09070 22004 500016 022986 6112/
11119 01010 10256 29082 40145
22219 00261
444 20120 09070 2136/ 521// 60401=
ZZYY 31004 08070 1200/ 513532 032600 6112/
33311 88872 20001 32690 43694 20020 32693 43691 20040 32693 43691
20060 32691 20080 32623 20100 32436 20120 32338 43684 20140 32248
20180 31858 20300 31174
444 20120 08070 1105/ 521//=
ZZYY 31006 08070 1200/ 704053 022978 6112/
33311 88872 20001 32892 43524 20020 32893 43525 20040 32883 43534
20060 32475 43608 20080 31905 20100 31558 20120 31481 20140 31442
20180 31387 20300 31131 20500 30765
444 20120 08070 1059/ 521//=
ZZYY 31006 09070 22004 704048 022975 6113/
11119 01207 10273 29071
22219 00288
444 20130 09070 2135/ 521// 60401=
ZZYY 31005 08070 1200/ 518864 034650 6111/
33311 88872 20020 32500 43711 20040 32500 43731 20060 32500
20080 32502 20100 32488 20300 31395 20500 30880
444 20110 08070 1106/ 521//=
ZZYY 31005 09070 22004 518888 034651 6111/
11119 00914 10251 29074
444 20110 09070 2131/ 521// 60001=
ZZYY 51007 08070 12004 704977 139949 6112/
11119 01315 10253 29089
22219 00271
33311 88872 20000 32714 20001 32724 43467 20020 32722 20040 32717
20060 32673 20080 32423 20100 31984 20120 31556 20180 31214
20300 31052 20500 30854
444 20120 08070 1244/ 521// 60401=
ZZYY 51007 09070 21004 704971 139954 6112/
11119 01313 10260 29077
22219 00262
444 20120 09070 2148/ 521// 60401=
ZZYY 43001 08070 1200/ 708042 110146 6111/
33311 88872 20001 32777 43331 20020 32780 20040 32701 20060 32346
20080 32200 20100 32086 20120 31857 20140 31588 20180 31286
20300 31111 20500 30867
444 20110 08070 1357/ 521//=
ZZYY 43001 09070 21004 708050 110151 6111/
11119 02412 10272 29081
22219 00279
444 20110 09070 2018/ 521// 60401=
ZZYY 51311 08070 12004 700160 140164 6112/
11119 00914 10242 29083 40099
22219 00243
33311 88872 20000 32428 20001 32445 43525 20020 32427 43504
20060 32285 43522 20100 31787 20120 31607 20140 31460 20180 31344
444 20120 08070 1235/ 521// 60401=
ZZYY 51311 09070 21004 700157 140157 6111/
11119 00813 10241 29084 40123
22219 00248
444 20110 09070 2148/ 521// 60401=
ZZYY 51017 08070 1200/ 502018 124892 6112/
33311 88870 20001 32416 20020 32401 20040 32388 20080 31779
20100 31407 20120 31354 20140 31321 20300 31176 20500 30788
444 20120 08070 1104/ 521//=
ZZYY 51017 09070 21004 502022 124899 6111/
11119 01313 10250 29085
22219 00244
444 20110 09070 2145/ 521// 60401=
ZZYY 32304 08070 1200/ 505075 095074 6111/
33311 88872 20001 32309 43508 20020 32307 20040 32294 20060 32165
20080 31791 20100 31452 20120 31389 20140 31360 20180 31314
20300 31190 20500 30830
444 20110 08070 1217/ 521//=
ZZYY 32304 09070 21004 505070 095063 6112/
11119 01112 10232 29070
22219 00233
444 20120 09070 2143/ 521// 60401=
ZZYY 51011 08070 1200/ 500168 124387 6112/
33311 88872 20001 32358 43475 20020 32331 20040 32166 20060 31887
20080 31576 20100 31478 20120 31412 20140 31373 20180 31271
20300 31151 20500 30812
444 20120 08070 1104/ 521//=
ZZYY 51011 09070 21004 500165 124396 6111/
11119 01211 10242 29092
22219 00241
444 20110 09070 2147/ 521// 60401=
ZZYY 51016 08070 1200/ 701964 125077 6112/
33311 88870 20020 32679 20060 32436 20080 31784 20100 31530
20140 31346 20180 31309 20500 30788
444 20120 08070 1103/ 521//=
ZZYY 23006 08070 12004 103974 089600 6111/
11119 01511 10292 29081
22219 00295
33311 88872 20000 32950 20001 32944 43377 20020 32942 43378
20040 32942 43378 20060 32935 43385 20080 32530 20100 32057
20120 31791 20140 31580 20180 31414 20300 31159 20500 30989
444 20110 08070 1204/ 521// 60401=
ZZYY 23006 09070 20004 103974 089603 6111/
11119 01711 10286 29079
22219 00294
444 20110 09070 1925/ 521// 60401=
ZZYY 23006 09070 21004 103978 089598 6111/
11119 01813 10284 29082
22219 00294
444 20110 09070 2104/ 521// 60401=
ZZYY 51308 08070 1200/ 507991 124989 6111/
33311 88872 20001 32655 43541 20020 32656 20040 32655 20060 32655
20080 32654 20100 32547 20120 32235 20140 31962 20180 31541
20300 31107 20500 30860
444 20110 08070 1106/ 521//=
ZZYY 51308 09070 21004 507994 124988 6111/
11119 01316 10261 29077
22219 00266
444 20110 09070 2145/ 521// 60401=
ZZYY 51015 08070 1200/ 705076 124937 6112/
33311 88872 20001 32719 43404 20020 32718 20040 32725 20080 32558
20100 32266 20120 31688 20140 31340 20180 31135 20300 30976
20500 30807
444 20120 08070 1102/ 521//=
ZZYY 53006 08070 1200/ 311995 080502 6111/
33311 88872 20001 32649 43445 20020 32620 43446 20040 32615 43446
20060 32611 43448 20080 32358 20100 32199 20120 32091 20140 31967
20180 31562 20300 31124 20500 30868
444 20110 08070 1306/ 521//=
ZZYY 53006 09070 21004 311991 080503 6112/
11119 01009 10261 29089 40101
22219 00265=
ZZYY 14040 08070 1200/ 308099 066956 6112/
33311 88872 20001 32770 20020 32764 43540 20040 32751 43548
20060 32634 43530 20080 32212
444 20120 08070 1009/ 521//=
ZZYY 14040 09070 2100/ 308095 066952 6111/
11119 10254 29092 40102
22219 00276
444 20110 09070 2058/ 521//=
ZZYY 51008 08070 12004 701981 140016 6111/
11119 01119 10253 29080
22219 00256
33311 88872 20000 32564 20001 32573 43478 20020 32566 20040 32531
20060 32467 20080 32296 20100 31917 20120 31466 20140 31281
20180 31227 20300 31177 20500 30855
444 20110 08070 1233/ 521// 60401=
ZZYY 51008 09070 21004 701973 140017 6111/
11119 01116 10250 29080
22219 00257
444 20110 09070 2148/ 521// 60401=
ZZYY 32320 08070 12004 701996 095324 6112/
11119 01615 10228 29088
22219 00248
33311 88872 20000 32484 20001 32485 43407 20020 32465 20040 32118
20060 31765 20080 31569 20100 31451 20120 31433 20140 31398
20300 31183 20500 30807
444 20120 08070 1215/ 521// 60401=
ZZYY 51006 08070 1200/ 708995 140263 6111/
11119 10266 29083
22219 00272
33311 88872 20000 32720 20001 32725 43403 20020 32720 20040 32645
20060 32027 20080 31427 20100 31340 20120 31296 20140 31247
20180 31121 20300 31011 20500 30809
444 20110 08070 1232/ 521//=
ZZYY 51014 08070 12004 504996 139930 6111/
11119 01119 10266 29076
22219 00272
33311 88872 20000 32721 20001 32726 43511 20020 32725 20040 32725
20060 32727 20080 32715 20100 32536 20120 32086 20140 31744
444 20110 08070 1236/ 521// 60401=
ZZYY 51014 09070 21004 504997 139916 6111/
11119 00814 10266 29078
22219 00273
444 20110 09070 2146/ 521// 60401=
ZZYY 32323 08070 1200/ 700018 109908 6111/
33311 88872 20001 32156 43469 20020 31993 43470 20040 31782
20060 31496 43494 20080 31439 20100 31440 20120 31392 20500 30808
444 20110 08070 1358/ 521//=
ZZYY 32323 09070 21004 700018 109901 6112/
11119 01205 10220 29090 40127
22219 00224
444 20120 09070 2017/ 521// 60401=
ZZYY 32323 09070 22004 700023 109900 6112/
11119 01306 10220 29089 40121
22219 00222
444 20120 09070 2157/ 521// 60401=
ZZYY 32303 08070 1200/ 704978 094976 6112/
33311 88872 20001 32734 43357 20020 32730 20040 32731 20060 32272
20080 31588 20100 31490 20300 31168 20500 30787
444 20120 08070 1216/ 521//=
ZZYY 32303 09070 21004 704970 094967 6111/
11119 02005 10266 29080
22219 00280
444 20110 09070 2016/ 521// 60401=
ZZYY 23002 08070 1200/ 101575 080496 6112/
33311 88872 20001 32909 43459 20020 32911 43459 20040 32911 43453
20060 32911 43458 20100 32345 20120 32098 20140 31882 20180 31564
20300 31166 20500 31019
444 20120 08070 1307/ 521//=
ZZYY 23002 09070 2100/ 101577 080502 6113/
22219 00290
444 20130 09070 2104/ 521//=
ZZYY 53005 08070 1200/ 308012 080465 6112/
33311 88872 20001 32812 43542 20020 32783 43540 20040 32727 43539
20060 31946 43469 20080 31728 20100 31596 20120 31469 20140 31358
20180 31255 20300 31091 20500 30907
444 20120 08070 1307/ 521//=
ZZYY 53005 09070 21004 308010 080473 6112/
11119 00405 10273 29085 40090
22219 00281
444 20120 09070 2057/ 521// 60401=
ZZYY 23003 08070 1200/ 301520 080526 6112/
33311 88872 20001 32939 43490 20040 32939 43490 20060 32928 43499
20080 32806 20100 32446 20120 32107 20140 31954 20180 31595
20300 31190 20500 30984
444 20120 08070 1307/ 521//=
ZZYY 23003 09070 2100/ 301519 080533 6112/
22219 00291
444 20120 09070 2055/ 521//=
ZZYY 32316 08070 1200/ 702046 110040 6112/
33311 88872 20001 32664 43411
444 20120 08070 1358/ 521//=
ZZYY 51018 08070 1200/ 504995 124948 6111/
33311 88872 20001 32583 43495 20020 32581 20040 32574 20060 32564
20080 32420 20100 32016 20120 31660 20180 31231 20300 31004
20500 30787
444 20110 08070 1105/ 521//=
ZZYY 51018 09070 21004 504994 124952 6111/
11119 01117 10258 29078
22219 00258
444 20110 09070 2145/ 521// 60401=
ZZYY 23005 08070 1200/ 101577 090084 6111/
11119 10290 29080
33311 88872 20020 32936 43409 20040 32931 43420 20060 32918 43438
20080 32713 20100 32190 20120 31800 20180 31428 20300 31167
20500 31009
444 20110 08070 1307/ 521//=
ZZYY 23005 09070 2100/ 101584 090091 6112/
11119 10279 29082
444 20120 09070 2104/ 521//=
ZZYY 23004 08070 12004 100079 089849 6111/
11119 01310 10280 29085
22219 00297
33311 88872 20000 32965 20001 32961 20020 32960 43414
20040 32956 43405
444 20110 08070 1203/ 521// 60401=
ZZYY 23004 09070 21004 100048 089826 6111/
11119 02109 10263 29090
22219 00295
444 20110 09070 2055/ 521// 60401=
ZZYY 23009 08070 12004 115012 090017 6111/
11119 02310 10293 29080 40080
22219 00298
33311 88872 20000 32979 20001 32970 43313 20020 32961 43318
20040 32974 43339 20060 32821 43375 20120 32187 20140 31934
20180 31556 20300 31159 20500 30988
444 20110 08070 1206/ 521// 60401=
ZZYY 23009 09070 20004 114993 090013 6113/
11119 02413 10289 29084 40077
22219 00297
444 20130 09070 1922/ 521// 60401=
ZZYY 14043 08070 1200/ 312184 067199 6111/
33311 88872 20020 32574 43447 20040 32573 43456 20060 32571 43459
20120 32170 20140 32078 20180 31667 20300 31174 20500 30877
444 20110 08070 1155/ 521//=
ZZYY 14043 09070 21004 312185 067210 6111/
11119 01712 10250 29084 40115
444 20110 09070 2101/ 521// 60401=
ZZYY 23001 08070 1200/ 100071 080553 6111/
33311 88872 20001 32909 43448 20020 32911 43448 20040 32913 43448
20060 32921 43468 20080 32772 20100 32229 20120 32059 20140 31748
20180 31479 20300 31204 20500 30991
444 20110 08070 1307/ 521//=
ZZYY 23001 09070 21004 100081 080555 6112/
11119 02414 40087
22219 00290
444 20120 09070 2057/ 521// 60401=
ZZYY 23010 08070 1200/ 304005 080521 6112/
33311 88872 20001 32844 43530 20040 32856 43547 20060 32519 43540
20080 32250 20100 32031 20120 31884 20140 31710 20180 31585
20300 31144 20500 30950
444 20120 08070 1307/ 521//=
ZZYY 23010 09070 21004 304006 080521 6112/
11119 02309 10275 29085
22219 00283
444 20120 09070 2056/ 521// 60401=
ZZYY 51009 08070 12004 502040 140003 6111/
11119 00714 10247 29084
22219 00256
33311 88872 20000 32559 20001 32568 43515 20020 32534 20040 32527
20060 32399 20080 31827 20100 31405 20120 31315 20140 31281
20180 31228 20300 31145 20500 30827
444 20110 08070 1246/ 521// 60401=
ZZYY 51009 09070 21004 502056 139995 6111/
11119 00911 10243 29089
22219 00247
444 20110 09070 2147/ 521// 60401=
ZZYY 32305 08070 12004 507984 095262 6111/
11119 01316 10216 29089
22219 00244
33311 88872 20000 32440 20001 32440 43540 20020 32440 20040 32440
20060 32433 20080 31986 20100 31633 20140 31341 20180 31232
20300 31083 20500 30805
444 20110 08070 1219/ 521// 60401=
ZZYY 32305 09070 21004 507990 095263 6111/
11119 00911 10234 29067
22219 00243
444 20110 09070 2012/ 521// 60401=
ZZYY 23008 08070 12004 111941 089904 6112/
11119 02109 10291 29081
22219 00294
33311 88872 20000 32942 20001 32928 43260 20020 32939 43286
20040 32950 43304 20060 32931 43392 20080 32655 20100 32284
20120 32032 20140 31823 20180 31483 20300 31176 20500 31001
444 20120 08070 1310/ 521// 60401=
ZZYY 23008 09070 20004 111938 089904 6111/
11119 02311 10289 29083
22219 00293
444 20110 09070 1922/ 521// 60401=
ZZYY 32322 08070 12004 502033 095207 6111/
11119 01312 10221 29080
22219 00214
33311 88872 20000 32142 20001 32150 43500 20020 32124 20060 31485
20080 31426 20100 31409 20120 31391 20140 31376 20180 31348
20300 31201 20500 30790
444 20110 08070 1217/ 521// 60401=
ZZYY 32322 09070 21004 502058 095209 6111/
11119 00910 10214 29086
22219 00215
444 20110 09070 2144/ 521// 60401=
ZZYY 32319 08070 1200/ 507991 110081 6111/
33311 88872 20001 32526 43531 20020 32525 20040 32527 20060 32526
20080 32342 20100 32060 20120 31746 20140 31498 20180 31281
20300 31101 20500 30869
444 20110 08070 0924/ 521//=
ZZYY 32319 09070 21004 507988 110078 6112/
11119 01216 10256 29076
22219 00253
444 20120 09070 2015/ 521// 60401=
ZZYY 51307 08070 1200/ 708039 125010 6111/
33311 88872 20001 32843 43355 20020 32792 20040 32726 20060 31892
20080 31448 20100 31303 20120 31235 20140 31195 20300 31014
20500 30805
444 20110 08070 1101/ 521//=
####018000185####
SSVX06 KARS 100023
ZZYY 47554 09070 2043/ 779405 108521 6113/
444 20130 09070 2038/ 500// 9/000=
ZZYY 48558 09070 2044/ 782430 102093 6111/
444 20110 09070 2039/ 500// 9/000=
####018014895####
SSVX02 KARS 100023
ZZYY 16593 09070 2110/ 325008 090590 6111/
11119 30211 40211 57014
22219 00206
444 20110 09070 2112/ 50101 80110 80009 9////=
ZZYY 23654 09070 2100/ 123901 064741 6113/
22219 00285
444 20130 09070 2101/ 500//=
ZZYY 23653 09070 2100/ 121049 065887 6113/
22219 00301
444 20130 09070 2101/ 500//=
ZZYY 23653 09070 2110/ 121045 065911 6113/
22219 00301
444 20130 09070 2107/ 500//=
ZZYY 23656 09070 2100/ 122089 065379 6113/
22219 00300
444 20130 09070 2101/ 500//=
ZZYY 23658 09070 2100/ 123704 063894 6113/
22219 00301
444 20130 09070 2101/ 500//=
ZZYY 32808 09070 2158/ 525892 124076 6112/
22219 00225
444 20120 09070 2150/ 50101 80054 80099 9/015=
ZZYY 32804 09070 2159/ 519637 112595 6112/
22219 00235
444 20120 09070 2151/ 50101 80055 80099 9/015=
ZZYY 32801 09070 2158/ 522565 122782 6113/
22219 00243
444 20130 09070 2151/ 50101 80054 80001 9/015=
ZZYY 51763 09070 2202/ 708671 134104 6112/
22219 00272
444 50101 80081 80007 9/015=
ZZYY 51781 09070 2204/ 709121 145451 6111/
22219 00278
444 20110 09070 2151/ 50101 80101 80022 9/015=
ZZYY 51795 09070 2203/ 708163 143116 6111/
22219 00279
444 20110 09070 2159/ 50101 80103 80004 9/015=
ZZYY 51793 09070 2201/ 710501 132537 6111/
22219 00280
444 50101 80103 80008 9/015=
ZZYY 16963 09070 1710/ 328021 071952 6112/
444 20120 09070 1731/ 50101 9////=
ZZYY 32692 09070 2200/ 511931 139207 6111/
22219 00274
444 20110 09070 2155/ 50101 80063 80255 9/015=
ZZYY 48672 09070 2041/ 782899 102116 6113/
444 20130 09070 2039/ 500// 9/000=
ZZYY 48673 09070 2043/ 781777 107097 6112/
444 20120 09070 2038/ 500// 9/000=
ZZYY 48673 09070 2355/ 781798 106986 6111/
444 500// 9/000=
ZZYY 32694 09070 2153/ 516281 097183 6112/
22219 00213
444 20120 09070 2151/ 50101 80110 80074 9/015=
ZZYY 32829 09070 2155/ 517295 094452 6111/
22219 00206
444 20110 09070 2150/ 50101 80116 80092 9/015=
ZZYY 32695 09070 2151/ 522557 085179 6111/
22219 00185
444 20110 09070 2302/ 50101 80112 80062 9/015=
ZZYY 32534 09070 2203/ 506098 117993 6111/
22219 00256
444 20110 09070 2145/ 50101 80112 80017 9/015=
ZZYY 32686 09070 2150/ 519501 085196 6112/
22219 00189
444 20120 09070 2138/ 50101 80114 80019 9/015=
ZZYY 32682 09070 2154/ 516706 090640 6111/
22219 00207
444 20110 09070 2150/ 50101 80112 80090 9/015=
ZZYY 32720 09070 2159/ 508243 113407 6111/
22219 00249
444 20110 09070 2155/ 50101 80112 80022 9/015=
ZZYY 32689 09070 2156/ 517468 096093 6112/
22219 00207
444 20120 09070 2152/ 50101 80112 80079 9/015=
ZZYY 34515 09070 2155/ 531983 109363 6111/
22219 00189
444 20110 09070 2148/ 50101 80009 80020 9////=
ZZYY 34538 09070 2157/ 521070 116690 6111/
22219 00235
444 20110 09070 2151/ 50101 80013 80000 9////=
ZZYY 32538 09070 2149/ 531992 104839 6111/
22219 00185
444 20110 09070 2147/ 50101 80009 80063 9////=
ZZYY 34539 09070 2154/ 526072 106474 6113/
22219 00210
444 20130 09070 2149/ 50101 80011 80028 9////=
ZZYY 32736 09070 2156/ 515764 135577 6111/
22219 00266
444 20110 09070 2153/ 50101 80136 80060 9/015=
ZZYY 32616 09070 2155/ 515499 096854 6111/
22219 00216
444 20110 09070 2152/ 50101 80114 80025 9/015=
ZZYY 32620 09070 2155/ 519050 095452 6112/
22219 00209
444 20120 09070 2151/ 50101 80112 80112 9/015=
ZZYY 32640 09070 2150/ 521324 084262 6111/
22219 00187
444 20110 09070 2136/ 50101 80110 80105 9/015=
ZZYY 32642 09070 2157/ 518954 096579 6112/
22219 00208
444 20120 09070 2151/ 50101 80114 80000 9/015=
ZZYY 32627 09070 2158/ 520697 101763 6112/
22219 00214
444 20120 09070 2150/ 50101 80110 80086 9/015=
ZZYY 32738 09070 2158/ 520236 134114 6111/
22219 00251
444 20110 09070 2152/ 50101 80100 80005 9////=
ZZYY 14568 09070 2118/ 325295 037167 6112/
22219 00228
444 20120 09070 2055/ 50101 80059 80012 9/015=
ZZYY 14938 09070 2112/ 304658 089179 6112/
22219 00291
444 20120 09070 2108/ 50101 80119 80011 9/015=
ZZYY 14914 09070 2120/ 323387 049640 6112/
22219 00248
444 20120 09070 2115/ 50101 80109 80007 9/015=
ZZYY 14921 09070 2112/ 323893 055789 6111/
22219 00240
444 20110 09070 2113/ 50101 9/015=
ZZYY 14933 09070 2112/ 306870 084852 6113/
22219 00285
444 20130 09070 2107/ 50101 80111 80029 9/015=
ZZYY 14928 09070 2116/ 306732 053044 6112/
22219 00260
444 20120 09070 2110/ 50101 80121 80013 9/015=
ZZYY 14927 09070 2116/ 311262 054652 6112/
22219 00263
444 20120 09070 2111/ 50101 80125 80045 9/015=
ZZYY 51868 09070 2159/ 702000 123652 6112/
22219 00264
444 50101 80125 80029 9/015=
ZZYY 51896 09070 2201/ 704334 097581 6112/
22219 00275
444 20120 09070 2157/ 50101 80125 80000 9/015=
ZZYY 51892 09070 2203/ 705734 100033 6112/
22219 00280
444 20120 09070 2147/ 50101 80125 80030 9/015=
ZZYY 51639 09070 2200/ 706130 113662 6112/
22219 00271
444 50101 80127 80015 9/015=
ZZYY 32926 09070 2200/ 515553 128705 6112/
22219 00256
444 20120 09070 2154/ 50101 80033 80255 9/015=
ZZYY 32535 09070 2158/ 510529 106050 6111/
22219 00238
444 20110 09070 2153/ 50101 80117 80255 9/015=
ZZYY 14569 09070 2117/ 321141 059785 6111/
22219 00241
444 20110 09070 2113/ 50101 80099 80011 9/015=
ZZYY 14934 09070 2114/ 305479 053276 6112/
22219 00265
444 20120 09070 2109/ 50101 80123 80035 9/015=
ZZYY 14901 09070 2109/ 104573 057896 6112/
22219 00281
444 20120 09070 2106/ 50101 80121 80014 9/015=
ZZYY 14935 09070 2112/ 303166 086788 6113/
22219 00289
444 20130 09070 2106/ 50101 80097 80031 9/015=
ZZYY 14925 09070 2116/ 308327 064255 6111/
22219 00268
444 20110 09070 2111/ 50101 80097 80031 9/015=
ZZYY 32823 09070 2158/ 514312 137804 6111/
444 20110 09070 2153/ 50101 80079 80000 9/015=
ZZYY 32807 09070 2201/ 512771 116458 6111/
22219 00245
444 20110 09070 2144/ 50101 80101 80000 9/015=
ZZYY 31905 09070 2239/ 529142 032179 6112/
22219 00195
444 50101 8//// 80050 9/015=
ZZYY 31985 09070 2130/ 531374 011696 6112/
11119 30298 40298 52013
444 20120 09070 2125/ 50101 8//// 80000 9////=
ZZYY 31985 09070 2230/ 531374 011696 6112/
11119 30300 40300 52006
444 20120 09070 2125/ 50101 8//// 80000 9////=
ZZYY 31929 09070 2200/ 525616 002738 6112/
11119 30244 40244 52015
22219 00203
444 20120 09070 2127/ 50101 8//// 80096 9/015=
ZZYY 17688 09070 2150/ 529081 004538 6112/
11119 40298 52017
22219 00193
444 20120 09070 2237/ 50101 80011 80002 9////=
ZZYY 17657 09070 2150/ 535131 008591 6112/
11119 30301 40301 52009
22219 00165
444 20120 09070 2126/ 50101 8//// 80100 9/015=
ZZYY 15679 09070 2246/ 505437 028221 6113/
22219 00277
444 20130 09070 2247/ 50101 80114 80118 9/015=
ZZYY 17521 09070 2130/ 334458 001493 6113/
11119 30264 40264 52024
22219 00153
444 20130 09070 2126/ 50101 80138 80063 9/015=
ZZYY 17520 09070 2236/ 341518 021297 6111/
22219 00107
444 20110 09070 2231/ 50101 80084 80023 9////=
ZZYY 33951 09070 2237/ 345006 017986 6111/
22219 00067
444 20110 09070 2233/ 50101 80086 9/015=
ZZYY 15617 09070 2220/ 524863 016489 6112/
11119 40290 52007
22219 00222
444 20120 09070 2238/ 50101 80012 80000 9/015=
ZZYY 33690 09070 2236/ 347023 020214 6112/
22219 00052
444 20120 09070 2231/ 50101 80086 9/015=
ZZYY 33687 09070 2240/ 340294 006677 6112/
22219 00097
444 20120 09070 2234/ 50101 80086 80131 9/015=
ZZYY 33691 09070 2237/ 333203 013444 6112/
22219 00162
444 20120 09070 1932/ 50101 80088 9/015=
ZZYY 33692 09070 2236/ 346957 023775 6111/
22219 00053
444 20110 09070 2231/ 50101 80086 9/015=
ZZYY 15631 09070 2239/ 516944 004344 6113/
22219 00216
444 50101 80114 80066 9/015=
ZZYY 15641 09070 2243/ 515173 006810 6112/
22219 00221
444 20120 09070 2241/ 50101 80116 80015 9/015=
ZZYY 31757 09070 2243/ 523579 041449 6112/
22219 00245
444 20120 09070 2300/ 50101 80049 80028 9/015=
ZZYY 15915 09070 2242/ 527615 037922 6112/
22219 00208
444 20120 09070 2239/ 50101 80006 80008 9////=
ZZYY 31786 09070 2240/ 535752 040761 6112/
22219 00169
444 20120 09070 2255/ 50101 80085 80014 9/015=
ZZYY 31712 09070 2243/ 521199 037121 6111/
22219 00247
444 20110 09070 2240/ 50101 80085 80032 9/015=
ZZYY 14540 09070 2234/ 337067 026042 6112/
22219 00201
444 20120 09070 2249/ 50101 80073 80009 9/015=
ZZYY 17653 09070 2140/ 524054 014492 6112/
22219 00223
444 20120 09070 2127/ 50101 80008 80005 9/015=
ZZYY 33685 09070 2130/ 332156 009480 6112/
11119 30159 40159
22219 00164
444 20120 09070 2056/ 50101 9/015=
ZZYY 17678 09070 2200/ 324091 001862 6113/
11119 30227 40227 54000
22219 00196
444 20130 09070 2128/ 50101 80120 80006 9/015=
ZZYY 32871 09070 2159/ 518343 111071 6112/
22219 00229
444 20120 09070 2153/ 50101 80116 80099 9/015=
ZZYY 32564 09070 2155/ 528383 134553 6112/
22219 00216
444 20120 09070 2150/ 50101 80011 80099 9/015=
ZZYY 52836 09070 2157/ 522200 135236 6111/
22219 00244
444 20110 09070 2153/ 50101 80011 80099 9/015=
ZZYY 23685 09070 2108/ 107727 085870 6112/
22219 00289
444 20120 09070 2104/ 50101 80011 80099 9/015=
ZZYY 32928 09070 2157/ 517687 099996 6112/
22219 00215
444 20120 09070 2150/ 50101 80116 80034 9/015=
ZZYY 32536 09070 2151/ 522176 086225 6111/
22219 00191
444 20110 09070 2148/ 50101 80114 80038 9/015=
ZZYY 32830 09070 2157/ 516365 107897 6111/
22219 00226
444 20110 09070 2151/ 50101 80120 80099 9/015=
ZZYY 32803 09070 2157/ 524908 114472 6112/
22219 00221
444 20120 09070 2140/ 50101 80114 80099 9/015=
ZZYY 32802 09070 2158/ 523642 125780 6112/
22219 00232
444 20120 09070 2151/ 50101 80102 80009 9/015=
ZZYY 32827 09070 2158/ 521814 112582 6111/
22219 00230
444 20110 09070 2150/ 50101 80114 80099 9/015=
ZZYY 54925 09070 2152/ 528276 140688 6111/
22219 00208
444 20110 09070 2149/ 50101 80114 80090 9/015=
ZZYY 32805 09070 2156/ 529659 117758 6111/
22219 00208
444 20110 09070 2149/ 50101 80114 80099 9/015=
ZZYY 32816 09070 2158/ 519022 116938 6111/
22219 00246
444 20110 09070 2151/ 50101 80114 80099 9/015=
ZZYY 32558 09070 2159/ 511921 102009 6112/
22219 00231
444 20120 09070 2153/ 50101 80118 80099 9/015=
ZZYY 32613 09070 2157/ 522815 134803 6111/
22219 00239
444 20110 09070 2151/ 50101 80011 80099 9/015=
ZZYY 32611 09070 2157/ 513611 138009 6111/
22219 00270
444 20110 09070 2153/ 50101 80011 80099 9/015=
ZZYY 32815 09070 2158/ 514652 134633 6111/
22219 00263
444 20110 09070 2145/ 50101 80055 80099 9/015=
ZZYY 23682 09070 2110/ 309554 081544 6112/
11119 30096 40096 57015
22219 00271
444 50101 80120 80063 9/015=
ZZYY 32546 09070 2159/ 515230 132501 6112/
22219 00260
444 20120 09070 2154/ 50101 80056 80099 9/015=
ZZYY 32971 09070 2201/ 502047 098981 6111/
22219 00217
444 20110 09070 2156/ 50101 80099 80035 9/015=
ZZYY 32973 09070 2201/ 500990 101360 6111/
22219 00218
444 20110 09070 2155/ 50101 80099 80032 9/015=
ZZYY 32974 09070 2159/ 504041 104352 6112/
22219 00226
444 20120 09070 2155/ 50101 80101 80038 9/015=
ZZYY 32975 09070 2202/ 504486 106680 6112/
22219 00239
444 20120 09070 2155/ 50101 80101 80037 9/015=
ZZYY 46587 09070 2207/ 715491 112103 6113/
22219 00277
444 20130 09070 2201/ 50101 80104 80045 9/015=
ZZYY 23908 09070 2100/ 307066 092998 6112/
11119 30094 40094 57014
22219 00286
444 20120 09070 2106/ 50101 80120 80006 9/015=
ZZYY 63932 09070 2044/ 172309 033415 6112/
22219 00072
444 50101 8//// 80035 9/015=
ZZYY 63932 10070 0003/ 172304 033429 6112/
22219 00071
444 20120 09070 2359/ 50101 80012 80037 9/015=
ZZYY 63685 09070 2046/ 174857 035872 6112/
22219 00056
444 20120 09070 2043/ 50101 80012 80008 9////=
ZZYY 63949 09070 2043/ 171317 018380 6111/
22219 00093
444 20110 09070 2033/ 50101 80012 80008 9/015=
ZZYY 63949 10070 0003/ 171320 018583 6112/
22219 00092
444 20120 09070 2359/ 50101 80012 80009 9/015=
ZZYY 63945 09070 2045/ 178250 004557 6111/
22219 00066
444 20110 09070 2041/ 50101 80011 80029 9/015=
ZZYY 63945 10070 0002/ 178254 004557 6111/
22219 00066
444 20110 09070 2357/ 50101 80012 80028 9/015=
ZZYY 63582 09070 2044/ 172646 021420 6111/
22219 00081
444 20110 09070 2033/ 50101 80012 80008 9/015=
ZZYY 63582 10070 0004/ 172663 021529 6112/
22219 00081
444 20120 09070 2359/ 50101 80011 80009 9/015=
ZZYY 63577 09070 2044/ 175429 038683 6112/
22219 00037
444 20120 09070 2033/ 50101 80012 80007 9/015=
ZZYY 63577 10070 0004/ 175458 038740 6112/
22219 00035
444 20120 09070 2358/ 50101 80012 80006 9/015=
ZZYY 63578 09070 2046/ 173679 032760 6112/
22219 00069
444 20120 09070 2043/ 50101 80011 80009 9/015=
ZZYY 63578 10070 0004/ 173665 032773 6112/
22219 00069
444 20120 09070 2358/ 50101 80012 80009 9/015=
ZZYY 63575 09070 2046/ 172965 023872 6111/
22219 00081
444 20110 09070 2043/ 50101 80012 80004 9/015=
ZZYY 63575 10070 0003/ 172965 023973 6112/
22219 00081
444 20120 10070 0000/ 50101 80012 80006 9/015=
ZZYY 63585 09070 2046/ 174724 021422 6111/
22219 00042
444 20110 09070 2043/ 50101 80011 80006 9/015=
ZZYY 51617 09070 2203/ 706804 146114 6111/
22219 00281
444 20110 09070 2150/ 50101 80143 80039 9/015=
ZZYY 32543 09070 2159/ 517366 134899 6111/
22219 00264
444 20110 09070 2154/ 50101 80056 80099 9/015=
ZZYY 64937 09070 2040/ 174537 000334 6111/
22219 00041
33311 88872 20000 30405 43484
444 20110 09070 2042/ 50101 80110 80100 9/015=
ZZYY 32878 09070 2153/ 528435 136904 6112/
22219 00220
444 20120 09070 2139/ 50101 80053 80000 9////=
ZZYY 32630 09070 2155/ 527806 131337 6111/
22219 00219
444 20110 09070 2149/ 50101 80010 80002 9////=
ZZYY 32867 09070 2200/ 707262 110016 6112/
22219 00275
444 20120 09070 2157/ 50101 80138 80005 9/015=
ZZYY 51958 09070 2203/ 703127 143019 6111/
22219 00268
444 20110 09070 2159/ 50101 80145 80046 9/015=
ZZYY 32542 09070 2159/ 507530 109393 6111/
22219 00254
444 20110 09070 2154/ 50101 80136 80009 9/015=
ZZYY 32629 09070 2156/ 528081 132896 6112/
22219 00218
444 20120 09070 2150/ 50101 80118 80001 9/015=
ZZYY 44837 09070 2159/ 706265 135840 6111/
22219 00271
444 20110 09070 2150/ 50101 80136 80008 9/015=
ZZYY 32628 09070 2157/ 521588 136500 6111/
22219 00248
444 20110 09070 2141/ 50101 80012 80004 9////=
ZZYY 32866 09070 2201/ 504734 125234 6111/
22219 00258
444 20110 09070 2156/ 50101 80138 80002 9/015=
ZZYY 51924 09070 2158/ 705580 102897 6111/
22219 00278
444 50101 80118 80014 9/015=
ZZYY 51927 09070 2202/ 710660 144796 6112/
22219 00272
444 20120 09070 2334/ 50101 80120 80029 9/015=
ZZYY 51904 09070 2204/ 705720 107095 6113/
22219 00276
444 20130 09070 2158/ 50101 80120 80023 9/015=
ZZYY 51914 09070 2201/ 704215 098846 6113/
22219 00277
444 20130 09070 2016/ 50101 80120 80022 9/015=
####018000213####
SSVX12 KARS 100023
ZZYY 48636 09070 2050/ 177844 154168 6112/
11119 11001 30132 40132
444 20120 09070 2042/=
ZZYY 48522 09070 2050/ 174504 173835 6112/
11119 11007 30183 40183
444 20120 09070 2041/=
####018003011####
SSVX02 KARS 100023 RRA
ZZYY 51878 09070 2201/ 706074 125343 6113/
22219 00278
444 20130 09070 2156/ 50101 80122 80024 9/015=
ZZYY 33907 09070 2150/ 533227 011495 6112/
11119 30299 40299 52005
22219 00167
444 20120 09070 2126/ 50101 8//// 80100 9////=
ZZYY 33908 09070 2210/ 529722 009722 6111/
11119 30290 40290 52010
22219 00190
444 20110 09070 2237/ 50101 8//// 80100 9/015=
ZZYY 15635 09070 2240/ 521717 006350 6113/
22219 00222
444 20130 09070 2238/ 50101 80136 80009 9/015=
ZZYY 17676 09070 2240/ 327792 000251 6112/
11119 30244 40244 52016
22219 00200
444 20120 09070 2237/ 50101 80120 80100 9/015=
ZZYY 31921 09070 2245/ 525251 033278 6112/
22219 00232
444 20120 09070 2239/ 50101 80109 80019 9////=
ZZYY 31758 09070 2244/ 526854 033647 6112/
22219 00221
444 20120 09070 2239/ 50101 80011 80029 9/015=
ZZYY 31755 09070 2241/ 532024 040196 6111/
22219 00179
444 20110 09070 2238/ 50101 80010 80013 9////=
ZZYY 31927 09070 2240/ 533248 041423 6112/
22219 00178
444 20120 09070 2256/ 50101 80010 80017 9////=
ZZYY 31914 09070 2241/ 534017 037434 6111/
22219 00173
444 20110 09070 2237/ 50101 80109 80015 9/015=
ZZYY 31920 09070 2243/ 536025 021250 6113/
22219 00140
444 20130 09070 2237/ 50101 80009 80052 9////=
ZZYY 17513 09070 2200/ 530786 015295 6112/
11119 30286 40286 52007
22219 00183
444 20120 09070 2127/ 50101 8//// 80100 9////=
ZZYY 31917 09070 2237/ 538196 042452 6112/
22219 00170
444 20120 09070 2255/ 50101 80009 80036 9////=
ZZYY 31923 09070 2239/ 540764 040295 6111/
22219 00133
444 20110 09070 2235/ 50101 80010 80080 9////=
ZZYY 31926 09070 2243/ 534818 027104 6112/
22219 00164
444 20120 09070 2236/ 50101 80012 80029 9////=
ZZYY 31537 09070 2242/ 530373 041183 6111/
22219 00214
444 20110 09070 2238/ 50101 80117 80034 9/015=
ZZYY 33903 09070 2140/ 536895 030149 6111/
22219 00153
444 20110 09070 2125/ 50101 80060 80000 9/015=
ZZYY 63969 10070 0001/ 174913 012034 6112/
22219 00063
444 20120 09070 2358/ 50101 80011 80032 9/015=
ZZYY 63974 10070 0002/ 766932 002129 6111/
22219 00093
444 20110 09070 2305/ 50101 80012 80007 9/015=
ZZYY 63966 10070 0001/ 766280 001376 6111/
22219 00090
444 20110 09070 2359/ 50101 80012 80006 9/015=
ZZYY 61950 10070 0010/ 136670 035772 6113/
22219 00275
444 20130 10070 0008/ 500// 80018 9/001=
ZZYY 63579 10070 0002/ 770451 004539 6111/
444 20110 09070 2359/ 50101 80011 80004 9////=
ZZYY 63951 10070 0001/ 766684 009799 6111/
444 20110 09070 2337/ 50101 80012 80006 9/015=
ZZYY 63948 10070 0003/ 173867 024690 6113/
22219 00072
444 20130 09070 2359/ 50101 80012 80037 9/015=
ZZYY 63576 10070 0001/ 175433 002861 6112/
22219 00052
444 20120 09070 2358/ 50101 80012 80005 9////=
ZZYY 63583 10070 0004/ 173440 029201 6113/
22219 00072
444 20130 09070 2359/ 50101 80011 80029 9/015=
ZZYY 63584 10070 0000/ 172181 012919 6112/
22219 00081
444 20120 09070 2226/ 50101 80011 80042 9/015=
####018000385####
SSVX13 KARS 100023
ZZYY 61503 09070 2300/ 144046 030676 6111/
11119 40119 57005
22219 00235
444 20110 09070 2235/ 50101 80112 80000 9/015=
ZZYY 61503 10070 0000/ 144048 030678 6111/
11119 40118 57008
22219 00234
444 20110 10070 0005/ 50101 80112 80000 9/015=
ZZYY 32597 09070 2200/ 511693 121029 6112/
22219 00251
444 20120 09070 2154/ 50101 80102 80006 9/015=
####018001285####
SSVX13 LFVW 100023
ZZYY 23714 09070 2100/ 309111 089766 6111/
11119 30101 40101 57016
22219 00275
444 20110 09070 2057/ 50101 80130 80062 9/015=
ZZYY 23924 09070 2100/ 111270 086749 6112/
11119 30082 40082 57013
22219 00294
444 20120 09070 2103/ 50101 80130 80000 9/015=
ZZYY 23923 09070 2100/ 112872 087711 6113/
11119 30083 40083 57011
22219 00294
444 20130 09070 2103/ 50101 80130 80051 9/015=
ZZYY 23598 09070 2100/ 116722 070805 6112/
11119 30076 40076 57014
22219 00294
444 20120 09070 2101/ 50101 80130 80065 9/015=
ZZYY 23600 09070 2100/ 109146 071437 6113/
11119 30095 40095 57018
22219 00287
444 20130 09070 2104/ 50101 80130 80029 9/015=
ZZYY 56536 09070 2000/ 315548 095909 6112/
11119 30149 40149 57012
22219 00259
444 20120 09070 1918/ 50101 80110 80013 9/015=
ZZYY 63640 09070 2350/ 769259 000047 6111/
22219 00091
444 20110 09070 2359/ 50101 80080 80003 9/015=
ZZYY 63641 09070 2350/ 176208 043959 6111/
22219 00039
444 20110 09070 2356/ 50101 80080 80005 9/015=
ZZYY 63507 09070 2350/ 169626 018206 6112/
11119 57006
22219 00119
444 20120 09070 2358/ 50101 80090 80002 9/015=
ZZYY 63508 09070 2250/ 169827 018562 6112/
11119 57005
22219 00118
444 20120 09070 1126/ 50101 80090 80000 9/015=
