####018000143####
SSVX04 KARS 211714
ZZYY 46658 21091 1654/ 753105 153369 6112/
11119 49857 52006
22219 00104
444 20120 21091 1705/ 503// 80158 80016=
####018000155####
SSVX13 KARS 211714
ZZYY 14917 21091 1400/ 326497 074252 6112/
11119 30279 40279 52008
22219 00211
444 20120 21091 1337/ 50101 80115 80002 9/015=
####018003197####
SSVX08 KARS 211714
ZZYY 14046 20091 12004 316004 055000 6111/
11119 01116 10246 29087 40174
33311 88872 20020 32456 43535 20040 32455 43555 20060 32455 43531
20080 32458 20100 32409 20120 32239 20140 32082 20500 30956
444 20110 20091 1212/ 521// 60401=
ZZYY 23001 20091 1200/ 100121 080522 6113/
33311 88872 20001 32936 43427 20020 32894 43439 20040 32858 43437
20060 32569 43524 20080 32453 20100 32254 20120 32089 20140 31959
20180 31504 20300 31152 20500 30963
444 20130 20091 1050/ 521//=
ZZYY 23001 21091 16004 100119 080533 6112/
11119 02006 10288 29072 40131
22219 00296
444 20120 21091 1616/ 521// 60401=
ZZYY 14043 20091 1200/ 312206 067221 6111/
33311 88872 20001 32608 43524 20020 32609 43523 20040 32608 43525
20060 32608 43525 20080 32607 20100 32546 20120 32090 20140 31884
20180 31635 20300 31164 20500 30851
444 20110 20091 1057/ 521//=
ZZYY 23003 20091 1200/ 301502 080504 6112/
33311 88872 20001 32892 43439 20020 32891 43444 20040 32892 43448
20060 32801 43487 20080 32441 20100 32189 20120 31913 20140 31745
20180 31490 20300 31197 20500 30950
444 20120 20091 1047/ 521//=
ZZYY 14041 20091 12004 307935 055071 6112/
11119 00612 10262 29089
22219 00271
33311 88872 20000 32709 20001 32700 43545 20020 32693 43532
20040 32693 43540
444 20120 20091 1213/ 521// 60401=
ZZYY 53006 20091 1200/ 312001 080518 6112/
33311 88872 20001 32639 43475 20020 32639 43473 20040 32639 43474
20060 32619 43473 20080 32244 20140 31598 20180 31425 20300 31132
20500 30861
444 20120 20091 1046/ 521//=
ZZYY 53006 21091 16004 311997 080519 6111/
11119 01523 10259 29079 40154
22219 00263
444 20110 21091 1022/ 521// 60401=
ZZYY 23002 20091 1200/ 101570 080510 6113/
33311 88872 20001 32900 43446 20020 32880 43449 20040 32854
20060 32703 43492 20080 32429 20100 32175 20120 31947 20140 31795
20180 31432 20300 31174
444 20130 20091 1050/ 521//=
ZZYY 53005 20091 1200/ 307997 080452 6112/
33311 88872 20001 32826 43482 20020 32827 43481 20040 32828 43483
20060 32558 43512 20080 32435 20100 32279 20120 32107 20140 31951
20180 31730 20300 31256 20500 30978
444 20120 20091 1048/ 521//=
ZZYY 53005 21091 16004 307996 080465 6111/
11119 00912 10276 29079
22219 00283
444 20110 21091 1323/ 521// 60401=
ZZYY 23010 20091 1200/ 303979 080493 6113/
33311 88872 20001 32881 43437 20020 32875 43458 20040 32873 43458
20060 32873 43459 20080 32726 20100 32430 20120 32025 20140 31627
20180 31367 20300 31101 20500 30912
444 20130 20091 1049/ 521//=
ZZYY 23010 21091 16004 303976 080501 6111/
11119 01310 10274 29088
22219 00286
444 20110 21091 1616/ 521// 60401=
ZZYY 51006 20091 1200/ 709010 140231 6113/
33311 88872 20001 32753 43392 20020 32780 20040 32736 20060 32181
20080 31610 20100 31281 20120 31207 20140 31152 20180 31088
20300 30987 20500 30829
444 20130 20091 1148/ 521//=
ZZYY 48400 20091 12004 750130 144819 6111/
11119 02224 10122 29088
22219 00127
33311 88872 20000 31266 20001 31265 43798
444 20110 20091 1139/ 521// 60401=
ZZYY 48400 21091 17004 750119 144806 6112/
11119 02622 10114 29076
22219 00124
444 20120 21091 1705/ 521// 60401=
####018009675####
SSVX02 KARS 211714
ZZYY 17671 21091 1540/ 327381 055700 6113/
22219 00205
444 20130 21091 1338/ 50101 80080 80097 9/015=
ZZYY 16555 21091 1600/ 333672 078320 6113/
22219 00155
444 20130 21091 1614/ 50101 80110 80000 9/015=
ZZYY 33972 21091 1540/ 341062 054045 6111/
444 20110 21091 1333/ 50101 80009 80000 9////=
ZZYY 33972 21091 1440/ 341062 054045 6111/
444 20110 21091 1333/ 50101 80009 80000 9////=
ZZYY 16575 21091 1540/ 338861 077703 6113/
11119 30200 40200 52020
22219 00126
444 20130 21091 1606/ 50101 80110 80000 9/015=
ZZYY 16575 21091 1440/ 338868 077658 6113/
11119 30204 40204 52006
22219 00127
444 20130 21091 1334/ 50101 80110 80000 9/015=
ZZYY 16563 21091 1540/ 335070 092247 6113/
11119 30255 40255 52003
22219 00134
444 20130 21091 1606/ 50101 80110 80000 9/015=
ZZYY 17656 21091 1600/ 333122 080970 6113/
11119 30298 40298 52005
22219 00150
444 20130 21091 1615/ 50101 80110 80000 9/015=
ZZYY 17656 21091 1500/ 333146 080961 6111/
11119 30299 40299 52008
22219 00150
444 20110 21091 1427/ 50101 80110 80000 9/015=
ZZYY 17902 21091 1540/ 344828 077096 6112/
22219 00106
444 20120 21091 1606/ 50101 80110 80100 9/015=
ZZYY 17522 21091 1600/ 339742 098495 6112/
11119 30141 40141
444 20120 21091 1605/ 50101 80090 80100 9/015=
ZZYY 14545 21091 1350/ 317666 055491 6113/
11119 30189 40189 57243
22219 00241
444 20130 21091 1343/ 50101 80110 80013 9/015=
ZZYY 33520 21091 1350/ 338945 055298 6111/
11119 30167 40167 52016
22219 00154
444 20110 21091 1335/ 50101 80100 80000 9/015=
ZZYY 33520 21091 1550/ 338911 055277 6111/
11119 30184 40184 52022
22219 00153
444 20110 21091 1607/ 50101 80100 80000 9/015=
ZZYY 33651 21091 1440/ 345363 078342 6112/
22219 00054
444 20120 21091 1432/ 50101 80100 80000 9/015=
ZZYY 33659 21091 1520/ 325828 076148 6112/
11119 40289 52012
22219 00201
444 20120 21091 1614/ 50101 80010 80005 9////=
ZZYY 14543 21091 1420/ 318475 074638 6112/
11119 30217 40217 57243
22219 00239
444 20120 21091 1618/ 50101 80110 80011 9/015=
ZZYY 16963 21091 1510/ 325386 059862 6111/
11119 40234 52011
22219 00223
444 20110 21091 1614/ 50101 80009 80000 9////=
ZZYY 16963 21091 1410/ 325379 059858 6113/
11119 40228 52004
22219 00223
444 20130 21091 1339/ 50101 80009 80000 9////=
ZZYY 55599 21091 1600/ 347907 061224 6111/
11119 49959 52021
22219 00029
444 20110 21091 1604/ 50101 80008 80003 9////=
ZZYY 16513 21091 1600/ 336512 099527 6113/
11119 30209 40209 57004
22219 00141
444 20130 21091 1606/ 50101 8//// 80000 9////=
ZZYY 14554 21091 1430/ 332177 065511 6112/
11119 40244 52008
22219 00179
444 20120 21091 1337/ 50101 80010 80000 9////=
ZZYY 14554 21091 1530/ 332194 065537 6113/
11119 40248 52010
22219 00179
444 20130 21091 1613/ 50101 80010 80000 9////=
ZZYY 33568 21091 1530/ 344200 075747 6113/
22219 00104
444 20130 21091 1605/ 50101 80090 80100 9/015=
ZZYY 14916 21091 1530/ 320114 056722 6111/
11119 30215 40215 52016
22219 00238
444 20110 21091 1614/ 50101 80120 80029 9/015=
ZZYY 33951 21091 1613/ 338955 087173 6111/
22219 00116
444 20110 21091 1559/ 50101 80072 80027 9/015=
ZZYY 16593 21091 1540/ 328573 056725 6111/
11119 30227 40227 52010
22219 00210
444 20110 21091 1614/ 50101 80100 80006 9////=
ZZYY 14926 21091 1500/ 332079 054432 6113/
11119 30212 40212 52012
444 20130 21091 1338/ 50101 8//// 80000 9/015=
ZZYY 14549 21091 1450/ 332711 059874 6112/
11119 30212 40212 52010
22219 00178
444 20120 21091 1337/ 50101 8//// 80006 9////=
ZZYY 14549 21091 1350/ 332711 059874 6112/
11119 30210 40210 52005
22219 00178
444 20120 21091 1337/ 50101 8//// 80006 9////=
ZZYY 14549 21091 1550/ 332711 059878 6112/
11119 30220 40220 52016
22219 00178
444 20120 21091 1608/ 50101 8//// 80005 9////=
ZZYY 17660 21091 1550/ 327456 101298 6112/
11119 30259 40259 52004
22219 00202
444 20120 21091 1608/ 50101 80110 80032 9////=
ZZYY 33690 21091 1609/ 342361 099574 6112/
22219 00107
444 20120 21091 1558/ 50101 80074 80117 9/015=
ZZYY 33687 21091 1614/ 333703 061814 6112/
22219 00151
444 50101 80070 80000 9/015=
ZZYY 33692 21091 1611/ 341194 091003 6112/
22219 00108
444 20120 21091 1559/ 50101 80074 80063 9/015=
ZZYY 33569 21091 1450/ 337032 085455 6112/
11119 30249 40249 52011
22219 00124
444 20120 21091 1425/ 50101 80110 80008 9/015=
ZZYY 33569 21091 1550/ 337024 085471 6111/
11119 30247 40247 52006
22219 00124
444 20110 21091 1614/ 50101 80110 80006 9/015=
ZZYY 55615 21091 1520/ 337934 089155 6111/
11119 30226 40226 52017
22219 00118
444 20110 21091 1605/ 50101 8//// 80100 9////=
ZZYY 23678 21091 1613/ 340029 088995 6111/
22219 00114
444 20110 21091 1559/ 50101 80049 80099 9////=
ZZYY 46564 21091 1700/ 747393 168485 6112/
11119 30060 40060 57001
22219 00110
444 20120 21091 1609/ 50101 80130 80070 9/015=
ZZYY 22910 21091 1711/ 740317 151691 6112/
22219 00200
444 20120 21091 1705/ 50101 80009 80020 9////=
ZZYY 46762 21091 1710/ 720353 136177 6113/
22219 00231
444 20130 21091 1247/ 50101 80000 80027 9/015=
ZZYY 22927 21091 1711/ 741423 152338 6111/
22219 00176
444 20110 21091 1705/ 50101 80009 80099 9////=
ZZYY 46903 21091 1711/ 730514 134493 6111/
22219 00215
444 20110 21091 1705/ 50101 80138 80000 9/015=
ZZYY 46766 21091 1709/ 723296 152200 6113/
22219 00252
444 20130 21091 1611/ 50101 80082 80019 9/015=
ZZYY 46516 21091 1711/ 735426 140131 6111/
22219 00232
444 20110 21091 1704/ 50101 80094 80097 9////=
ZZYY 51653 21091 1711/ 718803 135980 6112/
22219 00251
444 20120 21091 1246/ 50101 80122 80024 9/015=
ZZYY 46904 21091 1710/ 719359 140182 6113/
22219 00245
444 20130 21091 1249/ 50101 80072 80101 9/015=
ZZYY 22635 21091 1711/ 722111 139553 6113/
444 20130 21091 1247/ 50101 80009 80099 9/015=
ZZYY 52667 21091 1711/ 741504 154714 6111/
22219 00172
444 20110 21091 1705/ 50101 8//// 80005 9////=
ZZYY 46566 21091 1700/ 726878 149355 6111/
11119 30196 40196 52011
22219 00253
444 20110 21091 1709/ 50101 8//// 80000 9/015=
ZZYY 46924 21091 1712/ 724334 127502 6111/
22219 00217
444 20110 21091 1708/ 50101 80100 80130 9/015=
ZZYY 22616 21091 1711/ 732228 154530 6111/
22219 00257
444 20110 21091 1708/ 50101 80045 80000 9/015=
ZZYY 46608 21091 1510/ 738758 161523 6111/
11119 30075 40075 57030
22219 00211
444 20110 21091 1451/ 50101 8//// 80057 9/015=
ZZYY 51974 21091 1712/ 736575 164121 6112/
22219 00240
444 20120 21091 1611/ 50101 80119 80010 9/015=
ZZYY 48673 21091 1705/ 776619 124021 6112/
444 20120 21091 1657/ 500// 9/000=
ZZYY 46607 21091 1620/ 728277 146706 6112/
11119 30201 40201
22219 00244
444 20120 21091 1610/ 50101 80100 80000 9/015=
ZZYY 46533 21091 1700/ 753696 147261 6111/
11119 39841 49841 52015
22219 00111
444 20110 21091 1703/ 50101 80145 80058 9/015=
ZZYY 46568 21091 1600/ 753514 160394 6111/
11119 39902 49902 57004
22219 00105
444 20110 21091 1704/ 50101 80145 80051 9/015=
ZZYY 46769 21091 1712/ 721374 123368 6111/
22219 00241
444 20110 21091 1546/ 50101 80116 80110 9/015=
ZZYY 43556 21091 1712/ 720262 128995 6112/
22219 00227
444 20120 21091 1528/ 50101 80078 80022 9/015=
ZZYY 46927 21091 1711/ 733073 145749 6111/
22219 00240
444 20110 21091 1705/ 50101 80138 80002 9/015=
ZZYY 43555 21091 1712/ 717886 129720 6112/
22219 00253
444 20120 21091 1528/ 50101 80088 80016 9/015=
ZZYY 46616 21091 1711/ 721948 119223 6112/
22219 00234
444 20120 21091 1546/ 50101 80114 80095 9/015=
ZZYY 46609 21091 1712/ 722204 128690 6111/
22219 00225
444 20110 21091 1709/ 50101 80112 80139 9/015=
ZZYY 46540 21091 1540/ 742461 144619 6113/
11119 30094 40094 52011
22219 00184
444 20130 21091 1306/ 50101 80123 80009 9/015=
ZZYY 46540 21091 1440/ 742461 144619 6113/
11119 30088 40088 52010
22219 00184
444 20130 21091 1306/ 50101 80123 80009 9/015=
ZZYY 43557 21091 1712/ 722444 120073 6112/
22219 00231
444 20120 21091 1547/ 50101 80088 80013 9/015=
ZZYY 46583 21091 1711/ 716921 130550 6112/
22219 00256
444 20120 21091 1547/ 50101 80098 80022 9/015=
ZZYY 43558 21091 1711/ 722678 124641 6113/
444 20130 21091 1546/ 50101 80086 80255 9/015=
ZZYY 43553 21091 1711/ 721030 127780 6111/
22219 00228
444 20110 21091 1547/ 50101 80088 80036 9/015=
ZZYY 51931 21091 1711/ 729327 161348 6113/
22219 00265
444 20130 21091 1611/ 50101 80070 80010 9/015=
ZZYY 43554 21091 1712/ 728531 126441 6113/
22219 00203
444 20130 21091 1708/ 50101 80088 80032 9/015=
ZZYY 21997 21091 1610/ 742651 159549 6111/
11119 30065 40065 57029
22219 00161
444 20110 21091 1611/ 50101 80110 80027 9/015=
ZZYY 43543 21091 1711/ 720608 120911 6112/
22219 00241
444 20120 21091 1547/ 50101 80054 80015 9/015=
ZZYY 43551 21091 1711/ 723085 121209 6113/
22219 00221
444 20130 21091 1546/ 50101 80090 80014 9/015=
ZZYY 22576 21091 1712/ 732660 140322 6112/
22219 00238
444 20120 21091 1704/ 50101 80010 80000 9/015=
ZZYY 46926 21091 1711/ 724949 143034 6112/
22219 00240
444 20120 21091 1610/ 50101 80138 80001 9/015=
ZZYY 14945 21091 1712/ 739428 158991 6111/
22219 00197
444 20110 21091 1709/ 50101 8//// 80025 9/015=
ZZYY 43552 21091 1711/ 728438 123276 6112/
444 20120 21091 1705/ 50101 80088 80017 9/015=
ZZYY 46921 21091 1700/ 752342 137379 6112/
11119 39793 49793 52012
22219 00116
444 20120 21091 1701/ 50101 80100 80000 9/015=
ZZYY 46921 21091 1600/ 752359 137384 6111/
11119 39785 49785 52010
22219 00117
444 20110 21091 1540/ 50101 80100 80000 9/015=
####018011547####
SSVX11 LFVW 211713
ZZYY 52075 21091 14004 107986 130041 6112/
11119 03004 10277 29080 40107
22219 00292
33311 88872 20000 32921 20125 32027 43484 20150 31698 43465
20200 31195 43442 20250 31002 43443 20500 30739 43450
444 20120 21091 1258/ 522// 60381=
ZZYY 52075 21091 16004 107984 130044 6111/
11119 02206 10279 29084 40096
22219 00293
444 20110 21091 1622/ 522// 60381=
ZZYY 52075 21091 1200/ 107982 130034 6111/
33311 88872 20002 32921 43325 20025 32927 43334 20050 32904 43349
20075 32556 43485 20100 32268 43492 20125 31788 43474
20150 31541 43459 20200 31114 43439 20250 30977 43449
20300 30939 43454 20500 30737 43450
444 20110 21091 1145/ 522//=
ZZYY 52075 21091 10004 107981 130042 6111/
11119 02704 10284 29077 40087
22219 00293
33311 88872 20000 32926 20002 32926 43329 20025 32928 43338
20050 32886 43363 20075 32543 43486 20100 32148 43488
20125 31752 43468 20150 31549 43458 20200 31119 43440
20250 30983 43449 20300 30940 43454 20500 30738 43449
444 20110 21091 1005/ 522// 60381=
ZZYY 52075 21091 06004 107983 130038 6112/
11119 03111 10278 29085 40072
22219 00293
33311 88872 20000 32926 20002 32926 43331 20025 32928 43337
20050 32896 43356 20075 32645 43476 20100 32379 43490
20125 32039 43485 20150 31679 43466 20200 31158 43441
20250 30976 43451 20300 30931 43455 20500 30737 43450
444 20120 21091 0546/ 522// 60381=
ZZYY 52075 21091 08004 107981 130042 6112/
11119 02708 10282 29080 40072
22219 00293
33311 88872 20000 32926 20002 32926 43329 20025 32929 43337
20050 32887 43363 20075 32555 43488 20100 32179 43491
20125 31807 43477 20150 31599 43463 20200 31177 43443
20250 31000 43450 20300 30948 43453 20500 30740 43449
444 20120 21091 0844/ 522// 60381=
ZZYY 52075 21091 13004 107986 130041 6112/
11119 02603 10284 29079 40105
22219 00292
33311 88872 20000 32922 20125 31894 43476 20150 31586 43460
20200 31126 43440 20250 30976 43449 20500 30733 43451
444 20120 21091 1258/ 522// 60381=
ZZYY 52078 21091 1000/ 105037 146920 6111/
33311 88872 20002 32922 43314 20025 32946 43360 20050 32951 43368
20075 32850 43439 20100 32585 43486 20125 32231 43499
20150 31869 43480 20200 31156 43457 20250 31021 43463
20300 30921 43461 20500 30762 43457 20750 30598 43454
444 20110 21091 1003/ 522//=
ZZYY 52073 21091 14004 104854 137281 6112/
11119 03010 10269 29086 40103
22219 00291
33311 88872 20000 32909 20125 32338 43488 20150 32117 43487
20200 31217 43446 20250 30945 43442 20500 30756 43454
444 20120 21091 1256/ 522// 60381=
ZZYY 52073 21091 10004 104854 137278 6112/
11119 02810 10281 29082 40087
22219 00292
33311 88872 20000 32915 20002 32915 43338 20025 32918 43339
20050 32929 43390 20075 32833 20100 32641 43474 20125 32307 43490
20150 31947 43479 20200 31212 43447 20250 30951 43440
20300 30904 43456 20500 30752 43455 20750 30601 43449
444 20120 21091 1003/ 522// 60381=
ZZYY 52073 21091 12004 104850 137282 6111/
11119 02707 10282 29082 40100
22219 00292
33311 88872 20000 32916 20125 32401 43486 20150 32090 43484
20200 31233 43448 20250 30943 43442 20500 30729 43454
444 20110 21091 1144/ 522// 60381=
ZZYY 52073 21091 08004 104844 137282 6112/
11119 02712 10278 29080 40067
22219 00292
33311 88872 20000 32916 20002 32916 43338 20025 32918 43339
20050 32929 43396 20075 32856 20100 32610 43482 20125 32287 43491
20150 31913 43478 20200 31239 43447 20250 31009 43442
20300 30926 43454 20500 30782 43455 20750 30620 43450
444 20120 21091 0843/ 522// 60381=
ZZYY 52073 21091 06004 104837 137290 6112/
11119 02713 10273 29082 40066
22219 00292
33311 88872 20000 32915 20002 32915 43338 20025 32916 43338
20050 32926 43396 20075 32852 20100 32764 43451 20125 32433 43487
20150 32055 43483 20200 31319 43449 20250 31010 43442
20300 30917 43456 20500 30772 43454 20750 30609 43452
444 20120 21091 0544/ 522// 60381=
ZZYY 52086 21091 1100/ 304967 156012 6111/
11119 10274 29077 40106
22219 00292
33311 88872 20000 32921 20002 32921 43436 20025 32961
20050 32962 43490 20075 32963 20100 32899 43556 20125 32828
20150 32702 43574 20200 32178 43595 20250 31504 43521
20300 31083 43485 20500 30814 43460 20750 30592 43454
444 20110 21091 1111/ 522//=
ZZYY 52081 21091 0700/ 100070 138039 6113/
33311 88872 20002 32954 43406 20025 32935 43440 20050 32923 43462
20075 32875 43493 20100 32817 43506 20125 32498 43553
20150 32173 43550 20200 31874 43537 20250 31548 43512
20300 31404 43507 20500 30788 43458 20750 30546 43451
444 20130 21091 0703/ 522//=
ZZYY 52081 21091 0500/ 100071 138036 6113/
33311 88872 20002 32937 43396 20025 32921 43430 20050 32923 43453
20075 32901 43494 20100 32812 43497 20125 32573 43552
20150 32266 43543 20200 31900 43535 20250 31580 43513
20300 31489 43509 20500 30820 43458 20750 30554 43450
444 20130 21091 0518/ 522//=
ZZYY 52081 21091 1400/ 100071 138041 6112/
33311 88872 20002 32916 43424 20025 32941 43441 20050 32928 43454
20075 32901 43494 20100 32847 43515 20125 32609 43559
20150 32259 43551 20200 31867 43535 20250 31564 43515
20300 31443 43508 20500 30788 43458 20750 30544 43451
444 20120 21091 1254/ 522//=
ZZYY 52081 21091 1000/ 100070 138039 6113/
33311 88872 20002 32947 43426 20025 32936 43442 20050 32924 43460
20075 32865 43490 20100 32833 43530 20125 32498 43555
20150 32266 43543 20200 31891 43537 20250 31568 43515
20300 31425 43509 20500 30775 43458 20750 30546 43451
444 20130 21091 1001/ 522//=
ZZYY 52081 21091 1200/ 100068 138046 6111/
33311 88872 20002 32933 43424 20025 32941 43443 20050 32926 43458
20075 32872 43490 20100 32830 43528 20125 32506 43553
20150 32256 43546 20200 31877 43535 20250 31550 43510
20300 31434 43507 20500 30796 43459 20750 30542 43452
444 20110 21091 1140/ 522//=
ZZYY 52081 21091 0600/ 100067 138029 6111/
33311 88872 20002 32940 43403 20025 32927 43434 20050 32923 43454
20075 32902 43490 20100 32825 43492 20125 32688 43551
20150 32354 43556 20200 31917 43538 20250 31603 43518
20300 31502 43509 20500 30816 43459 20750 30555 43451
444 20110 21091 0542/ 522//=
ZZYY 52081 21091 0800/ 100077 138028 6111/
33311 88872 20002 32962 43416 20025 32936 43439 20050 32923 43460
20075 32873 43493 20100 32801 43494 20125 32566 43555
20150 32270 43542 20200 31888 43537 20250 31566 43515
20300 31468 43509 20500 30793 43458 20750 30554 43450
444 20110 21091 0842/ 522//=
ZZYY 52081 21091 1500/ 100072 138039 6113/
33311 88872 20002 32924 43426 20025 32941 43441 20050 32928 43455
20075 32886 43493 20100 32827 43535 20125 32523 43555
20150 32186 43551 20200 31867 43536 20250 31553 43513
20300 31465 43508 20500 30807 43458 20750 30547 43451
444 20130 21091 1507/ 522//=
ZZYY 52088 21091 11004 302011 155982 6111/
11119 02006 10279 29083 40105
22219 00295
33311 88872 20000 32947 20002 32947 43521 20025 32944 43524
20050 32940 43524 20075 32939 43528 20100 32878 43542
20125 32814 43560 20150 32683 43572 20200 31519 43522
20250 31016 43473 20300 31001 43473 20500 30752 43457
20750 30587 43451
444 20110 21091 1112/ 522// 60381=
ZZYY 52087 21091 05004 107869 136498 6112/
11119 02407 10268 29085 40075
22219 00295
33311 88872 20000 32951 20002 32951 43351 20025 32949 43359
20050 32959 43382 20075 32877 43468 20100 32697 43488
20125 32503 43494 20150 32182 43490 20200 31491 43462
20250 31173 43453 20300 31022 43456 20500 30737 43451
20750 30598 43450
444 20120 21091 0520/ 522// 60381=
ZZYY 52087 21091 16004 107865 136483 6111/
11119 03504 10281 29083 40086
22219 00295
33311 88872 20000 32950 20125 32319 43495 20150 32124 43491
20200 31510 43460 20250 31190 43453 20500 30744 43451
444 20110 21091 1623/ 522// 60381=
ZZYY 52087 21091 14004 107866 136490 6112/
11119 03205 10280 29086 40096
22219 00295
33311 88872 20000 32952 20002 32952 43363 20025 32954 43363
20050 32963 43392 20075 32752 43479 20100 32590 43495
20125 32267 43493 20150 32127 43492 20200 31473 43458
20250 31181 43453 20300 31029 43456 20500 30722 43451
20750 30592 43451
444 20120 21091 1257/ 522// 60381=
ZZYY 52087 21091 10004 107864 136485 6112/
11119 02710 10273 29085 40080
22219 00295
33311 88872 20000 32947 20002 32947 43353 20025 32955 43363
20050 32962 43380 20075 32841 43466 20100 32627 43494
20125 32360 43498 20150 32052 43486 20200 31379 43455
20250 31166 43453 20300 31019 43456 20500 30732 43452
20750 30594 43451
444 20120 21091 1004/ 522// 60381=
ZZYY 52087 21091 08004 107859 136495 6111/
11119 02011 10263 29092 40076
22219 00294
33311 88872 20000 32939 20002 32939 43339 20025 32951 43362
20050 32954 43366 20075 32868 43462 20100 32682 43490
20125 32396 43497 20150 32088 43487 20200 31359 43455
20250 31112 43453 20300 30983 43454 20500 30739 43451
20750 30598 43450
444 20110 21091 0844/ 522// 60381=
ZZYY 52080 21091 05004 101996 138104 6112/
11119 02607 10283 29076 40079
22219 00290
33311 88872 20000 32904 20002 32904 43362 20025 32910 43436
20050 32839 43462 20075 32861 43497 20100 32869 43521
20125 32635 43541 20150 32546 43541 20200 31990 43543
20250 31489 43493 20300 31281 43490 20500 30765 43456
20750 30532 43451
444 20120 21091 0517/ 522// 60381=
ZZYY 52080 21091 16004 101996 138102 6113/
11119 02507 10279 29081 40098
22219 00290
33311 88872 20000 32898 20002 32898 43369 20025 32922 43428
20050 32901 43443 20075 32856 43494 20100 32865 43514
20125 32676 43544 20150 32554 43539 20200 32066 43540
20250 31410 43478 20300 31194 43475 20500 30766 43457
20750 30528 43453
444 20130 21091 1624/ 522// 60381=
ZZYY 52080 21091 14004 101994 138107 6112/
11119 01905 10283 29077 40108
22219 00290
33311 88872 20000 32898 20002 32898 43367 20025 32922 43428
20050 32900 43443 20075 32858 43495 20100 32863 43512
20125 32701 43547 20150 32552 43540 20200 32097 43546
20250 31484 43486 20300 31259 43481 20500 30766 43457
20750 30529 43452
444 20120 21091 1253/ 522// 60381=
ZZYY 52080 21091 10004 101994 138101 6113/
11119 02507 10284 29076 40091
22219 00289
33311 88872 20000 32892 20002 32892 43339 20025 32911 43438
20050 32852 43488 20075 32862 43499 20100 32847 43538
20125 32633 43541 20150 32532 43542 20200 31859 43533
20250 31420 43484 20300 31189 43473 20500 30766 43456
20750 30530 43452
444 20130 21091 1001/ 522// 60381=
ZZYY 52080 21091 12004 101987 138103 6112/
11119 02205 10284 29078 40110
22219 00290
33311 88872 20000 32895 20002 32895 43355 20025 32919 43433
20050 32886 43442 20075 32862 43498 20100 32871 43521
20125 32647 43543 20150 32553 43540 20200 32028 43542
20250 31436 43484 20300 31277 43488 20500 30768 43457
20750 30530 43452
444 20120 21091 1143/ 522// 60381=
ZZYY 52080 21091 06004 101984 138102 6112/
11119 02708 10286 29075 40072
22219 00291
33311 88872 20000 32908 20002 32908 43352 20025 32907 43438
20050 32847 43481 20075 32862 43498 20100 32871 43534
20125 32623 43540 20150 32547 43540 20200 32029 43544
20250 31472 43494 20300 31277 43489 20500 30768 43457
20750 30532 43451
444 20120 21091 0543/ 522// 60381=
ZZYY 52080 21091 15004 101994 138104 6113/
11119 01905 10282 29079 40104
22219 00290
33311 88872 20000 32899 20002 32899 43366 20025 32921 43429
20050 32898 43444 20075 32861 43498 20100 32868 43517
20125 32676 43545 20150 32552 43540 20200 32091 43545
20250 31461 43487 20300 31245 43482 20500 30767 43456
20750 30528 43453
444 20130 21091 1507/ 522// 60381=
####018000140####
SSVB05 RJTD 211700
ZZYY 21599 21091 1700/ 133324 142582
11109 0//// 1//// 2//// 39992 49992 5////
22209 00275 11111 20106 21054=

####018000137####
SSVB05 RJTD 211700
ZZYY 21599 21091 1700/ 133324 142582
11109 0//// 1//// 2//// 39992 49992 5////
22209 00275 11111 20106 21054=
####018000143####
SSVX02 CWAO 211700
ZZYY 56513 21091 1700/ 312475 070533 6113/ 11192 40193 52032 22219 00256 444 20130 21091 1700/ 50501 80108 80003 9/010=
####018000138####
SSVX02 CWAO 211700
ZZYY 56503 21091 1700/ 314713 095722 6113/ 11192 40175 54000 22219 00262 444 20130 21091 1700/ 50400 80108 80005 =
####018000143####
SSVX02 CWAO 211700
ZZYY 56514 21091 1700/ 332397 114361 6113/ 11192 40196 57002 22219 00172 444 20130 21091 1700/ 50501 80138 80023 9/010=
####018000143####
SSVX02 CWAO 211700
ZZYY 23566 21091 1700/ 100074 074254 6113/ 11192 40135 52015 22219 00294 444 20130 21091 1700/ 50501 80132 80003 9/010=
####018000143####
SSVX02 CWAO 211700
ZZYY 56515 21091 1700/ 331576 089287 6113/ 11192 40301 57006 22219 00168 444 20130 21091 1700/ 50501 80138 80023 9/010=
####018000141####
SSVX02 CWAO 211700
ZZYY 56503 21091 1700/ 314713 095722 6113/ 11192 40175 54000 22219 00262 444 20130 21091 1700/ 50400 80108 80005 =

####018000146####
SSVX02 CWAO 211700
ZZYY 56515 21091 1700/ 331576 089287 6113/ 11192 40301 57006 22219 00168 444 20130 21091 1700/ 50501 80138 80023 9/010=

####018000146####
SSVX02 CWAO 211700
ZZYY 23566 21091 1700/ 100074 074254 6113/ 11192 40135 52015 22219 00294 444 20130 21091 1700/ 50501 80132 80003 9/010=

####018000146####
SSVX02 CWAO 211700
ZZYY 56514 21091 1700/ 332397 114361 6113/ 11192 40196 57002 22219 00172 444 20130 21091 1700/ 50501 80138 80023 9/010=

####018000146####
SSVX02 CWAO 211700
ZZYY 56513 21091 1700/ 312475 070533 6113/ 11192 40193 52032 22219 00256 444 20130 21091 1700/ 50501 80108 80003 9/010=

####018000146####
SSVX13 LFPW 211700
ZZYY 16540 21091 1700/ 348282 113674 6113/ 11119 40088 52012 22219
 00072 444 20130 21091 1700/ 50101 80134 80005 9/015=
####018000146####
SSVX13 LFPW 211700
ZZYY 23584 21091 1700/ 306148 077897 6113/ 11119 40144 52009 22219
 00286 444 20130 21091 1700/ 50101 80106 80005 9/015=
####018000146####
SSVX13 LFPW 211700
ZZYY 16545 21091 1700/ 349305 089371 6113/ 11119 40026 57001 22219
 00070 444 20130 21091 1700/ 50101 80136 80003 9/015=
####018000146####
SSVX13 LFPW 211700
ZZYY 16542 21091 1700/ 344342 105955 6113/ 11119 40080 57030 22219
 00105 444 20130 21091 1700/ 50101 80136 80015 9/015=
####018000146####
SSVX13 LFPW 211700
ZZYY 16532 21091 1700/ 346509 059326 6113/ 11119 40023 52022 22219
 00080 444 20130 21091 1700/ 50101 80144 80031 9/015=
####018000146####
SSVX13 LFPW 211700
ZZYY 14535 21091 1700/ 314845 056950 6113/ 11119 40191 52018 22219
 00254 444 20130 21091 1700/ 50101 80104 80013 9/015=
####018000146####
SSVX13 LFPW 211700
ZZYY 16531 21091 1700/ 341682 066575 6113/ 11119 40112 52006 22219
 00075 444 20130 21091 1700/ 50101 80144 80011 9/015=
####018000146####
SSVX13 LFPW 211700
ZZYY 25617 21091 1700/ 182603 111813 6113/ 11119 40107 52014 22219
 01050 444 20130 21091 1700/ 50101 80152 80002 9/015=
####018000146####
SSVX13 LFPW 211700
ZZYY 16544 21091 1700/ 348086 107089 6113/ 11119 40052 57026 22219
 00062 444 20130 21091 1700/ 50101 80130 80008 9/015=
####018000146####
SSVX13 LFPW 211700
ZZYY 16549 21091 1700/ 345271 080569 6113/ 11119 40089 57013 22219
 00049 444 20130 21091 1700/ 50101 80146 80015 9/015=
####018000146####
SSVX13 LFPW 211700
ZZYY 23583 21091 1700/ 318789 069109 6113/ 11119 40225 52015 22219
 00234 444 20130 21091 1700/ 50101 80122 80005 9/015=
####018000146####
SSVX13 LFPW 211700
ZZYY 16535 21091 1700/ 347515 081859 6113/ 11119 40027 57025 22219
 00047 444 20130 21091 1700/ 50101 80138 80019 9/015=
####018000146####
SSVX13 LFPW 211700
ZZYY 16546 21091 1700/ 345227 106085 6113/ 11119 40067 57033 22219
 00104 444 20130 21091 1700/ 50101 80136 80008 9/015=
####018000146####
SSVX13 LFPW 211700
ZZYY 16543 21091 1700/ 337848 094572 6113/ 11119 40200 52008 22219
 00123 444 20130 21091 1700/ 50101 80132 80005 9/015=
####018000146####
SSVX13 LFPW 211700
ZZYY 16534 21091 1700/ 349670 060824 6113/ 11119 49895 52028 22219
 00036 444 20130 21091 1700/ 50101 80144 80005 9/015=
####018000146####
SSVX13 LFPW 211700
ZZYY 16537 21091 1700/ 339957 101229 6113/ 11119 40121 57020 22219
 00120 444 20130 21091 1700/ 50101 80134 80008 9/015=
####018000146####
SSVX13 LFPW 211700
ZZYY 16548 21091 1700/ 348633 067540 6113/ 11119 49949 52008 22219
 00031 444 20130 21091 1700/ 50101 80144 80026 9/015=
####018000146####
SSVX13 LFPW 211700
ZZYY 14534 21091 1700/ 304885 044276 6113/ 11119 40136 52014 22219
 00269 444 20130 21091 1700/ 50101 80108 80003 9/015=
####018000146####
SSVX13 LFPW 211700
ZZYY 16539 21091 1700/ 345770 119325 6113/ 11119 49929 57004 22219
 00100 444 20130 21091 1700/ 50101 80134 80011 9/015=
####018000146####
SSVX13 LFPW 211700
ZZYY 16541 21091 1700/ 340342 105440 6113/ 11119 49978 52006 22219
 00112 444 20130 21091 1700/ 50101 80132 80006 9/015=
####018000146####
SSVX13 LFPW 211700
ZZYY 16533 21091 1700/ 347211 060973 6113/ 11119 49997 52025 22219
 00047 444 20130 21091 1700/ 50101 80144 80019 9/015=
####018000146####
SSVX13 LFPW 211700
ZZYY 48602 21091 1700/ 785016 129251 6113/ 11119 40013 52006 22219
 01050 444 20130 21091 1700/ 50101 80146 80002 9/015=
