####018002231####
SSVX02 KARS 211949
ZZYY 52666 21091 1943/ 301541 134756 6112/
22219 00290
444 20120 21091 1937/ 50101 80120 80255 9/015=
ZZYY 52606 21091 1941/ 106945 132168 6112/
444 20120 21091 1758/ 50101 80120 9/015=
ZZYY 52608 21091 1944/ 106019 133383 6112/
22219 00291
444 20120 21091 1936/ 50101 80120 80015 9/015=
ZZYY 52909 21091 1942/ 114692 139292 6111/
22219 00294
444 20110 21091 1936/ 50101 80120 80039 9/015=
ZZYY 52803 21091 1943/ 105714 142354 6112/
22219 00297
444 20120 21091 1937/ 50101 80120 80017 9/015=
ZZYY 52664 21091 1943/ 110048 133222 6113/
22219 00293
444 20130 21091 1937/ 50101 80120 80022 9/015=
ZZYY 52673 21091 1942/ 101722 131735 6112/
22219 00291
444 20120 21091 1936/ 50101 80120 80023 9/015=
ZZYY 53597 21091 1943/ 115222 121990 6112/
22219 00288
444 20120 21091 1937/ 50101 80094 80005 9/015=
ZZYY 52836 21091 1941/ 117640 143046 6113/
22219 00289
444 20130 21091 1934/ 50101 80126 80002 9/015=
ZZYY 51644 21091 1944/ 311288 154750 6111/
22219 00281
444 20110 21091 1757/ 50101 80087 80005 9/015=
ZZYY 53908 21091 1941/ 120645 129741 6112/
22219 00289
444 20120 21091 1936/ 50101 80138 80002 9/015=
ZZYY 52613 21091 1943/ 105720 142635 6112/
22219 00290
444 20120 21091 1936/ 50101 80120 80024 9/015=
ZZYY 53571 21091 1939/ 114990 122029 6111/
22219 00261
444 50101 80103 9/015=
ZZYY 51531 21091 1942/ 307251 154693 6113/
22219 00290
444 20130 21091 1622/ 50101 80115 80004 9/015=
ZZYY 52807 21091 1943/ 101988 133645 6111/
22219 00290
444 20110 21091 1937/ 50101 80120 80030 9/015=
ZZYY 22583 21091 1943/ 119478 128970 6113/
22219 00293
444 20130 21091 1936/ 50101 80140 80002 9/015=
ZZYY 52619 21091 1943/ 105438 133115 6111/
22219 00292
444 20110 21091 1643/ 50101 80120 80039 9/015=
ZZYY 51958 21091 1928/ 706937 113797 6112/
22219 00273
444 20120 21091 1922/ 50101 80077 80010 9/015=
ZZYY 13636 21091 1928/ 723633 063585 6112/
22219 00285
444 20120 21091 1857/ 50101 80105 80009 9/015=
ZZYY 32736 21091 1926/ 514210 094829 6113/
444 20130 21091 1918/ 50101 80114 80000 9/015=
ZZYY 31781 21091 1927/ 721041 068709 6112/
22219 00285
444 20120 21091 1856/ 50101 80120 80017 9/015=
####018002857####
SSVX08 KARS 211949
ZZYY 32319 20091 1200/ 507985 110073 6111/
33311 88872 20001 32375 43509 20020 32370 20040 32367 20060 32366
20080 32334 20100 31910 20120 31534 20140 31424 20180 31338
20300 31163 20500 30856
444 20110 20091 1322/ 521//=
ZZYY 32319 21091 19004 507994 110066 6112/
11119 01114 10238 29078
22219 00242
444 20120 21091 1921/ 521// 60401=
ZZYY 32305 20091 12004 508023 095271 6111/
11119 01212 10211 29075
22219 00228
33311 88872 20000 32276 20001 32282 43527
444 20110 20091 1230/ 521// 60401=
ZZYY 32305 21091 19004 508022 095262 6112/
11119 01317 10207 29085
22219 00229
444 20120 21091 1920/ 521// 60401=
ZZYY 43301 20091 12004 707993 094888 6111/
11119 02117 10270 29086
22219 00276
33311 88872 20000 32764 20001 32767 43282 20020 32640 20040 31702
20060 31416 20080 31339 20100 31318 20120 31302 20140 31274
20180 31231 20300 31091 20500 30817
444 20110 20091 1257/ 521// 60401=
ZZYY 43301 21091 19004 707983 094901 6112/
11119 02310 10272 29079
22219 00278
444 20120 21091 1927/ 521// 60401=
ZZYY 32321 20091 12004 700219 095423 6111/
11119 01711 10210 29079
22219 00215
33311 88872 20000 32154 20001 32167 43441
444 20110 20091 1259/ 521// 60401=
ZZYY 32321 21091 19004 700211 095436 6111/
11119 01410 10206 29083
22219 00210
444 20110 21091 1919/ 521// 60401=
ZZYY 32304 20091 12004 505074 095073 6112/
11119 01508 10222 29070
22219 00220
33311 88872 20000 32204 20001 32212 43516 20020 32205 20040 32192
20060 31737 20080 31481 20100 31426 20120 31384 20140 31350
20180 31306 20300 31206 20500 30842
444 20120 20091 1301/ 521// 60401=
ZZYY 32304 21091 19004 505075 095073 6112/
11119 01315 10224 29072
22219 00221
444 20120 21091 1920/ 521// 60401=
ZZYY 32303 20091 12004 704915 094990 6111/
11119 01814 10254 29081
22219 00273
33311 88872 20000 32728 20001 32732 43299 20040 32490 20060 32010
20080 31794 20100 31556 20120 31414 20140 31376 20180 31327
20300 31141
444 20110 20091 1257/ 521// 60401=
ZZYY 32303 21091 19004 704937 095001 6111/
11119 02107 10258 29072
22219 00275
444 20110 21091 1858/ 521// 60401=
ZZYY 32320 20091 12004 702113 095420 6111/
11119 01812 10230 29073
33311 88870 20040 31959 20060 31709 20080 31563 20100 31467
20120 31408 20140 31383 20180 31324 20300 31089 20500 30807
444 20110 20091 0956/ 521// 60401=
ZZYY 32320 21091 19004 702108 095414 6111/
11119 01610 10229 29076
444 20110 21091 1923/ 521// 60401=
ZZYY 32315 20091 1200/ 705008 110064 6111/
33311 88872 20001 32693 43398 20020 32693 20040 32694 20060 32701
20080 32673 20100 31954 20120 31416 20140 31302 20180 31167
20300 31037 20500 30804
444 20110 20091 1318/ 521//=
ZZYY 32315 21091 19004 705003 110055 6111/
11119 01715 10247 29083
22219 00269
444 20110 21091 1925/ 521// 60401=
####018000143####
SSVX12 LFVW 211949
ZZYY 25618 21091 1940/ 181347 103950 6112/
11119 11055 49899 57018
22219 01008
444 20120 21091 1918/ 501// 80140=
####018000269####
SSVX07 LFVW 211949
ZZYY 25518 21091 2000/ 785114 027493 6113/
444 20130 21091 1900/ 504//=
ZZYY 48548 21091 1940/ 774310 127618 6111/
11119 11014 39946 49946
444 20110 21091 1916/=
ZZYY 25517 21091 2000/ 785602 050709 6113/
444 20130 21091 1900/ 504//=
####018000309####
SSVX08 KARS 211951
ZZYY 48400 20091 12004 750130 144819 6111/
11119 02224 10122 29088
22219 00127
33311 88872 20000 31266 20001 31265 43798
444 20110 20091 1139/ 521// 60401=
ZZYY 48400 21091 19004 750122 144798 6112/
11119 02622 10113 29078
22219 00124
444 20120 21091 1902/ 521// 60401=
####018000143####
SSVX04 KARS 211951
ZZYY 46658 21091 1754/ 753105 153369 6112/
11119 49862 52010
22219 00104
444 20120 21091 1705/ 503// 80158 80017=
####018000277####
SSVX12 KARS 211951
ZZYY 48520 21091 1940/ 785872 164726 6113/
11119 11116 40020 57008
22219 00167
444 20130 21091 1920/ 501// 80140 80000=
ZZYY 48519 21091 1940/ 780684 124889 6112/
11119 11014 40048 52010
22219 00208
444 20120 21091 1941/ 501// 80140 80000=
####018000111####
SSVX07 KARS 211951
ZZYY 48534 21091 1940/ 783366 046233 6113/
11119 11114 40170
444 20130 21091 1919/=
####018000529####
SSVX06 KARS 211951
ZZYY 47558 21091 1945/ 773757 081618 6113/
444 20130 21091 1941/ 500// 9/000=
ZZYY 48506 21091 1944/ 779551 119120 6112/
11119 40055
444 20120 21091 1941/ 500//=
ZZYY 47554 21091 1945/ 774324 111746 6113/
444 20130 21091 1942/ 500// 9/000=
ZZYY 48505 21091 1946/ 780184 127698 6112/
11119 40043
444 20120 21091 1941/ 500//=
ZZYY 47553 21091 1945/ 779341 103366 6113/
444 20130 21091 1919/ 500// 9/000=
ZZYY 48713 21091 1944/ 175313 165389 6111/
444 20110 21091 1920/ 500// 9/000=
####018000599####
SSVX02 KARS 211951
ZZYY 48653 21091 1940/ 788104 165247 6112/
11119 30087 40087 57011
22219 01083
444 20120 21091 1943/ 50101 80145 80001 9/015=
ZZYY 63584 21091 1944/ 777774 002080 6112/
444 20120 21091 1916/ 50101 80007 80013 9/015=
ZZYY 48673 21091 1944/ 776617 124057 6113/
444 20130 21091 1937/ 500// 9/000=
ZZYY 46586 21091 1900/ 755070 146828 6112/
11119 39819 49819 52029
22219 00106
444 20120 21091 1902/ 50101 80153 80024 9/015=
ZZYY 21544 21091 1940/ 746426 142495 6112/
11119 30066 40066 52023
22219 00148
444 20120 21091 1902/ 50101 80100 80063 9/015=
