####018000783####
SSVX02 LFVW 220251
ZZYY 56939 22091 0200/ 336745 051049 6111/
11119 40245 52011
444 20110 22091 0205/ 50101 80090 80000 9/015=
ZZYY 62777 22091 0200/ 745819 002865 6113/
22219 00190
444 20130 22091 0216/ 50101 80122 80100 9/015=
ZZYY 62777 22091 0130/ 745820 002861 6113/
22219 00190
444 20130 22091 0146/ 50101 80122 80100 9/015=
ZZYY 61851 22091 0200/ 140825 004457 6113/
22219 00241
444 20130 22091 0218/ 50101 80079 80038 9/015=
ZZYY 61851 22091 0130/ 140824 004455 6113/
22219 00241
444 20130 22091 0148/ 50101 80079 80037 9/015=
ZZYY 62772 22091 0200/ 743919 001838 6113/
22219 00216
444 20130 22091 0217/ 50101 80115 80056 9/050=
ZZYY 62772 22091 0130/ 743919 001839 6113/
22219 00215
444 20130 22091 0147/ 50101 80115 80059 9/050=
####018000557####
SSVX13 LFVW 220251
ZZYY 23996 21091 2210/ 114124 093367 6113/
11119 30068 40068 52001
22219 00275
444 20130 21091 2259/ 50101 80100 80002 9/015=
ZZYY 23995 21091 2210/ 118567 084864 6111/
11119 30008 40008 57017
22219 00284
444 20110 21091 2124/ 50101 80110 80002 9/015=
ZZYY 23598 21091 2210/ 108297 073060 6112/
11119 39869 49869 57014
22219 00269
444 20120 21091 2126/ 50101 80130 80000 9/015=
ZZYY 23925 22091 0200/ 330840 048428 6111/
11119 30235 40235 52004
22219 00179
444 20110 22091 0053/ 50101 80130 80000 9/015=
####018001833####
SSVX11 LFVW 220251
ZZYY 53056 21091 2100/ 305041 095059 6112/
11119 10264 29083
22219 00270
33311 88872 20000 32703 20001 32703 43407 20011 32704 43412
20021 32704 43419 20040 32703 43421 20081 32262 20100 31876 43496
20120 31484 20140 31282 20200 31212 20301 31095 20501 30938
444 20120 21091 2126/ 522//=
ZZYY 53056 21091 1900/ 305040 095059 6113/
11119 10265 29083
22219 00271
33311 88872 20000 32705 20001 32705 43406 20011 32706 43412
20021 32706 43391 20040 32702 43421 20081 32126 20100 31867 43499
20120 31563 20140 31315 20200 31228 20301 31097 20501 30937
444 20130 21091 1834/ 522//=
ZZYY 53056 21091 1500/ 305024 095044 6111/
11119 10267 29083
22219 00271
33311 88872 20000 32711 20001 32711 43405 20011 32712 43410
20020 32708 43420 20040 32700 43419 20081 32118 20100 31862 43499
20120 31542 20140 31326 20200 31212 20301 31088 20501 30935
444 20110 21091 1503/ 522//=
ZZYY 53056 21091 1700/ 305035 095055 6112/
11119 10267 29083
22219 00271
33311 88872 20000 32708 20001 32708 43405 20011 32709 43410
20020 32707 43420 20040 32700 43420 20081 32085 20100 31843 43499
20120 31531 20140 31309 20200 31223 20300 31092 20501 30937
444 20120 21091 1614/ 522//=
ZZYY 53056 21091 1100/ 305040 095068 6112/
11119 10269 29081
22219 00272
33311 88872 20000 32724 20001 32724 43406 20011 32718 43412
20020 32703 43424 20040 32700 43419 20081 32152 20100 31802 43495
20120 31453 20140 31295 20200 31199 20300 31088 20501 30933
444 20120 21091 1022/ 522//=
ZZYY 53056 21091 1300/ 305041 095061 6113/
11119 10267 29082
22219 00272
33311 88872 20000 32717 20001 32717 43405 20011 32717 43411
20020 32708 43421 20040 32701 43420 20081 32224 20100 31862 43491
20120 31523 20140 31342 20200 31209 20301 31086 20501 30924
444 20130 21091 1303/ 522//=
####018010063####
SSVX02 KARS 220253
ZZYY 41613 21091 2350/ 748180 026605 6112/
11119 30185 40185 57027
22219 00154
444 20120 21091 2309/ 50101 80120 80002 9/015=
ZZYY 41613 22091 0250/ 748180 026605 6112/
11119 30152 40152 57033
22219 00154
444 20120 21091 2309/ 50101 80120 80003 9/015=
ZZYY 41558 22091 0230/ 729514 053373 6112/
11119 40252 57001
22219 00289
444 20120 22091 0052/ 50101 80008 80000 9////=
ZZYY 41915 22091 0230/ 734445 056865 6111/
11119 30267 40267 52004
22219 00275
444 20110 22091 0052/ 50101 80110 80000 9/015=
ZZYY 41915 22091 0130/ 734445 056865 6111/
11119 30266 40266 52007
22219 00275
444 20110 22091 0052/ 50101 80110 80000 9/015=
ZZYY 41592 22091 0232/ 732246 071308 6112/
444 20120 22091 0228/ 50101 80096 80033 9/015=
ZZYY 44882 22091 0230/ 729784 062437 6111/
11119 40246 52012
444 20110 22091 0108/ 50101 80009 80000 9////=
ZZYY 44882 22091 0130/ 729784 062437 6111/
444 20110 22091 0108/ 50101 9////=
ZZYY 41912 22091 0210/ 734918 056687 6112/
11119 30265 40265 52005
22219 00272
444 20120 22091 0052/ 50101 80110 80063 9/015=
ZZYY 41987 22091 0120/ 728231 075148 6111/
11119 30196 40196 52014
444 20110 22091 0054/ 50101 80130 80010 9/015=
ZZYY 44943 22091 0150/ 737743 054034 6113/
11119 30262 40262 57001
22219 00266
444 20130 22091 0052/ 50101 80100 80015 9/015=
ZZYY 13616 22091 0234/ 720746 063359 6111/
22219 00284
444 20110 22091 0100/ 50101 80052 80099 9/015=
ZZYY 41956 22091 0231/ 730659 064131 6112/
444 20120 22091 0121/ 50101 8//// 80000 9/015=
ZZYY 13636 22091 0234/ 723637 063576 6112/
22219 00284
444 20120 22091 0228/ 50101 80099 80009 9/015=
ZZYY 41970 22091 0210/ 725607 055843 6111/
11119 30229 40229 52004
22219 00281
444 20110 22091 0053/ 50101 80120 80043 9/015=
ZZYY 41970 22091 0110/ 725607 055843 6111/
11119 30231 40231 52009
22219 00281
444 20110 22091 0053/ 50101 80120 80035 9/015=
ZZYY 41561 22091 0230/ 727072 056054 6111/
11119 30237 40237 52004
22219 00280
444 20110 22091 0051/ 50101 80110 80012 9/015=
ZZYY 41561 22091 0130/ 727072 056054 6111/
11119 30238 40238 52010
22219 00280
444 20110 22091 0051/ 50101 80110 80015 9/015=
ZZYY 31527 22091 0232/ 732842 075105 6112/
22219 00274
444 20120 22091 0123/ 50101 8//// 80002 9////=
ZZYY 41981 22091 0150/ 729258 079510 6113/
11119 30184 40184 52011
22219 00292
444 20130 22091 0122/ 50101 80138 80002 9/015=
ZZYY 15637 22091 0233/ 709535 058540 6112/
22219 00297
444 20120 22091 0048/ 50101 80126 80001 9/015=
ZZYY 41686 22091 0233/ 719426 067934 6113/
22219 00288
444 20130 22091 0228/ 50101 80110 80000 9/015=
ZZYY 13567 22091 0140/ 727929 053714 6112/
11119 30245 40245 52005
22219 00282
444 20120 22091 0051/ 50101 80100 80000 9////=
ZZYY 41611 22091 0234/ 727212 073211 6112/
22219 00289
444 20120 22091 0123/ 50101 80140 80010 9/015=
ZZYY 44553 22091 0234/ 729711 059892 6111/
22219 00282
444 20110 22091 0228/ 50101 80087 80011 9/015=
ZZYY 41570 22091 0234/ 727029 075123 6112/
22219 00285
444 20120 22091 0227/ 50101 80140 80002 9/015=
ZZYY 41975 22091 0150/ 726856 068828 6111/
22219 00277
444 20110 22091 0122/ 50101 80120 80000 9/015=
ZZYY 41563 22091 0234/ 731722 071546 6111/
22219 00274
444 20110 22091 0228/ 50101 80110 80008 9/015=
ZZYY 41960 22091 0220/ 739281 068734 6112/
11119 30248 40248
22219 00267
444 20120 22091 0125/ 50101 80110 80094 9/015=
ZZYY 41972 22091 0230/ 737585 060447 6112/
11119 30275 40275
22219 00264
444 20120 22091 0052/ 50101 80120 80059 9/015=
ZZYY 41944 22091 0230/ 732656 070921 6112/
11119 30237 40237
22219 00272
444 20120 22091 0123/ 50101 80110 80098 9/015=
ZZYY 41715 22091 0120/ 723738 052721 6112/
11119 30224 40224 52010
22219 00281
444 20120 22091 0051/ 50101 80110 80036 9/015=
ZZYY 41979 22091 0210/ 729987 060294 6112/
11119 30255 40255 52010
22219 00283
444 20120 22091 0051/ 50101 80110 80048 9/015=
ZZYY 41979 22091 0110/ 729987 060294 6112/
11119 30253 40253 52013
22219 00283
444 20120 22091 0051/ 50101 80110 80055 9/015=
ZZYY 44905 22091 0220/ 736267 058198 6111/
11119 30266 40266 52005
22219 00270
444 20110 22091 0123/ 50101 8//// 80000 9/015=
ZZYY 31781 22091 0233/ 721090 068762 6112/
22219 00285
444 20120 22091 0228/ 50101 80120 80019 9/015=
ZZYY 41943 22091 0233/ 732452 065309 6111/
22219 00275
444 20110 22091 0228/ 50101 80144 80004 9/015=
ZZYY 41999 22091 0233/ 731026 060498 6112/
22219 00284
444 20120 22091 0121/ 50101 80110 80063 9/015=
ZZYY 51620 22091 0233/ 707616 096828 6111/
22219 00276
444 20110 22091 0229/ 50101 80115 80007 9/015=
ZZYY 41609 22091 0233/ 731925 066664 6112/
22219 00275
444 20120 22091 0123/ 50101 80144 80001 9/015=
ZZYY 44903 22091 0140/ 736987 062519 6112/
11119 30271 40271 52007
22219 00273
444 20120 22091 0122/ 50101 8//// 80000 9/015=
ZZYY 41578 22091 0229/ 729832 058768 6111/
444 20110 22091 0050/ 50101 80144 80010 9/015=
ZZYY 41974 22091 0231/ 727272 066581 6111/
22219 00282
444 20110 22091 0107/ 50101 80144 80006 9/015=
ZZYY 42513 22091 0233/ 728091 085665 6111/
22219 00290
444 20110 22091 0114/ 50101 80094 80247 9/015=
ZZYY 13599 22091 0234/ 721936 066684 6112/
22219 00286
444 20120 22091 0121/ 50101 80109 80006 9/015=
ZZYY 31982 22091 0233/ 731084 067180 6112/
22219 00265
444 20120 22091 0122/ 50101 80051 80000 9/015=
ZZYY 31775 22091 0233/ 726246 062772 6112/
444 20120 22091 0227/ 50101 80052 80099 9/015=
ZZYY 41921 22091 0210/ 720202 056647 6112/
22219 00280
444 20120 22091 0051/ 50101 80120 80063 9/015=
ZZYY 41622 22091 0210/ 726001 065661 6112/
11119 30213 40213 52016
22219 00284
444 20120 22091 0228/ 50101 80120 80010 9/015=
ZZYY 43537 22091 0233/ 738386 065979 6113/
22219 00262
444 20130 22091 0126/ 50101 80122 80016 9/015=
ZZYY 41623 22091 0220/ 727565 053547 6111/
11119 30242 40242 52001
22219 00282
444 20110 22091 0050/ 50101 80120 80029 9/015=
ZZYY 44932 22091 0246/ 750862 025346 6112/
22219 00141
444 20120 21091 2311/ 50101 80142 80003 9/015=
ZZYY 44517 22091 0245/ 751793 020015 6112/
22219 00137
444 20120 22091 0218/ 50101 80142 80011 9/015=
ZZYY 41938 22091 0240/ 739382 035974 6113/
11119 30205 40205 57011
22219 00233
444 20130 22091 0053/ 50101 80100 80000 9////=
ZZYY 44519 22091 0245/ 750845 019502 6111/
22219 00145
444 20110 22091 0243/ 50101 80140 80002 9/015=
ZZYY 62926 22091 0250/ 759928 018063 6112/
22219 00118
444 20120 22091 0238/ 50101 80110 80005 9/015=
ZZYY 62935 22091 0150/ 735190 030587 6112/
11119 30226 40226
22219 00247
444 20120 21091 2308/ 50101 80100 80100 9/015=
ZZYY 44925 22091 0150/ 749126 023405 6111/
11119 30189 40189 57024
22219 00144
444 20110 22091 0243/ 50101 80138 80002 9/015=
ZZYY 41997 22091 0246/ 744033 040134 6112/
444 20120 22091 0055/ 50101 80094 80035 9/015=
ZZYY 44931 22091 0110/ 746208 027553 6111/
11119 30184 40184 57028
22219 00181
444 20110 22091 0055/ 50101 80138 80001 9/015=
ZZYY 44931 22091 0010/ 746190 027590 6111/
11119 30195 40195 57022
22219 00182
444 20110 21091 2331/ 50101 80138 80001 9/015=
ZZYY 44930 22091 0246/ 765346 001664 6111/
444 20110 22091 0237/ 50101 80092 80099 9/015=
ZZYY 48653 22091 0240/ 788104 166591 6112/
11119 30069 40069 57002
22219 01079
444 20120 22091 0236/ 50101 80145 80001 9/015=
ZZYY 41590 22091 0240/ 746067 033471 6111/
11119 30128 40128 57007
444 20110 22091 0054/ 50101 80120 80021 9/015=
ZZYY 41590 22091 0140/ 746067 033471 6111/
11119 30131 40131 57006
444 20110 22091 0054/ 50101 80120 80019 9/015=
ZZYY 62723 22091 0246/ 740037 030276 6112/
22219 00222
444 20120 22091 0054/ 50101 80069 80009 9/015=
ZZYY 44942 22091 0240/ 761033 013358 6113/
11119 39963 49963 52022
22219 00119
444 20130 22091 0236/ 50101 80110 80000 9/015=
ZZYY 44942 22091 0140/ 761029 013353 6111/
11119 39956 49956 52021
22219 00119
444 20110 22091 0216/ 50101 80110 80000 9/015=
ZZYY 62727 22091 0243/ 741559 019735 6111/
22219 00208
444 20110 22091 0221/ 50101 80118 9/015=
ZZYY 63579 22091 0243/ 169032 046957 6112/
22219 00086
444 20120 22091 0237/ 50101 80005 80004 9////=
ZZYY 63964 22091 0244/ 173788 023068 6111/
444 20110 22091 0237/ 50101 80007 80013 9/015=
ZZYY 63951 22091 0244/ 765677 001359 6112/
22219 00106
444 20120 22091 0237/ 50101 80007 80011 9/015=
ZZYY 63948 22091 0244/ 175385 035572 6113/
22219 00056
444 20130 22091 0236/ 50101 80007 80005 9/015=
ZZYY 63577 22091 0241/ 175107 067619 6113/
22219 00061
444 20130 22091 0237/ 50101 80007 80005 9/015=
ZZYY 63583 22091 0244/ 172526 046797 6112/
22219 00080
444 20120 22091 0236/ 50101 80007 80010 9/015=
ZZYY 63584 22091 0245/ 777799 002192 6112/
22219 00042
444 20120 22091 0236/ 50101 80008 80013 9/015=
ZZYY 64933 22091 0240/ 769266 003001 6112/
22219 00100
33311 88872 20000 31000 43513
444 20120 22091 0236/ 50101 80010 80010 9////=
ZZYY 44904 22091 0230/ 746831 027903 6111/
11119 30161 40161 57026
22219 00167
444 20110 22091 0055/ 50101 80130 80002 9/015=
ZZYY 63966 22091 0243/ 171454 015201 6111/
22219 00104
444 20110 22091 0237/ 50101 80009 80005 9/015=
ZZYY 44923 22091 0120/ 752625 028212 6112/
11119 30087 40087 57004
22219 00124
444 20120 22091 0055/ 50101 80130 80002 9/015=
ZZYY 44926 22091 0150/ 746927 029594 6111/
11119 30133 40133 57029
22219 00151
444 20110 22091 0054/ 50101 80138 80001 9/015=
ZZYY 13570 22091 0200/ 737754 030892 6112/
11119 30234 40234 57008
22219 00236
444 20120 22091 0051/ 50101 80110 80062 9/015=
ZZYY 44885 22091 0220/ 744837 032998 6111/
11119 30160 40160 57024
22219 00188
444 20110 22091 0244/ 50101 80110 80035 9/015=
ZZYY 44900 22091 0100/ 731143 010389 6112/
11119 30196 40196 57011
444 20120 21091 2310/ 50101 80120 80025 9/015=
ZZYY 44921 22091 0246/ 738186 030212 6112/
22219 00237
444 20120 21091 2307/ 50101 8//// 80001 9/015=
####018000865####
SSVX08 KARS 220253
ZZYY 43301 21091 12004 707985 094895 6111/
11119 02014 10269 29083
22219 00277
33311 88872 20000 32769 20001 32772 43298 20020 32632 20040 31659
20060 31405 20080 31335 20100 31304 20120 31291 20140 31271
20180 31222 20300 31086 20500 30803
444 20110 21091 1354/ 521// 60401=
ZZYY 43301 22091 02004 707985 094909 6111/
11119 02407 10272 29078
22219 00278
444 20110 22091 0231/ 521// 60401=
ZZYY 32321 21091 12004 700216 095433 6112/
11119 01410 10200 29083
22219 00209
33311 88872 20000 32085 20001 32104 43458
444 20120 21091 1356/ 521// 60401=
ZZYY 32303 21091 12004 704944 094997 6111/
11119 02106 10250 29071
22219 00271
33311 88872 20000 32715 20001 32733 43304 20040 32531 20060 32091
20080 31826 20100 31567 20120 31434 20140 31397 20180 31338
20300 31149
444 20110 21091 1355/ 521// 60401=
####018000085####
SSVX06 KARS 220253
ZZYY 48713 22091 0231/ 175324 165554 6112/
444 500// 9/000=
####018000125####
SSVX02 CWAO 220245
ZZYY 47532 22091 0245/ 782992 062227 6113/ 11119 11098 444 20130 22091 0245/ 50701 80136 80001 9////=
####018000125####
SSVX02 CWAO 220245
ZZYY 47533 22091 0245/ 782990 062196 6113/ 22291 01008 444 20130 22091 0245/ 50701 80138 80001 9////=
####018000125####
SSVX02 CWAO 220245
ZZYY 47531 22091 0245/ 784419 064724 6113/ 11131 10000 444 20130 22091 0245/ 50701 80138 80001 9////=
####018000125####
SSVX02 CWAO 220245
ZZYY 47537 22091 0245/ 784419 064788 6113/ 22291 00003 444 20130 22091 0245/ 50701 80138 80001 9////=
####018000128####
SSVX02 CWAO 220245
ZZYY 47532 22091 0245/ 782992 062227 6113/ 11119 11098 444 20130 22091 0245/ 50701 80136 80001 9////=

####018000128####
SSVX02 CWAO 220245
ZZYY 47537 22091 0245/ 784419 064788 6113/ 22291 00003 444 20130 22091 0245/ 50701 80138 80001 9////=

####018000128####
SSVX02 CWAO 220245
ZZYY 47531 22091 0245/ 784419 064724 6113/ 11131 10000 444 20130 22091 0245/ 50701 80138 80001 9////=

####018000128####
SSVX02 CWAO 220245
ZZYY 47533 22091 0245/ 782990 062196 6113/ 22291 01008 444 20130 22091 0245/ 50701 80138 80001 9////=

####018000146####
SSVX13 LFPW 220300
ZZYY 64611 22091 0300/ 764069 025869 6110/ 11119 49984 52012 22219
 00108 444 20100 22091 0300/ 50101 80129 80000 9/015=
####018000993####
SSVX02 LFVW 220253
ZZYY 22689 22091 0149/ 735766 177741 6111/
22219 00240
444 20110 22091 0038/ 50101 80114 80008 9/015=
ZZYY 62776 22091 0200/ 745054 002885 6113/
22219 00198
444 20130 22091 0223/ 50101 80115 80051 9/015=
ZZYY 62776 22091 0130/ 745055 002884 6113/
22219 00198
444 20130 22091 0153/ 50101 80115 80048 9/015=
ZZYY 61850 22091 0200/ 138183 003292 6113/
22219 00251
444 20130 22091 0227/ 50101 80086 80019 9/015=
ZZYY 61850 22091 0130/ 138183 003296 6113/
22219 00251
444 20130 22091 0157/ 50101 80086 80016 9/015=
ZZYY 62773 22091 0200/ 747173 004933 6113/
22219 00161
444 20130 22091 0227/ 50101 80115 80059 9/050=
ZZYY 62773 22091 0130/ 747173 004933 6113/
22219 00162
444 20130 22091 0157/ 50101 80115 80059 9/050=
ZZYY 61788 22091 0200/ 140130 004461 6113/
22219 00256
444 20130 22091 0226/ 50101 80100 80033 9/050=
ZZYY 61788 22091 0130/ 140132 004462 6113/
22219 00256
444 20130 22091 0156/ 50101 80100 80032 9/050=
####018000117####
SSVX07 LFVW 220253
ZZYY 48548 22091 0150/ 774315 127944 6111/
11119 11010 39903 49903
444 20110 22091 0154/=
####018000263####
SSVX13 LFVW 220253
ZZYY 56547 22091 0220/ 533178 091869 6111/
22219 00153
444 20110 22091 0108/ 50101 80100 80000 9/015=
ZZYY 56511 22091 0140/ 544685 129587 6111/
11119 30015 40015 52128
22219 00085
444 20110 22091 0130/ 50101 80100 80000 9/015=
####018000143####
SSVX13 LFVW 220255
ZZYY 52751 22091 0130/ 315964 170222 6111/
11119 40128
22219 00268
444 20110 22091 0204/ 50101 80080 80100 9/015=
####018000277####
SSVX11 LFVW 220255
ZZYY 21210 21091 18004 138125 146405 6112/
11119 01933 10265 29086 49943
22219 00252
444 20120 21091 1751/ 522// 60371=
ZZYY 21210 21091 20004 138121 146419 6111/
11119 02032 10263 29085 49940
22219 00251
444 20110 21091 1931/ 522// 60371=
####018008643####
SSVX02 KARS 220257
ZZYY 13517 21091 2340/ 734986 017384 6112/
11119 30248 40248 52010
22219 00235
444 20120 21091 2308/ 50101 80120 80063 9/015=
ZZYY 13517 22091 0240/ 734994 017375 6112/
11119 30242 40242 57006
22219 00235
444 20120 22091 0245/ 50101 80120 80063 9/015=
ZZYY 13517 22091 0130/ 734994 017375 6112/
11119 30247 40247 57006
22219 00235
444 20120 22091 0245/ 50101 80120 80063 9/015=
ZZYY 13570 22091 0100/ 737754 030892 6112/
11119 30239 40239 57003
22219 00236
444 20120 22091 0051/ 50101 80110 80057 9/015=
ZZYY 42547 22091 0248/ 738443 037135 6113/
22219 00238
444 20130 22091 0053/ 50101 80094 80001 9/015=
ZZYY 44514 22091 0248/ 749289 022035 6113/
22219 00149
444 20130 22091 0242/ 50101 80142 80001 9/015=
ZZYY 62724 22091 0250/ 739434 026506 6112/
11119 30236 40236 57013
22219 00225
444 20120 21091 2310/ 50101 80120 80026 9/015=
ZZYY 62724 22091 0150/ 739434 026506 6112/
11119 30241 40241 57009
22219 00225
444 20120 21091 2310/ 50101 80120 80028 9/015=
ZZYY 44516 22091 0252/ 749131 026284 6111/
22219 00152
444 20110 22091 0249/ 50101 80138 80029 9/015=
ZZYY 44515 22091 0252/ 745254 025798 6112/
22219 00168
444 20120 22091 0246/ 50101 80142 80008 9/015=
ZZYY 13907 22091 0220/ 726800 036238 6112/
11119 30218 40218 57010
22219 00268
444 20120 22091 0050/ 50101 80110 80000 9/015=
ZZYY 44932 22091 0252/ 750895 025334 6112/
22219 00141
444 20120 22091 0243/ 50101 80142 80003 9/015=
ZZYY 44518 22091 0252/ 743117 022855 6113/
22219 00200
444 20130 22091 0245/ 50101 80142 80002 9/015=
ZZYY 44885 22091 0110/ 744828 033003 6112/
11119 30164 40164 57027
22219 00188
444 20120 22091 0055/ 50101 80110 80047 9/015=
ZZYY 44517 22091 0250/ 751783 020006 6113/
22219 00137
444 20130 22091 0244/ 50101 80142 80011 9/015=
ZZYY 41938 22091 0140/ 739382 035974 6113/
11119 30208 40208 57011
22219 00234
444 20130 22091 0053/ 50101 80100 80000 9////=
ZZYY 44519 22091 0251/ 750845 019514 6112/
22219 00145
444 20120 22091 0243/ 50101 80140 80002 9/015=
ZZYY 44880 22091 0150/ 726042 036005 6112/
11119 30217 40217 57005
22219 00263
444 20120 22091 0050/ 50101 80110 80006 9/015=
ZZYY 44900 22091 0200/ 731085 010455 6111/
11119 30192 40192 57012
444 20110 22091 0246/ 50101 80120 80022 9/015=
ZZYY 44926 22091 0050/ 746927 029594 6111/
11119 30141 40141 57032
22219 00151
444 20110 22091 0054/ 50101 80138 80002 9/015=
ZZYY 44926 22091 0250/ 746972 029584 6112/
11119 30127 40127 57025
22219 00151
444 20120 22091 0246/ 50101 80138 80001 9/015=
ZZYY 44925 22091 0250/ 749127 023411 6112/
11119 30179 40179 57027
22219 00144
444 20120 22091 0243/ 50101 80138 80001 9/015=
ZZYY 13934 22091 0250/ 721800 028497 6111/
444 20110 22091 0051/ 50101 80124 80180 9/015=
ZZYY 44554 22091 0251/ 733800 038098 6112/
444 20120 22091 0053/ 50101 80098 80099 9/015=
ZZYY 41997 22091 0251/ 744037 040087 6111/
444 20110 22091 0245/ 50101 80094 80035 9/015=
ZZYY 13910 22091 0252/ 718408 018848 6112/
22219 00257
444 20120 21091 1716/ 50101 80044 80255 9/015=
ZZYY 13520 22091 0250/ 732293 028776 6111/
11119 30222 40222 57007
22219 00254
444 20110 22091 0051/ 50101 80120 80006 9/015=
ZZYY 41935 22091 0230/ 728667 033554 6113/
11119 30220 40220 57009
22219 00264
444 20130 22091 0051/ 50101 80110 80000 9/015=
ZZYY 41935 22091 0130/ 728667 033554 6113/
11119 30221 40221 57004
22219 00264
444 20130 22091 0051/ 50101 80110 80000 9/015=
ZZYY 62729 22091 0252/ 739750 026322 6113/
22219 00219
444 20130 22091 0245/ 50101 80116 80021 9/015=
ZZYY 13912 22091 0240/ 725428 031439 6111/
11119 30201 40201 57013
22219 00259
444 20110 22091 0049/ 50101 80110 80032 9/015=
ZZYY 41608 22091 0210/ 741370 035455 6112/
11119 30193 40193 57001
22219 00225
444 20120 22091 0053/ 50101 80110 80013 9/015=
ZZYY 41608 22091 0110/ 741370 035455 6112/
11119 30193 40193 57006
22219 00225
444 20120 22091 0053/ 50101 80110 80022 9/015=
ZZYY 44522 22091 0251/ 742408 043927 6112/
22219 00231
444 20120 22091 0053/ 50101 80118 80029 9/015=
ZZYY 62725 22091 0251/ 742324 020370 6112/
22219 00204
444 20120 22091 0218/ 50101 80118 80013 9/015=
ZZYY 41914 22091 0252/ 739275 036310 6111/
22219 00238
444 20110 22091 0054/ 50101 80116 80015 9/015=
ZZYY 62726 22091 0250/ 736142 019025 6111/
22219 00231
444 20110 22091 0222/ 50101 80120 80013 9/015=
ZZYY 44924 22091 0252/ 748647 033964 6112/
22219 00155
444 20120 22091 0245/ 50101 80102 9/015=
ZZYY 44896 22091 0010/ 718373 022677 6112/
11119 30153 40153 52006
22219 00257
444 20120 21091 2311/ 50101 80070 80000 9/015=
ZZYY 44930 22091 0249/ 765345 001662 6111/
444 20110 22091 0237/ 50101 80092 80099 9/015=
ZZYY 44844 22091 0200/ 742304 036605 6111/
11119 30186 40186 57002
22219 00211
444 20110 22091 0245/ 50101 80120 80045 9/015=
ZZYY 13970 22091 0130/ 721699 034521 6111/
11119 30193 40193 57007
22219 00260
444 20110 22091 0049/ 50101 80100 80009 9/015=
ZZYY 41903 22091 0251/ 736629 040728 6113/
22219 00246
444 20130 22091 0052/ 50101 80076 80003 9/015=
ZZYY 62722 22091 0250/ 738578 024603 6112/
11119 30238 40238 57011
22219 00228
444 20120 22091 0245/ 50101 80110 80032 9/015=
ZZYY 62722 22091 0150/ 738578 024603 6112/
11119 30240 40240 57011
22219 00228
444 20120 22091 0245/ 50101 80110 80032 9/015=
ZZYY 62722 22091 0050/ 738566 024609 6112/
11119 30244 40244 57006
22219 00228
444 20120 21091 2310/ 50101 80110 80034 9/015=
ZZYY 44886 22091 0252/ 728993 036932 6112/
22219 00267
444 20120 22091 0052/ 50101 80074 80004 9/015=
ZZYY 44835 22091 0250/ 763409 031689 6113/
22219 00098
444 20130 22091 0238/ 50101 80110 80035 9/015=
ZZYY 41606 22091 0252/ 735341 041589 6113/
22219 00263
444 20130 22091 0052/ 50101 80057 80006 9/015=
ZZYY 62909 22091 0252/ 730601 026702 6112/
22219 00258
444 20120 21091 2308/ 50101 80108 80002 9/015=
ZZYY 44921 22091 0252/ 738181 030197 6112/
22219 00237
444 20120 22091 0245/ 50101 80080 80001 9/015=
ZZYY 62723 22091 0249/ 740040 030282 6111/
22219 00222
444 20110 22091 0245/ 50101 80069 80009 9/015=
ZZYY 13903 22091 0252/ 724263 027813 6112/
22219 00252
444 20120 21091 2203/ 50101 80130 80100 9/015=
ZZYY 41613 22091 0140/ 748259 026532 6112/
11119 30162 40162 57032
22219 00156
444 20120 22091 0244/ 50101 80120 80002 9/015=
ZZYY 41613 22091 0050/ 748180 026605 6112/
11119 30174 40174 57030
22219 00155
444 20120 21091 2309/ 50101 80120 80002 9/015=
ZZYY 44894 22091 0251/ 742200 033355 6111/
22219 00209
444 20110 22091 0245/ 50101 80078 80004 9/015=
ZZYY 13945 22091 0252/ 714798 018201 6112/
22219 00290
444 20120 21091 2307/ 50101 80146 80008 9/015=
ZZYY 13590 22091 0252/ 725733 031369 6112/
22219 00260
444 20120 22091 0051/ 50101 80130 80100 9/015=
ZZYY 13600 22091 0000/ 733452 025800 6112/
11119 30243 40243 52002
22219 00248
444 20120 21091 2310/ 50101 80110 80014 9/015=
ZZYY 13600 22091 0200/ 733450 025793 6111/
11119 30238 40238 57009
22219 00248
444 20110 22091 0249/ 50101 80110 80014 9/015=
ZZYY 13600 22091 0100/ 733450 025793 6111/
11119 30239 40239 57007
22219 00248
444 20110 22091 0249/ 50101 80110 80014 9/015=
ZZYY 62727 22091 0251/ 741559 019740 6112/
22219 00208
444 20120 22091 0244/ 50101 80118 80018 9/015=
ZZYY 41998 22091 0250/ 745796 041876 6112/
444 20120 22091 0055/ 50101 80068 80013 9/015=
ZZYY 62930 22091 0251/ 726617 031387 6111/
22219 00262
444 20110 21091 2306/ 50101 80084 80015 9/015=
ZZYY 13635 22091 0210/ 723435 032602 6111/
11119 30198 40198 57006
22219 00258
444 20110 22091 0050/ 50101 80120 80000 9/015=
ZZYY 63951 22091 0249/ 765677 001359 6112/
22219 00106
444 20120 22091 0237/ 50101 80007 80011 9/015=
ZZYY 13589 22091 0251/ 728688 014015 6112/
22219 00220
444 20120 22091 0221/ 50101 80108 80000 9/015=
ZZYY 41957 22091 0210/ 733356 028375 6112/
11119 30224 40224 57008
22219 00257
444 20120 22091 0246/ 50101 80110 80030 9/015=
ZZYY 41957 22091 0110/ 733347 028390 6111/
11119 30227 40227 57004
22219 00257
444 20110 22091 0053/ 50101 80110 80036 9/015=
ZZYY 41603 22091 0150/ 730439 040023 6112/
11119 30232 40232 57004
22219 00272
444 20120 22091 0052/ 50101 80110 80038 9/015=
ZZYY 42518 22091 0251/ 728769 039097 6111/
22219 00274
444 20110 22091 0050/ 50101 80118 80001 9/015=
ZZYY 44904 22091 0130/ 746831 027903 6111/
11119 30164 40164 57032
22219 00168
444 20110 22091 0055/ 50101 80130 80001 9/015=
####018000393####
SSVX08 KARS 220257
ZZYY 13002 21091 1200/ 720460 023120 6111/
33311 88872 20001 32497 43644 20020 32494 43644 20040 31995 43539
20060 31761 43572 20080 31715 20100 31663 20120 31617 20140 31582
20180 31537 20300 31407 20500 31195
444 20110 21091 1155/ 521//=
ZZYY 13002 22091 02004 720463 023113 6111/
11119 00612 10248 29089
22219 00251
444 20110 22091 0229/ 521// 60401=
