####018000134####
SSVX13 LFPW 092300
ZZYY 44621 09070 2300/ 754788 019988 6110/ 11119 40134 52005 444
 20100 09070 2300/ 50101 80113 80011 9/015=
####018003355####
SSVX11 LFVW 092244 RRA
ZZYY 52086 09070 22004 305036 156054 6111/
11119 00804 10275 29074 30120 40120
22219 00298
33311 88872 20000 32982 20002 32982 43479 20025 32982 43483
20050 33000 43516 20075 32987 43533 20100 32953 43540
20125 32842 43556 20150 32746 43559 20200 31763 43546
20250 31139 43486 20300 30971 43472 20500 30831 43463
20750 30646 43453
444 20110 09070 2227/ 522// 60401=
ZZYY 52086 09070 19004 305030 156019 6112/
11119 01407 10266 29080 30096 40096
22219 00298
33311 88872 20000 32979 20002 32979 43479 20025 32981 43483
20050 33003 43509 20075 32992 43533 20100 32958 43537
20125 32920 43545 20150 32773 43557 20200 31835 43552
20250 31171 43489 20300 31007 43475 20500 30830 43461
20750 30651 43454
444 20120 09070 1854/ 522// 60401=
ZZYY 52086 09070 21004 305017 156022 6111/
11119 00905 10273 29073 30109 40109
22219 00298
33311 88872 20000 32980 20002 32980 43478 20025 32981 43483
20050 32999 43517 20075 32987 43534 20100 32953 43540
20125 32854 43554 20150 32735 43559 20200 31758 43546
20250 31137 43486 20300 30988 43474 20500 30831 43460
20750 30651 43454
444 20110 09070 2047/ 522// 60401=
ZZYY 52073 09070 1100/ 104944 137295 6112/
11119 10293 29079 40098
22219 00307
33311 88872 20000 33070 20002 33070 43376 20025 33032 43395
20050 33033 43397 20075 32974 43441 20100 32812 43455
20125 32560 43478 20150 32278 43486 20200 31325 43460
20250 31095 43450 20300 30949 43461 20500 30742 20750 30611 43453=
ZZYY 52073 09070 2000/ 104938 137295 6112/
11119 10289 29081 40095
22219 00303
33311 88872 20000 33030 20002 33030 43390 20025 33032 43392
20050 33033 43397 20075 32964 43441 20100 32777 43459
20125 32561 43479 20150 32294 43488 20200 31527 43460
20250 31119 43449 20300 30936 43460 20500 30740 20750 30616 43452
444 20120 09070 2034/ 522//=
ZZYY 52073 09070 2200/ 104944 137295 6113/
11119 10293 29077 40103
22219 00303
33311 88872 20000 33028 20002 33028 43391 20025 33032 43394
20050 33033 43397 20075 32957 43443 20100 32772 43458
20125 32542 43479 20150 32275 43484 20200 31286 43457
20250 31108 43450 20300 30954 43460 20500 30753 20750 30617 43452
444 20130 09070 2212/ 522//=
ZZYY 52084 09070 19004 104972 156037 6112/
11119 00108 10280 29073 30101 40101
22219 00292
33311 88872 20000 32924 20002 32924 20025 32964 43422
20050 32960 43429 20075 32928 43448 20100 32734 43483
20125 32348 43498 20150 32001 43485 20200 31340 43457
20250 31050 43458 20300 30964 43462 20500 30782 43456
20750 30586 43453
444 20120 09070 1852/ 522// 60401=
ZZYY 52084 09070 21004 104973 156034 6113/
11119 00403 10282 29071 30111 40111
22219 00292
33311 88872 20000 32922 20002 32922 20025 32953 43414
20050 32962 43429 20075 32932 43445 20100 32777 43477
20125 32447 43493 20150 32094 43488 20200 31420 43459
20250 31058 43459 20300 30950 43462 20500 30775 43458
20750 30600 43453
444 20130 09070 2031/ 522// 60401=
ZZYY 52084 09070 20004 104973 156034 6113/
11119 00207 10280 29071 30104 40104
22219 00292
33311 88872 20000 32923 20002 32923 20025 32965 43424
20050 32952 43430 20075 32924 43450 20100 32694 43491
20125 32299 43494 20150 32002 43489 20200 31348 43455
20250 31048 43458 20300 30950 43462 20500 30777 43457
20750 30589 43454
444 20130 09070 2031/ 522// 60401=
####018014699####
SSVX11 LFVW 092244
ZZYY 52081 09070 2000/ 100072 138044 6113/
22219 00300
444 20130 09070 2033/ 522//=
ZZYY 52081 09070 2200/ 100068 138045 6112/
22219 00301
444 20120 09070 2217/ 522//=
ZZYY 52081 09070 1600/ 100072 138035 6113/
22219 00300
33311 88872 20000 33004 20002 33004 43451 20025 33011 43468
20050 32981 43497 20075 32906 43490 20100 32835 43489
20125 32571 43536 20150 32355 43514 20200 32074 43551
20250 31390 43506 20300 31222 43492 20500 30800 43458
20750 30616 43452=
ZZYY 52081 09070 1800/ 100066 138041 6112/
22219 00300
33311 88872 20000 33000 20002 33000 43455 20025 33012 43473
20050 32980 43497 20075 32907 43489 20100 32840 43487
20125 32586 43534 20150 32360 43514 20200 32079 43551
20250 31402 43506 20300 31221 43492 20500 30795 43457
20750 30610 43452
444 20120 09070 1742/ 522//=
ZZYY 52077 09070 21004 101991 147027 6112/
11119 00607 10289 30105 40105
22219 00300
33311 88872 20000 32997 20002 32997 43425 20025 32997 43442
20050 33008 43477 20075 33001 43486 20100 32814 43508
20125 32477 43521 20150 32335 43516 20200 31816 43543
20250 31312 43474 20300 30992 43472 20500 30783 43457
20750 30561 43453
444 20120 09070 2033/ 522// 60381=
ZZYY 52077 09070 20004 101991 147027 6112/
11119 00607 10288 30097 40097
22219 00300
33311 88872 20000 32997 20002 32997 43427 20025 32997 43441
20050 33008 43479 20075 33000 43486 20100 32766 43510
20125 32461 43522 20150 32260 43509 20200 31795 43541
20250 31354 43481 20300 30992 43472 20500 30780 43457
20750 30559 43453
444 20120 09070 2033/ 522// 60381=
ZZYY 52077 09070 19004 101991 147023 6112/
11119 00506 10288 30093 40093
22219 00300
33311 88872 20000 32998 20002 32998 43427 20025 32996 43444
20050 33008 43479 20075 33000 43486 20100 32741 43513
20125 32447 43522 20150 32110 43506 20200 31756 43538
20250 31323 43480 20300 30992 43472 20500 30785 43457
20750 30568 43453
444 20120 09070 1913/ 522// 60381=
ZZYY 52079 09070 2200/ 100056 147014 6112/
33311 88872 20002 32992 43494 20025 32998 43506 20050 32955 43519
20075 32908 43536 20100 32668 43520 20125 32463 43537
20150 32383 43550 20200 31669 43533 20250 31380 43506
20300 31150 43485 20500 30841 43462 20750 30571 43453
444 20120 09070 2226/ 522//=
ZZYY 52079 09070 19004 100054 147010 6112/
11119 00308 10289 29070 30096 40096
22219 00299
33311 88872 20000 32992 20002 32992 43494 20025 33000 43509
20050 32963 43516 20075 32941 43529 20100 32795 43541
20125 32540 43522 20150 32457 43540 20200 31915 43555
20250 31403 43509 20300 31176 43487 20500 30858 43463
20750 30593 43452
444 20120 09070 1912/ 522// 60401=
ZZYY 52079 09070 21004 100053 147013 6112/
11119 00407 10289 29071 30111 40111
22219 00299
33311 88872 20000 32992 20002 32992 43494 20025 32999 43509
20050 32954 43520 20075 32906 43537 20100 32671 43522
20125 32466 43537 20150 32410 43551 20200 31731 43540
20250 31391 43506 20300 31160 43487 20500 30849 43463
20750 30573 43453
444 20120 09070 2034/ 522// 60401=
ZZYY 52079 09070 18004 100055 147017 6111/
11119 00209 10289 29070 30095 40095
22219 00299
33311 88872 20000 32993 20002 32993 43494 20025 32987 43514
20050 32955 43520 20075 32906 43536 20100 32703 43525
20125 32503 43534 20150 32423 43550 20200 31693 43534
20250 31378 43505 20300 31155 43485 20500 30847 43463
20750 30582 43452
444 20110 09070 1733/ 522// 60401=
ZZYY 52082 09070 18004 102036 156023 6113/
11119 00309 10285 29071 30098 40098
22219 00298
33311 88872 20000 32978 20002 32978 43458 20025 32981 43462
20050 32981 43460 20075 32983 43464 20100 32863 20125 32553 43482
20150 32159 43497 20200 31414 43464 20250 31140 43473
20300 31031 43473 20500 30817 43459 20750 30597 43453
444 20130 09070 1732/ 522// 60401=
ZZYY 52082 09070 17004 102036 156023 6113/
11119 00208 10283 29072 30100 40100
22219 00298
33311 88872 20000 32979 20002 32979 43458 20025 32981 43462
20050 32981 43460 20075 32983 43462 20100 32898 20125 32550 43485
20150 32112 43502 20200 31416 43464 20250 31142 43474
20300 31028 43474 20500 30817 43459 20750 30601 43453
444 20130 09070 1732/ 522// 60401=
ZZYY 52082 09070 16004 102036 156023 6113/
11119 00208 10282 29073 30105 40105
22219 00298
33311 88872 20000 32979 20002 32979 43458 20025 32981 43462
20050 32981 43460 20075 32984 43466 20100 32813 20125 32485 43502
20150 32056 43495 20200 31402 43464 20250 31136 43474
20300 31025 43474 20500 30818 43458 20750 30599 43453=
ZZYY 52082 09070 15004 102033 156023 6112/
11119 00208 10282 29073 30110 40110
22219 00298
33311 88872 20000 32979 20002 32979 43458 20025 32981 43462
20050 32981 43460 20075 32973 43473 20100 32723 20125 32402 43509
20150 32023 43492 20200 31372 43469 20250 31142 43473
20300 31043 43475 20500 30836 43460 20750 30611 43453
444 20120 09070 1419/ 522// 60401=
ZZYY 52082 09070 12004 102036 156024 6112/
11119 00108 10282 29072 30117 40117
22219 00298
33311 88872 20000 32980 20002 32980 43458 20025 32982 43462
20050 32982 43461 20075 32903 43474 20100 32635 20125 32386 43510
20150 32000 43492 20200 31332 43473 20250 31123 43473
20300 31042 43474 20500 30844 43460 20750 30617 43452
444 20120 09070 1127/ 522// 60401=
ZZYY 52082 09070 14004 102034 156025 6113/
11119 00107 10283 29071 30116 40116
22219 00298
33311 88872 20000 32979 20002 32979 43457 20025 32981 43462
20050 32981 43460 20075 32969 43475 20100 32688 20125 32366 43507
20150 31961 43488 20200 31337 43473 20250 31136 43474
20300 31045 43474 20500 30844 43460 20750 30618 43454
444 20130 09070 1408/ 522// 60401=
ZZYY 52082 09070 11004 102038 156028 6112/
11119 00109 10280 29075 30117 40117
22219 00298
33311 88872 20000 32981 20002 32981 43457 20025 32982 43462
20050 32984 43464 20075 32862 43476 20100 32609 20125 32265 43504
20150 31959 43491 20200 31316 43473 20250 31128 43474
20300 31042 43474 20500 30844 43461 20750 30614 43453
444 20120 09070 1057/ 522// 60401=
ZZYY 52082 09070 13004 102026 156023 6111/
11119 00107 10283 29071 30118 40118
22219 00298
33311 88872 20000 32980 20002 32980 43458 20025 32981 43462
20050 32982 43460 20075 32934 43474 20100 32648 20125 32342 43509
20150 31961 43492 20200 31352 43471 20250 31142 43475
20300 31046 43474 20500 30846 43460 20750 30619 43454
444 20110 09070 1236/ 522// 60401=
ZZYY 52085 09070 15004 100014 156047 6113/
11119 00311 10286 29074 30108 40108
22219 00294
33311 88872 20000 32939 20002 32939 43506 20025 32940 43514
20050 32933 43513 20075 32869 43539 20100 32660 43518
20125 32528 43530 20150 32332 43556 20200 31736 43527
20250 31400 43504 20300 31140 43481 20500 30787 43460
20750 30569 43452
444 20130 09070 1419/ 522// 60401=
ZZYY 52085 09070 17004 100013 156044 6113/
11119 00309 10284 29073 30096 40096
22219 00294
33311 88872 20000 32937 20002 32937 43506 20025 32938 43515
20050 32930 43516 20075 32820 43534 20100 32577 43519
20125 32465 43543 20150 32322 43564 20200 31710 43526
20250 31424 43507 20300 31141 43481 20500 30789 43460
20750 30569 43453
444 20130 09070 1733/ 522// 60401=
ZZYY 52085 09070 16004 100015 156045 6113/
11119 00310 10285 29073 30100 40100
22219 00294
33311 88872 20000 32937 20002 32937 43506 20025 32939 43514
20050 32932 43514 20075 32840 43538 20100 32584 43519
20125 32470 43540 20150 32322 43563 20200 31746 43528
20250 31433 43508 20300 31144 43481 20500 30787 43460
20750 30562 43452=
ZZYY 52085 09070 12004 100017 156047 6113/
11119 00309 10288 29070 30114 40114
22219 00295
33311 88872 20000 32945 20002 32945 43505 20025 32938 43515
20050 32919 43522 20075 32790 43528 20100 32574 43518
20125 32522 43542 20150 32311 43559 20200 31741 43531
20250 31428 43508 20300 31142 43480 20500 30818 43460
20750 30579 43453
444 20130 09070 1126/ 522// 60401=
ZZYY 52085 09070 14004 100017 156047 6113/
11119 00310 10288 29072 30113 40113
22219 00294
33311 88872 20000 32943 20002 32943 43505 20025 32939 43515
20050 32931 43515 20075 32855 43539 20100 32663 43523
20125 32526 43523 20150 32342 43552 20200 31744 43528
20250 31408 43506 20300 31141 43480 20500 30789 43459
20750 30571 43453
444 20130 09070 1408/ 522// 60401=
ZZYY 52078 09070 19004 104960 147029 6113/
11119 00503 30093 40093
22219 00296
33311 88872 20000 32964 20002 32964 43386 20025 32966 43384
20050 32976 43402 20075 32943 43439 20100 32800 43466
20125 32565 43486 20150 32193 43480 20200 31318 43453
20250 31011 43459 20300 30914 43461 20500 30754 43457
20750 30592 43453
444 20130 09070 1912/ 522// 60401=
ZZYY 52078 09070 21004 104960 147031 6113/
11119 00603 30104 40104
22219 00296
33311 88872 20000 32964 20002 32964 43387 20025 32966 43384
20050 32976 43403 20075 32932 43444 20100 32814 43466
20300 30927 43461 20750 30601 43453
444 20130 09070 2033/ 522// 60401=
ZZYY 52083 09070 1400/ 108014 155948 6113/
11119 10276 29077 30126 40126
22219 00294
33311 88872 20000 32937 20002 32937 43415 20025 32932 43415
20050 32932 43419 20075 32932 43424 20100 32887 43449
20125 32712 43465 20150 32074 43477 20200 31228 43448
20250 31037 43454 20300 30965 43460 20500 30768 43455
20750 30568 43453
444 20130 09070 1406/ 522//=
ZZYY 52083 09070 1100/ 108015 155945 6111/
11119 10285 29080 30126 40126
22219 00295
33311 88872 20000 32945 20002 32945 43416 20025 32933 43416
20050 32933 43420 20075 32924 43428 20100 32825 43456
20125 32500 43479 20150 31939 43473 20200 31217 43449
20250 31022 43456 20300 30960 43460 20500 30780 43456
20750 30572 43452
444 20110 09070 1058/ 522//=
ZZYY 52088 09070 1600/ 302015 155957 6113/
11119 10276 29077 30101 40101
22219 00298
33311 88872 20000 32982 20002 32982 43549 20025 32982 43547
20050 32975 43548 20075 32966 43547 20100 32954 43555
20125 32756 43564 20150 32448 43570 20200 31550 43529
20250 31146 43486 20300 31054 43476 20500 30819 43464
20750 30572 43453=
ZZYY 52088 09070 1500/ 302014 155960 6112/
11119 10273 29080 30105 40105
22219 00298
33311 88872 20000 32982 20002 32982 43550 20025 32982 43548
20050 32975 43549 20075 32967 43546 20100 32962 43551
20125 32769 43565 20150 32448 43570 20200 31524 43521
20250 31144 43485 20300 31052 43476 20500 30835 43465
20750 30586 43452
444 20120 09070 1419/ 522//=
ZZYY 52088 09070 1400/ 302018 155959 6112/
11119 10282 29076 30108 40108
22219 00299
33311 88872 20000 32985 20002 32985 43550 20025 32982 43548
20050 32976 43548 20075 32969 43546 20100 32964 43551
20125 32830 43559 20150 32484 43569 20200 31549 43522
20250 31145 43484 20300 31052 43476 20500 30856 43466
20750 30610 43453
444 20120 09070 1409/ 522//=
ZZYY 52088 09070 1100/ 302015 155959 6113/
11119 10285 29076 30109 40109
22219 00299
33311 88872 20000 32991 20002 32991 43549 20025 32981 43547
20050 32975 43548 20075 32969 43547 20100 32962 43551
20125 32814 43561 20150 32447 43570 20200 31587 43529
20250 31151 43485 20300 31059 43477 20500 30877 43467
20750 30619 43454
444 20130 09070 1056/ 522//=
ZZYY 52088 09070 1200/ 302015 155960 6112/
11119 10284 29076 30110 40110
22219 00299
33311 88872 20000 32989 20002 32989 43549 20025 32981 43548
20050 32975 43548 20075 32969 43547 20100 32962 43551
20125 32800 43563 20150 32456 43570 20200 31549 43528
20250 31150 43486 20300 31057 43477 20500 30874 43467
20750 30625 43452
444 20120 09070 1127/ 522//=
ZZYY 52080 09070 20004 101991 138109 6112/
11119 01905 10285 29081 40094
22219 00303
33311 88872 20000 33026 20002 33026 43420 20025 33026 43444
20050 33023 43461 20075 33006 43455 20100 32855 43449
20300 31200 43476 20750 30599 43453
444 20120 09070 2035/ 522// 60381=
ZZYY 52080 09070 22004 101997 138109 6111/
11119 01403 10280 29080 40104
22219 00302
33311 88872 20000 33024 20125 32582 43473 20150 32190 43514
20200 31858 43540 20250 31447 43513 20500 30760 43456
444 20110 09070 2213/ 522// 60381=
ZZYY 52080 09070 16004 101996 138102 6112/
11119 01803 10291 29075 40104
22219 00303
33311 88872 20000 33033 20002 33033 43427 20025 33030 43451
20050 33020 43464 20075 33012 43458 20100 33005 43459
20125 32633 43469 20150 32209 43497 20200 31871 43542
20250 31510 43518 20300 31223 43478 20500 30759 43455
20750 30571 43452=
ZZYY 52080 09070 18004 101983 138101 6112/
11119 02103 10287 29077 40095
22219 00304
33311 88872 20000 33036 20002 33036 43424 20025 33024 43448
20050 33018 43461 20075 33005 43455 20100 32815 43455
20125 32509 43481 20150 32116 43514 20200 31837 43540
20250 31486 43516 20300 31197 43478 20500 30762 43457
20750 30596 43452
444 20120 09070 1742/ 522// 60381=
ZZYY 52086 09070 12004 305028 156022 6113/
11119 01109 10279 29071 30108 40108
22219 00299
33311 88872 20000 32993 20002 32993 43484 20025 32989 43488
20050 33003 43513 20075 32984 43535 20100 32942 43540
20125 32839 43555 20150 32650 43566 20200 31866 43557
20250 31178 43494 20300 31020 43476 20500 30825 43461
20750 30627 43453
444 20130 09070 1125/ 522// 60401=
ZZYY 52086 09070 14004 305029 156032 6112/
11119 01207 10272 29076 30106 40106
22219 00299
33311 88872 20000 32988 20002 32988 43484 20025 32990 43487
20050 32997 43495 20075 32989 43524 20100 32962 43537
20125 32916 43546 20150 32672 43564 20200 31932 43555
20250 31239 43495 20300 31052 43477 20500 30838 43461
20750 30629 43454
444 20120 09070 1410/ 522// 60401=
ZZYY 52086 09070 11004 305028 156026 6113/
11119 01209 10279 29070 30106 40106
22219 00299
33311 88872 20000 32994 20002 32994 43484 20025 32988 43487
20050 33002 43515 20075 32983 43534 20100 32942 43540
20125 32853 43555 20150 32693 43565 20200 31865 43553
20250 31148 43489 20300 31000 43474 20500 30824 43461
20750 30626 43453
444 20130 09070 1055/ 522// 60401=
ZZYY 52086 09070 13004 305025 156012 6111/
11119 01109 10278 29072 30108 40108
22219 00299
33311 88872 20000 32990 20002 32990 43484 20025 32990 43488
20050 33003 43505 20075 32985 43533 20100 32942 43541
20125 32854 43552 20150 32630 43567 20200 31887 43552
20250 31220 43493 20300 31047 43477 20500 30830 43460
20750 30632 43453
444 20110 09070 1235/ 522// 60401=
ZZYY 52086 09070 20004 305027 156020 6113/
11119 01305 10268 29080 30101 40101
22219 00298
33311 88872 20000 32978 20002 32978 43479 20025 32980 43481
20050 33003 43512 20075 32994 43533 20100 32955 43538
20125 32912 43547 20150 32773 43556 20200 31710 43545
20250 31138 43486 20300 30994 43473 20500 30830 43461
20750 30648 43455
444 20130 09070 2035/ 522// 60401=
####018001403####
SSVX13 LFVW 092244
ZZYY 52750 09070 2230/ 314501 144989 6112/
11119 40159
22219 00246
33311 88872 20000 32455 42054
444 50101 80110 80000 9/015=
ZZYY 55580 09070 2220/ 326033 171384 6111/
11119 30150 40150 52002
22219 00214
444 20110 09070 2231/ 50101 80008 80087 9/015=
ZZYY 55573 09070 2100/ 335340 160315 6112/
11119 40298 52008
22219 00172
444 20120 09070 2055/ 50101 80110 80000 9/015=
ZZYY 55573 09070 2200/ 335332 160344 6111/
11119 40302 52011
22219 00172
444 20110 09070 2233/ 50101 80110 80000 9/015=
ZZYY 55590 09070 2110/ 332718 174083 6113/
11119 40240 52018
22219 00168
444 20130 09070 2024/ 50101 80011 80000 9/015=
ZZYY 55590 09070 2210/ 332718 174083 6113/
11119 40246 52017
22219 00168
444 20130 09070 2024/ 50101 80011 80000 9/015=
ZZYY 55587 09070 2230/ 329329 177342 6112/
11119 40213 52010
22219 00186
444 20120 09070 2053/ 50101 80010 80000 9/015=
ZZYY 55587 09070 2130/ 329329 177342 6112/
11119 40213 52011
22219 00186
444 20120 09070 2053/ 50101 80010 80000 9/015=
ZZYY 55588 09070 2220/ 326196 164565 6112/
11119 40193 52022
22219 00208
444 20120 09070 2231/ 50101 80010 80000 9/015=
ZZYY 55572 09070 2200/ 335407 158137 6111/
11119 30306 40306 52017
444 20110 09070 2231/ 50101 9/015=
ZZYY 55572 09070 2100/ 335396 158173 6111/
11119 30299 40299 52011
444 20110 09070 2056/ 50101 9/015=
####018000134####
SSVX13 LFPW 092300
ZZYY 63538 09070 2300/ 769178 002520 6110/ 11119 40005 52013 444
 20100 09070 2300/ 50101 80134 80052 9/015=
####018005021####
SSVX02 KARS 092247
ZZYY 54933 09070 2130/ 320544 172232 6112/
11119 30134 40134 57008
22219 00238
444 20120 09070 2051/ 50101 80080 80009 9/015=
ZZYY 54933 09070 2220/ 320544 172228 6112/
11119 30158 40158 52012
22219 00238
444 20120 09070 2230/ 50101 80080 80000 9/015=
ZZYY 54943 09070 2220/ 523574 179305 6113/
11119 30189 40189 52007
22219 00243
444 20130 09070 2052/ 50101 8//// 80000 9////=
ZZYY 54908 09070 2140/ 312871 162747 6112/
11119 30139 40139 52022
444 20120 09070 2226/ 50101 8//// 80100 9/015=
ZZYY 51870 09070 2233/ 305185 155707 6113/
22219 00299
444 20130 09070 2034/ 50101 80083 80255 9/015=
ZZYY 51867 09070 2234/ 303471 160642 6113/
22219 00300
444 20130 09070 2225/ 50101 80057 80012 9/015=
ZZYY 51898 09070 2232/ 306115 174613 6112/
22219 00298
444 20120 09070 2227/ 50101 80109 80012 9/015=
ZZYY 51747 09070 2232/ 312211 170660 6111/
22219 00286
444 20110 09070 2230/ 50101 80005 80018 9////=
ZZYY 51725 09070 2233/ 305343 170331 6112/
22219 00299
444 20120 09070 2226/ 50101 80010 80013 9/015=
ZZYY 55636 09070 2210/ 330967 166436 6111/
11119 30242 40242 52004
22219 00182
444 20110 09070 2232/ 50101 80110 80004 9/015=
ZZYY 55966 09070 2210/ 331447 160661 6112/
11119 30277 40277 52015
22219 00185
444 20120 09070 2054/ 50101 80110 80006 9/015=
ZZYY 55951 09070 2200/ 344972 176376 6112/
11119 30276 40276 52009
22219 00086
444 20120 09070 2057/ 50101 80110 80010 9/015=
ZZYY 51518 09070 2233/ 316272 174672 6112/
22219 00276
444 20120 09070 2230/ 50101 80013 80013 9////=
ZZYY 16520 09070 2230/ 336495 134441 6111/
11119 49964 52044
22219 00151
444 20110 09070 2104/ 50101 80011 80011 9////=
ZZYY 16520 09070 2130/ 336495 134441 6111/
11119 49949 52031
22219 00153
444 20110 09070 2104/ 50101 80011 80011 9////=
ZZYY 16524 09070 2200/ 344769 175018 6111/
444 20110 09070 2054/ 50101 9/015=
ZZYY 16556 09070 2210/ 333730 130392 6111/
22219 00164
444 20110 09070 2046/ 50101 8//// 80099 9/015=
ZZYY 16553 09070 2210/ 343448 142805 6111/
444 20110 09070 2059/ 50101 9/015=
ZZYY 51513 09070 2235/ 312169 152697 6112/
22219 00272
444 20120 09070 2037/ 50101 80007 80016 9////=
ZZYY 56569 09070 2130/ 344034 122283 6112/
11119 39878 49878 52030
22219 00106
444 20120 09070 2048/ 50101 80110 80011 9/015=
ZZYY 17525 09070 2140/ 334233 129424 6111/
11119 30239 40239
22219 00158
444 20110 09070 2103/ 50101 8//// 80045 9/015=
ZZYY 16938 09070 2220/ 336475 128493 6111/
22219 00151
444 20110 09070 2103/ 50101 9/015=
ZZYY 16937 09070 2150/ 346552 160280 6112/
22219 00106
444 20120 09070 2058/ 50101 9/015=
ZZYY 33660 09070 2140/ 345403 134196 6111/
22219 00100
444 20110 09070 2106/ 50101 9/015=
ZZYY 16941 09070 2230/ 336340 130313 6111/
22219 00147
444 20110 09070 2045/ 50101 9/015=
ZZYY 51505 09070 2232/ 303790 166613 6113/
22219 00295
444 20130 09070 2227/ 50101 80061 80031 9/015=
ZZYY 33589 09070 2220/ 353756 141644 6111/
11119 30160 40160
22219 00029
444 20110 09070 2109/ 50101 8//// 80056 9/015=
ZZYY 51658 09070 2233/ 311085 173568 6111/
22219 00290
444 20110 09070 2225/ 50101 80073 80031 9/015=
ZZYY 52619 09070 2233/ 102718 151573 6112/
444 20120 09070 2226/ 50101 80079 80000 9/015=
ZZYY 56602 09070 2140/ 347299 155562 6113/
11119 30321 40321 52008
22219 00091
444 20130 09070 2059/ 50101 80110 80007 9/015=
ZZYY 56604 09070 2220/ 348922 145365 6112/
11119 30213 40213 57012
22219 00089
444 20120 09070 2100/ 50101 80110 80009 9/015=
ZZYY 56551 09070 2120/ 346847 132851 6112/
11119 39951 49951 57037
22219 00091
444 20120 09070 2108/ 50101 80120 80010 9/015=
ZZYY 33961 09070 2220/ 340012 133863 6111/
11119 39796 49796 57076
22219 00135
444 20110 09070 2104/ 50101 8//// 80000 9////=
ZZYY 55908 09070 2220/ 330071 159925 6111/
11119 30264 40264 52008
22219 00205
444 20110 09070 2232/ 50101 80110 80005 9/015=
ZZYY 55967 09070 2220/ 327316 164130 6112/
11119 30210 40210 52002
22219 00204
444 20120 09070 2232/ 50101 80110 80000 9/015=
ZZYY 51657 09070 2234/ 314829 155357 6112/
22219 00261
444 20120 09070 2228/ 50101 80011 80099 9/015=
ZZYY 51769 09070 2234/ 310542 170378 6111/
22219 00290
444 20110 09070 2229/ 50101 80083 80003 9////=
ZZYY 51731 09070 2234/ 311980 172790 6111/
22219 00288
444 20110 09070 2229/ 50101 80011 80099 9/015=
ZZYY 52668 09070 2234/ 314435 151111 6111/
22219 00268
444 20110 09070 2229/ 50101 80011 80099 9/015=
ZZYY 51671 09070 2235/ 312498 150097 6112/
22219 00267
444 20120 09070 2229/ 50101 80008 80072 9/015=
ZZYY 51670 09070 2233/ 306981 156071 6112/
22219 00284
444 20120 09070 2228/ 50101 80011 80000 9/015=
ZZYY 16603 09070 2140/ 337950 130448 6111/
11119 49884 52045
22219 00141
444 20110 09070 2105/ 50101 80010 80003 9////=
ZZYY 16958 09070 2130/ 332572 163058 6112/
11119 40267 52018
22219 00186
444 20120 09070 2054/ 50101 80011 80000 9////=
####018001265####
SSVX08 KARS 092247
ZZYY 52003 08070 1200/ 105033 164998 6112/
33311 88872 20001 32913 43443 20025 32917 20050 32912 20075 32906
20100 32769 20125 32367 20150 31868 20200 31167 20250 31031
20300 30955 20500 30781
444 20120 08070 1011/ 521//=
ZZYY 52002 08070 1200/ 301993 164993 6112/
33311 88872 20001 33005 43503 20025 32996 20050 32976 20100 32914
20150 32339 20200 31483 20250 31192 20300 31117 20500 30886
444 20120 08070 1009/ 521//=
ZZYY 52002 09070 22004 301995 164993 6111/
11119 00208 10289 29073
22219 00298
444 20110 09070 2227/ 521// 60401=
ZZYY 52007 08070 1200/ 308042 164797 6111/
33311 88872 20001 32952 43447 20025 32968 20050 32960 20075 32887
20100 32793 20125 32556 20150 32415 20200 32021 20300 31310
20500 30784
444 20110 08070 1007/ 521//=
ZZYY 52007 09070 2200/ 308047 164795 6112/
11119 10246 29091
22219 00295
444 20120 09070 2227/ 521//=
ZZYY 52004 08070 1200/ 305004 165165 6112/
33311 88872 20001 32985 43482 20025 32979 20050 32964 20075 32874
20100 32814 20125 32725 20150 32584 20200 32052 20250 31356
20300 31070 20500 30825
444 20120 08070 1006/ 521//=
ZZYY 52004 09070 22004 305013 165164 6112/
11119 00208 10295 29074
22219 00298
444 20120 09070 2225/ 521// 60401=
####018000146####
SSVX13 LFPW 092300
ZZYY 44616 09070 2300/ 759178 056097 6110/ 11119 40067 52002 22219
 00055 444 20100 09070 2300/ 50101 80137 80000 9/015=
