####018001549####
SSVX02 KARS 211853
ZZYY 22927 21091 1849/ 741404 152321 6111/
22219 00176
444 20110 21091 1844/ 50101 80009 80099 9////=
ZZYY 46516 21091 1849/ 735425 140121 6111/
22219 00233
444 20110 21091 1721/ 50101 80094 80093 9////=
ZZYY 21899 21091 1810/ 748689 178199 6112/
11119 30081 40081 57014
22219 00108
444 20120 21091 1609/ 50101 80140 80007 9/015=
ZZYY 52667 21091 1847/ 741506 154728 6111/
444 20110 21091 1721/ 50101 9////=
ZZYY 22616 21091 1849/ 732221 154517 6111/
22219 00257
444 20110 21091 1724/ 50101 80045 80000 9/015=
ZZYY 51974 21091 1849/ 736583 164097 6111/
22219 00239
444 20110 21091 1724/ 50101 80119 80009 9/015=
ZZYY 46607 21091 1820/ 728284 146721 6112/
11119 30208 40208
22219 00245
444 20120 21091 1724/ 50101 80100 80000 9/015=
ZZYY 21853 21091 1840/ 742254 176068 6111/
11119 30143 40143 52051
22219 00165
444 20110 21091 1744/ 50101 80120 80000 9/015=
ZZYY 21944 21091 1820/ 727915 174248 6111/
11119 30212 40212 52014
22219 00274
444 20110 21091 1754/ 50101 80010 80000 9////=
ZZYY 14945 21091 1848/ 739431 158991 6112/
444 20120 21091 1724/ 50101 9/015=
ZZYY 46921 21091 1800/ 752338 137365 6113/
11119 39799 49799 52016
22219 00114
444 20130 21091 1720/ 50101 80100 80000 9/015=
ZZYY 21998 21091 1830/ 744306 145442 6113/
11119 30090 40090 52018
22219 00158
444 20130 21091 1720/ 50101 80100 80000 9/015=
ZZYY 46618 21091 1810/ 145922 168289 6112/
11119 30182 40182 52010
22219 00134
444 20120 21091 1628/ 50101 80077 80063 9/015=
####018000097####
SSVX06 KARS 211853
ZZYY 48505 21091 1847/ 780182 127733 6113/
444 20130 21091 1837/ 500//=
####018001481####
SSVX11 LFVW 211853
ZZYY 53056 21091 1500/ 305024 095044 6111/
11119 10267 29083
22219 00271
33311 88872 20000 32711 20001 32711 43405 20011 32712 43410
20020 32708 43420 20040 32700 43419 20081 32118 20100 31862 43499
20120 31542 20140 31326 20200 31212 20301 31088 20501 30935
444 20110 21091 1503/ 522//=
ZZYY 53056 21091 0700/ 305045 095061 6112/
11119 10268 29081
22219 00272
33311 88872 20000 32722 20001 32722 43406 20011 32708 43412
20020 32705 43412 20040 32702 43418 20081 32125 20100 31860 43498
20120 31554 20140 31364 20200 31216 20300 31089 20501 30933=
ZZYY 53056 21091 1800/ 305040 095059 6113/
22219 00000
33311 88872 20000 30000 20001 32706 43406 20011 32707 43410
20020 32706 43396 20040 32701 43421 20081 32094 20100 31860 43499
20120 31568 20140 31325 20200 31229 20301 31095 20501 30937
444 20130 21091 1833/ 522//=
ZZYY 53056 21091 1600/ 305035 095055 6112/
11119 10267 29083
22219 00271
33311 88872 20000 32710 20001 32710 43404 20011 32710 43410
20020 32709 43418 20040 32701 43418 20081 32085 20100 31792 43496
20120 31489 20140 31293 20200 31209 20301 31090 20501 30936
444 20120 21091 1614/ 522//=
ZZYY 53056 21091 1400/ 305040 095060 6113/
11119 10267 29083
22219 00271
33311 88872 20000 32714 20001 32714 43405 20011 32714 43411
20021 32708 43422 20040 32700 43420 20081 32260 20100 31909 43474
20120 31566 20140 31366 20200 31215 20301 31087 20501 30932
444 20130 21091 1434/ 522//=
####018000117####
SSVX07 LFVW 211853
ZZYY 48548 21091 1850/ 774309 127577 6111/
11119 11010 39942 49942
444 20110 21091 1803/=
####018000125####
SSVX02 CWAO 211845
ZZYY 47531 21091 1845/ 784418 064751 6113/ 11131 10000 444 20130 21091 1845/ 50701 80138 80001 9////=
####018000125####
SSVX02 CWAO 211845
ZZYY 47537 21091 1845/ 784418 064815 6113/ 22291 00003 444 20130 21091 1845/ 50701 80138 80001 9////=
####018000125####
SSVX02 CWAO 211845
ZZYY 47533 21091 1845/ 782989 062181 6113/ 22291 01005 444 20130 21091 1845/ 50701 80138 80001 9////=
####018000125####
SSVX02 CWAO 211845
ZZYY 47532 21091 1845/ 782991 062212 6113/ 11119 11060 444 20130 21091 1845/ 50701 80138 80001 9////=
####018000128####
SSVX02 CWAO 211845
ZZYY 47533 21091 1845/ 782989 062181 6113/ 22291 01005 444 20130 21091 1845/ 50701 80138 80001 9////=

####018000128####
SSVX02 CWAO 211845
ZZYY 47537 21091 1845/ 784418 064815 6113/ 22291 00003 444 20130 21091 1845/ 50701 80138 80001 9////=

####018000128####
SSVX02 CWAO 211845
ZZYY 47531 21091 1845/ 784418 064751 6113/ 11131 10000 444 20130 21091 1845/ 50701 80138 80001 9////=

####018000128####
SSVX02 CWAO 211845
ZZYY 47532 21091 1845/ 782991 062212 6113/ 11119 11060 444 20130 21091 1845/ 50701 80138 80001 9////=

####018000155####
SSVX13 KARS 211855
ZZYY 14917 21091 1800/ 326514 074162 6112/
11119 30280 40280 57003
22219 00210
444 20120 21091 1841/ 50101 80115 80002 9/015=
####018014789####
SSVX02 KARS 211855
ZZYY 14554 21091 1830/ 332208 065552 6111/
11119 40246 57002
22219 00177
444 20110 21091 1842/ 50101 80010 80000 9////=
ZZYY 14554 21091 1730/ 332191 065536 6113/
11119 40250 52006
22219 00177
444 20130 21091 1637/ 50101 80010 80000 9////=
ZZYY 33568 21091 1830/ 344173 075798 6111/
22219 00104
444 20110 21091 1843/ 50101 80090 80100 9/015=
ZZYY 16555 21091 1800/ 333674 078306 6112/
22219 00155
444 20120 21091 1836/ 50101 80110 80000 9/015=
ZZYY 16575 21091 1840/ 338865 077748 6112/
11119 30183 40183 57017
22219 00127
444 20120 21091 1837/ 50101 80110 80000 9/015=
ZZYY 16577 21091 1840/ 340115 076452 6112/
11119 30165 40165
22219 00124
444 20120 21091 1842/ 50101 80100 80100 9/015=
ZZYY 16560 21091 1800/ 338312 069929 6112/
11119 30185 40185
22219 00136
444 20120 21091 1755/ 50101 80110 80100 9/015=
ZZYY 17902 21091 1840/ 344843 077109 6112/
22219 00106
444 20120 21091 1842/ 50101 80110 80100 9/015=
ZZYY 23975 21091 1730/ 312732 090900 6113/
11119 30165 40165
22219 00266
444 20130 21091 1837/ 50101 80110 80010 9/015=
ZZYY 23975 21091 1630/ 312726 090907 6111/
11119 30169 40169 57247
22219 00266
444 20110 21091 1616/ 50101 80110 80010 9/015=
ZZYY 23974 21091 1640/ 309293 087206 6112/
11119 30144 40144 57249
22219 00278
444 20120 21091 1619/ 50101 80110 80011 9/015=
ZZYY 33951 21091 1844/ 338960 087154 6112/
22219 00116
444 20120 21091 1814/ 50101 80072 80014 9/015=
ZZYY 33651 21091 1840/ 345301 078518 6111/
22219 00041
444 20110 21091 1842/ 50101 80100 80000 9/015=
ZZYY 33659 21091 1720/ 325828 076136 6111/
11119 40289 52005
22219 00201
444 20110 21091 1639/ 50101 80010 80004 9////=
ZZYY 56906 21091 1740/ 324245 079327 6112/
11119 30273 40273 57003
22219 00219
444 20120 21091 1836/ 50101 80090 80100 9/015=
ZZYY 56906 21091 1640/ 324257 079336 6111/
11119 30277 40277 52005
22219 00219
444 20110 21091 1638/ 50101 80090 80100 9/015=
ZZYY 16595 21091 1840/ 327841 089196 6113/
11119 30292 40292 57011
22219 00201
444 20130 21091 1835/ 50101 80080 80000 9/015=
ZZYY 14543 21091 1820/ 318489 074620 6112/
11119 30221 40221 52253
22219 00239
444 20120 21091 1836/ 50101 80110 80013 9/015=
ZZYY 16565 21091 1750/ 323539 077099 6112/
11119 30272 40272 52001
22219 00218
444 20120 21091 1840/ 50101 80100 80007 9////=
ZZYY 16565 21091 1650/ 323548 077124 6112/
11119 30274 40274 52007
22219 00218
444 20120 21091 1639/ 50101 80100 80008 9////=
ZZYY 33690 21091 1842/ 342350 099580 6112/
22219 00108
444 20120 21091 1840/ 50101 80074 80113 9/015=
ZZYY 33687 21091 1846/ 333695 061792 6111/
22219 00151
444 20110 21091 1756/ 50101 80070 80000 9/015=
ZZYY 14915 21091 1840/ 329033 094819 6112/
11119 30278 40278 57012
22219 00171
444 50101 80090 80004 9/015=
ZZYY 33692 21091 1846/ 341205 090998 6112/
22219 00108
444 20120 21091 1837/ 50101 80074 80054 9/015=
ZZYY 33569 21091 1750/ 337032 085461 6112/
11119 30242 40242 57007
22219 00123
444 20120 21091 1814/ 50101 80110 80010 9/015=
ZZYY 23678 21091 1845/ 340012 089035 6112/
22219 00113
444 20120 21091 1837/ 50101 80049 80099 9////=
ZZYY 33881 21091 1830/ 348509 085234 6111/
11119 30013 40013 57023
22219 00062
444 20110 21091 1841/ 50101 80110 80070 9/015=
ZZYY 33880 21091 1830/ 345699 085794 6111/
11119 30107 40107 57016
22219 00082
444 20110 21091 1841/ 50101 80110 80054 9/015=
ZZYY 46914 21091 1705/ 719385 121789 6113/
22219 00242
444 20130 21091 0327/ 50101 80102 80000 9/015=
ZZYY 32675 21091 1712/ 703827 138545 6111/
22219 00262
444 20110 21091 1708/ 50101 80120 80117 9/015=
ZZYY 46903 21091 1704/ 730513 134491 6112/
22219 00215
444 20120 21091 1705/ 50101 80138 80000 9/015=
ZZYY 32624 21091 1715/ 511347 100662 6112/
22219 00223
444 20120 21091 1710/ 50101 80116 80180 9/015=
ZZYY 51653 21091 1708/ 718808 135959 6111/
22219 00251
444 20110 21091 1709/ 50101 80122 80024 9/015=
ZZYY 32683 21091 1715/ 518738 095779 6112/
22219 00198
444 20120 21091 1711/ 50101 80116 80058 9/015=
ZZYY 51969 21091 1714/ 506048 135042 6111/
22219 00255
444 20110 21091 1709/ 50101 80120 80026 9/015=
ZZYY 32549 21091 1714/ 518900 093985 6113/
22219 00195
444 20130 21091 1420/ 50101 80114 80180 9/015=
ZZYY 32538 21091 1715/ 522559 092257 6112/
22219 00187
444 20120 21091 1529/ 50101 80116 80086 9/015=
ZZYY 32551 21091 1610/ 703836 119054 6111/
11119 30116 40116 52016
444 20110 21091 1549/ 50101 80077 80000 9/015=
ZZYY 55954 21091 1630/ 533815 100336 6111/
11119 40137 57001
22219 00155
444 20110 21091 1605/ 50101 80010 80000 9////=
ZZYY 16591 21091 1630/ 524606 104168 6112/
11119 30189 40189 52014
22219 00207
444 20120 21091 1603/ 50101 8//// 80047 9////=
ZZYY 34542 21091 1620/ 520469 102553 6111/
11119 30239 40239
22219 00208
444 20110 21091 1601/ 50101 80130 80002 9/015=
ZZYY 51795 21091 1708/ 505987 132431 6112/
22219 00248
444 20120 21091 1600/ 50101 80120 80034 9/015=
ZZYY 51967 21091 1711/ 706262 134032 6112/
22219 00271
444 20120 21091 1707/ 50101 80120 80033 9/015=
ZZYY 51518 21091 1711/ 501327 121435 6113/
22219 00232
444 20130 21091 1708/ 50101 80120 80028 9/015=
ZZYY 51679 21091 1710/ 704674 133831 6112/
22219 00267
444 20120 21091 1707/ 50101 80120 80038 9/015=
ZZYY 55638 21091 1640/ 540057 112884 6112/
11119 39791 49791 57017
22219 00109
444 20120 21091 1608/ 50101 80100 80015 9/015=
ZZYY 32711 21091 1714/ 515822 126479 6112/
22219 00243
444 20120 21091 1709/ 50101 80520 80099 9/015=
ZZYY 32736 21091 1714/ 514207 094795 6112/
444 20120 21091 1710/ 50101 80114 80000 9/015=
ZZYY 55632 21091 1640/ 538593 117718 6113/
444 20130 21091 1608/ 50101 80100 80000 9/015=
ZZYY 55802 21091 1630/ 528581 109194 6112/
11119 30126 40126 52005
22219 00198
444 20120 21091 1604/ 50101 8//// 80100 9////=
ZZYY 32705 21091 1714/ 515655 091592 6111/
22219 00196
444 20110 21091 1524/ 50101 80114 80047 9/015=
ZZYY 46769 21091 1709/ 721383 123367 6112/
22219 00241
444 50101 80116 80110 9/015=
ZZYY 43556 21091 1709/ 720248 128986 6111/
22219 00227
444 50101 80078 80022 9/015=
ZZYY 51620 21091 1710/ 707687 097000 6113/
22219 00276
444 20130 21091 1705/ 50101 80115 80008 9/015=
ZZYY 43555 21091 1709/ 717883 129717 6113/
22219 00253
444 20130 21091 1710/ 50101 80088 80016 9/015=
ZZYY 46616 21091 1709/ 721946 119219 6113/
22219 00234
444 50101 80114 80095 9/015=
ZZYY 42513 21091 1703/ 728047 085673 6111/
22219 00290
444 20110 21091 1656/ 50101 80094 80000 9/015=
ZZYY 46609 21091 1705/ 722202 128685 6113/
22219 00225
444 20130 21091 1709/ 50101 80112 80122 9/015=
ZZYY 16607 21091 1700/ 537232 096383 6111/
22219 00131
444 20110 21091 1548/ 50101 80010 80004 9////=
ZZYY 46559 21091 1711/ 712779 122248 6112/
22219 00279
444 20120 21091 1658/ 50101 80110 80013 9/015=
ZZYY 46583 21091 1708/ 716925 130551 6111/
22219 00256
444 20110 21091 1709/ 50101 80098 80022 9/015=
ZZYY 43557 21091 1709/ 722437 120068 6112/
22219 00231
444 20120 21091 1710/ 50101 80088 80013 9/015=
ZZYY 43558 21091 1708/ 722677 124634 6113/
444 20130 21091 1709/ 50101 80086 80255 9/015=
ZZYY 43553 21091 1707/ 721028 127782 6113/
22219 00228
444 20130 21091 1710/ 50101 80088 80036 9/015=
ZZYY 51882 21091 1708/ 711463 112461 6112/
22219 00284
444 20120 21091 1556/ 50101 80110 80002 9/015=
ZZYY 43540 21091 1710/ 715450 133096 6112/
22219 00261
444 20120 21091 1705/ 50101 80096 80016 9/015=
ZZYY 51623 21091 1713/ 709924 122319 6111/
22219 00276
444 20110 21091 1711/ 50101 80113 80068 9/015=
ZZYY 43554 21091 1706/ 728531 126440 6113/
22219 00203
444 20130 21091 1708/ 50101 80088 80032 9/015=
ZZYY 32676 21091 1700/ 500951 115295 6113/
11119 30133 40133 52017
22219 00221
444 20130 21091 1551/ 50101 80120 80071 9/015=
ZZYY 51759 21091 1715/ 700608 121704 6113/
22219 00229
444 20130 21091 1709/ 50101 80110 80052 9/015=
ZZYY 43551 21091 1708/ 723082 121207 6112/
22219 00221
444 20120 21091 1709/ 50101 80090 80014 9/015=
ZZYY 51904 21091 1708/ 709400 111563 6111/
22219 00275
444 20110 21091 1658/ 50101 80078 80001 9/015=
ZZYY 32904 21091 1610/ 506844 122745 6112/
11119 30144 40144 52028
22219 00236
444 20120 21091 1552/ 50101 80140 80000 9/015=
ZZYY 32904 21091 1710/ 506851 122766 6113/
11119 30149 40149 52025
22219 00236
444 50101 80140 80000 9/015=
ZZYY 43552 21091 1707/ 728439 123282 6113/
444 20130 21091 1705/ 50101 80088 80017 9/015=
ZZYY 32730 21091 1700/ 509728 119103 6112/
22219 00246
444 20120 21091 1709/ 50101 80140 80002 9/015=
ZZYY 54547 21091 1650/ 540713 116052 6112/
22219 00107
444 20120 21091 1608/ 50101 80010 80004 9////=
ZZYY 51513 21091 1712/ 708924 107115 6113/
22219 00274
444 20130 21091 1659/ 50101 80117 80025 9/015=
ZZYY 32533 21091 1714/ 514568 110360 6113/
22219 00231
444 20130 21091 1710/ 50101 80121 80019 9/015=
ZZYY 32564 21091 1715/ 534051 133503 6113/
22219 00144
444 20130 21091 1607/ 50101 80007 80097 9/015=
ZZYY 32709 21091 1715/ 520552 135686 6111/
22219 00245
444 20110 21091 1712/ 50101 80121 80011 9/015=
ZZYY 32739 21091 1715/ 518278 095488 6111/
22219 00201
444 20110 21091 1711/ 50101 80120 80020 9/015=
ZZYY 32695 21091 1714/ 523586 106052 6112/
22219 00206
444 20120 21091 1710/ 50101 80094 80070 9/015=
ZZYY 32548 21091 1714/ 516581 096231 6112/
22219 00204
444 20120 21091 1711/ 50101 80120 80032 9/015=
ZZYY 46762 21091 1706/ 720354 136197 6111/
22219 00231
444 20110 21091 1704/ 50101 80000 80027 9/015=
ZZYY 32670 21091 1712/ 705078 132126 6111/
22219 00270
444 20110 21091 1709/ 50101 80120 80034 9/015=
ZZYY 51900 21091 1712/ 702326 138802 6111/
22219 00259
444 20110 21091 1708/ 50101 80120 80008 9/015=
ZZYY 32923 21091 1700/ 506120 117296 6111/
11119 30148 40148 52020
22219 00239
444 20110 21091 1708/ 50101 80120 80082 9/015=
ZZYY 51958 21091 1713/ 706950 113807 6112/
22219 00273
444 20120 21091 1548/ 50101 80079 80012 9/015=
ZZYY 32916 21091 1650/ 506773 107676 6113/
11119 30152 40152 52013
22219 00240
444 20130 21091 1708/ 50101 80120 80071 9/015=
ZZYY 32650 21091 1715/ 508727 119649 6113/
22219 00246
444 20130 21091 1559/ 50101 80110 80039 9/015=
ZZYY 32734 21091 1640/ 504164 111283 6113/
11119 30140 40140 52017
22219 00230
444 20130 21091 1708/ 50101 80120 80090 9/015=
ZZYY 51966 21091 1712/ 705032 134907 6112/
22219 00270
444 20120 21091 1707/ 50101 80120 80006 9/015=
ZZYY 51754 21091 1712/ 704743 134772 6112/
22219 00272
444 20120 21091 1709/ 50101 80110 80035 9/015=
ZZYY 51801 21091 1712/ 505774 131796 6113/
22219 00249
444 20130 21091 1600/ 50101 80120 80032 9/015=
ZZYY 32648 21091 1712/ 508571 119743 6111/
22219 00244
444 20110 21091 1709/ 50101 80110 80060 9/015=
ZZYY 51808 21091 1715/ 507932 141004 6111/
22219 00265
444 20110 21091 1712/ 50101 80036 80000 9/015=
ZZYY 32803 21091 1715/ 524040 116599 6111/
22219 00219
444 20110 21091 1711/ 50101 80102 80004 9/015=
ZZYY 54912 21091 1620/ 523936 098899 6112/
11119 30207 40207 52011
22219 00199
444 20120 21091 1602/ 50101 8//// 80000 9////=
ZZYY 32674 21091 1711/ 703300 136608 6111/
22219 00267
444 20110 21091 1707/ 50101 80120 80099 9/015=
ZZYY 34538 21091 1714/ 530126 143103 6112/
22219 00196
444 20120 21091 1606/ 50101 80010 80000 9////=
ZZYY 32915 21091 1630/ 503831 105316 6113/
11119 30144 40144 52011
22219 00228
444 20130 21091 1552/ 50101 80130 80100 9/015=
ZZYY 32729 21091 1714/ 512046 130327 6113/
22219 00253
444 20130 21091 1710/ 50101 80121 80029 9/015=
ZZYY 32827 21091 1712/ 522816 139108 6112/
22219 00240
444 20120 21091 1604/ 50101 80102 80004 9/015=
ZZYY 54925 21091 1714/ 528965 133687 6112/
22219 00200
444 20120 21091 1605/ 50101 80104 80000 9/015=
ZZYY 32805 21091 1714/ 532729 101870 6112/
22219 00169
444 20120 21091 1604/ 50101 80104 80044 9/015=
ZZYY 46924 21091 1707/ 724338 127510 6112/
22219 00217
444 20120 21091 1708/ 50101 80100 80130 9/015=
ZZYY 32816 21091 1714/ 520008 130190 6111/
22219 00246
444 20110 21091 1710/ 50101 80102 80000 9/015=
ZZYY 46923 21091 1711/ 710631 129198 6111/
22219 00277
444 50101 80106 80014 9/015=
ZZYY 32815 21091 1640/ 518098 116198 6111/
11119 30187 40187 52023
22219 00233
444 20110 21091 1709/ 50101 80120 80055 9/015=
ZZYY 32925 21091 1630/ 517602 119296 6113/
11119 30181 40181 52022
22219 00236
444 20130 21091 1602/ 50101 80120 80052 9/015=
ZZYY 32817 21091 1714/ 517961 131072 6113/
22219 00246
444 20130 21091 1711/ 50101 80540 80099 9/015=
ZZYY 32910 21091 1712/ 705831 134162 6112/
22219 00265
444 20120 21091 1707/ 50101 80122 80011 9/015=
ZZYY 51530 21091 1714/ 505572 123502 6113/
22219 00247
444 20130 21091 1708/ 50101 80120 80099 9/015=
ZZYY 16949 21091 1630/ 536020 107605 6112/
11119 39982 49982 57012
22219 00139
444 20120 21091 1606/ 50101 8//// 80017 9////=
ZZYY 51659 21091 1715/ 502192 121338 6112/
22219 00232
444 20120 21091 1708/ 50101 80120 80099 9/015=
ZZYY 55952 21091 1630/ 538818 116309 6113/
444 20130 21091 1607/ 50101 80090 80016 9/015=
ZZYY 51975 21091 1711/ 709907 123468 6112/
22219 00274
444 20120 21091 1659/ 50101 80093 80006 9/015=
ZZYY 55570 21091 1700/ 538504 116716 6112/
22219 00131
444 20120 21091 1606/ 50101 80010 80002 9////=
ZZYY 32616 21091 1714/ 522571 140386 6113/
22219 00243
444 20130 21091 1605/ 50101 80100 80019 9/015=
ZZYY 55949 21091 1700/ 527325 111111 6111/
11119 30142 40142 52012
22219 00203
444 20110 21091 1711/ 50101 8//// 80088 9////=
ZZYY 32640 21091 1714/ 520675 124608 6111/
22219 00236
444 20110 21091 1711/ 50101 80098 80016 9/015=
ZZYY 32642 21091 1715/ 526380 132419 6113/
22219 00228
444 20130 21091 1605/ 50101 80102 80000 9/015=
ZZYY 32627 21091 1714/ 525812 119503 6112/
444 20120 21091 1604/ 50101 80094 80061 9/015=
ZZYY 43543 21091 1709/ 720604 120912 6113/
22219 00241
444 50101 80054 80015 9/015=
ZZYY 55622 21091 1710/ 525238 117148 6113/
11119 30154 40154 52019
22219 00211
444 20130 21091 1602/ 50101 8//// 80092 9////=
ZZYY 55622 21091 1610/ 525238 117148 6113/
11119 30146 40146 52015
22219 00211
444 20130 21091 1602/ 50101 8//// 80095 9////=
ZZYY 51670 21091 1708/ 710184 106700 6112/
444 20120 21091 1658/ 50101 80111 80005 9/015=
ZZYY 32546 21091 1715/ 524013 135542 6111/
22219 00224
444 20110 21091 1712/ 50101 80050 80057 9/015=
ZZYY 32804 21091 1714/ 522956 130388 6113/
22219 00229
444 20130 21091 1603/ 50101 80048 80009 9/015=
####018003691####
SSVX08 KARS 211855
ZZYY 51006 20091 1200/ 709010 140231 6113/
33311 88872 20001 32753 43392 20020 32780 20040 32736 20060 32181
20080 31610 20100 31281 20120 31207 20140 31152 20180 31088
20300 30987 20500 30829
444 20130 20091 1148/ 521//=
ZZYY 51006 21091 17004 709004 140232 6112/
11119 01205 10258 29090
22219 00276
444 20120 21091 1556/ 521// 60401=
ZZYY 51307 20091 1200/ 708026 124996 6111/
33311 88872 20001 32755 43382 20020 32739 20040 32738 20060 32465
20080 31490 20100 31300 20120 31242 20140 31201 20180 31130
20300 31008 20500 30818
444 20110 20091 1139/ 521//=
ZZYY 51307 21091 1700/ 708022 125001 6113/
11119 10263 29083
22219 00274
444 20130 21091 1706/ 521//=
ZZYY 51011 20091 1200/ 500157 124395 6111/
33311 88872 20001 32246 43477 20020 32119 20040 32003 20060 31663
20080 31439 20100 31421 20120 31423 20140 31403 20180 31323
20300 31217 20500 30828
444 20110 20091 1141/ 521//=
ZZYY 51011 21091 17004 500159 124388 6113/
11119 01210 10229 29092
22219 00226
444 20130 21091 1708/ 521// 60401=
ZZYY 51017 20091 1200/ 502014 124900 6113/
33311 88872 20001 32307 43471 20020 32264 20040 32245 20080 32202
20100 31692 20120 31380 20140 31328 20180 31279 20300 31184
20500 30828
444 20130 20091 1141/ 521//=
ZZYY 51017 21091 17004 502014 124905 6112/
11119 00907 10234 29071
22219 00233
444 20120 21091 1708/ 521// 60401=
ZZYY 51015 20091 1200/ 705099 124946 6111/
33311 88872 20001 32691 43479 20020 32683 20040 32680 20060 32670
20080 32557 20100 32512 20120 32360 20140 32055 20180 31237
20300 30970 20500 30797
444 20110 20091 1140/ 521//=
ZZYY 51311 20091 1200/ 700004 139937 6112/
33311 88872 20001 32359 43504 20020 32278 43482 20040 32179
20060 32098 20080 31956 20100 31771 20120 31638 20140 31549
20180 31343 20300 31220
444 20120 20091 1151/ 521//=
ZZYY 51016 20091 1200/ 701949 125048 6111/
33311 88870 20001 32620 20020 32622 20040 32621 20060 32490
20080 32065 20100 31588 20120 31465 20140 31385 20300 31163
20500 30874
444 20110 20091 1141/ 521//=
ZZYY 51016 21091 17004 701952 125056 6111/
11119 01315 10240 29082
22219 00269
444 20110 21091 1707/ 521// 60401=
ZZYY 51008 20091 1200/ 702014 140021 6111/
33311 88870 20040 32615 20060 32579 20080 32448 20100 32311
20120 32006 20140 31572 20180 31361 20300 31153 20500 30913
444 20110 20091 1151/ 521//=
ZZYY 51008 21091 17004 702014 140012 6111/
11119 01313 10253 29078
444 20110 21091 1709/ 521// 60401=
ZZYY 51308 20091 1200/ 507971 124989 6111/
33311 88872 20001 32573 43551 20020 32571 20040 32568 20060 32567
20080 32566 20100 32410 20120 32213 20140 32096 20180 31549
20300 31089 20500 30840
444 20110 20091 1143/ 521//=
ZZYY 51308 21091 17004 507972 124994 6112/
11119 01214 10253 29072
22219 00257
444 20120 21091 1709/ 521// 60401=
ZZYY 23004 20091 1200/ 100025 089847 6113/
33311 88872 20001 32841 43300 20020 32866 43392 20040 32800 43418
20060 32324 43525 20080 32226 20100 32139 20120 31978 20140 31758
20180 31532 20300 31211 20500 30999
444 20130 20091 1318/ 521//=
ZZYY 23006 20091 1200/ 103977 089591 6112/
33311 88872 20001 32881 20020 32872 43315 20040 32870 43327
20060 32831 43348 20080 32323 20100 31840 20120 31629 20140 31483
20180 31359 20300 31226 20500 31027
444 20120 20091 1318/ 521//=
ZZYY 53009 20091 1200/ 311878 093317 6111/
33311 88872 20020 32655 43402 20040 32653 43408 20060 32652 43405
20080 32652 20100 32639 20120 32539 20180 31954 20300 31234
20500 30911
444 20110 20091 1314/ 521//=
ZZYY 51009 21091 17004 502035 140016 6111/
11119 01014 10256 29082
444 20110 21091 1559/ 521// 60401=
####018000146####
SSVX13 LFPW 211900
ZZYY 64611 21091 1900/ 763350 025886 6110/ 11119 49944 52022 22219
 00109 444 20100 21091 1900/ 50101 80131 80000 9/015=
