####018011245####
SSVX02 KARS 220758
ZZYY 43502 22091 0630/ 545076 158609 6112/
11119 40117 52011
22219 00094
444 20120 22091 0605/ 50101 80010 80000 9////=
ZZYY 43502 22091 0730/ 545088 158629 6113/
11119 40121 52010
22219 00094
444 20130 22091 0735/ 50101 80010 80000 9////=
ZZYY 33648 22091 0720/ 553266 134002 6112/
11119 40105 52001
22219 00066
444 20120 22091 0601/ 50101 80010 80000 9////=
ZZYY 33649 22091 0640/ 349470 177369 6111/
11119 40169 52013
22219 00072
444 20110 22091 0630/ 50101 80010 80000 9////=
ZZYY 51780 22091 0743/ 512560 161490 6112/
22219 00275
444 20120 22091 0740/ 50101 80115 80012 9/015=
ZZYY 51512 22091 0743/ 319679 176803 6112/
22219 00247
444 20120 22091 0739/ 50101 80115 80028 9/015=
ZZYY 51944 22091 0720/ 527165 156255 6112/
22219 00206
33311 88872 20000 32055 42048
444 20120 22091 0737/ 50101 80080 80000 9/015=
ZZYY 54946 22091 0340/ 536006 152058 6111/
11119 38500 48500 54000
22219 00150
444 20110 22091 0305/ 50101 80110 80019 9/015=
ZZYY 54946 22091 0640/ 536020 152056 6111/
11119 38500 48500 54000
22219 00150
444 20110 22091 0607/ 50101 80110 80030 9/015=
ZZYY 54946 22091 0540/ 536017 152055 6112/
11119 38500 48500 54000
22219 00150
444 20120 22091 0555/ 50101 80110 80016 9/015=
ZZYY 33535 22091 0710/ 550672 136242 6112/
22219 00075
444 20120 22091 0732/ 50101 80009 80000 9////=
ZZYY 33535 22091 0610/ 550677 136213 6112/
22219 00075
444 20120 22091 0600/ 50101 80009 80000 9////=
ZZYY 51945 22091 0720/ 533989 159183 6113/
22219 00166
33311 88872 20000 31655 42048
444 20130 22091 0737/ 50101 80060 80076 9/015=
ZZYY 55922 22091 0700/ 539630 158316 6112/
11119 30012 40012 57012
22219 00126
444 20120 22091 0735/ 50101 80110 80010 9/015=
ZZYY 54901 22091 0710/ 543138 153305 6113/
11119 30121 40121 57010
22219 00103
444 20130 22091 0734/ 50101 80080 80008 9/015=
ZZYY 54901 22091 0610/ 543136 153291 6113/
11119 30126 40126 57004
22219 00104
444 20130 22091 0605/ 50101 80080 80008 9/015=
ZZYY 33536 22091 0740/ 350828 164320 6111/
11119 40103 52021
22219 00081
444 20110 22091 0734/ 50101 80009 80000 9////=
ZZYY 33586 22091 0730/ 351143 166367 6112/
22219 00081
444 20120 22091 0734/ 50101 80009 80000 9/015=
ZZYY 51940 22091 0710/ 525352 169865 6112/
22219 00223
33311 88872 20000 32225 43547
444 20120 22091 0738/ 50101 80080 80032 9/015=
ZZYY 51940 22091 0740/ 525352 169865 6112/
22219 00223
33311 88872 20000 32225 43547
444 20120 22091 0738/ 50101 80080 80013 9/015=
ZZYY 51952 22091 0710/ 525912 149349 6112/
22219 00227
33311 88872 20000 32270 43584
444 20120 22091 0738/ 50101 80100 80013 9/015=
ZZYY 51952 22091 0740/ 525912 149349 6112/
22219 00227
33311 88872 20000 32270 43586
444 20120 22091 0738/ 50101 80100 80010 9/015=
ZZYY 33587 22091 0700/ 551491 124278 6113/
22219 00065
444 20130 22091 0602/ 50101 80009 80000 9////=
ZZYY 51953 22091 0730/ 528906 152773 6112/
22219 00196
33311 88872 20000 31955 42048
444 20120 22091 0737/ 50101 80080 80092 9/015=
ZZYY 51946 22091 0710/ 525354 165236 6113/
22219 00215
33311 88872 20000 32145 42048
444 20130 22091 0739/ 50101 80070 80003 9/015=
ZZYY 51946 22091 0720/ 525354 165236 6113/
22219 00215
33311 88872 20000 32145 42048
444 20130 22091 0739/ 50101 80070 80003 9/015=
ZZYY 51727 22091 0742/ 509480 177434 6111/
22219 00284
444 20110 22091 0616/ 50101 80111 80255 9/015=
ZZYY 54942 22091 0700/ 533075 161430 6112/
11119 30065 40065 52006
22219 00167
444 20120 22091 0736/ 50101 8//// 80100 9////=
ZZYY 54948 22091 0640/ 530009 150463 6111/
11119 40102 52014
22219 00198
444 20110 22091 0608/ 50101 80010 80000 9////=
ZZYY 71627 22091 0730/ 353753 175539 6111/
22219 00050
444 20110 22091 0734/ 50101 80110 80003 9/015=
ZZYY 54949 22091 0700/ 530637 153630 6112/
11119 40106 52014
22219 00181
444 20120 22091 0736/ 50101 80010 80000 9////=
ZZYY 51965 22091 0742/ 316554 175930 6111/
22219 00272
444 20110 22091 0739/ 50101 80119 80005 9/015=
ZZYY 33628 22091 0700/ 547946 137501 6113/
22219 00078
444 20130 22091 0733/ 50101 80010 80003 9////=
ZZYY 55910 22091 0710/ 553482 112204 6112/
11119 39905 49905 57014
22219 00053
444 20120 22091 0639/ 50101 80100 80000 9/015=
ZZYY 33665 22091 0650/ 548108 155050 6113/
11119 40185 52005
22219 00091
444 20130 22091 0734/ 50101 80010 80009 9////=
ZZYY 55596 22091 0710/ 541254 135685 6111/
11119 30112 40112 52015
22219 00119
444 20110 22091 0733/ 50101 80090 80000 9/015=
ZZYY 51802 22091 0737/ 522659 175119 6111/
22219 00235
444 50101 80053 80006 9/015=
ZZYY 14547 22091 0730/ 348997 176033 6112/
11119 30163 40163 52010
22219 00072
444 20120 22091 0735/ 50101 80100 80063 9/015=
ZZYY 51913 22091 0743/ 515755 173327 6111/
22219 00244
444 20110 22091 0739/ 50101 80115 80010 9/015=
ZZYY 16960 22091 0730/ 354019 163306 6113/
22219 00076
444 20130 22091 0734/ 50101 80100 80000 9/015=
ZZYY 51669 22091 0742/ 511852 174871 6111/
22219 00281
444 20110 22091 0740/ 50101 80105 80000 9/015=
ZZYY 51614 22091 0743/ 318818 173099 6113/
22219 00256
444 20130 22091 0740/ 50101 80046 80022 9/015=
ZZYY 54928 22091 0710/ 542463 153691 6112/
22219 00105
444 20120 22091 0735/ 50101 80110 80010 9/015=
ZZYY 55566 22091 0640/ 535953 146773 6111/
22219 00152
444 20110 22091 0607/ 50101 80009 80000 9////=
ZZYY 55566 22091 0740/ 535966 146771 6113/
22219 00152
444 20130 22091 0735/ 50101 80009 80000 9////=
ZZYY 54909 22091 0700/ 541671 147908 6113/
11119 30136 40136 57001
22219 00113
444 20130 22091 0734/ 50101 80090 80004 9/015=
ZZYY 56904 22091 0700/ 350088 156277 6111/
11119 30032 40032 57046
22219 00086
444 20110 22091 0733/ 50101 80100 80037 9/015=
ZZYY 51627 22091 0743/ 517863 169339 6112/
22219 00270
444 20120 22091 0739/ 50101 80113 80000 9/015=
ZZYY 55911 22091 0630/ 536996 157378 6112/
11119 40025 52004
22219 00142
444 20120 22091 0605/ 50101 80010 80017 9////=
ZZYY 55911 22091 0730/ 536996 157358 6112/
11119 40028 52004
22219 00143
444 20120 22091 0737/ 50101 80010 80014 9////=
ZZYY 54550 22091 0640/ 531931 143552 6111/
11119 40168 52018
22219 00182
444 20110 22091 0607/ 50101 80010 80009 9////=
ZZYY 51655 22091 0738/ 528572 169889 6113/
22219 00188
444 50101 80101 80012 9/015=
ZZYY 51663 22091 0742/ 512300 170528 6111/
22219 00278
444 20110 22091 0739/ 50101 80113 80007 9/015=
ZZYY 32725 22091 0742/ 513176 167777 6112/
22219 00277
444 20120 22091 0614/ 50101 80121 80004 9/015=
ZZYY 51753 22091 0743/ 521388 163071 6112/
22219 00256
444 20120 22091 0738/ 50101 80081 80006 9/015=
ZZYY 32973 22091 0743/ 520702 156115 6112/
22219 00256
444 20120 22091 0738/ 50101 80047 80019 9/015=
ZZYY 55593 22091 0730/ 546606 145079 6112/
11119 30124 40124 52010
22219 00085
444 20120 22091 0734/ 50101 80100 80000 9/015=
ZZYY 55593 22091 0630/ 546613 145060 6111/
11119 30120 40120 52010
22219 00085
444 20110 22091 0604/ 50101 80100 80000 9/015=
ZZYY 55614 22091 0700/ 538371 168951 6111/
11119 39983 49983 52040
22219 00138
444 20110 22091 0736/ 50101 80110 80000 9/015=
ZZYY 55948 22091 0630/ 562717 123553 6112/
22219 00008
444 20120 22091 0620/ 50101 8//// 80000 9////=
ZZYY 32684 22091 0742/ 518604 158570 6112/
22219 00261
444 20120 22091 0739/ 50101 80102 80016 9/015=
ZZYY 32830 22091 0744/ 521031 160805 6113/
22219 00260
444 20130 22091 0739/ 50101 80108 80008 9/015=
ZZYY 51657 22091 0743/ 506852 179195 6111/
22219 00282
444 20110 22091 0605/ 50101 80115 80003 9/015=
ZZYY 32682 22091 0741/ 521546 155382 6112/
22219 00253
444 20120 22091 0738/ 50101 80100 80014 9/015=
ZZYY 51649 22091 0741/ 527118 159905 6111/
22219 00210
444 20110 22091 0738/ 50101 80008 80000 9/015=
ZZYY 34538 22091 0740/ 530327 142995 6111/
22219 00191
444 20110 22091 0736/ 50101 80010 80000 9////=
ZZYY 51526 22091 0741/ 507476 164130 6111/
22219 00277
444 20110 22091 0731/ 50101 80121 80009 9/015=
ZZYY 51643 22091 0740/ 508496 152950 6111/
22219 00272
444 20110 22091 0423/ 50101 80117 9/015=
ZZYY 51624 22091 0744/ 516274 174233 6111/
22219 00277
444 20110 22091 0739/ 50101 80085 80014 9/015=
ZZYY 71641 22091 0620/ 548818 145979 6111/
22219 00083
444 20110 22091 0603/ 50101 8//// 80043 9////=
ZZYY 32719 22091 0741/ 510531 167257 6111/
444 50101 80540 80029 9/015=
ZZYY 33518 22091 0710/ 537578 135324 6111/
11119 30139 40139 52012
22219 00130
444 20110 22091 0732/ 50101 8//// 80100 9/015=
ZZYY 33518 22091 0610/ 537582 135326 6113/
11119 30136 40136 52013
22219 00131
444 20130 22091 0604/ 50101 8//// 80100 9/015=
ZZYY 51972 22091 0743/ 311590 167553 6112/
22219 00289
444 20120 22091 0632/ 50101 80081 80006 9/015=
ZZYY 32558 22091 0744/ 520266 153721 6112/
22219 00262
444 20120 22091 0739/ 50101 80108 80099 9/015=
ZZYY 55951 22091 0730/ 538206 133447 6113/
11119 30125 40125 52016
22219 00129
444 20130 22091 0605/ 50101 80100 80012 9/015=
ZZYY 55951 22091 0630/ 538206 133447 6113/
11119 30119 40119 52016
22219 00129
444 20130 22091 0605/ 50101 80100 80004 9/015=
ZZYY 51907 22091 0742/ 504234 159943 6112/
22219 00272
444 20120 22091 0615/ 50101 80119 80022 9/015=
ZZYY 51538 22091 0741/ 319166 167866 6111/
22219 00242
444 50101 80086 80001 9/015=
ZZYY 56570 22091 0650/ 558954 129650 6113/
11119 30138 40138 52011
22219 00022
444 20130 22091 0621/ 50101 80100 80006 9/015=
ZZYY 32617 22091 0741/ 324539 170028 6113/
22219 00232
444 20130 22091 0630/ 50101 80082 80003 9/015=
ZZYY 51639 22091 0742/ 504916 174942 6111/
444 20110 22091 0616/ 50101 80117 80255 9/015=
ZZYY 51873 22091 0742/ 507956 162006 6112/
22219 00277
444 20120 22091 0615/ 50101 80119 80022 9/015=
ZZYY 51671 22091 0742/ 306137 173375 6113/
22219 00288
444 20130 22091 0320/ 50101 80119 80027 9/015=
ZZYY 32713 22091 0743/ 305933 174724 6113/
22219 00287
444 20130 22091 0319/ 50101 80550 80019 9/015=
ZZYY 55631 22091 0710/ 332392 168775 6112/
11119 30168 40168 52010
22219 00161
444 20120 22091 0737/ 50101 80100 80011 9/015=
ZZYY 55627 22091 0510/ 335048 170667 6113/
11119 30132 40132 52001
22219 00154
444 20130 22091 0455/ 50101 80110 80015 9/015=
ZZYY 55627 22091 0710/ 335026 170662 6113/
11119 30144 40144 52017
22219 00154
444 20130 22091 0737/ 50101 80110 80014 9/015=
ZZYY 51870 22091 0742/ 304332 173407 6113/
444 20130 22091 0318/ 50101 80111 80014 9/015=
ZZYY 34545 22091 0710/ 548461 143213 6113/
11119 40169 57013
22219 00084
444 20130 22091 0734/ 50101 80010 80012 9////=
ZZYY 34545 22091 0610/ 548472 143202 6112/
11119 40171 57025
22219 00084
444 20120 22091 0602/ 50101 80010 80011 9////=
ZZYY 34512 22091 0650/ 548070 177522 6112/
11119 40161 57054
22219 00071
444 20120 22091 0736/ 50101 80010 80009 9////=
ZZYY 56551 22091 0700/ 336703 168184 6112/
11119 30114 40114 57030
22219 00151
444 20120 22091 0631/ 50101 80110 80016 9/015=
ZZYY 34905 22091 0700/ 550892 149616 6112/
22219 00067
444 20120 22091 0734/ 50101 80010 80004 9////=
####018003231####
SSVX08 KARS 220758
ZZYY 52007 21091 1200/ 308026 164771 6112/
33311 88872 20001 32916 43534 20025 32908 20050 32905
444 20120 21091 1328/ 521//=
ZZYY 51304 21091 12004 504996 170020 6112/
11119 01213 10276 29076
22219 00277
33311 88872 20000 32772 20001 32777 43543 20025 32775 20050 32774
20125 32674 20150 32508 20200 31866 20250 31307 20300 31059
20500 30810
444 20120 21091 1144/ 521// 60401=
ZZYY 52313 21091 1200/ 305787 176686 6111/
33311 88872 20001 32842 43557 20025 32840 20050 32839 20075 32838
20100 32838 20125 32839 20150 32836 20200 32259 20250 31633
20300 31214 20500 30830
444 20110 21091 1300/ 521//=
ZZYY 52316 21091 1200/ 507988 179855 6112/
33311 88870 20025 32854 20050 32852 20075 32852 20100 32852
20125 32843 20150 32754 20200 32331 20300 31445 20500 30799
444 20120 21091 1442/ 521//=
ZZYY 52311 21091 12004 700045 179905 6111/
11119 00913 10268 29084
22219 00278
33311 88872 20000 32777 20001 32779 43539 20025 32775 20050 32770
20075 32756 20100 32687 20125 32346 20150 32077 20200 31485
20250 31330 20500 30812
444 20110 21091 1324/ 521// 60401=
ZZYY 51309 21091 12004 708009 170036 6111/
11119 00409 10270 29083
22219 00284
33311 88872 20000 32838 20001 32840 43427 20050 32842 20075 32789
20100 32475 20150 31532 20200 31150 20250 31065 20300 31010
20500 30824
444 20110 21091 1142/ 521// 60401=
ZZYY 52004 21091 1200/ 305000 165164 6111/
33311 88872 20001 32917 43556 20025 32913 20075 32907 20100 32903
20125 32893 20150 32744 20200 31985
444 20110 21091 1326/ 521//=
ZZYY 51019 21091 12004 504984 155022 6112/
11119 01013 10270 29079
22219 00271
33311 88870 20000 32708 20001 32712 20025 32709 20050 32707
20075 32706 20100 32706 20125 32608 20150 32164 20200 31449
20250 31163 20300 31067 20500 30823
444 20120 21091 1256/ 521// 60401=
ZZYY 51019 22091 07004 504987 155012 6111/
11119 01116 10272 29081
22219 00272
444 20110 22091 0138/ 521// 60401=
ZZYY 52312 21091 12004 501980 179927 6112/
11119 01013 10279 29082
22219 00282
33311 88872 20000 32820 20001 32823 43546 20025 32821 20050 32819
20075 32819 20100 32819 20125 32749 20150 32336 20200 31335
20250 31150 20300 31106 20500 30829
444 20120 21091 1300/ 521// 60401=
ZZYY 51310 21091 1200/ 508023 170059 6111/
33311 88872 20001 32809 43555 20025 32808 20050 32807 20075 32807
20100 32808 20125 32797 20150 32704 20200 32265
444 20110 21091 1145/ 521//=
ZZYY 52001 21091 1200/ 102028 165011 6111/
33311 88872 20001 32952 43489 20025 32945 20050 32936 20075 32909
20100 32736 20125 32579 20150 32480 20200 31371 20250 31097
20300 31072 20500 30796
444 20110 21091 1325/ 521//=
ZZYY 51303 21091 1200/ 705026 169984 6112/
11119 10248 29088
22219 00275
33311 88872 20000 32745 20001 32755 43518 20025 32754 20050 32754
20075 32753 20100 32751 20200 31609 20250 31113 20300 31009
20500 30845
444 20120 21091 1141/ 521//=
ZZYY 52310 21091 12004 702024 179838 6112/
11119 01015 10279 29084
22219 00280
33311 88872 20000 32804 20001 32810 43515 20050 32796 20075 32793
20100 32788 20125 32770 20150 32444 20200 31308 20250 31173
20300 31109 20500 30841
444 20120 21091 1258/ 521// 60401=
####018000801####
SSVX13 KARS 220758
ZZYY 55962 22091 0700/ 337428 168570 6112/
11119 40140 52014
22219 00145
444 20120 22091 0737/ 50101 80108 80013 9/015=
ZZYY 17655 22091 0730/ 557015 128123 6111/
11119 30088 40088 57003
22219 00031
444 20110 22091 0621/ 50101 80110 80085 9/015=
ZZYY 17655 22091 0630/ 557015 128123 6111/
11119 30090 40090 57007
22219 00030
444 20110 22091 0621/ 50101 80110 80084 9/015=
ZZYY 55645 22091 0700/ 336180 170596 6112/
11119 40133 52016
22219 00149
444 20120 22091 0738/ 50101 80110 80000 9/015=
ZZYY 55644 22091 0700/ 336986 171761 6113/
11119 40125 52018
22219 00144
444 20130 22091 0738/ 50101 80112 80031 9/015=
ZZYY 55961 22091 0700/ 334373 163914 6111/
11119 40188 52010
22219 00157
444 20110 22091 0740/ 50101 80110 80016 9/015=
####018000146####
SSVX13 LFPW 220800
ZZYY 64607 22091 0800/ 762225 056331 6110/ 11119 40121 52006 22219
 00058 444 20100 22091 0800/ 50101 80108 80000 9/015=
####018001097####
SSVX13 LFVW 220759
ZZYY 55590 22091 0530/ 328520 170181 6111/
11119 40160 52007
22219 00193
444 20110 22091 0738/ 50101 80009 80000 9/015=
ZZYY 55590 22091 0730/ 328520 170181 6111/
11119 40156 52014
22219 00192
444 20110 22091 0738/ 50101 80009 80000 9/015=
ZZYY 56511 22091 0640/ 544661 129578 6113/
11119 30050 40050 52008
22219 00084
444 20130 22091 0602/ 50101 80100 80000 9/015=
ZZYY 52751 22091 0730/ 315948 170200 6112/
11119 40139
22219 00268
444 20120 22091 0633/ 50101 80080 80100 9/015=
ZZYY 55577 22091 0700/ 332917 158270 6111/
11119 30230 40230 52006
444 20110 22091 0631/ 50101 80110 80000 9/015=
ZZYY 55578 22091 0650/ 339805 158138 6112/
11119 30202 40202 52003
444 20120 22091 0632/ 50101 80090 80000 9/015=
ZZYY 55081 22091 0540/ 349668 178808 6113/
11119 30176 40176 52009
444 20130 22091 0735/ 50101 9/015=
ZZYY 55081 22091 0340/ 349669 178807 6112/
11119 30169 40169 57002
444 20120 22091 0313/ 50101 9/015=
ZZYY 55081 22091 0640/ 349668 178808 6113/
11119 30179 40179 52010
444 20130 22091 0735/ 50101 9/015=
####018000131####
SSVX02 LFVW 220759
ZZYY 54501 22091 0738/ 523144 178756 6112/
22219 00229
33311 88872 20000 32285 43485
444 50101 9/015=
####018004579####
SSVX02 KARS 220800
ZZYY 32533 22091 0747/ 514593 110422 6113/
22219 00233
444 20130 22091 0540/ 50101 80121 80015 9/015=
ZZYY 32739 22091 0749/ 518344 095597 6112/
22219 00200
444 20120 22091 0631/ 50101 80120 80018 9/015=
ZZYY 32912 22091 0747/ 517049 090801 6113/
22219 00191
444 20130 22091 0625/ 50101 80120 80106 9/015=
ZZYY 32548 22091 0749/ 516744 096247 6111/
22219 00203
444 20110 22091 0741/ 50101 80120 80040 9/015=
ZZYY 32917 22091 0749/ 519614 090232 6113/
22219 00191
444 20130 22091 0740/ 50101 80120 80104 9/015=
ZZYY 32528 22091 0748/ 518502 088437 6113/
22219 00185
444 20130 22091 0740/ 50101 80120 80070 9/015=
ZZYY 54929 22091 0730/ 525239 108960 6112/
11119 30184 40184 54000
22219 00209
444 20120 22091 0539/ 50101 8//// 80000 9////=
ZZYY 32626 22091 0748/ 517606 090261 6113/
22219 00187
444 20130 22091 0625/ 50101 80116 80090 9/015=
ZZYY 32624 22091 0750/ 511278 100851 6111/
22219 00222
444 20110 22091 0740/ 50101 80116 80180 9/015=
ZZYY 54912 22091 0620/ 524028 098942 6111/
11119 30209 40209 57002
22219 00199
444 20110 22091 0632/ 50101 8//// 80000 9////=
ZZYY 54912 22091 0720/ 524037 098943 6111/
11119 30206 40206 57011
22219 00199
444 20110 22091 0745/ 50101 8//// 80000 9////=
ZZYY 32683 22091 0749/ 518800 095921 6113/
22219 00198
444 20130 22091 0741/ 50101 80116 80047 9/015=
ZZYY 32549 22091 0747/ 518935 094038 6113/
22219 00195
444 20130 22091 0745/ 50101 80114 80180 9/015=
ZZYY 32538 22091 0748/ 522561 092279 6113/
22219 00186
444 20130 22091 0742/ 50101 80116 80077 9/015=
ZZYY 16591 22091 0530/ 524697 104134 6111/
11119 30203 40203 52013
22219 00206
444 20110 22091 0538/ 50101 8//// 80100 9////=
ZZYY 55953 22091 0650/ 536679 099173 6113/
11119 40057 52001
22219 00137
444 20130 22091 0632/ 50101 80009 80000 9////=
ZZYY 32805 22091 0748/ 532857 101735 6112/
22219 00170
444 20120 22091 0633/ 50101 80104 80054 9/015=
ZZYY 55609 22091 0740/ 528874 089653 6111/
22219 00172
444 20110 22091 0742/ 50101 80010 80000 9////=
ZZYY 55609 22091 0640/ 528882 089648 6112/
22219 00172
444 20120 22091 0631/ 50101 80010 80000 9////=
ZZYY 55600 22091 0650/ 534975 089756 6113/
11119 40208 57002
22219 00145
444 20130 22091 0631/ 50101 80010 80000 9////=
ZZYY 32736 22091 0748/ 514192 095013 6112/
444 20120 22091 0739/ 50101 80114 80000 9/015=
ZZYY 32731 22091 0749/ 516012 082376 6112/
22219 00166
444 20120 22091 0740/ 50101 80114 80120 9/015=
ZZYY 55802 22091 0730/ 528692 109045 6112/
11119 30148 40148 52005
22219 00197
444 20120 22091 0637/ 50101 8//// 80100 9////=
ZZYY 32705 22091 0748/ 515674 091686 6113/
22219 00195
444 20130 22091 0739/ 50101 80114 80042 9/015=
ZZYY 55625 22091 0740/ 527339 091748 6111/
11119 30226 40226 57016
22219 00180
444 20110 22091 0741/ 50101 8//// 80000 9/015=
ZZYY 55625 22091 0640/ 527343 091741 6112/
11119 30228 40228 57011
22219 00180
444 20120 22091 0631/ 50101 8//// 80000 9/015=
ZZYY 32704 22091 0748/ 522297 083543 6111/
22219 00169
444 20110 22091 0739/ 50101 80114 80074 9/015=
ZZYY 32702 22091 0749/ 515848 081686 6112/
22219 00168
444 20120 22091 0739/ 50101 80114 80011 9/015=
ZZYY 32526 22091 0748/ 515074 094962 6113/
22219 00201
444 20130 22091 0741/ 50101 80570 80099 9/015=
ZZYY 51620 22091 0745/ 707570 096770 6113/
22219 00276
444 20130 22091 0734/ 50101 80115 80008 9/015=
ZZYY 54947 22091 0700/ 536043 087169 6113/
11119 40209 52001
22219 00138
444 20130 22091 0632/ 50101 80010 80000 9////=
ZZYY 55927 22091 0640/ 540235 106918 6111/
11119 39861 49861 52014
22219 00113
444 20110 22091 0634/ 50101 80100 80021 9/015=
ZZYY 55626 22091 0730/ 536767 082005 6112/
11119 30205 40205 57002
22219 00129
444 20120 22091 0631/ 50101 80100 80004 9/015=
ZZYY 16579 22091 0640/ 528884 093154 6113/
11119 30223 40223 57005
22219 00183
444 20130 22091 0632/ 50101 8//// 80038 9////=
ZZYY 55569 22091 0710/ 533193 098835 6113/
22219 00161
444 20130 22091 0631/ 50101 80009 80000 9////=
ZZYY 16522 22091 0650/ 543480 102673 6112/
11119 49868 57026
22219 00091
444 20120 22091 0633/ 50101 80010 80023 9////=
ZZYY 55932 22091 0650/ 527144 080828 6111/
11119 40229 57003
22219 00164
444 20110 22091 0626/ 50101 80010 80003 9////=
ZZYY 55931 22091 0640/ 530550 088097 6112/
22219 00170
444 20120 22091 0631/ 50101 80010 80005 9////=
ZZYY 55931 22091 0740/ 530554 088087 6112/
22219 00170
444 20120 22091 0747/ 50101 80010 80005 9////=
####018001937####
SSVX08 KARS 220800
ZZYY 32305 21091 1200/ 508016 095280 6111/
33311 88872 20001 32282 43528
444 20110 21091 1417/ 521//=
ZZYY 32305 22091 07004 508024 095264 6113/
11119 01115 10217 29075
22219 00228
444 20130 22091 0743/ 521// 60401=
ZZYY 43301 21091 12004 707985 094895 6111/
11119 02014 10269 29083
22219 00277
33311 88872 20000 32769 20001 32772 43298 20020 32632 20040 31659
20060 31405 20080 31335 20100 31304 20120 31291 20140 31271
20180 31222 20300 31086 20500 30803
444 20110 21091 1354/ 521// 60401=
ZZYY 32321 21091 12004 700216 095433 6112/
11119 01410 10200 29083
22219 00209
33311 88872 20000 32085 20001 32104 43458
444 20120 21091 1356/ 521// 60401=
ZZYY 32321 22091 07004 700214 095423 6112/
11119 01609 10206 29082
22219 00203
444 20120 22091 0741/ 521// 60401=
ZZYY 32304 21091 12004 505096 095074 6111/
11119 01212 10217 29079
22219 00220
33311 88872 20000 32199 20001 32206 43513 20020 32202 20040 32196
20060 31965 20080 31523 20100 31441 20120 31397 20140 31361
20180 31315 20300 31201 20500 30822
444 20110 21091 1238/ 521// 60401=
ZZYY 32304 22091 07004 505080 095073 6112/
11119 01213 10219 29074
22219 00220
444 20120 22091 0742/ 521// 60401=
ZZYY 32303 21091 12004 704944 094997 6111/
11119 02106 10250 29071
22219 00271
33311 88872 20000 32715 20001 32733 43304 20040 32531 20060 32091
20080 31826 20100 31567 20120 31434 20140 31397 20180 31338
20300 31149
444 20110 21091 1355/ 521// 60401=
ZZYY 32303 22091 07004 704932 095001 6112/
11119 03302 10256 29072
22219 00273
444 20120 22091 0626/ 521// 60401=
ZZYY 32320 21091 1200/ 702114 095415 6112/
33311 88870 20040 32166 20060 31734 20080 31545 20100 31458
20120 31400 20140 31376 20180 31328 20300 31088 20500 30798
444 20120 21091 1356/ 521//=
ZZYY 32320 22091 07004 702100 095418 6111/
11119 01807 10229 29078
444 20110 22091 0741/ 521// 60401=
####018000149####
SSVX02 LFVW 220801
ZZYY 56946 22091 0730/ 538822 108742 6111/
11119 49924 52028
22219 00119
444 20110 22091 0638/ 50101 80090 80001 9/015=
####018000129####
SSVX13 LFVW 220801
ZZYY 56547 22091 0720/ 533206 091872 6112/
22219 00152
444 20120 22091 0746/ 50101 80100 80000 9/015=
