####018000737####
SSVX11 LFVW 220753
ZZYY 52075 21091 22004 107985 130037 6113/
11119 03106 10284 29080 40087
22219 00293
33311 88872 20000 32925 20002 32925 43332 20025 32928 43335
20050 32910 43352 20075 32579 43483 20100 32311 43492
20125 31983 43483 20150 31665 43465 20200 31186 43441
20250 30993 43449 20300 30941 43454 20500 30736 43450
444 20130 21091 2225/ 522// 60381=
ZZYY 52075 21091 20004 107988 130039 6113/
11119 03005 10282 29080 40081
22219 00293
33311 88872 20000 32926 20002 32926 43333 20025 32928 43333
20050 32917 43344 20075 32594 43483 20100 32281 43490
20125 32003 43481 20150 31676 43465 20200 31210 43442
20250 31004 43445 20300 30941 43453 20500 30729 43449
444 20130 21091 1939/ 522// 60381=
####018000129####
SSVX02 LFVW 220753
ZZYY 22692 22091 0657/ 133181 124575 6112/
22219 00234
444 20120 22091 0401/ 50101 80146 80007 9/015=
####018000125####
SSVX02 CWAO 220745
ZZYY 47531 22091 0745/ 784418 064709 6113/ 11131 11001 444 20130 22091 0745/ 50701 80138 80001 9////=
####018000125####
SSVX02 CWAO 220745
ZZYY 47533 22091 0745/ 782989 062183 6113/ 22291 01010 444 20130 22091 0745/ 50701 80138 80001 9////=
####018000125####
SSVX02 CWAO 220745
ZZYY 47532 22091 0745/ 782991 062214 6113/ 11119 11108 444 20130 22091 0745/ 50701 80136 80001 9////=
####018000125####
SSVX02 CWAO 220745
ZZYY 47537 22091 0745/ 784418 064773 6113/ 22291 00003 444 20130 22091 0745/ 50701 80138 80001 9////=
####018000128####
SSVX02 CWAO 220745
ZZYY 47531 22091 0745/ 784418 064709 6113/ 11131 11001 444 20130 22091 0745/ 50701 80138 80001 9////=

####018000128####
SSVX02 CWAO 220745
ZZYY 47533 22091 0745/ 782989 062183 6113/ 22291 01010 444 20130 22091 0745/ 50701 80138 80001 9////=

####018000128####
SSVX02 CWAO 220745
ZZYY 47532 22091 0745/ 782991 062214 6113/ 11119 11108 444 20130 22091 0745/ 50701 80136 80001 9////=

####018000128####
SSVX02 CWAO 220745
ZZYY 47537 22091 0745/ 784418 064773 6113/ 22291 00003 444 20130 22091 0745/ 50701 80138 80001 9////=

####018013311####
SSVX02 KARS 220754
ZZYY 51780 22091 0732/ 512556 161474 6113/
22219 00275
444 20130 22091 0614/ 50101 80115 80012 9/015=
ZZYY 46589 22091 0700/ 748471 167725 6111/
11119 30025 40025 57006
22219 00099
444 20110 22091 0634/ 50101 80140 80008 9/015=
ZZYY 46564 22091 0700/ 747386 168453 6112/
11119 30041 40041 57016
22219 00110
444 20120 22091 0633/ 50101 80130 80070 9/015=
ZZYY 32615 22091 0738/ 708988 143700 6111/
22219 00275
444 20110 22091 0735/ 50101 80005 80016 9/015=
ZZYY 32675 22091 0735/ 703614 138723 6111/
22219 00263
444 20110 22091 0617/ 50101 80120 80072 9/015=
ZZYY 46903 22091 0738/ 730514 134526 6111/
22219 00216
444 20110 22091 0736/ 50101 80138 80000 9/015=
ZZYY 51955 22091 0739/ 129863 179877 6112/
22219 00276
444 20120 22091 0631/ 50101 80148 80009 9/015=
ZZYY 46605 22091 0739/ 730692 176161 6111/
22219 00272
444 20110 22091 0736/ 50101 80142 80007 9/015=
ZZYY 51653 22091 0739/ 718779 135947 6111/
22219 00251
444 20110 22091 0734/ 50101 80122 80022 9/015=
ZZYY 51969 22091 0732/ 506157 135034 6111/
22219 00256
444 20110 22091 0614/ 50101 80120 80023 9/015=
ZZYY 46916 22091 0710/ 748746 175522 6113/
11119 30081 40081 52021
22219 00104
444 20130 22091 0634/ 50101 80077 80006 9/015=
ZZYY 46537 22091 0710/ 747568 173483 6113/
11119 30086 40086 52020
22219 00106
444 20130 22091 0621/ 50101 80140 80010 9/015=
ZZYY 51664 22091 0739/ 712958 172439 6113/
22219 00275
444 20130 22091 0735/ 50101 80111 80138 9/015=
ZZYY 51973 22091 0739/ 733727 163834 6111/
22219 00254
444 20110 22091 0736/ 50101 80117 80038 9/015=
ZZYY 46566 22091 0700/ 726840 149364 6111/
11119 30199 40199 52014
22219 00255
444 20110 22091 0630/ 50101 8//// 80000 9/015=
ZZYY 46608 22091 0710/ 738712 161280 6111/
11119 30073 40073 52048
22219 00211
444 20110 22091 0632/ 50101 8//// 80100 9/015=
ZZYY 51974 22091 0739/ 736539 163821 6112/
22219 00238
444 20120 22091 0601/ 50101 80119 80011 9/015=
ZZYY 46539 22091 0700/ 736373 155794 6112/
11119 30100 40100 52001
22219 00242
444 20120 22091 0632/ 50101 8//// 80100 9////=
ZZYY 51967 22091 0735/ 706216 134049 6111/
22219 00271
444 20110 22091 0733/ 50101 80120 80031 9/015=
ZZYY 51679 22091 0734/ 704860 133857 6111/
22219 00267
444 20110 22091 0618/ 50101 80120 80029 9/015=
ZZYY 46607 22091 0720/ 728289 146780 6113/
11119 30206 40206
22219 00247
444 20130 22091 0736/ 50101 80100 80000 9/015=
ZZYY 46535 22091 0640/ 739174 141014 6113/
11119 30134 40134 57006
22219 00216
444 20130 22091 0633/ 50101 80123 80001 9/015=
ZZYY 43556 22091 0737/ 720188 129050 6111/
22219 00227
444 20110 22091 0554/ 50101 80078 80020 9/015=
ZZYY 46927 22091 0738/ 733108 145679 6111/
22219 00241
444 20110 22091 0735/ 50101 80138 80003 9/015=
ZZYY 43555 22091 0737/ 717824 129738 6111/
22219 00253
444 20110 22091 0554/ 50101 80088 80016 9/015=
ZZYY 46609 22091 0738/ 722177 128711 6112/
22219 00225
444 20120 22091 0447/ 50101 80112 80126 9/015=
ZZYY 43517 22091 0710/ 734360 167477 6112/
11119 30160 40160 52016
22219 00251
444 20120 22091 0631/ 50101 8//// 80000 9////=
ZZYY 46583 22091 0738/ 716918 130723 6111/
22219 00255
444 20110 22091 0734/ 50101 80098 80020 9/015=
ZZYY 51816 22091 0739/ 727655 170050 6111/
22219 00275
444 20110 22091 0736/ 50101 80078 80014 9/015=
ZZYY 43532 22091 0739/ 718805 141650 6111/
22219 00249
444 20110 22091 0616/ 50101 80074 80019 9/015=
ZZYY 43553 22091 0737/ 721059 127827 6111/
22219 00228
444 20110 22091 0554/ 50101 80088 80038 9/015=
ZZYY 51930 22091 0739/ 727684 176918 6111/
22219 00272
444 20110 22091 0736/ 50101 80115 80015 9/015=
ZZYY 52801 22091 0710/ 728494 154605 6112/
11119 30205 40205 52013
22219 00261
444 20120 22091 0735/ 50101 80009 80000 9////=
ZZYY 43522 22091 0737/ 126023 177177 6112/
22219 00284
444 20120 22091 0630/ 50101 80076 80003 9/015=
ZZYY 43540 22091 0738/ 715404 133251 6111/
22219 00260
444 20110 22091 0733/ 50101 80096 80015 9/015=
ZZYY 21986 22091 0730/ 735862 167390 6111/
11119 40149 52034
22219 00227
444 20110 22091 0633/ 50101 80010 80000 9////=
ZZYY 21986 22091 0630/ 735862 167390 6111/
11119 40136 52026
22219 00227
444 20110 22091 0633/ 50101 80010 80000 9////=
ZZYY 51931 22091 0739/ 729300 161266 6111/
22219 00266
444 20110 22091 0735/ 50101 80068 80009 9/015=
ZZYY 51932 22091 0738/ 723585 163166 6111/
22219 00271
444 20110 22091 0623/ 50101 80084 80022 9/015=
ZZYY 21916 22091 0710/ 732025 169381 6111/
11119 30184 40184 52007
22219 00261
444 20110 22091 0736/ 50101 80009 80000 9////=
ZZYY 51617 22091 0738/ 710020 173603 6111/
22219 00281
444 20110 22091 0735/ 50101 80045 80000 9/015=
ZZYY 21997 22091 0710/ 742661 159593 6112/
11119 30059 40059 52033
22219 00161
444 20120 22091 0632/ 50101 80110 80036 9/015=
ZZYY 21543 22091 0700/ 734552 151547 6112/
11119 40149 52005
22219 00245
444 20120 22091 0631/ 50101 80010 80000 9////=
ZZYY 51641 22091 0739/ 732651 172470 6111/
22219 00264
444 20110 22091 0736/ 50101 80115 80043 9/015=
ZZYY 22576 22091 0739/ 732675 140206 6111/
22219 00240
444 20110 22091 0735/ 50101 80010 80000 9/015=
ZZYY 46926 22091 0738/ 724946 142974 6112/
22219 00240
444 20120 22091 0735/ 50101 80138 80002 9/015=
ZZYY 14942 22091 0740/ 726821 165749 6111/
22219 00275
444 20110 22091 0736/ 50101 8//// 80000 9/015=
ZZYY 46910 22091 0700/ 746574 171598 6112/
11119 30089 40089 52020
22219 00112
444 20120 22091 0634/ 50101 80140 80006 9/015=
ZZYY 14946 22091 0740/ 132280 170943 6112/
444 20120 22091 0631/ 50101 9/015=
ZZYY 43525 22091 0739/ 715199 159108 6113/
22219 00266
444 20130 22091 0734/ 50101 80088 80010 9/015=
ZZYY 51663 22091 0731/ 512283 170502 6111/
22219 00278
444 20110 22091 0615/ 50101 80113 80007 9/015=
ZZYY 14945 22091 0739/ 739413 158776 6113/
22219 00198
444 20130 22091 0632/ 50101 8//// 80027 9/015=
ZZYY 43529 22091 0739/ 717104 172377 6112/
22219 00273
444 20120 22091 0736/ 50101 80084 80003 9/015=
ZZYY 51647 22091 0740/ 710595 151143 6111/
22219 00273
444 20110 22091 0734/ 50101 80109 80006 9/015=
ZZYY 43518 22091 0737/ 728797 169841 6113/
22219 00272
444 20130 22091 0630/ 50101 80074 80002 9/015=
ZZYY 51892 22091 0738/ 710072 179170 6112/
22219 00283
444 20120 22091 0621/ 50101 80109 80006 9/015=
ZZYY 21998 22091 0730/ 744286 145423 6113/
11119 39961 49961 57083
22219 00157
444 20130 22091 0633/ 50101 80100 80000 9/015=
ZZYY 21998 22091 0630/ 744286 145423 6113/
11119 30004 40004 57054
22219 00157
444 20130 22091 0633/ 50101 80100 80000 9/015=
ZZYY 21544 22091 0740/ 746401 142473 6112/
11119 30033 40033 57021
22219 00146
444 20120 22091 0633/ 50101 80100 80063 9/015=
ZZYY 52618 22091 0738/ 709321 175860 6112/
22219 00283
444 20120 22091 0734/ 50101 80117 80008 9/015=
ZZYY 32725 22091 0731/ 513176 167777 6112/
22219 00277
444 20120 22091 0614/ 50101 80121 80004 9/015=
ZZYY 21951 22091 0640/ 734281 171644 6112/
11119 30181 40181 52008
22219 00249
444 20120 22091 0632/ 50101 80090 80000 9/015=
ZZYY 21951 22091 0740/ 734259 171649 6111/
11119 30190 40190 52009
22219 00249
444 20110 22091 0737/ 50101 80090 80000 9/015=
ZZYY 22536 22091 0739/ 131663 176460 6112/
22219 00268
444 20120 22091 0631/ 50101 80010 80005 9////=
ZZYY 21541 22091 0720/ 714615 168187 6111/
11119 30143 40143 52022
22219 00270
444 20110 22091 0736/ 50101 80010 80000 9////=
ZZYY 32973 22091 0731/ 520711 156140 6112/
22219 00256
444 20120 22091 0611/ 50101 80047 80019 9/015=
ZZYY 21964 22091 0720/ 134970 174655 6112/
11119 30250 40250 52015
22219 00252
444 20120 22091 0632/ 50101 80009 80000 9////=
ZZYY 46762 22091 0738/ 720332 136260 6111/
22219 00232
444 20110 22091 0735/ 50101 80000 80026 9/015=
ZZYY 21933 22091 0650/ 734221 165969 6112/
11119 30150 40150 52007
444 20120 22091 0631/ 50101 8//// 80062 9/015=
ZZYY 22910 22091 0739/ 740419 151469 6111/
22219 00199
444 20110 22091 0736/ 50101 80009 80097 9////=
ZZYY 46909 22091 0740/ 719923 176002 6111/
444 20110 22091 0736/ 50101 80112 80000 9/015=
ZZYY 22927 22091 0739/ 741493 152174 6112/
22219 00175
444 20120 22091 0631/ 50101 80009 80099 9////=
ZZYY 46768 22091 0734/ 718000 139811 6111/
22219 00244
444 50101 80072 80033 9/015=
ZZYY 51652 22091 0738/ 705166 169291 6111/
22219 00277
444 20110 22091 0733/ 50101 80121 80030 9/015=
ZZYY 46767 22091 0737/ 715788 168668 6111/
22219 00273
444 20110 22091 0734/ 50101 80084 80025 9/015=
ZZYY 51900 22091 0734/ 702352 139443 6112/
22219 00260
444 20120 22091 0731/ 50101 80120 80013 9/015=
ZZYY 51788 22091 0739/ 709359 149755 6112/
22219 00275
444 20120 22091 0619/ 50101 80088 80000 9/015=
ZZYY 51771 22091 0734/ 504311 163899 6111/
22219 00274
444 20110 22091 0732/ 50101 80119 80010 9/015=
ZZYY 32684 22091 0731/ 518593 158583 6112/
22219 00261
444 20120 22091 0612/ 50101 80102 80016 9/015=
ZZYY 51966 22091 0735/ 704808 134817 6111/
22219 00269
444 20110 22091 0617/ 50101 80120 80007 9/015=
ZZYY 51754 22091 0735/ 704695 134615 6111/
22219 00274
444 20110 22091 0615/ 50101 80110 80034 9/015=
ZZYY 46764 22091 0738/ 720762 177342 6111/
22219 00280
444 20110 22091 0736/ 50101 80072 80014 9/015=
ZZYY 46766 22091 0739/ 723271 152359 6112/
22219 00253
444 20120 22091 0734/ 50101 80082 80022 9/015=
ZZYY 51801 22091 0732/ 506010 131918 6113/
22219 00251
444 20130 22091 0552/ 50101 80110 80032 9/015=
ZZYY 46516 22091 0739/ 735428 139985 6112/
22219 00231
444 20120 22091 0736/ 50101 80094 80071 9////=
ZZYY 51808 22091 0733/ 507960 141094 6113/
22219 00266
444 20130 22091 0614/ 50101 80036 80000 9/015=
ZZYY 46904 22091 0738/ 719349 140160 6112/
22219 00245
444 20120 22091 0735/ 50101 80072 80110 9/015=
ZZYY 51628 22091 0737/ 127629 179696 6111/
22219 00274
444 20110 22091 0624/ 50101 80090 80018 9/015=
ZZYY 46567 22091 0738/ 720115 163457 6111/
22219 00272
444 20110 22091 0736/ 50101 80078 80030 9/015=
ZZYY 22635 22091 0740/ 722019 139827 6111/
444 20110 22091 0736/ 50101 80009 80067 9/015=
ZZYY 46561 22091 0700/ 754067 144522 6111/
11119 39936 49936 52024
22219 00112
444 20110 22091 0634/ 50101 80145 80032 9/015=
ZZYY 22578 22091 0740/ 131403 173275 6112/
22219 00272
444 20120 22091 0630/ 50101 80010 80000 9/015=
ZZYY 32674 22091 0733/ 703071 136788 6111/
22219 00267
444 20110 22091 0616/ 50101 80120 80099 9/015=
ZZYY 46924 22091 0738/ 724324 127496 6112/
22219 00218
444 20120 22091 0554/ 50101 80100 80125 9/015=
ZZYY 46923 22091 0732/ 710621 129341 6111/
22219 00276
444 20110 22091 0554/ 50101 80106 80016 9/015=
ZZYY 22616 22091 0737/ 732188 154428 6111/
22219 00258
444 20110 22091 0735/ 50101 80045 80002 9/015=
ZZYY 51526 22091 0734/ 507476 164130 6111/
22219 00277
444 20110 22091 0731/ 50101 80121 80009 9/015=
ZZYY 51643 22091 0734/ 508496 152950 6111/
22219 00272
444 20110 22091 0423/ 50101 80117 80011 9/015=
ZZYY 21853 22091 0640/ 742091 175986 6112/
11119 30202 40202 52014
22219 00164
444 20120 22091 0633/ 50101 80120 80000 9/015=
ZZYY 32910 22091 0737/ 706009 134168 6111/
22219 00265
444 20110 22091 0733/ 50101 80122 80020 9/015=
ZZYY 51855 22091 0739/ 133281 175491 6112/
22219 00259
444 20120 22091 0631/ 50101 80113 80008 9/015=
ZZYY 22593 22091 0740/ 739641 154119 6112/
22219 00204
444 20120 22091 0632/ 50101 80007 80099 9/015=
ZZYY 51907 22091 0733/ 504234 159943 6112/
22219 00272
444 20120 22091 0615/ 50101 80119 80022 9/015=
ZZYY 51770 22091 0738/ 710467 143553 6112/
22219 00273
444 20120 22091 0733/ 50101 80119 80038 9/015=
ZZYY 46905 22091 0739/ 710077 153008 6111/
22219 00276
444 20110 22091 0620/ 50101 80084 80026 9/015=
ZZYY 51918 22091 0733/ 504561 171012 6111/
22219 00277
444 20110 22091 0616/ 50101 80121 80005 9/015=
ZZYY 46906 22091 0737/ 712514 149674 6111/
22219 00270
444 20110 22091 0734/ 50101 80076 80027 9/015=
ZZYY 51639 22091 0731/ 504916 174942 6111/
444 20110 22091 0616/ 50101 80117 80255 9/015=
ZZYY 32616 22091 0729/ 522621 140484 6111/
444 20110 22091 0610/ 50101 8//// 80026 9/015=
ZZYY 51781 22091 0732/ 505273 169845 6112/
22219 00279
444 20120 22091 0617/ 50101 80121 80035 9/015=
ZZYY 51873 22091 0734/ 507956 162006 6112/
22219 00277
444 20120 22091 0615/ 50101 80119 80022 9/015=
ZZYY 21990 22091 0730/ 748936 158233 6113/
11119 30003 40003 52005
22219 00108
444 20130 22091 0633/ 50101 80050 80000 9/015=
ZZYY 21546 22091 0710/ 743350 155727 6113/
11119 39984 49984 52027
22219 00161
444 20130 22091 0631/ 50101 80050 80024 9/015=
ZZYY 46917 22091 0730/ 737841 144369 6112/
11119 30118 40118 57004
22219 00224
444 20120 22091 0736/ 50101 80050 80063 9/015=
ZZYY 51613 22091 0738/ 709422 141378 6111/
444 20110 22091 0733/ 50101 80115 80078 9/015=
ZZYY 51739 22091 0739/ 714617 153774 6113/
22219 00268
444 20130 22091 0621/ 50101 80109 80007 9/015=
ZZYY 21548 22091 0730/ 742893 162097 6112/
11119 30082 40082 52010
22219 00150
444 20120 22091 0633/ 50101 80050 80016 9/015=
####018003899####
SSVX08 KARS 220754
ZZYY 51302 21091 12004 508275 155015 6111/
11119 01216 10269 29076
22219 00272
33311 88872 20000 32721 20001 32725 43551 20025 32722 20050 32720
20075 32720 20100 32719 20125 32700 20150 32565 20200 32136
20250 31622 20300 31204 20500 30805
444 20110 21091 1121/ 521// 60401=
ZZYY 51023 21091 1200/ 500009 154941 6111/
11119 10239 29092
22219 00254
33311 88870 20000 32536 20001 32547 20025 32533 20050 32518
20100 32097 20125 31816 20200 31303 20250 31187 20300 31128
20500 30796
444 20110 21091 1255/ 521//=
ZZYY 51023 22091 0700/ 700007 154929 6111/
11119 10253 29087
22219 00255
444 20110 22091 0733/ 521//=
ZZYY 51022 21091 12004 501975 154995 6111/
11119 01019 10255 29085
22219 00267
33311 88872 20000 32672 20001 32678 43532 20025 32676 20050 32669
20075 32668 20100 32664 20125 31920 20150 31592 20200 31337
20300 31100
444 20110 21091 1143/ 521// 60401=
ZZYY 51010 21091 12004 500029 170066 6112/
11119 00912 10265 29083 40103
22219 00268
33311 88872 20000 32682 20001 32687 43520 20025 32676 43522
20050 32660 43524 20125 32094 20150 31819 20200 31471 20250 31267
20300 31166 20500 30831
444 20120 21091 1144/ 521// 60401=
ZZYY 51010 22091 07004 500029 170047 6111/
11119 00908 10265 29085 40105
22219 00267
444 20110 22091 0617/ 521// 60401=
ZZYY 51020 21091 12004 704998 154943 6112/
11119 01311 10265 29081
22219 00275
33311 88872 20000 32747 20001 32755 43508 20025 32749 20050 32731
20100 32631 20125 32604 20150 32246 20200 31321 20250 31119
20300 31080 20500 30899
444 20120 21091 1141/ 521// 60401=
ZZYY 51020 22091 07004 705003 154949 6111/
11119 01415 10268 29079
22219 00275
444 20110 22091 0734/ 521// 60401=
ZZYY 51309 21091 12004 708009 170036 6111/
11119 00409 10270 29083
22219 00284
33311 88872 20000 32838 20001 32840 43427 20050 32842 20075 32789
20100 32475 20150 31532 20200 31150 20250 31065 20300 31010
20500 30824
444 20110 21091 1142/ 521// 60401=
ZZYY 51019 21091 12004 504984 155022 6112/
11119 01013 10270 29079
22219 00271
33311 88870 20000 32708 20001 32712 20025 32709 20050 32707
20075 32706 20100 32706 20125 32608 20150 32164 20200 31449
20250 31163 20300 31067 20500 30823
444 20120 21091 1256/ 521// 60401=
ZZYY 51019 22091 07004 504987 155012 6111/
11119 01116 10272 29081
22219 00272
444 20110 22091 0138/ 521// 60401=
ZZYY 51310 21091 1200/ 508023 170059 6111/
33311 88872 20001 32809 43555 20025 32808 20050 32807 20075 32807
20100 32808 20125 32797 20150 32704 20200 32265
444 20110 21091 1145/ 521//=
ZZYY 51310 22091 07004 508026 170061 6111/
11119 01114 10277 29075
22219 00281
444 20110 22091 0615/ 521// 60401=
ZZYY 48400 21091 12004 750128 144800 6112/
11119 02725 10111 29078
22219 00125
33311 88872 20000 31246 20001 31249 43784
444 20120 21091 1126/ 521// 60401=
ZZYY 48400 22091 07004 750121 144802 6111/
11119 02214 10111 29079
22219 00124
444 20110 22091 0630/ 521// 60401=
ZZYY 51303 21091 1200/ 705026 169984 6112/
11119 10248 29088
22219 00275
33311 88872 20000 32745 20001 32755 43518 20025 32754 20050 32754
20075 32753 20100 32751 20200 31609 20250 31113 20300 31009
20500 30845
444 20120 21091 1141/ 521//=
ZZYY 51303 22091 0700/ 705044 169986 6111/
11119 10273 29077
22219 00278
444 20110 22091 0734/ 521//=
ZZYY 51301 21091 12004 707986 154984 6113/
11119 00409 10273 29081
22219 00285
33311 88870 20000 32845 20001 32853 20050 32834 20100 32156
20125 31663 20150 31312 20200 31119 20300 31009 20500 30828
444 20130 21091 1138/ 521// 60401=
ZZYY 51305 21091 1200/ 702025 170063 6111/
11119 10266 29083
22219 00271
33311 88872 20000 32714 20001 32720 43512 20025 32715 20050 32707
20075 32690 20100 32645 20125 32522 20150 31968 20200 31159
20250 31134 20300 31116
444 20110 21091 1144/ 521//=
####018000146####
SSVX13 LFPW 220800
ZZYY 64611 22091 0800/ 763321 025851 6110/ 11119 49997 52008 22219
 00108 444 20100 22091 0800/ 50101 80129 80000 9/015=
####018000129####
SSVX02 LFVW 220755
ZZYY 22689 22091 0738/ 735717 177786 6112/
22219 00238
444 20120 22091 0628/ 50101 80114 80007 9/015=
####018000447####
SSVX06 KARS 220756
ZZYY 47558 22091 0752/ 773765 081533 6113/
444 20130 22091 0747/ 500// 9/000=
ZZYY 48506 22091 0750/ 779558 119179 6112/
11119 40067
444 20120 22091 0744/ 500//=
ZZYY 48505 22091 0750/ 780200 127675 6111/
11119 40067
444 20110 22091 0746/ 500//=
ZZYY 47554 22091 0750/ 774344 112341 6113/
444 20130 22091 0745/ 500// 9/000=
ZZYY 47553 22091 0749/ 779340 103382 6113/
444 20130 22091 0745/ 500// 9/000=
####018003525####
SSVX02 KARS 220756
ZZYY 44882 22091 0500/ 729777 062439 6113/
444 20130 22091 0431/ 50101 9////=
ZZYY 41909 22091 0740/ 735410 068347 6112/
11119 30239 40239 57006
22219 00271
444 20120 22091 0726/ 50101 80120 80000 9/015=
ZZYY 44562 22091 0700/ 757717 007828 6111/
22219 00130
444 20110 22091 0720/ 50101 80110 80000 9/015=
ZZYY 62926 22091 0750/ 759941 018026 6112/
22219 00118
444 20120 22091 0740/ 50101 80110 80006 9/015=
ZZYY 48673 22091 0748/ 776601 124413 6111/
444 20110 22091 0746/ 500// 9/000=
ZZYY 41943 22091 0754/ 732471 065275 6112/
22219 00274
444 20120 22091 0725/ 50101 80144 80004 9/015=
ZZYY 41609 22091 0754/ 732033 066696 6113/
22219 00275
444 20130 22091 0725/ 50101 80144 80002 9/015=
ZZYY 42513 22091 0754/ 728085 085687 6113/
22219 00290
444 20130 22091 0730/ 50101 80094 80001 9/015=
ZZYY 41592 22091 0753/ 732183 071328 6113/
444 20130 22091 0609/ 50101 80096 80036 9/015=
ZZYY 44943 22091 0750/ 737821 054094 6113/
11119 30260 40260 52002
22219 00265
444 20130 22091 0724/ 50101 80100 80017 9/015=
ZZYY 41956 22091 0753/ 730668 064196 6113/
444 20130 22091 0726/ 50101 9/015=
ZZYY 31527 22091 0753/ 732824 075153 6113/
22219 00273
444 20130 22091 0725/ 50101 8//// 80001 9////=
ZZYY 44930 22091 0747/ 765429 001687 6111/
444 20110 22091 0739/ 50101 80092 80099 9/015=
ZZYY 48653 22091 0740/ 788122 167243 6113/
11119 30108 40108 52023
22219 01068
444 20130 22091 0737/ 50101 80145 80001 9/015=
ZZYY 41570 22091 0753/ 726918 075085 6113/
444 20130 22091 0725/ 50101 80140 80002 9/015=
ZZYY 44835 22091 0740/ 763411 031651 6112/
22219 00098
444 20120 22091 0747/ 50101 80110 80028 9/015=
ZZYY 44942 22091 0740/ 761031 013258 6112/
11119 39994 49994 52018
22219 00118
444 20120 22091 0745/ 50101 80110 80000 9/015=
ZZYY 41563 22091 0754/ 731689 071574 6113/
22219 00272
444 20130 22091 0610/ 50101 80110 80000 9/015=
ZZYY 63579 22091 0743/ 169036 046916 6113/
22219 00085
444 20130 22091 0735/ 50101 80007 80007 9////=
ZZYY 63964 22091 0745/ 173811 023028 6112/
444 20120 22091 0735/ 50101 80009 80015 9/015=
ZZYY 63951 22091 0747/ 765677 001340 6113/
22219 00106
444 20130 22091 0737/ 50101 80008 80011 9/015=
ZZYY 63948 22091 0745/ 175393 035545 6113/
22219 00056
444 20130 22091 0736/ 50101 80008 80006 9/015=
ZZYY 44903 22091 0740/ 737012 062473 6113/
11119 30262 40262 57005
22219 00271
444 20130 22091 0724/ 50101 8//// 80000 9/015=
ZZYY 63577 22091 0744/ 175078 067602 6112/
22219 00062
444 20120 22091 0734/ 50101 80009 80004 9/015=
ZZYY 63583 22091 0744/ 172553 046778 6113/
22219 00081
444 20130 22091 0736/ 50101 80008 80012 9/015=
ZZYY 63584 22091 0749/ 777822 002169 6112/
22219 00043
444 20120 22091 0736/ 50101 80007 80009 9/015=
ZZYY 31982 22091 0754/ 731213 067155 6111/
22219 00264
444 20110 22091 0724/ 50101 80051 80096 9/015=
ZZYY 64933 22091 0740/ 769279 003039 6112/
22219 00100
33311 88872 20000 31000 43513
444 20120 22091 0738/ 50101 80010 80011 9////=
ZZYY 63569 22091 0730/ 175123 002904 6113/
22219 00059
33311 88872 20000 30590 42048
444 20130 22091 0739/ 50101 80080 80100 9/015=
ZZYY 42536 22091 0752/ 735460 057367 6112/
22219 00268
444 20120 22091 0725/ 50101 80118 80001 9/015=
ZZYY 44505 22091 0750/ 745716 046319 6112/
22219 00126
444 20120 22091 0723/ 50101 9/050=
ZZYY 63966 22091 0745/ 171472 015193 6111/
22219 00103
444 20110 22091 0735/ 50101 80008 80007 9/015=
####018000291####
SSVX07 KARS 220756
ZZYY 48536 22091 0740/ 173277 154283 6112/
11119 11007 40062
444 20120 22091 0637/=
ZZYY 48534 22091 0740/ 783374 046234 6113/
11119 11170 40158
444 20130 22091 0746/=
ZZYY 48534 22091 0750/ 783374 046234 6113/
11119 11170 40158
444 20130 22091 0746/=
####018000277####
SSVX12 KARS 220756
ZZYY 48520 22091 0740/ 785900 164955 6111/
11119 11124 40068 52023
22219 00174
444 20110 22091 0716/ 501// 80140 80000=
ZZYY 48519 22091 0740/ 780698 124837 6113/
11119 11022 40076 52006
22219 00208
444 20130 22091 0745/ 501// 80140 80000=
####018000365####
SSVX07 LFVW 220757
ZZYY 25518 22091 0800/ 785114 027487 6113/
444 20130 22091 0742/ 504//=
ZZYY 48548 22091 0740/ 774302 128269 6111/
11119 11007 39903 49903
444 20110 22091 0745/=
ZZYY 48548 22091 0750/ 774302 128269 6111/
11119 11007 39903 49903
444 20110 22091 0745/=
ZZYY 25517 22091 0800/ 785602 050604 6113/
444 20130 22091 0742/ 504//=
####018000143####
SSVX12 LFVW 220757
ZZYY 25618 22091 0740/ 181292 103744 6112/
11119 11088 49825 57011
22219 01022
444 20120 22091 0738/ 501// 80140=
