####018000146####
SSVX13 LFPW 092200
ZZYY 44607 09070 2200/ 760957 058276 6111/ 11119 40078 52002 22219
 00091 444 20110 09070 2200/ 50101 80131 80034 9/015=
####018000146####
SSVX13 LFPW 092200
ZZYY 44616 09070 2200/ 759178 056097 6111/ 11119 40070 52003 22219
 00055 444 20110 09070 2200/ 50101 80137 80000 9/015=
####018000134####
SSVX13 LFPW 092200
ZZYY 62512 09070 2200/ 727948 012952 6110/ 11119 40151 52010 444
 20100 09070 2100/ 50101 80108 80000 9/015=
####018000146####
SSVX13 LFPW 092200
ZZYY 44550 09070 2200/ 749748 026342 6111/ 11119 40180 52005 22219
 00140 444 20110 09070 2200/ 50101 80136 80002 9/015=
####018000146####
SSVX13 LFPW 092200
ZZYY 44609 09070 2200/ 750073 019601 6110/ 11119 40154 52010 22219
 00158 444 20100 09070 2200/ 50101 80129 80058 9/015=
####018000134####
SSVX13 LFPW 092200
ZZYY 44746 09070 2200/ 751913 034206 6110/ 11119 40172 54000 444
 20100 09070 2200/ 50101 80138 80000 9/015=
####018000645####
SSVX08 KARS 092153
ZZYY 41026 08070 1200/ 711495 038042 6112/
33311 88872 20060 32721 20080 32483 20100 32106 20120 31788 43627
444 20120 08070 1057/ 521//=
ZZYY 41026 09070 21004 711493 038040 6112/
11119 00612 10272 29081
444 20120 09070 2007/ 521// 60401=
ZZYY 13008 08070 1200/ 714994 038019 6112/
33311 88872 20001 32669 20020 32668 43653 20040 32663 43624
20060 32657 43646 20080 32565 20100 32416 20120 32175 20140 32006
20180 31723 20300 31230 20500 30905
444 20120 08070 1055/ 521//=
ZZYY 13008 09070 21004 714999 038017 6112/
11119 00715 10261 29075 40145
22219 00267
444 20120 09070 2007/ 521// 60401=
####018001565####
SSVX02 KARS 092153 RRA
ZZYY 41995 09070 2050/ 733006 044671 6112/
11119 30250 40250
22219 00264
444 20120 09070 2014/ 50101 80120 80000 9/015=
ZZYY 41555 09070 2100/ 730136 050108 6112/
11119 30252 40252
22219 00269
444 20120 09070 2012/ 50101 80120 80006 9/015=
ZZYY 13527 09070 2120/ 731818 023925 6113/
11119 30234 40234
22219 00225
444 20130 09070 1831/ 50101 80120 80094 9/015=
ZZYY 41571 09070 2110/ 727443 039395 6113/
11119 40221 52001
22219 00254
444 20130 09070 1952/ 50101 80010 80000 9////=
ZZYY 62929 09070 2040/ 723671 057075 6112/
11119 40192 57010
22219 00274
444 20120 09070 1840/ 50101 80010 80005 9////=
ZZYY 44915 09070 2110/ 724293 054942 6111/
11119 30207 40207 57003
444 20110 09070 2137/ 50101 80090 80000 9////=
ZZYY 63579 09070 2144/ 770432 004599 6112/
444 20120 09070 2122/ 50101 8//// 80005 9////=
ZZYY 63964 09070 2142/ 763599 002845 6112/
444 20120 09070 2123/ 50101 80012 80044 9/015=
ZZYY 63951 09070 2143/ 766699 009829 6112/
22219 00062
444 20120 09070 2123/ 50101 80012 80006 9/015=
ZZYY 44905 09070 2040/ 725802 063306 6111/
11119 30203 40203 57006
22219 00282
444 20110 09070 2137/ 50101 8//// 80014 9/015=
ZZYY 44903 09070 2030/ 728652 064607 6112/
11119 30213 40213 57008
22219 00269
444 20120 09070 2014/ 50101 8//// 80100 9/015=
ZZYY 62905 09070 2040/ 728645 045347 6112/
11119 30245 40245 57007
22219 00260
444 20120 09070 2014/ 50101 8//// 80014 9/015=
ZZYY 13548 09070 2130/ 712071 029722 6112/
444 20120 09070 1948/ 500// 9/001=
####018014899####
SSVX02 KARS 092153
ZZYY 44755 09070 21004 741598 059205 6112/
11119 01810 40234 57008
22219 00240
444 20120 09070 2139/ 50101 80148 80092 9/015=
ZZYY 48672 09070 2144/ 782899 102116 6113/
444 20130 09070 2038/ 500// 9/000=
ZZYY 48673 09070 2143/ 781776 107094 6111/
444 20110 09070 2037/ 500// 9/000=
ZZYY 41686 09070 2140/ 741353 022913 6112/
444 20120 09070 1953/ 50101 80004 80028 9////=
ZZYY 31701 09070 2137/ 716349 051003 6111/
22219 00286
444 20110 09070 2007/ 50101 80144 80100 9/015=
ZZYY 41578 09070 2140/ 727403 062675 6113/
22219 00273
444 20130 09070 2012/ 50101 80011 80000 9////=
ZZYY 41923 09070 2136/ 728096 068507 6113/
22219 00279
444 20130 09070 2011/ 50101 80009 80003 9/015=
ZZYY 41683 09070 2138/ 720958 067597 6111/
22219 00290
444 20110 09070 2009/ 50101 80108 80084 9/015=
ZZYY 41919 09070 2140/ 730681 066215 6112/
22219 00265
444 20120 09070 2013/ 50101 80013 80003 9/015=
ZZYY 41563 09070 2140/ 730691 071036 6111/
22219 00275
444 20110 09070 2138/ 50101 80146 80000 9/015=
ZZYY 41930 09070 2139/ 720065 062198 6111/
22219 00286
444 20110 09070 2010/ 50101 80134 80088 9/015=
ZZYY 62901 09070 2050/ 718160 026897 6112/
11119 30164 40164 52014
22219 00251
444 20120 09070 1950/ 50101 8//// 80008 9/015=
ZZYY 13565 09070 2138/ 719615 047246 6112/
444 20120 09070 2008/ 50101 80012 80001 9////=
ZZYY 41945 09070 2138/ 726129 065719 6113/
22219 00278
444 20130 09070 2014/ 50101 80012 80001 9/015=
ZZYY 41979 09070 2139/ 729979 075693 6111/
22219 00282
444 20110 09070 2022/ 50101 80009 80002 9/015=
ZZYY 41935 09070 2141/ 731836 044661 6112/
22219 00271
444 20120 09070 2014/ 50101 80009 80001 9////=
ZZYY 13963 09070 2136/ 715889 052408 6111/
444 20110 09070 1839/ 50101 80010 80255 9/015=
ZZYY 41977 09070 2143/ 736676 049044 6112/
444 20120 09070 2015/ 50101 80011 80000 9/015=
ZZYY 41925 09070 2135/ 725452 057185 6112/
444 20120 09070 1838/ 50101 80009 80001 9/015=
ZZYY 13626 09070 2136/ 716180 059191 6112/
22219 00291
444 20120 09070 2009/ 50101 80075 80007 9/015=
ZZYY 44943 09070 2030/ 746768 058800 6113/
11119 30142 40142 57012
22219 00130
444 20130 09070 2016/ 50101 80110 80028 9/015=
ZZYY 44943 09070 2130/ 746766 058814 6113/
11119 30140 40140 57011
22219 00130
444 20130 09070 2139/ 50101 80110 80032 9/015=
ZZYY 44938 09070 2130/ 750260 047130 6111/
11119 30097 40097 57011
22219 00093
444 20110 09070 2139/ 50101 80110 80004 9/015=
ZZYY 13616 09070 2138/ 719131 039848 6113/
22219 00267
444 20130 09070 2008/ 50101 80056 80099 9/015=
ZZYY 44876 09070 2100/ 743840 037579 6112/
11119 30254 40254 52004
22219 00176
444 20120 09070 2140/ 50101 80110 80005 9/015=
ZZYY 44876 09070 2000/ 743829 037595 6111/
11119 30252 40252 54000
22219 00177
444 20110 09070 1956/ 50101 80120 80006 9/015=
ZZYY 41956 09070 2142/ 731274 060641 6112/
22219 00267
444 20120 09070 2138/ 50101 8//// 80099 9/015=
ZZYY 44893 09070 2120/ 744352 042276 6111/
11119 30230 40230 57012
444 20110 09070 2141/ 50101 80120 80000 9/015=
ZZYY 13623 09070 2139/ 724860 036257 6111/
22219 00251
444 20110 09070 2010/ 50101 80055 80099 9/015=
ZZYY 31527 09070 2139/ 726792 068106 6112/
22219 00279
444 20120 09070 2014/ 50101 8//// 80000 9////=
ZZYY 62907 09070 2130/ 755939 024413 6112/
11119 30098 40098 52004
22219 00122
444 20120 09070 2139/ 50101 80120 80000 9/015=
ZZYY 44846 09070 2120/ 739193 054050 6113/
11119 30272 40272 57003
22219 00252
444 20130 09070 2139/ 50101 80120 80046 9/015=
ZZYY 44846 09070 2020/ 739193 054050 6113/
11119 30271 40271 57005
22219 00253
444 20130 09070 2139/ 50101 80120 80056 9/015=
ZZYY 44899 09070 2030/ 736158 061672 6111/
11119 30247 40247 57010
22219 00273
444 20110 09070 2014/ 50101 80120 80024 9/015=
ZZYY 44899 09070 2130/ 736145 061707 6112/
11119 30244 40244 57009
22219 00273
444 20120 09070 2139/ 50101 80120 80034 9/015=
ZZYY 44908 09070 2130/ 742710 042135 6113/
11119 30256 40256 57004
444 20130 09070 2138/ 50101 80120 80052 9/015=
ZZYY 44847 09070 2050/ 731638 039948 6113/
11119 30241 40241 57004
22219 00263
444 20130 09070 2011/ 50101 80120 80021 9/015=
ZZYY 44889 09070 2130/ 753216 038377 6112/
11119 30141 40141 57007
22219 00107
444 20120 09070 2121/ 50101 80120 80000 9/015=
ZZYY 44933 09070 2100/ 741717 036862 6111/
444 20110 09070 2139/ 50101 80120 80005 9/015=
ZZYY 44935 09070 2130/ 739232 029411 6112/
11119 30222 40222 52011
22219 00218
444 20120 09070 2138/ 50101 80110 80004 9/015=
ZZYY 41970 09070 2144/ 754673 013075 6111/
444 20110 09070 2141/ 50101 8//// 80099 9////=
ZZYY 41554 09070 2138/ 731824 060363 6111/
22219 00267
444 20110 09070 2013/ 50101 8//// 80004 9////=
ZZYY 43520 09070 2140/ 729672 071115 6112/
22219 00281
444 20120 09070 2015/ 50101 80058 80032 9/015=
ZZYY 41932 09070 2140/ 727126 056006 6111/
22219 00276
444 20110 09070 2137/ 50101 80056 80006 9/015=
ZZYY 31982 09070 2139/ 721200 061845 6112/
22219 00290
444 20120 09070 2010/ 50101 80056 80099 9/015=
ZZYY 44752 09070 21004 742709 060228 6112/
11119 02606 40218 57010
22219 00204
444 20120 09070 2140/ 50101 80148 80084 9/015=
ZZYY 63974 09070 2143/ 766927 002123 6112/
22219 00093
444 20120 09070 2122/ 50101 80012 80008 9/015=
ZZYY 63966 09070 2142/ 766298 001395 6112/
22219 00090
444 20120 09070 2122/ 50101 80012 80005 9/015=
ZZYY 41959 09070 2137/ 718759 046502 6112/
22219 00278
444 20120 09070 2008/ 50101 80540 80099 9/015=
ZZYY 64937 09070 2140/ 174544 000317 6112/
22219 00041
33311 88872 20000 30405 43485
444 20120 09070 2032/ 50101 80110 80100 9/015=
ZZYY 41938 09070 2120/ 726467 035424 6113/
11119 30211 40211 52004
22219 00249
444 20130 09070 1952/ 50101 80110 80000 9////=
ZZYY 44751 09070 2054/ 742604 053859 6112/
11119 40246 57004
22219 00182
444 20120 09070 2016/ 503// 80148 80008=
ZZYY 44754 09070 2054/ 744316 056761 6111/
11119 40208 57011
22219 00151
444 20110 09070 2014/ 503// 80158 80008=
ZZYY 41989 09070 2141/ 729183 061172 6111/
22219 00274
444 20110 09070 2011/ 50101 80009 80000 9////=
ZZYY 13615 09070 2137/ 734183 037421 6112/
22219 00252
444 20120 09070 2012/ 50101 8//// 80000 9/015=
ZZYY 13915 09070 2141/ 729899 064808 6111/
22219 00271
444 20110 09070 2137/ 50101 8//// 80003 9/015=
ZZYY 13518 09070 2140/ 728282 040524 6112/
22219 00254
444 20120 09070 2011/ 50101 8//// 80000 9////=
ZZYY 41929 09070 2138/ 725900 075994 6112/
22219 00295
444 20120 09070 2014/ 50101 80120 80008 9/015=
ZZYY 41992 09070 2140/ 736766 044336 6112/
22219 00256
444 20120 09070 1833/ 50101 80122 80011 9/015=
ZZYY 13941 09070 2142/ 737556 033090 6111/
22219 00233
444 20110 09070 1833/ 50101 80120 80014 9/015=
ZZYY 43523 09070 2138/ 736233 033030 6112/
444 20120 09070 2013/ 50101 8//// 80015 9////=
ZZYY 44924 09070 2144/ 759386 040841 6113/
22219 00098
444 20130 09070 2140/ 50101 80114 9/015=
ZZYY 31989 09070 2139/ 723075 065234 6111/
22219 00288
444 20110 09070 2137/ 50101 80006 80005 9////=
ZZYY 41699 09070 2141/ 733775 065430 6112/
22219 00256
444 20120 09070 1835/ 50101 80120 80020 9/015=
ZZYY 44928 09070 2144/ 753523 029569 6112/
444 20120 09070 2140/ 50101 80104 80099 9/015=
ZZYY 44930 09070 2143/ 751454 036906 6113/
444 20130 09070 2139/ 50101 80116 80099 9/015=
ZZYY 41928 09070 2144/ 737879 066568 6111/
22219 00277
444 20110 09070 2140/ 50101 80118 80029 9/015=
ZZYY 41903 09070 2138/ 725465 074323 6113/
22219 00291
444 20130 09070 2011/ 50101 80120 80016 9/015=
ZZYY 44934 09070 2141/ 733182 073177 6112/
22219 00275
444 20120 09070 2138/ 50101 80118 80023 9/015=
ZZYY 41920 09070 2140/ 731916 076839 6112/
22219 00286
444 20120 09070 2015/ 50101 80120 80019 9/015=
ZZYY 41973 09070 2141/ 734166 057580 6111/
22219 00262
444 20110 09070 2139/ 50101 80120 80020 9/015=
ZZYY 44886 09070 2142/ 736930 038704 6111/
22219 00237
444 20110 09070 2015/ 50101 80124 80010 9/015=
ZZYY 44888 09070 2141/ 739968 038021 6112/
22219 00222
444 20120 09070 2014/ 50101 80120 80022 9/015=
ZZYY 44877 09070 2140/ 740948 037708 6112/
22219 00209
444 20120 09070 1952/ 50101 80124 80013 9/015=
ZZYY 62909 09070 2139/ 736766 032587 6111/
22219 00225
444 50101 80124 80010 9/015=
ZZYY 62927 09070 2142/ 739284 033020 6112/
22219 00222
444 20120 09070 2138/ 50101 80124 80012 9/015=
ZZYY 44921 09070 2144/ 741093 064453 6112/
22219 00221
444 20120 09070 2139/ 50101 80124 80012 9/015=
ZZYY 62936 09070 2142/ 738753 029621 6112/
22219 00220
444 20120 09070 2138/ 50101 80122 80013 9/015=
ZZYY 44907 09070 2144/ 742770 061992 6112/
22219 00197
444 20120 09070 2139/ 50101 80122 80016 9/015=
ZZYY 44916 09070 2143/ 740679 064814 6112/
22219 00219
444 20120 09070 2138/ 50101 80122 80012 9/015=
ZZYY 44898 09070 2141/ 740992 051717 6112/
22219 00238
444 20120 09070 1703/ 50101 80124 80014 9/015=
ZZYY 44906 09070 2144/ 741818 062651 6112/
22219 00209
444 20120 09070 2139/ 50101 80120 80013 9/015=
ZZYY 44901 09070 2143/ 739132 047493 6112/
22219 00231
444 20120 09070 2139/ 50101 80122 80006 9/015=
ZZYY 44894 09070 2140/ 737381 044463 6113/
22219 00244
444 20130 09070 2012/ 50101 80122 80011 9/015=
ZZYY 44897 09070 2143/ 741180 046742 6113/
22219 00223
444 20130 09070 2139/ 50101 80124 80013 9/015=
ZZYY 44850 09070 2143/ 739481 040873 6111/
22219 00216
444 20110 09070 2139/ 50101 80122 80014 9/015=
ZZYY 41670 09070 2140/ 745717 017978 6111/
22219 00180
444 20110 09070 2137/ 50101 80008 80100 9/015=
ZZYY 41987 09070 2142/ 735051 055802 6111/
22219 00260
444 20110 09070 2139/ 50101 80122 80008 9/015=
ZZYY 44941 09070 2143/ 742633 059144 6112/
22219 00225
444 20120 09070 2017/ 50101 80124 80016 9/015=
ZZYY 13625 09070 2137/ 726855 071916 6113/
22219 00288
444 20130 09070 2012/ 50101 80009 80000 9/015=
ZZYY 44940 09070 2144/ 740214 049151 6111/
22219 00240
444 20110 09070 2140/ 50101 80122 80009 9/015=
ZZYY 44939 09070 2143/ 742113 055441 6113/
22219 00232
444 20130 09070 2139/ 50101 80122 80011 9/015=
ZZYY 44929 09070 2142/ 737764 044986 6112/
22219 00240
444 20120 09070 2138/ 50101 80124 80009 9/015=
ZZYY 62930 09070 2142/ 737163 035575 6111/
22219 00235
444 20110 09070 2138/ 50101 80122 80016 9/015=
ZZYY 41988 09070 2137/ 721466 029541 6112/
22219 00248
444 20120 09070 1951/ 50101 80008 80100 9////=
ZZYY 41991 09070 2142/ 728769 049268 6112/
22219 00267
444 20120 09070 2011/ 50101 80009 80070 9////=
ZZYY 44832 09070 2137/ 722037 060404 6112/
22219 00288
444 20120 09070 2010/ 50101 80008 80000 9////=
ZZYY 13902 09070 2138/ 727412 026949 6112/
22219 00234
444 20120 09070 1951/ 50101 80011 80001 9/015=
ZZYY 44892 09070 2142/ 738118 042541 6113/
22219 00238
444 20130 09070 2014/ 50101 80124 80018 9/015=
ZZYY 13589 09070 2139/ 735404 019766 6112/
22219 00213
444 20120 09070 2117/ 50101 80122 80099 9/015=
ZZYY 13638 09070 2138/ 722662 038179 6111/
22219 00258
444 20110 09070 2010/ 50101 80009 80018 9/015=
ZZYY 44883 09070 2143/ 737955 049469 6113/
22219 00257
444 20130 09070 2015/ 50101 80122 80010 9/015=
ZZYY 44881 09070 2142/ 739273 047545 6112/
22219 00238
444 20120 09070 2015/ 50101 80122 80013 9/015=
ZZYY 44910 09070 2050/ 725795 029796 6112/
11119 40205 52006
22219 00243
444 20120 09070 1951/ 50101 80110 80000 9////=
ZZYY 64932 09070 2130/ 775093 009044 6112/
22219 00043
33311 88872 20000 30430 43474
444 20120 09070 2123/ 50101 80012 80099 9////=
ZZYY 64933 09070 2130/ 774874 007421 6112/
22219 00040
33311 88872 20000 30400 43474
444 20120 09070 2124/ 50101 80012 80097 9////=
ZZYY 64931 09070 2130/ 774694 007920 6112/
22219 00040
33311 88872 20000 30400 43478
444 20120 09070 2024/ 50101 80012 80099 9////=
ZZYY 44878 09070 2130/ 725730 028507 6113/
11119 40206 52013
22219 00238
444 20130 09070 1951/ 50101 80011 80000 9////=
ZZYY 44878 09070 2030/ 725730 028507 6113/
11119 40202 52007
22219 00238
444 20130 09070 1951/ 50101 80011 80000 9////=
ZZYY 44879 09070 2130/ 739762 020763 6111/
11119 40220 52001
444 20110 09070 2118/ 50101 80011 80000 9////=
ZZYY 44849 09070 2100/ 730979 062065 6112/
11119 40226 57011
22219 00265
444 20120 09070 2138/ 50101 80011 80000 9////=
ZZYY 13591 09070 2137/ 738855 022730 6111/
22219 00212
444 20110 09070 2138/ 50101 80009 80054 9////=
ZZYY 13588 09070 2139/ 727600 043146 6112/
22219 00258
444 20120 09070 2010/ 50101 80011 80018 9////=
ZZYY 13962 09070 2138/ 720359 065324 6112/
22219 00292
444 20120 09070 2008/ 50101 80008 80022 9////=
ZZYY 13965 09070 2139/ 725539 035204 6112/
22219 00248
444 20120 09070 2010/ 50101 80007 80021 9////=
ZZYY 13927 09070 2141/ 728968 063496 6111/
22219 00273
444 20110 09070 2137/ 50101 8//// 80001 9////=
ZZYY 13964 09070 2137/ 720708 038951 6112/
22219 00262
444 20120 09070 2009/ 50101 80010 80019 9////=
ZZYY 41968 09070 2100/ 726610 052736 6111/
11119 30231 40231
22219 00268
444 20110 09070 2012/ 50101 80100 80097 9/015=
ZZYY 41972 09070 2130/ 728560 046975 6113/
11119 30245 40245
22219 00261
444 20130 09070 2011/ 50101 80100 80000 9/015=
ZZYY 41974 09070 2110/ 731225 063418 6112/
11119 30226 40226
22219 00272
444 20120 09070 2013/ 50101 80100 80079 9/015=
ZZYY 13602 09070 2110/ 724679 033099 6111/
11119 30200 40200
22219 00243
444 20110 09070 1951/ 50101 80110 80035 9/015=
ZZYY 44895 09070 2100/ 751100 037042 6112/
11119 30166 40166 57008
22219 00119
444 20120 09070 2121/ 50101 80110 80004 9/015=
ZZYY 44838 09070 2140/ 754748 017389 6111/
22219 00136
444 20110 09070 2141/ 50101 80011 80007 9////=
ZZYY 44841 09070 2130/ 755052 013441 6112/
444 20120 09070 2121/ 50101 9////=
ZZYY 41975 09070 2050/ 729415 050881 6112/
11119 30249 40249
22219 00272
444 20120 09070 2012/ 50101 80110 80100 9/015=
ZZYY 41981 09070 2120/ 728789 054881 6111/
11119 30242 40242
22219 00272
444 20110 09070 2137/ 50101 80110 80063 9/015=
ZZYY 44919 09070 2050/ 734011 042884 6112/
11119 30246 40246 57002
22219 00260
444 20120 09070 2015/ 50101 8//// 80000 9/015=
ZZYY 44920 09070 2120/ 727833 036596 6111/
11119 30219 40219 52002
22219 00253
444 20110 09070 2013/ 50101 8//// 80043 9/015=
ZZYY 44920 09070 2020/ 727833 036596 6111/
11119 30216 40216 57005
22219 00254
444 20110 09070 2013/ 50101 8//// 80019 9/015=
ZZYY 13596 09070 2110/ 727150 027711 6112/
11119 30214 40214
22219 00232
444 20120 09070 1950/ 50101 80110 80022 9/015=
ZZYY 41996 09070 2100/ 732453 037947 6112/
11119 30236 40236
22219 00262
444 20120 09070 2012/ 50101 80120 80021 9/015=
####018000445####
SSVX06 KARS 092153
ZZYY 47555 09070 2143/ 777290 096034 6113/
444 20130 09070 2035/ 500// 9/000=
ZZYY 47560 09070 2144/ 779447 106886 6113/
444 20130 09070 2039/ 500//=
ZZYY 47554 09070 2144/ 779405 108521 6113/
444 20130 09070 2038/ 500// 9/000=
ZZYY 47553 09070 2144/ 779177 102180 6112/
444 20120 09070 2034/ 500// 9/000=
ZZYY 48555 09070 1800/ 782551 061995 6112/
11119 10001 40023
444 20120 09070 1805/ 504// 80014=
####018000105####
SSVX12 KARS 092153
ZZYY 48525 09070 2140/ 776951 125440 6112/
11119 10003
444 20120 09070 2036/=
####018000111####
SSVX07 KARS 092153
ZZYY 48534 09070 2140/ 783565 048076 6112/
11119 10016 40040
444 20120 09070 2038/=
####018000277####
SSVX13 LFVW 092152
ZZYY 31739 09070 2050/ 707936 048557 6112/
11119 40128 57003
22219 00287
444 20120 09070 2005/ 50101 80108 80003 9/015=
ZZYY 25622 09070 2030/ 762299 055959 6112/
11119 30095 40095 57002
22219 00101
444 20120 09070 2020/ 50101 80080 9/015=
####018000146####
SSVX13 LFPW 092200
ZZYY 62519 09070 2200/ 761962 029225 6110/ 11119 40074 52011 22219
 00105 444 20100 09070 2200/ 50101 80139 80060 9/015=
####018000146####
SSVX13 LFPW 092200
ZZYY 62511 09070 2200/ 721426 025651 6110/ 11119 40177 52015 22219
 00247 444 20100 09070 2200/ 50101 80108 80002 9/015=
