####018000627####
SSVX02 KARS 221244
ZZYY 56909 22091 1200/ 359168 132279 6113/
11119 39920 49920 54000
22219 00006
444 20130 22091 1107/ 50101 80110 80015 9/015=
ZZYY 71701 22091 1202/ 551889 043297 6112/
22219 00012
444 20120 22091 1155/ 50101 80114 80092 9/015=
ZZYY 33993 22091 1200/ 544899 045019 6112/
11119 40067 57220
22219 00086
444 2012/ 22091 1042/ 50101 80142 80006 9/015=
ZZYY 33995 22091 1200/ 544933 040389 6111/
11119 49979 57240
22219 00085
444 2011/ 22091 1154/ 50101 80102 80035 9/015=
ZZYY 46904 22091 1235/ 719347 140173 6111/
22219 00245
444 20110 22091 1118/ 50101 80072 80115 9/015=
####018000117####
SSVX07 LFVW 221244
ZZYY 48548 22091 1230/ 774290 128494 6111/
11119 11006 39886 49886
444 20110 22091 1224/=
####018000257####
SSVX02 LFVW 221244
ZZYY 56946 22091 1030/ 538805 108721 6111/
11119 49936 52012
22219 00119
444 20110 22091 1000/ 50101 80090 80000 9/015=
ZZYY 22689 22091 1235/ 735698 177830 6112/
22219 00238
444 20120 22091 0921/ 50101 80114 80006 9/015=
####018008969####
SSVX02 KARS 221246 RRA
ZZYY 17690 22091 1050/ 330895 045622 6112/
22219 00188
444 20120 22091 1034/ 50101 80090 80002 9/015=
ZZYY 17690 22091 1150/ 330904 045629 6112/
22219 00188
444 20120 22091 1147/ 50101 80090 80002 9/015=
ZZYY 33571 22091 1140/ 328369 043320 6111/
11119 30235 40235 57012
22219 00232
444 20110 22091 1147/ 50101 8//// 80011 9////=
ZZYY 51975 22091 1109/ 710004 123079 6113/
22219 00275
444 20130 22091 1055/ 50101 80091 80011 9/015=
ZZYY 51770 22091 1108/ 710483 143564 6112/
22219 00272
444 20120 22091 1056/ 50101 80119 80037 9/015=
ZZYY 55949 22091 1100/ 527416 110899 6111/
11119 30164 40164 52002
22219 00203
444 20110 22091 1111/ 50101 8//// 80065 9////=
ZZYY 33557 22091 1140/ 335774 046315 6113/
11119 30278 40278 57008
22219 00159
444 20130 22091 1033/ 50101 80110 80004 9/015=
ZZYY 33557 22091 1040/ 335774 046315 6113/
11119 30278 40278 57008
22219 00158
444 20130 22091 1033/ 50101 80110 80004 9/015=
ZZYY 43543 22091 1106/ 720563 120965 6112/
22219 00243
444 20120 22091 1054/ 50101 80054 80018 9/015=
ZZYY 55610 22091 1100/ 526812 127360 6113/
22219 00217
444 20130 22091 1112/ 50101 8//// 80000 9////=
ZZYY 55622 22091 1010/ 525097 117074 6112/
11119 30182 40182 57004
22219 00210
444 20120 22091 0956/ 50101 8//// 80003 9////=
ZZYY 55622 22091 1110/ 525089 117082 6113/
11119 30183 40183 57003
22219 00210
444 20130 22091 1111/ 50101 8//// 80025 9////=
ZZYY 33881 22091 1030/ 348504 085265 6112/
11119 39980 49980 57005
22219 00062
444 50101 80110 80096 9/015=
ZZYY 33881 22091 1130/ 348494 085274 6111/
11119 39982 49982 57003
22219 00061
444 20110 22091 1139/ 50101 80110 80098 9/015=
ZZYY 33880 22091 1130/ 345793 086028 6112/
11119 30043 40043 52003
22219 00081
444 20120 22091 1138/ 50101 80110 80058 9/015=
ZZYY 33880 22091 1030/ 345793 086006 6111/
11119 30042 40042 52006
22219 00081
444 50101 80110 80096 9/015=
ZZYY 32804 22091 1118/ 522899 130518 6112/
22219 00229
444 20120 22091 1110/ 50101 80048 80000 9/015=
ZZYY 51780 22091 1112/ 512568 161500 6112/
22219 00274
444 20120 22091 1131/ 50101 80115 80011 9/015=
ZZYY 51944 22091 1050/ 527187 156271 6112/
22219 00205
33311 88872 20000 32045 42048
444 20120 22091 1115/ 50101 80080 80003 9/015=
ZZYY 32675 22091 1109/ 703521 138797 6113/
22219 00263
444 20130 22091 1059/ 50101 80120 80072 9/015=
ZZYY 14921 22091 1140/ 306854 041331 6112/
11119 30132 40132 57024
22219 00265
444 20120 22091 1200/ 50101 80120 80046 9/015=
ZZYY 51945 22091 1050/ 534008 159178 6112/
22219 00165
33311 88872 20000 31645 42048
444 20120 22091 1116/ 50101 80060 80086 9/015=
ZZYY 16555 22091 1100/ 333748 078284 6112/
22219 00156
444 20120 22091 1032/ 50101 80110 80000 9/015=
ZZYY 16575 22091 1140/ 338875 077992 6111/
11119 30163 40163 57009
22219 00125
444 20110 22091 1142/ 50101 80110 80000 9/015=
ZZYY 16575 22091 1040/ 338878 077971 6112/
11119 30163 40163 57004
22219 00125
444 20120 22091 1030/ 50101 80110 80000 9/015=
ZZYY 33906 22091 1050/ 350641 068863 6113/
22219 00018
444 20130 22091 1031/ 50101 80100 80097 9/015=
ZZYY 16577 22091 1140/ 340287 076588 6111/
11119 30140 40140
22219 00124
444 20110 22091 1141/ 50101 80100 80100 9/015=
ZZYY 51952 22091 1040/ 525906 149308 6113/
22219 00227
33311 88872 20000 32265 43585
444 20130 22091 1112/ 50101 80100 80014 9/015=
ZZYY 16560 22091 1100/ 338309 069974 6113/
11119 30190 40190
22219 00134
444 20130 22091 1032/ 50101 80110 80100 9/015=
ZZYY 51953 22091 1100/ 528912 152743 6113/
22219 00196
33311 88872 20000 31955 42048
444 20130 22091 1114/ 50101 80080 80097 9/015=
ZZYY 51653 22091 1105/ 718782 135968 6112/
22219 00251
444 20120 22091 1055/ 50101 80122 80021 9/015=
ZZYY 17902 22091 1140/ 344803 077233 6111/
22219 00107
444 20110 22091 1141/ 50101 80110 80100 9/015=
ZZYY 51946 22091 1040/ 525310 165255 6111/
22219 00214
33311 88872 20000 32140 42048
444 20110 22091 1115/ 50101 80070 80030 9/015=
ZZYY 33886 22091 1050/ 350700 027587 6112/
11119 39940 49940
22219 00035
444 20120 22091 0828/ 50101 80090 80100 9/015=
ZZYY 51969 22091 1113/ 506195 135031 6111/
22219 00256
444 20110 22091 1100/ 50101 80120 80027 9/015=
ZZYY 33656 22091 1110/ 348269 030174 6112/
11119 39979 49979
22219 00076
444 20120 22091 1142/ 50101 80110 80100 9/015=
ZZYY 14929 22091 1050/ 335989 082099 6112/
11119 30218 40218
22219 00131
444 20120 22091 1030/ 50101 80100 80100 9/015=
ZZYY 14545 22091 1050/ 317666 055414 6112/
11119 30177 40177 52237
22219 00244
444 20120 22091 1035/ 50101 80110 80011 9/015=
ZZYY 55937 22091 1040/ 526583 127309 6112/
11119 30184 40184 57014
22219 00217
444 20120 22091 1112/ 50101 8//// 80035 9////=
ZZYY 33635 22091 1050/ 338026 070861 6112/
22219 00134
444 20120 22091 1032/ 50101 80100 80100 9/015=
ZZYY 33635 22091 1150/ 338028 070852 6112/
22219 00134
444 20120 22091 1142/ 50101 80100 80100 9/015=
ZZYY 55956 22091 1020/ 535647 124002 6112/
11119 40095 52009
22219 00146
444 20120 22091 0959/ 50101 80010 80000 9////=
ZZYY 55956 22091 1120/ 535642 123991 6112/
11119 40100 52009
22219 00147
444 20120 22091 1115/ 50101 80010 80000 9////=
ZZYY 14566 22091 1040/ 311028 049578 6111/
11119 30142 40142 52238
22219 00252
444 20110 22091 1035/ 50101 80110 80002 9/015=
ZZYY 14566 22091 1140/ 311022 049529 6111/
11119 30138 40138 52239
22219 00252
444 20110 22091 1153/ 50101 80110 80002 9/015=
ZZYY 14550 22091 1110/ 332392 036882 6112/
11119 30255 40255
22219 00208
444 20120 22091 1033/ 50101 80110 80100 9/015=
ZZYY 55920 22091 1040/ 533874 135799 6112/
11119 30169 40169 52001
444 20120 22091 1114/ 50101 8//// 80052 9/015=
ZZYY 33883 22091 1120/ 349162 032359 6112/
11119 39978 49978
22219 00024
444 20120 22091 1143/ 50101 80100 80100 9/015=
ZZYY 14948 22091 1120/ 321128 050342 6112/
11119 30186 40186 52235
22219 00245
444 20120 22091 1150/ 50101 80110 80008 9/015=
ZZYY 51795 22091 1114/ 506123 132629 6111/
22219 00249
444 20110 22091 1100/ 50101 80120 80030 9/015=
ZZYY 51967 22091 1111/ 706194 134045 6113/
22219 00271
444 20130 22091 1057/ 50101 80120 80035 9/015=
ZZYY 51518 22091 1110/ 501372 121765 6113/
22219 00233
444 20130 22091 1059/ 50101 80120 80028 9/015=
ZZYY 51679 22091 1111/ 704936 133871 6113/
22219 00267
444 20130 22091 1059/ 50101 80120 80036 9/015=
ZZYY 16943 22091 1120/ 331002 050480 6113/
11119 30235 40235 57012
22219 00184
444 20130 22091 1147/ 50101 8//// 80000 9////=
ZZYY 55632 22091 1040/ 538507 117591 6112/
444 20120 22091 1115/ 50101 80100 80000 9/015=
ZZYY 33573 22091 1110/ 350066 025513 6111/
11119 39887 49887 57011
22219 00011
444 20110 22091 1141/ 50101 80130 80002 9/015=
ZZYY 46769 22091 1106/ 721437 123436 6112/
22219 00241
444 20120 22091 1054/ 50101 80116 80108 9/015=
ZZYY 17518 22091 1050/ 323539 066980 6112/
11119 30215 40215 57015
22219 00223
444 20120 22091 1034/ 50101 80110 80000 9/015=
ZZYY 46616 22091 1106/ 721910 119200 6113/
22219 00235
444 20130 22091 1054/ 50101 80114 80103 9/015=
ZZYY 46609 22091 1106/ 722168 128743 6113/
22219 00225
444 20130 22091 1055/ 50101 80112 80175 9/015=
ZZYY 46559 22091 1106/ 712777 122520 6112/
22219 00281
444 20120 22091 1055/ 50101 80110 80011 9/015=
ZZYY 46583 22091 1103/ 716919 130743 6113/
22219 00255
444 20130 22091 1055/ 50101 80098 80026 9/015=
ZZYY 32676 22091 1050/ 501111 115539 6113/
11119 30122 40122 57008
22219 00219
444 20130 22091 1101/ 50101 80120 80060 9/015=
ZZYY 32676 22091 1000/ 501108 115522 6113/
11119 30128 40128 57008
22219 00219
444 20130 22091 0945/ 50101 80120 80060 9/015=
ZZYY 22576 22091 1103/ 732673 140183 6113/
22219 00239
444 20130 22091 1054/ 50101 80010 80000 9/015=
ZZYY 14922 22091 1110/ 310577 046744 6112/
11119 30143 40143 57016
22219 00248
444 20120 22091 1036/ 50101 80110 80008 9/015=
ZZYY 32730 22091 1100/ 509690 119043 6113/
22219 00245
444 20130 22091 1107/ 50101 80140 80002 9/015=
ZZYY 32871 22091 1117/ 525999 149883 6112/
22219 00226
444 20120 22091 1113/ 50101 80104 80022 9/015=
ZZYY 51513 22091 1106/ 708838 106868 6111/
22219 00274
444 20110 22091 1056/ 50101 80117 80024 9/015=
ZZYY 32564 22091 1121/ 533958 133300 6113/
22219 00145
444 20130 22091 1114/ 50101 80007 80085 9/015=
ZZYY 32670 22091 1103/ 705194 132071 6113/
22219 00272
444 20130 22091 1058/ 50101 80120 80035 9/015=
ZZYY 46768 22091 1103/ 718005 139847 6113/
22219 00244
444 20130 22091 1056/ 50101 80072 80032 9/015=
ZZYY 51900 22091 1107/ 702362 139607 6112/
22219 00259
444 20120 22091 1059/ 50101 80120 80013 9/015=
ZZYY 32923 22091 1000/ 506259 117324 6113/
11119 30139 40139 57015
22219 00240
444 20130 22091 0944/ 50101 80120 80077 9/015=
####018006795####
SSVX08 KARS 221246
ZZYY 51017 21091 1200/ 502015 124902 6112/
33311 88872 20001 32336 43475 20020 32312 20040 32282 20080 31976
20100 31469 20120 31364 20140 31327 20180 31287 20300 31188
20500 30826
444 20120 21091 1115/ 521//=
ZZYY 51017 22091 11004 502018 124904 6112/
11119 01312 10238 29070
22219 00234
444 20120 22091 1106/ 521// 60401=
ZZYY 51302 21091 12004 508275 155015 6111/
11119 01216 10269 29076
22219 00272
33311 88872 20000 32721 20001 32725 43551 20025 32722 20050 32720
20075 32720 20100 32719 20125 32700 20150 32565 20200 32136
20250 31622 20300 31204 20500 30805
444 20110 21091 1121/ 521// 60401=
ZZYY 51023 21091 1200/ 500009 154941 6111/
11119 10239 29092
22219 00254
33311 88870 20000 32536 20001 32547 20025 32533 20050 32518
20100 32097 20125 31816 20200 31303 20250 31187 20300 31128
20500 30796
444 20110 21091 1255/ 521//=
ZZYY 51023 22091 1100/ 500004 154960 6111/
11119 10248 29089
22219 00254
444 20110 22091 0730/ 521//=
ZZYY 14041 21091 12004 307940 055085 6112/
11119 01315 10257 29090
22219 00272
33311 88872 20000 32719 20001 32708 43544 20020 32701 43531
20040 32690 43539
444 20120 21091 1201/ 521// 60401=
ZZYY 14041 22091 11004 307931 055072 6112/
11119 01315 10269 29077
22219 00271
444 20120 22091 1038/ 521// 60401=
ZZYY 51022 21091 12004 501975 154995 6111/
11119 01019 10255 29085
22219 00267
33311 88872 20000 32672 20001 32678 43532 20025 32676 20050 32669
20075 32668 20100 32664 20125 31920 20150 31592 20200 31337
20300 31100
444 20110 21091 1143/ 521// 60401=
ZZYY 51022 22091 11004 501967 155002 6111/
11119 01010 10264 29080
22219 00268
444 20110 22091 1107/ 521// 60401=
ZZYY 14042 21091 12004 312024 054982 6112/
11119 01119 10259 29077 40141
22219 00259
33311 88872 20000 32594 20001 32588 43553 20020 32586 43557
20040 32585 43557 20060 32587 43560 20080 32542 20100 32297
20140 31893 20180 31645 20300 31209
444 20120 21091 1202/ 521// 60401=
ZZYY 14042 22091 11004 312026 054990 6112/
11119 01216 10258 29078 40136
22219 00259
444 20120 22091 1035/ 521// 60401=
ZZYY 51308 21091 1200/ 507973 124992 6112/
33311 88872 20001 32576 43552 20020 32573 20040 32572 20060 32570
20080 32570 20100 32358 20120 32210 20140 32107 20180 31558
20300 31085 20500 30833
444 20120 21091 1117/ 521//=
ZZYY 51308 22091 11004 507972 124995 6111/
11119 01114 10249 29074
22219 00257
444 20110 22091 1107/ 521// 60401=
ZZYY 51009 21091 12004 502035 140018 6112/
11119 00912 10249 29086
444 20120 21091 1143/ 521// 60401=
ZZYY 51009 22091 11004 502034 140015 6112/
11119 01414 10252 29084
444 20120 22091 1106/ 521// 60401=
ZZYY 51011 21091 1200/ 500157 124390 6112/
33311 88872 20001 32275 43481 20020 32196 20040 31910 20060 31739
20080 31602 20100 31533 20120 31468 20140 31445 20180 31346
20300 31177 20500 30843
444 20120 21091 1115/ 521//=
ZZYY 51015 21091 1200/ 705088 124944 6111/
33311 88872 20001 32688 43480 20020 32685 20040 32684 20060 32679
20080 32586 20100 32476 20120 32240 20140 31721 20180 31173
20300 30963 20500 30799
444 20110 21091 1113/ 521//=
ZZYY 51015 22091 11004 705086 124947 6112/
11119 01816 10258 29082
22219 00269
444 20120 22091 1102/ 521// 60401=
ZZYY 51311 21091 12004 700007 139926 6112/
11119 00912 10239 29089 40097
22219 00238
33311 88872 20000 32376 20001 32386 43514 20020 32295 43492
20040 32116 20060 31962 20080 31870 20100 31761 20120 31713
20140 31674 20180 31514 20300 31233
444 20120 21091 1142/ 521// 60401=
ZZYY 51311 22091 11004 700006 139927 6112/
11119 01214 10244 29083 40108
22219 00246
444 20120 22091 1105/ 521// 60401=
ZZYY 51016 21091 1200/ 701950 125053 6112/
33311 88870 20001 32681 20020 32683 20040 32633 20060 32291
20080 31936 20100 31554 20120 31460 20140 31369 20300 31175
20500 30881
444 20120 21091 1114/ 521//=
ZZYY 51016 22091 11004 701956 125051 6112/
11119 01415 10235 29085
22219 00259
444 20120 22091 1104/ 521// 60401=
ZZYY 14043 21091 1200/ 312200 067216 6111/
33311 88872 20001 32602 43525 20020 32603 43524 20040 32603 43526
20060 32603 43526 20080 32602 20100 32514 20120 32155 20140 31900
20180 31615 20300 31154 20500 30850
444 20110 21091 1046/ 521//=
ZZYY 51008 21091 12004 702015 140019 6113/
11119 01213 10248 29078
33311 88870 20040 32617 20060 32537 20080 32430 20100 32373
20120 32023 20140 31509 20180 31338 20300 31152 20500 30905
444 20130 21091 1141/ 521// 60401=
ZZYY 51008 22091 11004 702016 140019 6112/
11119 01214 10249 29078
444 20120 22091 1104/ 521// 60401=
ZZYY 51020 21091 12004 704998 154943 6112/
11119 01311 10265 29081
22219 00275
33311 88872 20000 32747 20001 32755 43508 20025 32749 20050 32731
20100 32631 20125 32604 20150 32246 20200 31321 20250 31119
20300 31080 20500 30899
444 20120 21091 1141/ 521// 60401=
ZZYY 51020 22091 11004 705005 154951 6113/
11119 01313 10267 29077
22219 00275
444 20130 22091 1128/ 521// 60401=
ZZYY 51019 21091 12004 504984 155022 6112/
11119 01013 10270 29079
22219 00271
33311 88870 20000 32708 20001 32712 20025 32709 20050 32707
20075 32706 20100 32706 20125 32608 20150 32164 20200 31449
20250 31163 20300 31067 20500 30823
444 20120 21091 1256/ 521// 60401=
ZZYY 51019 22091 11004 504984 155006 6112/
11119 01115 10265 29085
22219 00271
444 20120 22091 1109/ 521// 60401=
ZZYY 51301 21091 12004 707986 154984 6113/
11119 00409 10273 29081
22219 00285
33311 88870 20000 32845 20001 32853 20050 32834 20100 32156
20125 31663 20150 31312 20200 31119 20300 31009 20500 30828
444 20130 21091 1138/ 521// 60401=
ZZYY 51301 22091 11004 707988 154986 6111/
11119 01710 10251 29087
22219 00283
444 20110 22091 1127/ 521// 60401=
ZZYY 51006 21091 12004 709008 140233 6112/
11119 00416 10251 29092
22219 00277
33311 88872 20000 32768 20001 32773 43393 20020 32784 20040 32699
20060 32246 20080 31586 20100 31269 20120 31226 20140 31164
20180 31099 20300 31000 20500 30822
444 20120 21091 1137/ 521// 60401=
ZZYY 51006 22091 11004 709010 140231 6113/
11119 02115 10261 29091
22219 00276
444 20130 22091 1103/ 521// 60401=
ZZYY 51307 21091 1200/ 708024 125004 6111/
33311 88872 20001 32765 43385 20020 32736 20040 32746 20060 32502
20080 31619 20100 31337 20120 31255 20140 31204 20180 31128
20300 31010 20500 30820
444 20110 21091 1138/ 521//=
ZZYY 14046 21091 1200/ 316002 054996 6111/
33311 88872 20020 32457 43535 20040 32455 43555 20060 32455 43531
20080 32454 20100 32372 20120 32234 20140 32096 20180 31857
20500 30941
444 20110 21091 1201/ 521//=
ZZYY 14046 22091 11004 315994 054998 6112/
11119 01213 10245 29080 40165
444 20120 22091 1036/ 521// 60401=
####018000155####
SSVX13 KARS 221246
ZZYY 14917 22091 1100/ 326549 074168 6112/
11119 30248 40248 57012
22219 00216
444 20120 22091 1031/ 50101 80115 80002 9/015=
####018014923####
SSVX02 KARS 221246
ZZYY 32650 22091 1112/ 508777 119665 6112/
22219 00247
444 20120 22091 1107/ 50101 80120 80039 9/015=
ZZYY 32916 22091 0950/ 506868 107758 6112/
11119 30134 40134 57010
22219 00240
444 20120 22091 0946/ 50101 80120 80085 9/015=
ZZYY 51966 22091 1110/ 704764 134770 6113/
22219 00267
444 20130 22091 1059/ 50101 80120 80009 9/015=
ZZYY 32734 22091 1040/ 504292 111660 6111/
11119 30132 40132 57007
22219 00230
444 20110 22091 1101/ 50101 80120 80087 9/015=
ZZYY 32684 22091 1116/ 518613 158568 6112/
22219 00261
444 20120 22091 1112/ 50101 80104 80020 9/015=
ZZYY 51754 22091 1111/ 704752 134565 6113/
22219 00273
444 20130 22091 1059/ 50101 80110 80038 9/015=
ZZYY 51801 22091 1113/ 506073 131955 6111/
22219 00250
444 20110 22091 1108/ 50101 80110 80035 9/015=
ZZYY 46766 22091 1057/ 723254 152393 6111/
22219 00252
444 20110 22091 1118/ 50101 80082 9/015=
ZZYY 32648 22091 1111/ 508656 119759 6113/
22219 00245
444 20130 22091 1100/ 50101 80110 80048 9/015=
ZZYY 51808 22091 1115/ 507964 141115 6113/
22219 00265
444 20130 22091 1108/ 50101 80036 80255 9/015=
ZZYY 32803 22091 1117/ 524029 116484 6112/
22219 00219
444 20120 22091 1111/ 50101 80102 80000 9/015=
ZZYY 46904 22091 1103/ 719349 140170 6113/
22219 00245
444 20130 22091 1055/ 50101 80072 80076 9/015=
ZZYY 32682 22091 1118/ 521549 155344 6113/
22219 00253
444 20130 22091 1112/ 50101 80100 80015 9/015=
ZZYY 22635 22091 1105/ 722014 139887 6113/
444 20130 22091 1054/ 50101 80009 80080 9/015=
ZZYY 32674 22091 1111/ 703000 136875 6112/
22219 00266
444 20120 22091 1100/ 50101 80120 80099 9/015=
ZZYY 34538 22091 1121/ 530363 143028 6112/
22219 00190
444 20120 22091 1114/ 50101 80010 80005 9////=
ZZYY 17520 22091 1153/ 336007 045544 6113/
22219 00164
444 20130 22091 1033/ 50101 80094 80000 9////=
ZZYY 32827 22091 1118/ 522928 139240 6113/
22219 00239
444 20130 22091 1112/ 50101 80102 80001 9/015=
ZZYY 54925 22091 1121/ 528905 133536 6112/
22219 00198
444 20120 22091 1113/ 50101 80104 80000 9/015=
ZZYY 46924 22091 1104/ 724331 127507 6113/
22219 00217
444 20130 22091 1051/ 50101 80100 80146 9/015=
ZZYY 32816 22091 1117/ 520032 130149 6113/
22219 00247
444 20130 22091 1110/ 50101 80102 80000 9/015=
ZZYY 46923 22091 1105/ 710595 129369 6112/
22219 00275
444 20120 22091 1055/ 50101 80106 80016 9/015=
ZZYY 54554 22091 1020/ 517072 133607 6113/
11119 30170 40170 57013
22219 00250
444 20130 22091 0956/ 50101 80120 80054 9/015=
ZZYY 32815 22091 1040/ 518110 116251 6113/
11119 30180 40180 57013
22219 00235
444 20130 22091 1108/ 50101 80120 80036 9/015=
ZZYY 32925 22091 1030/ 517541 119308 6113/
11119 30177 40177 57013
22219 00237
444 20130 22091 0955/ 50101 80120 80062 9/015=
ZZYY 51643 22091 1114/ 508482 153002 6112/
22219 00272
444 20120 22091 1109/ 50101 80117 80015 9/015=
ZZYY 16593 22091 1040/ 328576 056715 6113/
11119 30208 40208 57022
22219 00210
444 20130 22091 1035/ 50101 80100 80008 9////=
ZZYY 16593 22091 1140/ 328582 056694 6113/
11119 30206 40206 57014
22219 00209
444 20130 22091 1147/ 50101 80100 80008 9////=
ZZYY 14549 22091 1050/ 332708 059721 6113/
11119 30225 40225 57007
22219 00182
444 20130 22091 1033/ 50101 8//// 80006 9////=
ZZYY 32910 22091 1106/ 706015 134167 6113/
22219 00265
444 20130 22091 1059/ 50101 80122 80036 9/015=
ZZYY 51530 22091 1107/ 505558 123685 6113/
22219 00248
444 20130 22091 1100/ 50101 80120 80099 9/015=
ZZYY 51659 22091 1111/ 502352 121618 6112/
22219 00232
444 20120 22091 1059/ 50101 80120 80099 9/015=
ZZYY 33687 22091 1152/ 333683 061717 6112/
22219 00157
444 20120 22091 1145/ 50101 80070 80000 9/015=
ZZYY 32558 22091 1118/ 520283 153709 6112/
22219 00261
444 20120 22091 1112/ 50101 80108 80099 9/015=
ZZYY 55952 22091 1030/ 538688 115964 6112/
444 20120 22091 1000/ 50101 80090 80013 9/015=
ZZYY 55946 22091 1040/ 356292 027140 6112/
11119 39905 49905 52011
22219 00009
444 20120 22091 1029/ 50101 80100 80006 9/015=
ZZYY 55946 22091 1140/ 356316 027183 6111/
11119 39904 49904 52016
22219 00009
444 20110 22091 1141/ 50101 80100 80006 9/015=
ZZYY 55570 22091 1050/ 538407 116521 6111/
22219 00131
444 20110 22091 1116/ 50101 80010 80000 9////=
ZZYY 46905 22091 1107/ 710067 153065 6111/
22219 00276
444 20110 22091 1100/ 50101 80084 80019 9/015=
ZZYY 46906 22091 1105/ 712529 149693 6112/
22219 00269
444 20120 22091 1058/ 50101 80076 80027 9/015=
ZZYY 11948 22091 1130/ 308208 048483 6113/
22219 00264=
ZZYY 16511 22091 1110/ 341002 025506 6112/
11119 30183 40183 57027
22219 00116
444 20120 22091 1144/ 50101 80110 80000 9/015=
ZZYY 32616 22091 1118/ 522658 140484 6113/
22219 00243
444 20130 22091 1112/ 50101 80100 80020 9/015=
ZZYY 32640 22091 1116/ 520649 124617 6112/
22219 00237
444 20120 22091 1108/ 50101 80098 80016 9/015=
ZZYY 32642 22091 1119/ 526397 132457 6113/
22219 00227
444 20130 22091 1112/ 50101 80104 80000 9/015=
ZZYY 32627 22091 1117/ 525649 119525 6112/
444 20120 22091 1112/ 50101 80094 80040 9/015=
ZZYY 51670 22091 1103/ 710167 106417 6113/
444 20130 22091 1056/ 50101 80109 80004 9/015=
ZZYY 51613 22091 1108/ 709458 141306 6112/
444 20120 22091 1056/ 50101 80113 80072 9/015=
ZZYY 32546 22091 1119/ 523895 135571 6111/
22219 00226
444 20110 22091 1111/ 50101 80050 80001 9/015=
ZZYY 51739 22091 1103/ 714629 153790 6113/
22219 00267
444 20130 22091 1121/ 50101 80109 80010 9/015=
ZZYY 17671 22091 1040/ 327524 055830 6113/
22219 00206
444 20130 22091 1034/ 50101 80080 80100 9/015=
ZZYY 17671 22091 1140/ 327525 055820 6112/
22219 00206
444 20120 22091 1148/ 50101 80080 80100 9/015=
ZZYY 33591 22091 1140/ 331462 051191 6113/
11119 30237 40237 57008
22219 00176
444 20130 22091 1146/ 50101 80100 80000 9/015=
ZZYY 33591 22091 1040/ 331469 051200 6111/
11119 30237 40237 57011
22219 00175
444 20110 22091 1033/ 50101 80100 80000 9/015=
ZZYY 71630 22091 1100/ 338255 038894 6112/
11119 30255 40255 57034
22219 00137
444 20120 22091 1034/ 50101 80100 80000 9/015=
ZZYY 32615 22091 1107/ 709066 143611 6112/
22219 00276
444 20120 22091 1059/ 50101 80007 80014 9/015=
ZZYY 33696 22091 1120/ 333144 050341 6112/
11119 30249 40249 57003
22219 00167
444 20120 22091 1146/ 50101 80100 80000 9/015=
ZZYY 46903 22091 1104/ 730536 134550 6113/
22219 00215
444 20130 22091 1050/ 50101 80138 80000 9/015=
ZZYY 33972 22091 1140/ 341190 054547 6111/
444 20110 22091 1144/ 50101 80009 80000 9////=
ZZYY 33972 22091 1040/ 341189 054525 6111/
444 20110 22091 1032/ 50101 80009 80000 9////=
ZZYY 33595 22091 1100/ 341126 043980 6113/
11119 30294 40294
22219 00128
444 20130 22091 1032/ 50101 80090 80100 9/015=
ZZYY 32551 22091 1110/ 704505 119412 6112/
11119 30102 40102 57018
444 20120 22091 1056/ 50101 80077 80000 9/015=
ZZYY 17679 22091 1100/ 333299 051630 6111/
444 20110 22091 1034/ 50101 80070 80100 9/015=
ZZYY 33520 22091 1050/ 338901 055116 6111/
11119 30248 40248 57002
22219 00153
444 20110 22091 1032/ 50101 80100 80000 9/015=
ZZYY 33651 22091 1040/ 345145 078889 6112/
22219 00055
444 20120 22091 1031/ 50101 80100 80000 9/015=
ZZYY 33651 22091 1140/ 345150 078922 6111/
22219 00050
444 20110 22091 1141/ 50101 80100 80000 9/015=
ZZYY 33537 22091 0920/ 342016 020409 6112/
11119 30125 40125 57027
22219 00163
444 20120 22091 0827/ 50101 80100 80004 9/015=
ZZYY 33537 22091 1120/ 341982 020545 6111/
11119 30115 40115 57018
22219 00162
444 20110 22091 1143/ 50101 80100 80006 9/015=
ZZYY 32711 22091 1117/ 515790 126537 6112/
22219 00243
444 20120 22091 1109/ 50101 80520 80099 9/015=
ZZYY 16604 22091 1130/ 356357 034985 6112/
22219 01005
444 20120 22091 1140/ 50101 80009 80000 9////=
ZZYY 14923 22091 1150/ 314899 051435 6112/
11119 30167 40167 57013
22219 00248
444 20120 22091 1151/ 50101 80145 80008 9/015=
ZZYY 14923 22091 1050/ 314910 051451 6111/
11119 30169 40169 57020
22219 00248
444 20110 22091 1033/ 50101 80145 80008 9/015=
ZZYY 55802 22091 1030/ 528691 109019 6111/
11119 30144 40144 57004
22219 00197
444 20110 22091 0956/ 50101 8//// 80100 9////=
ZZYY 14925 22091 1050/ 310275 046275 6111/
11119 30145 40145 57016
22219 00248
444 20110 22091 1035/ 50101 80145 80010 9/015=
ZZYY 14925 22091 1150/ 310279 046244 6111/
11119 30142 40142 57014
22219 00248
444 20110 22091 1154/ 50101 80145 80009 9/015=
ZZYY 16962 22091 1100/ 326923 047471 6112/
22219 00227
444 20120 22091 1033/ 50101 80008 80000 9////=
ZZYY 14930 22091 1050/ 309849 046388 6111/
11119 30140 40140 57019
22219 00252
444 20110 22091 1009/ 50101 80145 80010 9/015=
ZZYY 14930 22091 1150/ 309865 046351 6111/
11119 30138 40138 57016
22219 00252
444 20110 22091 1153/ 50101 80145 80010 9/015=
ZZYY 14918 22091 1110/ 333370 046578 6111/
11119 30265 40265 57008
22219 00183
444 20110 22091 1034/ 50101 80123 80006 9/015=
ZZYY 43556 22091 1106/ 720171 129099 6112/
22219 00227
444 20120 22091 1054/ 50101 80078 80019 9/015=
ZZYY 33585 22091 1050/ 348877 025593 6112/
11119 39901 49901
22219 00028
444 20120 22091 0532/ 50101 80060 80100 9/015=
ZZYY 43555 22091 1107/ 717799 129757 6112/
22219 00253
444 20120 22091 1055/ 50101 80088 80017 9/015=
ZZYY 14927 22091 1020/ 317112 053264 6112/
11119 30182 40182 57023
22219 00246
444 20120 22091 1009/ 50101 80145 80008 9/015=
ZZYY 14927 22091 1120/ 317098 053261 6111/
11119 30178 40178 57018
22219 00247
444 20110 22091 1150/ 50101 80145 80009 9/015=
ZZYY 16963 22091 1110/ 325517 059975 6113/
11119 40206 57013
22219 00232
444 20130 22091 1035/ 50101 80009 80000 9////=
ZZYY 16609 22091 1110/ 327369 051528 6112/
11119 40202 57013
22219 00217
444 20120 22091 1034/ 50101 80010 80005 9////=
ZZYY 16608 22091 1050/ 329970 044866 6113/
11119 40242 57015
22219 00208
444 20130 22091 1035/ 50101 80010 80004 9////=
ZZYY 16608 22091 1150/ 329929 044885 6111/
11119 40242 57011
22219 00209
444 20110 22091 1146/ 50101 80010 80004 9////=
ZZYY 11908 22091 1140/ 105878 053402 6113/
11119 30102 40102 57018
22219 00268
444 20130 22091 1200/ 50101 80138 80002 9/015=
ZZYY 14939 22091 1050/ 319623 055557 6112/
11119 30187 40187 57022
22219 00242
444 20120 22091 1035/ 50101 80145 80009 9/015=
ZZYY 14939 22091 1150/ 319623 055573 6113/
11119 30186 40186 57014
22219 00242
444 50101 80145 80008 9/015=
ZZYY 43558 22091 1105/ 722670 124689 6111/
444 20110 22091 1054/ 50101 80086 80255 9/015=
ZZYY 43532 22091 1105/ 718816 141630 6112/
22219 00248
444 20120 22091 1056/ 50101 80076 80019 9/015=
ZZYY 43553 22091 1107/ 721062 127862 6112/
22219 00228
444 20120 22091 1054/ 50101 80088 80036 9/015=
ZZYY 14944 22091 1100/ 307004 044281 6111/
11119 30129 40129 57023
22219 00258
444 20110 22091 1036/ 50101 80145 80010 9/015=
ZZYY 14947 22091 1150/ 309280 046225 6111/
11119 30137 40137 57017
22219 00255
444 20110 22091 1152/ 50101 80138 80008 9/015=
ZZYY 14947 22091 1050/ 309275 046245 6111/
11119 30141 40141 57019
22219 00254
444 20110 22091 1035/ 50101 80138 80008 9/015=
ZZYY 43540 22091 1108/ 715400 133262 6112/
22219 00260
444 20120 22091 1055/ 50101 80096 80017 9/015=
ZZYY 14943 22091 1130/ 314212 052011 6112/
11119 30166 40166 57016
22219 00248
444 20120 22091 1150/ 50101 80138 80010 9/015=
ZZYY 51623 22091 1108/ 710051 121873 6113/
22219 00276
444 20130 22091 1055/ 50101 80113 80006 9/015=
ZZYY 55599 22091 1100/ 347826 061544 6112/
11119 40026 52039
22219 00029
444 20120 22091 1031/ 50101 80008 80002 9////=
ZZYY 43554 22091 1104/ 728559 126408 6113/
22219 00203
444 20130 22091 1116/ 50101 80088 80034 9/015=
ZZYY 51759 22091 1112/ 700736 121961 6111/
22219 00229
444 20110 22091 1059/ 50101 80110 80085 9/015=
ZZYY 43551 22091 1105/ 723058 121158 6113/
22219 00221
444 20130 22091 1054/ 50101 80090 80019 9/015=
ZZYY 51904 22091 1106/ 709451 111342 6113/
22219 00274
444 20130 22091 1056/ 50101 80078 80002 9/015=
ZZYY 46926 22091 1105/ 724945 142979 6112/
22219 00240
444 20120 22091 1055/ 50101 80138 80002 9/015=
ZZYY 51655 22091 1118/ 528508 169877 6112/
22219 00187
444 20120 22091 1144/ 50101 80101 80009 9/015=
ZZYY 51647 22091 1106/ 710583 151214 6111/
22219 00273
444 20110 22091 1100/ 50101 80109 80005 9/015=
ZZYY 54547 22091 1050/ 540584 115918 6112/
22219 00109
444 20120 22091 1116/ 50101 80010 80005 9////=
ZZYY 55928 22091 1040/ 535457 121076 6112/
11119 40078 52015
22219 00146
444 20120 22091 1114/ 50101 80010 80006 9/015=
ZZYY 32533 22091 1112/ 514566 110420 6112/
22219 00234
444 20120 22091 1107/ 50101 80121 80010 9/015=
ZZYY 32709 22091 1118/ 520540 135706 6111/
22219 00245
444 20110 22091 1111/ 50101 80121 80027 9/015=
ZZYY 51753 22091 1116/ 521397 163096 6112/
22219 00256
444 20120 22091 1113/ 50101 80083 80005 9/015=
ZZYY 54922 22091 1040/ 529477 124619 6113/
11119 30173 40173
444 20130 22091 1112/ 50101 8//// 80000 9////=
ZZYY 32973 22091 1117/ 520665 156109 6112/
22219 00256
444 20120 22091 1112/ 50101 80047 80018 9/015=
ZZYY 14554 22091 1130/ 332291 065714 6113/
11119 40212 57008
22219 00176
444 20130 22091 1144/ 50101 80010 80000 9////=
ZZYY 14914 22091 1100/ 301019 050166 6113/
11119 30106 40106 57025
22219 00282
444 20130 22091 1036/ 50101 80120 80017 9/015=
ZZYY 33568 22091 1130/ 343984 076051 6111/
22219 00105
444 20110 22091 1140/ 50101 80090 80100 9/015=
ZZYY 51958 22091 1108/ 706928 113685 6112/
22219 00272
444 20120 22091 1056/ 50101 80079 80013 9/015=
ZZYY 51788 22091 1108/ 709358 149786 6111/
22219 00275
444 20110 22091 1059/ 50101 80088 80000 9/015=
ZZYY 54929 22091 1030/ 525277 108948 6112/
11119 30176 40176 57008
22219 00209
444 20120 22091 0956/ 50101 8//// 80000 9////=
ZZYY 54918 22091 1110/ 525142 124677 6113/
11119 30188 40188 57005
22219 00215
444 20130 22091 1111/ 50101 8//// 80000 9////=
ZZYY 54918 22091 1010/ 525150 124682 6112/
11119 30190 40190 57005
22219 00215
444 20120 22091 0955/ 50101 8//// 80000 9////=
ZZYY 54858 22091 1050/ 528389 124819 6113/
11119 30181 40181 57008
22219 00207
444 20130 22091 1112/ 50101 8//// 80000 9////=
ZZYY 14916 22091 1130/ 320101 056791 6113/
11119 30187 40187 57017
22219 00247
444 20130 22091 1149/ 50101 80120 80019 9/015=
ZZYY 32729 22091 1115/ 512039 130419 6112/
22219 00253
444 20120 22091 1100/ 50101 80121 80041 9/015=
ZZYY 32817 22091 1117/ 518010 131036 6113/
22219 00247
444 20130 22091 1110/ 50101 80540 80099 9/015=
ZZYY 14926 22091 1100/ 332085 054298 6113/
11119 30232 40232 57007
444 20130 22091 1033/ 50101 8//// 80000 9/015=
####018000691####
SSVX13 LFVW 221246
ZZYY 56518 22091 1100/ 311596 050707 6113/
11119 30160 40160 57018
22219 00251
444 20130 22091 1035/ 50101 80060 80003 9/015=
ZZYY 23925 22091 1100/ 330851 048328 6112/
11119 30239 40239 57013
22219 00192
444 20120 22091 1032/ 50101 80130 80000 9/015=
ZZYY 23997 22091 1120/ 312084 064577 6111/
11119 30133 40133 57017
22219 00258
444 20110 22091 1036/ 50101 80110 80005 9/015=
ZZYY 23999 22091 1110/ 318172 050783 6112/
11119 30193 40193 57018
22219 00250
444 20120 22091 1034/ 50101 80100 80005 9/015=
ZZYY 23998 22091 1130/ 314700 057707 6111/
11119 30161 40161 57018
22219 00252
444 20110 22091 1150/ 50101 80100 80010 9/015=
####018000391####
SSVX02 LFVW 221246
ZZYY 56939 22091 1100/ 336739 051061 6111/
11119 40268 57004
444 20110 22091 1034/ 50101 80090 80000 9/015=
ZZYY 14962 22091 1149/ 328182 060475 6113/
22219 00210
33311 88872 20000 32105 43344
444 2013/ 22091 1145/ 50101 9/015=
ZZYY 14961 22091 1150/ 325634 067440 6111/
22219 00221
33311 88872 20000 32206 43405
444 2011/ 22091 1146/ 50101 9/015=
