####018000117####
SSVX07 LFVW 211917
ZZYY 48548 21091 1910/ 774309 127577 6111/
11119 11009 39943 49943
444 20110 21091 1803/=
####018000770####
SSWB41 RKSL 211900
ZZYY 22102 21091 19001 13480/ 12577/ 
11109 03508 10196 40115 5//// 
22209 00199 10503 20053 21013= 
ZZYY 22103 21091 19001 13400/ 12750/ 
11109 00305 10198 40095 5//// 
22209 00213 10902 20091 21011= 
ZZYY 22104 21091 19001 13477/ 12890/ 
11109 00407 10197 40093 5//// 
22209 00231 10905 20091 21026= 
ZZYY 22105 21091 19001 13753/ 13000/ 
11109 03609 10183 40089 5//// 
22209 00217 10905 20091 21027= 
ZZYY 22106 21091 19001 13635/ 12978/ 
11109 03209 10187 40085 5//// 
22209 00215 10906 20091 21029= 
ZZYY 22107 21091 19001 13308/ 12603/ 
11109 00109 10198 40111 5//// 
22209 00269 10604 20058 21018= 
ZZYY 22108 21091 19001 13625/ 12575/ 
11109 00605 10208 40116 5//// 
22209 00208 10302 20030 21011= 
####018000749####
SSWB41 RKSL 211900
ZZYY 22102 21091 19001 13480/ 12577/
11109 03508 10196 40115 5////
22209 00199 10503 20053 21013=
ZZYY 22103 21091 19001 13400/ 12750/
11109 00305 10198 40095 5////
22209 00213 10902 20091 21011=
ZZYY 22104 21091 19001 13477/ 12890/
11109 00407 10197 40093 5////
22209 00231 10905 20091 21026=
ZZYY 22105 21091 19001 13753/ 13000/
11109 03609 10183 40089 5////
22209 00217 10905 20091 21027=
ZZYY 22106 21091 19001 13635/ 12978/
11109 03209 10187 40085 5////
22209 00215 10906 20091 21029=
ZZYY 22107 21091 19001 13308/ 12603/
11109 00109 10198 40111 5////
22209 00269 10604 20058 21018=
ZZYY 22108 21091 19001 13625/ 12575/
11109 00605 10208 40116 5////
22209 00208 10302 20030 21011=
####018000131####
SSVX02 CWAO 211900
ZZYY 48712 21091 1900/ 775710 153694 6113/ 11132 11009 40138 444 20130 21091 1900/ 50301 89990 80001 9////=
####018000131####
SSVX02 CWAO 211900
ZZYY 47507 21091 1900/ 781469 106314 6113/ 11119 40081 52008 444 20130 21091 1900/ 50701 80140 80001 9////=
####018000131####
SSVX02 CWAO 211900
ZZYY 47506 21091 1900/ 784758 068479 6113/ 11119 40134 52012 444 20130 21091 1900/ 50701 80134 80001 9////=
####018000131####
SSVX02 CWAO 211800
ZZYY 47505 21091 1800/ 785267 066636 6113/ 11119 40131 52012 444 20130 21091 1800/ 50701 80134 80001 9////=
####018000134####
SSVX02 CWAO 211900
ZZYY 48712 21091 1900/ 775710 153694 6113/ 11132 11009 40138 444 20130 21091 1900/ 50301 89990 80001 9////=

####018000134####
SSVX02 CWAO 211800
ZZYY 47505 21091 1800/ 785267 066636 6113/ 11119 40131 52012 444 20130 21091 1800/ 50701 80134 80001 9////=

####018000134####
SSVX02 CWAO 211900
ZZYY 47507 21091 1900/ 781469 106314 6113/ 11119 40081 52008 444 20130 21091 1900/ 50701 80140 80001 9////=

####018000134####
SSVX02 CWAO 211900
ZZYY 47506 21091 1900/ 784758 068479 6113/ 11119 40134 52012 444 20130 21091 1900/ 50701 80134 80001 9////=

####018000269####
SSVF21 EIDB 211900
ZZYY 62091 21091 19001 753481 005424 11199 02508 10144 29072 40118 22299 00139 10503 20050 21017 33300 88872 20000 40000=
ZZYY 62093 21091 19001 754998 009998 11199 02611 10128 29068 40074 22299 00131 10912 20087 21061 33300 88872 20000 43537=
####018007633####
SSVX08 KARS 211921
ZZYY 51011 20091 1200/ 500157 124395 6111/
33311 88872 20001 32246 43477 20020 32119 20040 32003 20060 31663
20080 31439 20100 31421 20120 31423 20140 31403 20180 31323
20300 31217 20500 30828
444 20110 20091 1141/ 521//=
ZZYY 51011 21091 17004 500159 124388 6113/
11119 01210 10229 29092
22219 00226
444 20130 21091 1708/ 521// 60401=
ZZYY 51021 20091 1200/ 701994 154969 6111/
33311 88870 20001 32642
444 20110 20091 1128/ 521//=
ZZYY 51021 21091 17004 701991 154977 6112/
11119 00814
22219 00262
444 20120 21091 1738/ 521// 60401=
ZZYY 51008 20091 1200/ 702014 140021 6111/
33311 88870 20040 32615 20060 32579 20080 32448 20100 32311
20120 32006 20140 31572 20180 31361 20300 31153 20500 30913
444 20110 20091 1151/ 521//=
ZZYY 51008 21091 17004 702014 140012 6111/
11119 01313 10253 29078
444 20110 21091 1709/ 521// 60401=
ZZYY 51020 20091 1200/ 705006 154955 6111/
33311 88872 20001 32771 43507 20025 32768 20050 32766 20100 32673
20125 32582 20150 32064 20200 31248 20250 31107 20300 31077
20500 30900
444 20110 20091 1307/ 521//=
ZZYY 51020 21091 17004 705000 154949 6112/
11119 01409 10265 29080
22219 00275
444 20120 21091 1737/ 521// 60401=
ZZYY 51309 20091 1200/ 708015 170037 6112/
33311 88872 20001 32838 43427 20050 32840 20075 32792 20100 32483
20150 31555 20200 31164 20250 31078 20300 31017 20500 30834
444 20120 20091 1151/ 521//=
ZZYY 51309 21091 17004 708006 170039 6112/
11119 01308 10262 29091
22219 00284
444 20120 21091 1437/ 521// 60401=
ZZYY 51019 20091 1200/ 504989 155007 6112/
33311 88870 20001 32710 20025 32708 20050 32707 20075 32706
20100 32706 20125 32553 20150 32085 20200 31452 20250 31148
20300 31031 20500 30810
444 20120 20091 1129/ 521//=
ZZYY 51019 21091 17004 504988 155006 6112/
11119 01211 10271 29081
22219 00270
444 20120 21091 1739/ 521// 60401=
ZZYY 51301 20091 1200/ 707989 155000 6111/
33311 88870 20001 32841 20050 32812 20075 32726 20100 32332
20125 31709 20150 31348 20200 31131 20300 31012 20500 30813
444 20110 20091 1148/ 521//=
ZZYY 51301 21091 17004 707983 154985 6113/
11119 00311 10274 29081
22219 00284
444 20130 21091 1736/ 521// 60401=
ZZYY 51305 20091 1200/ 702036 170053 6112/
33311 88872 20001 32723 43510 20025 32724 20050 32717 20075 32714
20100 32693 20125 32444 20150 31809 20200 31163 20250 31143
20300 31117
444 20120 20091 1153/ 521//=
ZZYY 51306 20091 1200/ 502155 170031 6111/
33311 88872 20001 32772 43556 20025 32770 20050 32769 20100 32768
20125 32586 20150 32113 20250 31103 20500 30838
444 20110 20091 1152/ 521//=
ZZYY 51306 21091 17004 502162 170022 6112/
11119 00913 10273 29075
22219 00277
444 20120 21091 1440/ 521// 60401=
ZZYY 51307 20091 1200/ 708026 124996 6111/
33311 88872 20001 32755 43382 20020 32739 20040 32738 20060 32465
20080 31490 20100 31300 20120 31242 20140 31201 20180 31130
20300 31008 20500 30818
444 20110 20091 1139/ 521//=
ZZYY 51307 21091 1700/ 708022 125001 6113/
11119 10263 29083
22219 00274
444 20130 21091 1706/ 521//=
ZZYY 51023 20091 1200/ 500002 154960 6111/
33311 88870 20001 32553 20025 32544 20050 32526 20100 32137
20125 31808 20200 31335 20250 31193 20300 31117 20500 30822
444 20110 20091 1127/ 521//=
ZZYY 51023 21091 1700/ 500005 154957 6112/
11119 10251 29087
22219 00253
444 20120 21091 1737/ 521//=
ZZYY 51308 20091 1200/ 507971 124989 6111/
33311 88872 20001 32573 43551 20020 32571 20040 32568 20060 32567
20080 32566 20100 32410 20120 32213 20140 32096 20180 31549
20300 31089 20500 30840
444 20110 20091 1143/ 521//=
ZZYY 51308 21091 17004 507972 124994 6112/
11119 01214 10253 29072
22219 00257
444 20120 21091 1709/ 521// 60401=
ZZYY 51311 20091 1200/ 700004 139937 6112/
33311 88872 20001 32359 43504 20020 32278 43482 20040 32179
20060 32098 20080 31956 20100 31771 20120 31638 20140 31549
20180 31343 20300 31220
444 20120 20091 1151/ 521//=
ZZYY 51311 21091 17004 700007 139922 6112/
11119 01111 10247 29085 40127
22219 00239
444 20120 21091 1737/ 521// 60401=
ZZYY 51016 20091 1200/ 701949 125048 6111/
33311 88870 20001 32620 20020 32622 20040 32621 20060 32490
20080 32065 20100 31588 20120 31465 20140 31385 20300 31163
20500 30874
444 20110 20091 1141/ 521//=
ZZYY 51016 21091 17004 701952 125056 6111/
11119 01315 10240 29082
22219 00269
444 20110 21091 1707/ 521// 60401=
ZZYY 51010 20091 1200/ 500027 170065 6112/
33311 88872 20001 32716 43522 20025 32712 43524 20050 32698 43525
20125 32119 20150 31786 20200 31400 20250 31250 20300 31150
20500 30826
444 20120 20091 1154/ 521//=
ZZYY 51010 21091 17004 500027 170059 6111/
11119 00913 10264 29083 40099
22219 00267
444 20110 21091 1439/ 521// 60401=
ZZYY 51006 20091 1200/ 709010 140231 6113/
33311 88872 20001 32753 43392 20020 32780 20040 32736 20060 32181
20080 31610 20100 31281 20120 31207 20140 31152 20180 31088
20300 30987 20500 30829
444 20130 20091 1148/ 521//=
ZZYY 51006 21091 17004 709004 140230 6111/
11119 01205 10258 29090
22219 00276
444 20110 21091 1734/ 521// 60401=
ZZYY 51017 20091 1200/ 502014 124900 6113/
33311 88872 20001 32307 43471 20020 32264 20040 32245 20080 32202
20100 31692 20120 31380 20140 31328 20180 31279 20300 31184
20500 30828
444 20130 20091 1141/ 521//=
ZZYY 51017 21091 17004 502015 124904 6112/
11119 00907 10234 29071
22219 00233
444 20120 21091 1708/ 521// 60401=
ZZYY 51302 20091 1200/ 508268 155012 6111/
33311 88872 20001 32717 43548 20025 32715 20050 32714 20075 32714
20100 32715 20125 32700 20150 32563 20200 32152 20250 31599
20300 31198 20500 30805
444 20110 20091 1155/ 521//=
ZZYY 51302 21091 17004 508265 155016 6112/
11119 00916 10271 29074
22219 00272
444 20120 21091 1740/ 521// 60401=
ZZYY 51304 20091 1200/ 504993 170026 6112/
33311 88872 20001 32779 43543 20025 32778 20050 32777 20125 32682
20150 32522 20200 31890 20250 31354 20300 31117 20500 30821
444 20120 20091 1154/ 521//=
ZZYY 51304 21091 17004 505003 170028 6112/
11119 01012 10274 29074
22219 00277
444 20120 21091 1440/ 521// 60401=
ZZYY 51022 20091 1200/ 501978 155000 6111/
33311 88872 20001 32675 43534 20025 32676 20050 32669 20075 32668
20100 32668 20125 32046 20150 31621 20200 31304 20300 31092
444 20110 20091 1128/ 521//=
ZZYY 51022 21091 17004 501973 155004 6112/
11119 01118 10269 29075
22219 00267
444 20120 21091 1739/ 521// 60401=
ZZYY 13010 20091 12004 500011 000001 6111/
11119 01906 10253 29078
22219 00263
33311 88872 20000 32631 20001 32612 20020 32604 43539
20040 32366 43563 20060 31885 20080 31716 20100 31621
20120 31536 43559 20140 31509 20180 31486 20300 31042 20500 30760
444 20110 20091 1245/ 521// 60001=
ZZYY 13010 21091 18004 300031 000007 6111/
11119 01913 10251 29089
22219 00261
444 20110 21091 1830/ 521// 60001=
ZZYY 51310 20091 12004 508018 170061 6112/
11119 01213 10277 29078
22219 00281
33311 88872 20000 32808 20001 32811 43556 20025 32810 20050 32809
20075 32809 20100 32809 20125 32797 20150 32668 20200 32234
444 20120 20091 1156/ 521// 60401=
ZZYY 51310 21091 17004 508018 170068 6112/
11119 01114 10275 29073
22219 00280
444 20120 21091 1442/ 521// 60401=
ZZYY 51303 20091 1200/ 705052 170014 6111/
33311 88872 20001 32775 43524 20025 32775 20050 32775 20075 32774
20100 32768 20200 31564 20250 31106 20300 31014 20500 30852
444 20110 20091 1150/ 521//=
ZZYY 51009 21091 17004 502030 140013 6112/
11119 01014 10256 29082
444 20120 21091 1738/ 521// 60401=
####018014709####
SSVX02 KARS 211921
ZZYY 14929 21091 1650/ 336025 081951 6112/
11119 30256 40256
22219 00129
444 20120 21091 1634/ 50101 80100 80100 9/015=
ZZYY 33635 21091 1650/ 338007 070902 6113/
22219 00135
444 20130 21091 1636/ 50101 80100 80100 9/015=
ZZYY 17520 21091 1754/ 336015 045546 6113/
22219 00161
444 20130 21091 1755/ 50101 80094 80000 9////=
ZZYY 33951 21091 1745/ 338960 087154 6112/
22219 00116
444 20120 21091 1814/ 50101 80072 80027 9/015=
ZZYY 33690 21091 1743/ 342353 099578 6113/
22219 00108
444 20130 21091 1812/ 50101 80074 80113 9/015=
ZZYY 33692 21091 1744/ 341203 091000 6112/
22219 00108
444 20120 21091 1813/ 50101 80074 80045 9/015=
ZZYY 23678 21091 1745/ 340017 089039 6112/
22219 00113
444 20120 21091 1813/ 50101 80049 80099 9////=
ZZYY 51780 21091 1749/ 512528 161384 6112/
22219 00273
444 50101 80115 80012 9/015=
ZZYY 32675 21091 1744/ 703826 138549 6112/
22219 00262
444 20120 21091 1739/ 50101 80120 80117 9/015=
ZZYY 51969 21091 1746/ 506062 135039 6112/
22219 00255
444 20120 21091 1740/ 50101 80120 80026 9/015=
ZZYY 51795 21091 1745/ 505997 132452 6112/
22219 00248
444 20120 21091 1739/ 50101 80120 80032 9/015=
ZZYY 51967 21091 1741/ 706259 134036 6112/
22219 00271
444 20120 21091 1736/ 50101 80120 80033 9/015=
ZZYY 51518 21091 1741/ 501324 121448 6112/
22219 00233
444 20120 21091 1736/ 50101 80120 80027 9/015=
ZZYY 51679 21091 1743/ 704673 133837 6113/
22219 00267
444 20130 21091 1730/ 50101 80120 80038 9/015=
ZZYY 46769 21091 1736/ 721381 123367 6113/
22219 00241
444 20130 21091 1725/ 50101 80116 80113 9/015=
ZZYY 46616 21091 1736/ 721941 119222 6113/
22219 00234
444 20130 21091 1728/ 50101 80114 80090 9/015=
ZZYY 46609 21091 1735/ 722202 128686 6113/
22219 00225
444 20130 21091 1729/ 50101 80112 80139 9/015=
ZZYY 46559 21091 1737/ 712776 122255 6112/
22219 00279
444 20120 21091 1729/ 50101 80110 80013 9/015=
ZZYY 46583 21091 1733/ 716926 130556 6113/
22219 00256
444 20130 21091 1729/ 50101 80098 80027 9/015=
ZZYY 22576 21091 1736/ 732656 140313 6113/
22219 00238
444 20130 21091 1724/ 50101 80010 80000 9/015=
ZZYY 46762 21091 1738/ 720353 136196 6112/
22219 00231
444 20120 21091 1730/ 50101 80000 80039 9/015=
ZZYY 46768 21091 1736/ 718087 139737 6111/
22219 00244
444 20110 21091 1729/ 50101 80072 80032 9/015=
ZZYY 46767 21091 1734/ 715964 168404 6112/
22219 00273
444 20120 21091 1612/ 50101 80084 80026 9/015=
ZZYY 46766 21091 1737/ 723292 152211 6113/
22219 00252
444 20130 21091 1728/ 50101 80082 80022 9/015=
ZZYY 46516 21091 1735/ 735425 140122 6112/
22219 00232
444 20120 21091 1721/ 50101 80094 80084 9////=
ZZYY 51808 21091 1746/ 507934 141002 6113/
22219 00265
444 20130 21091 1740/ 50101 80036 80000 9/015=
ZZYY 46904 21091 1737/ 719360 140174 6111/
22219 00245
444 20110 21091 1728/ 50101 80072 80095 9/015=
ZZYY 22635 21091 1738/ 722075 139605 6111/
444 20110 21091 1709/ 50101 80009 80099 9/015=
ZZYY 46924 21091 1738/ 724336 127510 6112/
22219 00217
444 20120 21091 1725/ 50101 80100 80127 9/015=
ZZYY 46923 21091 1741/ 710635 129216 6112/
22219 00277
444 20120 21091 1730/ 50101 80106 80015 9/015=
ZZYY 22616 21091 1736/ 732219 154515 6112/
22219 00257
444 20120 21091 1724/ 50101 80045 80000 9/015=
ZZYY 51643 21091 1748/ 508517 152853 6112/
22219 00272
444 20120 21091 1741/ 50101 80117 80011 9/015=
ZZYY 46905 21091 1742/ 710201 152912 6113/
22219 00276
444 20130 21091 1730/ 50101 80082 80022 9/015=
ZZYY 46906 21091 1742/ 712515 149485 6113/
22219 00270
444 20130 21091 1730/ 50101 80076 80025 9/015=
ZZYY 32616 21091 1752/ 522573 140398 6113/
22219 00243
444 20130 21091 1750/ 50101 80100 80019 9/015=
ZZYY 32640 21091 1746/ 520674 124603 6112/
22219 00238
444 20120 21091 1743/ 50101 80098 80013 9/015=
ZZYY 32546 21091 1749/ 524012 135538 6112/
22219 00224
444 50101 80050 80056 9/015=
ZZYY 15904 21091 1832/ 310814 007209 6111/
22219 00206
444 20110 21091 1807/ 50101 80152 80007 9/015=
ZZYY 15666 21091 1828/ 314861 008711 6111/
22219 00181
444 20110 21091 1822/ 50101 80152 80019 9/015=
ZZYY 15679 21091 1831/ 308906 006326 6111/
22219 00224
444 20110 21091 1823/ 50101 80152 80007 9/015=
ZZYY 46903 21091 1736/ 730513 134494 6112/
22219 00215
444 20120 21091 1722/ 50101 80138 80000 9/015=
ZZYY 32711 21091 1742/ 515823 126478 6112/
22219 00243
444 50101 80520 80099 9/015=
ZZYY 51913 21091 1748/ 515759 173334 6112/
22219 00207
444 20120 21091 1744/ 50101 80115 80009 9/015=
ZZYY 43556 21091 1739/ 720251 129002 6112/
22219 00227
444 20120 21091 1725/ 50101 80078 80022 9/015=
ZZYY 43555 21091 1739/ 717881 129719 6113/
22219 00253
444 20130 21091 1728/ 50101 80088 80016 9/015=
ZZYY 46927 21091 1737/ 733063 145757 6111/
22219 00240
444 20110 21091 1725/ 50101 80138 80003 9/015=
ZZYY 43557 21091 1736/ 722439 120070 6112/
22219 00231
444 20120 21091 1725/ 50101 80088 80013 9/015=
ZZYY 43558 21091 1736/ 722678 124634 6113/
444 20130 21091 1725/ 50101 80086 80255 9/015=
ZZYY 51669 21091 1745/ 511803 174744 6112/
22219 00279
444 20120 21091 1617/ 50101 80105 80255 9/015=
ZZYY 43553 21091 1738/ 721030 127781 6112/
22219 00228
444 20120 21091 1729/ 50101 80088 80036 9/015=
ZZYY 15944 21091 1832/ 301833 002708 6113/
22219 00252
444 20130 21091 1715/ 50101 80152 80006 9/015=
ZZYY 51623 21091 1738/ 709924 122321 6112/
22219 00276
444 20120 21091 1730/ 50101 80113 80068 9/015=
ZZYY 44931 21091 1810/ 746123 027682 6112/
11119 30227 40227 57018
22219 00184
444 20120 21091 1725/ 50101 80138 80001 9/015=
ZZYY 15905 21091 1830/ 312887 008096 6111/
22219 00196
444 20110 21091 1704/ 50101 80152 80011 9/015=
ZZYY 43554 21091 1736/ 728531 126436 6113/
22219 00203
444 20130 21091 1724/ 50101 80088 80027 9/015=
ZZYY 51627 21091 1749/ 517805 169401 6112/
22219 00269
444 50101 80113 80000 9/015=
ZZYY 15912 21091 1830/ 303646 003720 6111/
22219 00242
444 20110 21091 1824/ 50101 80152 80006 9/015=
ZZYY 14942 21091 1734/ 726856 165754 6112/
444 20120 21091 1730/ 50101 9/015=
ZZYY 46926 21091 1737/ 724961 143035 6111/
22219 00240
444 20110 21091 1729/ 50101 80138 80002 9/015=
ZZYY 15942 21091 1830/ 305315 004558 6113/
22219 00246
444 20130 21091 1710/ 50101 80152 80006 9/015=
ZZYY 15929 21091 1833/ 306945 005054 6113/
22219 00228
444 20130 21091 1708/ 50101 80140 80008 9/015=
ZZYY 14945 21091 1733/ 739429 158990 6112/
444 20120 21091 1724/ 50101 9/015=
ZZYY 51663 21091 1748/ 512139 170375 6111/
22219 00275
444 20110 21091 1743/ 50101 80111 80007 9/015=
ZZYY 43552 21091 1735/ 728438 123283 6112/
444 20120 21091 1723/ 50101 80088 80017 9/015=
ZZYY 51647 21091 1736/ 710758 150880 6113/
22219 00272
444 20130 21091 1730/ 50101 80109 80006 9/015=
ZZYY 32709 21091 1749/ 520551 135681 6112/
22219 00245
444 20120 21091 1743/ 50101 80121 80006 9/015=
ZZYY 32725 21091 1748/ 513066 167646 6113/
22219 00276
444 20130 21091 1743/ 50101 80121 80004 9/015=
ZZYY 44936 21091 1840/ 167589 000782 6112/
11119 39982 49982 57006
22219 00109
444 20120 21091 1829/ 50101 80100 80000 9/015=
ZZYY 32973 21091 1746/ 520744 156195 6112/
22219 00255
444 20120 21091 1750/ 50101 80047 80017 9/015=
ZZYY 51652 21091 1741/ 704978 169434 6111/
22219 00272
444 20110 21091 1738/ 50101 80121 80020 9/015=
ZZYY 51788 21091 1742/ 709492 149686 6112/
22219 00276
444 20120 21091 1730/ 50101 80088 80000 9/015=
ZZYY 51771 21091 1746/ 504268 163537 6112/
22219 00272
444 20120 21091 1740/ 50101 80121 80011 9/015=
ZZYY 46567 21091 1738/ 720195 163506 6112/
22219 00271
444 20120 21091 1730/ 50101 80078 80032 9/015=
ZZYY 32729 21091 1745/ 512047 130327 6113/
22219 00253
444 20130 21091 1741/ 50101 80121 80029 9/015=
ZZYY 44942 21091 1840/ 761014 013431 6112/
11119 39906 49906 52032
22219 00120
444 20120 21091 1848/ 50101 80110 80000 9/015=
ZZYY 32817 21091 1746/ 517958 131065 6112/
22219 00246
444 20120 21091 1740/ 50101 80540 80099 9/015=
ZZYY 32719 21091 1747/ 510541 167196 6112/
444 20120 21091 1742/ 50101 80540 80098 9/015=
ZZYY 51907 21091 1747/ 504158 159630 6113/
22219 00271
444 20130 21091 1740/ 50101 80119 80024 9/015=
ZZYY 51770 21091 1743/ 710424 143591 6111/
22219 00272
444 20110 21091 1729/ 50101 80119 80036 9/015=
ZZYY 51918 21091 1744/ 504601 170729 6111/
22219 00276
444 20110 21091 1741/ 50101 80119 80007 9/015=
ZZYY 51781 21091 1745/ 505215 169615 6111/
22219 00276
444 20110 21091 1742/ 50101 80121 80044 9/015=
ZZYY 51873 21091 1746/ 507948 161906 6113/
22219 00276
444 20130 21091 1741/ 50101 80119 80018 9/015=
ZZYY 43543 21091 1736/ 720602 120916 6113/
22219 00241
444 20130 21091 1728/ 50101 80054 80017 9/015=
ZZYY 63966 21091 1852/ 171488 015341 6112/
22219 00104
444 20120 21091 1855/ 50101 80008 80005 9/015=
ZZYY 32804 21091 1750/ 522945 130398 6111/
22219 00229
444 50101 80048 80007 9/015=
ZZYY 33649 21091 1720/ 349446 177490 6112/
11119 40182 52006
22219 00071
444 20120 21091 1735/ 50101 80010 80000 9////=
ZZYY 51653 21091 1739/ 718809 135964 6113/
22219 00251
444 20130 21091 1725/ 50101 80122 80024 9/015=
ZZYY 51946 21091 1750/ 525500 165251 6113/
22219 00214
33311 88872 20000 32140 42048
444 20130 21091 1751/ 50101 80070 80016 9/015=
ZZYY 14922 21091 1810/ 310599 047290 6113/
11119 30161 40161 52015
22219 00248
444 20130 21091 1758/ 50101 80120 80008 9/015=
ZZYY 32564 21091 1748/ 534040 133483 6111/
22219 00144
444 20110 21091 1752/ 50101 80007 80097 9/015=
ZZYY 62726 21091 1841/ 736194 019010 6112/
444 20120 21091 1722/ 50101 80120 80014 9/015=
ZZYY 32670 21091 1738/ 705075 132131 6112/
22219 00271
444 20120 21091 1731/ 50101 80120 80034 9/015=
ZZYY 51900 21091 1744/ 702313 138815 6113/
22219 00260
444 20130 21091 1731/ 50101 80120 80008 9/015=
ZZYY 51966 21091 1742/ 705024 134899 6113/
22219 00271
444 20130 21091 1729/ 50101 80120 80006 9/015=
ZZYY 32830 21091 1750/ 520865 160871 6113/
22219 00259
444 50101 80108 80005 9/015=
ZZYY 51754 21091 1742/ 704742 134767 6113/
22219 00272
444 20130 21091 1732/ 50101 80110 80044 9/015=
ZZYY 51801 21091 1745/ 505802 131805 6112/
22219 00249
444 20120 21091 1737/ 50101 80120 80032 9/015=
ZZYY 44930 21091 1851/ 765188 001475 6112/
444 20120 21091 1828/ 50101 80092 80099 9/015=
ZZYY 51649 21091 1750/ 527167 160050 6112/
22219 00208
444 20120 21091 1445/ 50101 80008 80000 9/015=
ZZYY 32674 21091 1742/ 703300 136608 6111/
22219 00267
444 20110 21091 1707/ 50101 80120 80099 9/015=
ZZYY 32827 21091 1750/ 522830 139108 6112/
22219 00240
444 50101 80102 80002 9/015=
ZZYY 32816 21091 1748/ 520010 130157 6112/
22219 00247
444 20120 21091 1743/ 50101 80102 80000 9/015=
ZZYY 54554 21091 1720/ 517026 133648 6112/
11119 30186 40186 52026
22219 00248
444 20120 21091 1709/ 50101 80120 80071 9/015=
ZZYY 51526 21091 1747/ 507464 164040 6112/
22219 00276
444 20120 21091 1742/ 50101 80121 80012 9/015=
ZZYY 32910 21091 1736/ 705834 134163 6113/
22219 00265
444 20130 21091 1730/ 50101 80122 80001 9/015=
ZZYY 51530 21091 1742/ 505569 123507 6112/
22219 00247
444 20120 21091 1738/ 50101 80120 80099 9/015=
ZZYY 51659 21091 1741/ 502192 121338 6112/
22219 00232
444 20120 21091 1708/ 50101 80120 80099 9/015=
ZZYY 32558 21091 1750/ 520132 153740 6113/
22219 00261
444 50101 80108 80099 9/015=
ZZYY 51613 21091 1740/ 709355 141535 6112/
444 20120 21091 1730/ 50101 80115 80070 9/015=
ZZYY 51739 21091 1740/ 714563 153697 6113/
22219 00268
444 20130 21091 1730/ 50101 80111 80010 9/015=
ZZYY 32615 21091 1742/ 708794 143813 6111/
22219 00275
444 20110 21091 1730/ 50101 80005 80018 9/015=
ZZYY 44514 21091 1851/ 749306 022073 6111/
22219 00150
444 20110 21091 1840/ 50101 80142 80001 9/015=
ZZYY 44516 21091 1849/ 749053 026299 6112/
22219 00153
444 20120 21091 1727/ 50101 80140 80031 9/015=
ZZYY 33696 21091 1820/ 333184 050225 6113/
11119 30225 40225 52013
22219 00165
444 20130 21091 1821/ 50101 80100 80000 9/015=
ZZYY 44932 21091 1849/ 750850 025308 6111/
22219 00141
444 20110 21091 1846/ 50101 80142 80004 9/015=
ZZYY 44518 21091 1848/ 743104 022890 6112/
22219 00202
444 20120 21091 1845/ 50101 80142 80001 9/015=
ZZYY 44517 21091 1850/ 751812 020078 6111/
22219 00137
444 20110 21091 1846/ 50101 80142 80009 9/015=
ZZYY 44519 21091 1850/ 750816 019557 6111/
22219 00146
444 20110 21091 1846/ 50101 80140 80002 9/015=
ZZYY 33555 21091 1820/ 339647 006353 6112/
11119 30227 40227 57004
22219 00119
444 50101 80100 80100 9/015=
ZZYY 16609 21091 1810/ 327373 051402 6112/
11119 40205 52007
22219 00217
444 20120 21091 1821/ 50101 80010 80003 9////=
ZZYY 43532 21091 1740/ 718792 141697 6112/
22219 00248
444 20120 21091 1730/ 50101 80074 80022 9/015=
ZZYY 43540 21091 1740/ 715451 133106 6112/
22219 00261
444 20120 21091 1730/ 50101 80096 80014 9/015=
ZZYY 55566 21091 1740/ 535933 146815 6113/
22219 00147
444 20130 21091 1752/ 50101 80009 80000 9////=
ZZYY 51759 21091 1741/ 700608 121704 6113/
22219 00230
444 20130 21091 1709/ 50101 80110 80052 9/015=
ZZYY 43525 21091 1740/ 715144 159012 6111/
22219 00266
444 20110 21091 1614/ 50101 80088 80012 9/015=
ZZYY 31708 21091 1826/ 331506 009948 6113/
22219 00166
444 20130 21091 1821/ 50101 80006 80031 9////=
ZZYY 21541 21091 1720/ 714626 167932 6111/
11119 30129 40129 52011
22219 00270
444 20110 21091 1735/ 50101 80010 80000 9////=
ZZYY 21541 21091 1620/ 714630 167905 6112/
11119 30121 40121 57002
22219 00270
444 20120 21091 1611/ 50101 80010 80000 9////=
ZZYY 51624 21091 1748/ 516169 174305 6112/
22219 00273
444 20120 21091 1745/ 50101 80085 80016 9/015=
ZZYY 63579 21091 1847/ 168983 047034 6111/
22219 00085
444 20110 21091 1830/ 50101 80005 80004 9////=
ZZYY 63964 21091 1853/ 173757 023085 6111/
444 20110 21091 1855/ 50101 80007 80014 9/015=
ZZYY 63951 21091 1852/ 765640 001308 6111/
22219 00105
444 20110 21091 1826/ 50101 80007 80007 9/015=
ZZYY 63577 21091 1853/ 175199 067728 6111/
22219 00063
444 20110 21091 1832/ 50101 80007 80006 9/015=
ZZYY 51975 21091 1737/ 709912 123450 6113/
22219 00275
444 20130 21091 1730/ 50101 80093 80006 9/015=
ZZYY 63583 21091 1853/ 172511 046817 6112/
22219 00081
444 20120 21091 1855/ 50101 80007 80006 9/015=
ZZYY 51730 21091 1734/ 731545 160691 6111/
22219 00261
444 20110 21091 0940/ 50101 80121 80017 9/015=
####018000111####
SSVX07 KARS 211921
ZZYY 48534 21091 1850/ 783369 046217 6113/
11119 11108 40170
444 20130 21091 1854/=
