####018000770####
SSWB41 RKSL 211700
ZZYY 22102 21091 17001 13480/ 12577/ 
11109 00109 10197 41013 5//// 
22209 00199 10503 20053 21014= 
ZZYY 22103 21091 17001 13400/ 12750/ 
11109 03406 10201 40090 5//// 
22209 00220 10902 20091 21011= 
ZZYY 22104 21091 17001 13477/ 12890/ 
11109 00006 10202 40093 5//// 
22209 00237 10906 20091 21030= 
ZZYY 22105 21091 17001 13753/ 13000/ 
11109 03508 10186 40091 5//// 
22209 00219 10907 20091 21034= 
ZZYY 22106 21091 17001 13635/ 12978/ 
11109 03410 10186 40085 5//// 
22209 00215 10906 20091 21028= 
ZZYY 22107 21091 17001 13308/ 12603/ 
11109 03609 10200 40108 5//// 
22209 00269 10604 20058 21018= 
ZZYY 22108 21091 17001 13625/ 12575/ 
11109 03508 10210 40111 5//// 
22209 00209 10303 20030 21016= 
####018000749####
SSWB41 RKSL 211700
ZZYY 22102 21091 17001 13480/ 12577/
11109 00109 10197 41013 5////
22209 00199 10503 20053 21014=
ZZYY 22103 21091 17001 13400/ 12750/
11109 03406 10201 40090 5////
22209 00220 10902 20091 21011=
ZZYY 22104 21091 17001 13477/ 12890/
11109 00006 10202 40093 5////
22209 00237 10906 20091 21030=
ZZYY 22105 21091 17001 13753/ 13000/
11109 03508 10186 40091 5////
22209 00219 10907 20091 21034=
ZZYY 22106 21091 17001 13635/ 12978/
11109 03410 10186 40085 5////
22209 00215 10906 20091 21028=
ZZYY 22107 21091 17001 13308/ 12603/
11109 03609 10200 40108 5////
22209 00269 10604 20058 21018=
ZZYY 22108 21091 17001 13625/ 12575/
11109 03508 10210 40111 5////
22209 00209 10303 20030 21016=
####018008925####
SSVX08 KARS 211718
ZZYY 51011 20091 1200/ 500157 124395 6111/
33311 88872 20001 32246 43477 20020 32119 20040 32003 20060 31663
20080 31439 20100 31421 20120 31423 20140 31403 20180 31323
20300 31217 20500 30828
444 20110 20091 1141/ 521//=
ZZYY 51011 21091 15004 500157 124388 6112/
11119 01113 10218 29093
22219 00226
444 20120 21091 1539/ 521// 60401=
ZZYY 51015 20091 1200/ 705099 124946 6111/
33311 88872 20001 32691 43479 20020 32683 20040 32680 20060 32670
20080 32557 20100 32512 20120 32360 20140 32055 20180 31237
20300 30970 20500 30797
444 20110 20091 1140/ 521//=
ZZYY 51015 21091 15004 705090 124951 6112/
11119 01713 10261 29080
22219 00268
444 20120 21091 1538/ 521// 60401=
ZZYY 32318 20091 1200/ 504978 110000 6111/
33311 88872 20001 32411 43521 20040 32403 20060 32365 20080 31737
20100 31484 20120 31411 20140 31354 20180 31301 20300 31171
20500 30862
444 20110 20091 1011/ 521//=
ZZYY 32318 21091 15004 504988 110003 6111/
11119 01018 10227 29084
22219 00241
444 20110 21091 1539/ 521// 60401=
ZZYY 51311 20091 1200/ 700004 139937 6112/
33311 88872 20001 32359 43504 20020 32278 43482 20040 32179
20060 32098 20080 31956 20100 31771 20120 31638 20140 31549
20180 31343 20300 31220
444 20120 20091 1151/ 521//=
ZZYY 51311 21091 15004 500009 139928 6111/
11119 01013 10240 29086 40110
22219 00238
444 20110 21091 1540/ 521// 60401=
ZZYY 51016 20091 1200/ 701949 125048 6111/
33311 88870 20001 32620 20020 32622 20040 32621 20060 32490
20080 32065 20100 31588 20120 31465 20140 31385 20300 31163
20500 30874
444 20110 20091 1141/ 521//=
ZZYY 51016 21091 15004 701953 125055 6112/
11119 01314 10238 29083
22219 00269
444 20120 21091 1538/ 521// 60401=
ZZYY 14043 20091 1200/ 312206 067221 6111/
33311 88872 20001 32608 43524 20020 32609 43523 20040 32608 43525
20060 32608 43525 20080 32607 20100 32546 20120 32090 20140 31884
20180 31635 20300 31164 20500 30851
444 20110 20091 1057/ 521//=
ZZYY 32316 20091 1200/ 702047 110043 6111/
33311 88872 20001 32496 43391 20040 32190 20060 31660 20080 31447
20100 31373 20120 31347 20140 31338 20180 31318 20300 31147
20500 30829
444 20110 20091 1319/ 521//=
ZZYY 32316 21091 15004 702045 110043 6111/
11119 01418 10214 29087
22219 00221
444 20110 21091 1537/ 521// 60401=
ZZYY 43001 20091 1200/ 708043 110136 6111/
33311 88872 20001 32751 43306 20020 32746 20040 32723 20060 32304
20080 31811 20100 31468 20120 31326 20140 31246 20180 31157
20300 31038 20500 30877
444 20110 20091 1317/ 521//=
ZZYY 43001 21091 15004 708045 110127 6111/
11119 02019 10251 29095
22219 00274
444 20110 21091 1526/ 521// 60401=
ZZYY 32319 20091 1200/ 507985 110073 6111/
33311 88872 20001 32375 43509 20020 32370 20040 32367 20060 32366
20080 32334 20100 31910 20120 31534 20140 31424 20180 31338
20300 31163 20500 30856
444 20110 20091 1322/ 521//=
ZZYY 32319 21091 15004 507986 110078 6111/
11119 01015 10241 29072
22219 00239
444 20110 21091 1539/ 521// 60401=
ZZYY 51008 20091 1200/ 702014 140021 6111/
33311 88870 20040 32615 20060 32579 20080 32448 20100 32311
20120 32006 20140 31572 20180 31361 20300 31153 20500 30913
444 20110 20091 1151/ 521//=
ZZYY 51008 21091 15004 702017 140021 6111/
11119 01213 10249 29079
444 20110 21091 1539/ 521// 60401=
ZZYY 43301 20091 12004 707993 094888 6111/
11119 02117 10270 29086
22219 00276
33311 88872 20000 32764 20001 32767 43282 20020 32640 20040 31702
20060 31416 20080 31339 20100 31318 20120 31302 20140 31274
20180 31231 20300 31091 20500 30817
444 20110 20091 1257/ 521// 60401=
ZZYY 32317 20091 1200/ 502008 110318 6112/
33311 88872 20001 32233 43478 20020 32170 20040 32045 20060 31985
20080 31525 20100 31343 20120 31325 20140 31313 20180 31284
20300 31179 20500 30851
444 20120 20091 1320/ 521//=
ZZYY 32317 21091 1500/ 501916 110428 6111/
11119 10227 29087
22219 00222
444 20110 21091 1540/ 521//=
ZZYY 32321 20091 12004 700219 095423 6111/
11119 01711 10210 29079
22219 00215
33311 88872 20000 32154 20001 32167 43441
444 20110 20091 1259/ 521// 60401=
ZZYY 32304 20091 12004 505074 095073 6112/
11119 01508 10222 29070
22219 00220
33311 88872 20000 32204 20001 32212 43516 20020 32205 20040 32192
20060 31737 20080 31481 20100 31426 20120 31384 20140 31350
20180 31306 20300 31206 20500 30842
444 20120 20091 1301/ 521// 60401=
ZZYY 32304 21091 15004 505074 095072 6112/
11119 01214 10222 29081
22219 00220
444 20120 21091 1529/ 521// 60401=
ZZYY 32303 20091 12004 704915 094990 6111/
11119 01814 10254 29081
22219 00273
33311 88872 20000 32728 20001 32732 43299 20040 32490 20060 32010
20080 31794 20100 31556 20120 31414 20140 31376 20180 31327
20300 31141
444 20110 20091 1257/ 521// 60401=
ZZYY 32303 21091 15004 704943 095003 6113/
11119 01904 10259 29068
22219 00272
444 20130 21091 1525/ 521// 60401=
ZZYY 51006 20091 1200/ 709010 140231 6113/
33311 88872 20001 32753 43392 20020 32780 20040 32736 20060 32181
20080 31610 20100 31281 20120 31207 20140 31152 20180 31088
20300 30987 20500 30829
444 20130 20091 1148/ 521//=
ZZYY 51006 21091 15004 708996 140234 6112/
11119 00905 10259 29090
22219 00277
444 20120 21091 1538/ 521// 60401=
ZZYY 51307 20091 1200/ 708026 124996 6111/
33311 88872 20001 32755 43382 20020 32739 20040 32738 20060 32465
20080 31490 20100 31300 20120 31242 20140 31201 20180 31130
20300 31008 20500 30818
444 20110 20091 1139/ 521//=
ZZYY 51307 21091 1500/ 708023 124998 6112/
11119 10259 29088
22219 00273
444 20120 21091 1537/ 521//=
ZZYY 14046 20091 12004 316004 055000 6111/
11119 01116 10246 29087 40174
33311 88872 20020 32456 43535 20040 32455 43555 20060 32455 43531
20080 32458 20100 32409 20120 32239 20140 32082 20500 30956
444 20110 20091 1212/ 521// 60401=
ZZYY 14046 21091 16004 315996 054995 6111/
11119 01113 10245 29083 40193
444 20110 21091 1202/ 521// 60401=
ZZYY 32323 20091 1200/ 700044 109918 6111/
33311 88872 20001 32150 43466 20020 31886 43478 20040 31651 43488
20060 31556 43496 20080 31463 20100 31438 20120 31403 20140 31369
20180 31290 20300 31156 20500 30815
444 20110 20091 1320/ 521//=
ZZYY 32323 21091 15004 700046 109915 6111/
11119 01211 10213 29094 40122
22219 00210
444 20110 21091 1527/ 521// 60401=
ZZYY 51017 20091 1200/ 502014 124900 6113/
33311 88872 20001 32307 43471 20020 32264 20040 32245 20080 32202
20100 31692 20120 31380 20140 31328 20180 31279 20300 31184
20500 30828
444 20130 20091 1141/ 521//=
ZZYY 51017 21091 15004 502015 124906 6112/
11119 00807 10228 29071
22219 00232
444 20120 21091 1540/ 521// 60401=
ZZYY 32305 20091 12004 508023 095271 6111/
11119 01212 10211 29075
22219 00228
33311 88872 20000 32276 20001 32282 43527
444 20110 20091 1230/ 521// 60401=
ZZYY 14041 20091 12004 307935 055071 6112/
11119 00612 10262 29089
22219 00271
33311 88872 20000 32709 20001 32700 43545 20020 32693 43532
20040 32693 43540
444 20120 20091 1213/ 521// 60401=
ZZYY 14041 21091 16004 307937 055073 6111/
11119 01021 10263 29089
22219 00271
444 20110 21091 1627/ 521// 60401=
ZZYY 53006 20091 1200/ 312001 080518 6112/
33311 88872 20001 32639 43475 20020 32639 43473 20040 32639 43474
20060 32619 43473 20080 32244 20140 31598 20180 31425 20300 31132
20500 30861
444 20120 20091 1046/ 521//=
ZZYY 53006 21091 16004 311997 080519 6111/
11119 01523 10259 29079 40154
22219 00263
444 20110 21091 1022/ 521// 60401=
ZZYY 14042 20091 12004 312037 054984 6111/
11119 00914 10259 29089 40144
22219 00259
33311 88872 20000 32595 20001 32587 43552 20020 32585 43557
20040 32584 43557 20060 32586 43560 20080 32576 20100 32301
20140 31871 20180 31655 20300 31199
444 20110 20091 1213/ 521// 60401=
ZZYY 32320 20091 12004 702113 095420 6111/
11119 01812 10230 29073
33311 88870 20040 31959 20060 31709 20080 31563 20100 31467
20120 31408 20140 31383 20180 31324 20300 31089 20500 30807
444 20110 20091 0956/ 521// 60401=
ZZYY 32315 20091 1200/ 705008 110064 6111/
33311 88872 20001 32693 43398 20020 32693 20040 32694 20060 32701
20080 32673 20100 31954 20120 31416 20140 31302 20180 31167
20300 31037 20500 30804
444 20110 20091 1318/ 521//=
ZZYY 32315 21091 15004 705023 110068 6111/
11119 01814 10247 29081
22219 00268
444 20110 21091 1524/ 521// 60401=
ZZYY 51308 20091 1200/ 507971 124989 6111/
33311 88872 20001 32573 43551 20020 32571 20040 32568 20060 32567
20080 32566 20100 32410 20120 32213 20140 32096 20180 31549
20300 31089 20500 30840
444 20110 20091 1143/ 521//=
ZZYY 51308 21091 15004 507973 124991 6112/
11119 01214 10251 29071
22219 00257
444 20120 21091 1541/ 521// 60401=
ZZYY 51009 21091 15004 502036 140011 6111/
11119 00913 10249 29085
444 20110 21091 1541/ 521// 60401=
####018014839####
SSVX02 KARS 211718
ZZYY 43502 21091 1530/ 545122 158483 6112/
11119 40193 57022
22219 00093
444 20120 21091 1553/ 50101 80010 80000 9////=
ZZYY 51944 21091 1520/ 527210 156258 6111/
22219 00205
33311 88872 20000 32050 42048
444 20110 21091 1334/ 50101 80080 80030 9/015=
ZZYY 54946 21091 1420/ 535983 152000 6113/
11119 38500 48500 54000
22219 00150
444 20130 21091 1309/ 50101 80110 80010 9/015=
ZZYY 54946 21091 1330/ 535983 152000 6113/
11119 38500 48500 54000
22219 00150
444 20130 21091 1309/ 50101 80110 80009 9/015=
ZZYY 54946 21091 1530/ 535984 152007 6113/
11119 38500 48500 54000
22219 00150
444 20130 21091 1551/ 50101 80110 80012 9/015=
ZZYY 32675 21091 1544/ 703855 138528 6111/
22219 00261
444 20110 21091 1534/ 50101 80120 80097 9/015=
ZZYY 51945 21091 1550/ 533890 159201 6111/
22219 00165
33311 88872 20000 31650 42048
444 20110 21091 1335/ 50101 80060 80071 9/015=
ZZYY 14921 21091 1540/ 306968 041499 6113/
11119 30143 40143 52014
22219 00264
444 20130 21091 1628/ 50101 80120 80038 9/015=
ZZYY 14921 21091 1440/ 306974 041521 6113/
11119 30136 40136 52005
22219 00265
444 20130 21091 1346/ 50101 80120 80043 9/015=
ZZYY 55922 21091 1400/ 539481 158332 6113/
11119 30154 40154 57037
22219 00123
444 20130 21091 1310/ 50101 80110 80009 9/015=
ZZYY 54901 21091 1510/ 543132 153216 6113/
11119 30179 40179 57009
22219 00102
444 20130 21091 1554/ 50101 80080 80009 9/015=
ZZYY 54901 21091 1410/ 543145 153203 6112/
11119 30181 40181 57015
22219 00102
444 20120 21091 1312/ 50101 80080 80006 9/015=
ZZYY 51952 21091 1540/ 525941 149482 6112/
22219 00228
33311 88872 20000 32275 43585
444 20120 21091 1548/ 50101 80100 80022 9/015=
ZZYY 51953 21091 1530/ 528820 152956 6111/
22219 00195
33311 88872 20000 31950 42048
444 20110 21091 1549/ 50101 80080 80098 9/015=
ZZYY 51653 21091 1539/ 718799 135974 6112/
22219 00251
444 20120 21091 1533/ 50101 80122 80026 9/015=
ZZYY 51969 21091 1546/ 506042 135049 6112/
22219 00255
444 20120 21091 1540/ 50101 80120 80027 9/015=
ZZYY 14563 21091 1600/ 323607 041317 6113/
11119 30190 40190 57244
22219 00242
444 20130 21091 1341/ 50101 80110 80002 9/015=
ZZYY 33656 21091 1610/ 348153 029755 6111/
11119 30045 40045
22219 00075
444 20110 21091 1510/ 50101 80110 80100 9/015=
ZZYY 14545 21091 1550/ 317662 055484 6111/
11119 30202 40202 57232
22219 00240
444 20110 21091 1623/ 50101 80110 80013 9/015=
ZZYY 14545 21091 1450/ 317666 055491 6113/
11119 30197 40197 57233
22219 00240
444 20130 21091 1343/ 50101 80110 80011 9/015=
ZZYY 55937 21091 1540/ 526718 127474 6113/
11119 30154 40154 52021
22219 00217
444 20130 21091 1546/ 50101 8//// 80100 9////=
ZZYY 55937 21091 1440/ 526718 127474 6113/
11119 30148 40148 52014
22219 00217
444 20130 21091 1546/ 50101 8//// 80090 9////=
ZZYY 55937 21091 1340/ 526736 127504 6112/
11119 30139 40139 54000
22219 00217
444 20120 21091 1303/ 50101 8//// 80100 9////=
ZZYY 55959 21091 1540/ 529344 095326 6111/
11119 40213 52011
22219 00182
444 20110 21091 1528/ 50101 80010 80000 9////=
ZZYY 14550 21091 1610/ 332409 036967 6113/
11119 30239 40239
22219 00195
444 20130 21091 1339/ 50101 80110 80100 9/015=
ZZYY 14566 21091 1540/ 311214 049900 6111/
11119 30158 40158 57236
22219 00252
444 20110 21091 1625/ 50101 80110 80003 9/015=
ZZYY 14566 21091 1440/ 311245 049948 6111/
11119 30150 40150 57240
22219 00252
444 20110 21091 1344/ 50101 80110 80002 9/015=
ZZYY 55920 21091 1440/ 533975 136003 6112/
11119 30127 40127 52011
444 20120 21091 1549/ 50101 8//// 80100 9/015=
ZZYY 55920 21091 1540/ 533975 136003 6112/
11119 30140 40140 52025
444 20120 21091 1549/ 50101 8//// 80100 9/015=
ZZYY 55920 21091 1340/ 533993 136055 6112/
11119 30122 40122 52005
444 20120 21091 1308/ 50101 8//// 80100 9/015=
ZZYY 54948 21091 1440/ 529868 150633 6113/
11119 40165 57019
22219 00198
444 20130 21091 1549/ 50101 80010 80000 9////=
ZZYY 54948 21091 1340/ 529864 150621 6113/
11119 40168 57027
22219 00198
444 20130 21091 1309/ 50101 80010 80000 9////=
ZZYY 54948 21091 1540/ 529868 150633 6113/
11119 40163 57010
22219 00198
444 20130 21091 1549/ 50101 80010 80000 9////=
ZZYY 54949 21091 1400/ 530624 153646 6113/
11119 40134 57037
22219 00181
444 20130 21091 1309/ 50101 80010 80000 9////=
ZZYY 71611 21091 1600/ 558428 121774 6113/
11119 40119 54000
22219 00010
444 20130 21091 1555/ 50101 80010 80000 9////=
ZZYY 33883 21091 1620/ 349149 031966 6111/
11119 30010 40010
22219 00020
444 20110 21091 1510/ 50101 80100 80100 9/015=
ZZYY 14948 21091 1620/ 321246 050220 6111/
11119 30200 40200 57240
22219 00243
444 20110 21091 1626/ 50101 80110 80013 9/015=
ZZYY 14948 21091 1520/ 321246 050220 6111/
11119 30194 40194 57244
22219 00243
444 20110 21091 1626/ 50101 80110 80010 9/015=
ZZYY 51795 21091 1548/ 505986 132428 6112/
22219 00248
444 20120 21091 1542/ 50101 80120 80040 9/015=
ZZYY 51967 21091 1544/ 706266 134025 6112/
22219 00270
444 20120 21091 1533/ 50101 80120 80034 9/015=
ZZYY 14543 21091 1520/ 318475 074638 6112/
11119 30225 40225 57237
22219 00239
444 20120 21091 1618/ 50101 80110 80010 9/015=
ZZYY 51518 21091 1546/ 501325 121409 6112/
22219 00232
444 20120 21091 1532/ 50101 80120 80027 9/015=
ZZYY 51679 21091 1544/ 704651 133829 6113/
22219 00266
444 20130 21091 1533/ 50101 80120 80032 9/015=
ZZYY 16943 21091 1620/ 331050 050561 6113/
11119 30221 40221 52014
22219 00179
444 20130 21091 1622/ 50101 8//// 80000 9////=
ZZYY 16943 21091 1510/ 331050 050561 6113/
11119 30217 40217 52020
22219 00179
444 20130 21091 1622/ 50101 8//// 80000 9////=
ZZYY 16943 21091 1420/ 331054 050586 6111/
11119 30208 40208 52002
22219 00179
444 20110 21091 1339/ 50101 8//// 80000 9////=
ZZYY 55638 21091 1540/ 540053 112887 6112/
11119 39797 49797 57011
22219 00109
444 20120 21091 1538/ 50101 80100 80018 9/015=
ZZYY 32736 21091 1542/ 514221 094771 6112/
444 20120 21091 1525/ 50101 80114 80000 9/015=
ZZYY 14547 21091 1530/ 349087 176149 6111/
11119 30171 40171 57003
22219 00072
444 20110 21091 1516/ 50101 80100 80063 9/015=
ZZYY 46769 21091 1539/ 721374 123368 6111/
22219 00240
444 20110 21091 1546/ 50101 80116 80103 9/015=
ZZYY 46616 21091 1540/ 721948 119223 6112/
22219 00234
444 20120 21091 1546/ 50101 80114 80097 9/015=
ZZYY 46559 21091 1537/ 712789 122226 6113/
22219 00278
444 20130 21091 1531/ 50101 80110 80011 9/015=
ZZYY 46583 21091 1539/ 716921 130550 6112/
22219 00256
444 20120 21091 1547/ 50101 80098 80032 9/015=
ZZYY 54935 21091 1500/ 541410 136305 6111/
11119 30051 40051 52020
22219 00107
444 20110 21091 1540/ 50101 80080 80000 9/015=
ZZYY 54928 21091 1510/ 542444 153657 6113/
22219 00104
444 20130 21091 1552/ 50101 80110 80008 9/015=
ZZYY 54928 21091 1410/ 542442 153660 6111/
22219 00104
444 20110 21091 1336/ 50101 80110 80009 9/015=
ZZYY 54909 21091 1400/ 541735 147900 6113/
11119 30162 40162 57004
22219 00113
444 20130 21091 1309/ 50101 80090 80005 9/015=
ZZYY 54909 21091 1500/ 541711 147909 6112/
11119 30158 40158 57007
22219 00113
444 20120 21091 1551/ 50101 80090 80005 9/015=
ZZYY 32676 21091 1450/ 500946 115285 6112/
11119 30123 40123 52018
22219 00222
444 20120 21091 1533/ 50101 80120 80058 9/015=
ZZYY 14922 21091 1610/ 310603 047349 6112/
11119 30153 40153 52020
22219 00248
444 20120 21091 1627/ 50101 80110 80013 9/015=
ZZYY 14922 21091 1510/ 310603 047349 6112/
11119 30146 40146 52017
22219 00248
444 20120 21091 1627/ 50101 80110 80009 9/015=
ZZYY 14922 21091 1410/ 310617 047438 6113/
11119 30138 40138 52009
22219 00248
444 20130 21091 1344/ 50101 80110 80009 9/015=
ZZYY 32871 21091 1552/ 525790 149975 6112/
22219 00227
444 20120 21091 1549/ 50101 80104 80018 9/015=
ZZYY 51513 21091 1542/ 708926 107133 6113/
22219 00274
444 20130 21091 1530/ 50101 80117 80027 9/015=
ZZYY 32564 21091 1556/ 534051 133501 6113/
22219 00144
444 20130 21091 1549/ 50101 80007 80093 9/015=
ZZYY 32739 21091 1546/ 518277 095479 6111/
22219 00200
444 20110 21091 1543/ 50101 80120 80018 9/015=
ZZYY 32695 21091 1546/ 523590 106056 6112/
22219 00205
444 50101 80094 80062 9/015=
ZZYY 32548 21091 1543/ 516577 096234 6112/
22219 00204
444 20120 21091 1525/ 50101 80120 80043 9/015=
ZZYY 46762 21091 1538/ 720351 136193 6111/
22219 00231
444 20110 21091 1530/ 50101 80000 80022 9/015=
ZZYY 32670 21091 1544/ 705061 132133 6112/
22219 00270
444 20120 21091 1531/ 50101 80120 80032 9/015=
ZZYY 51900 21091 1544/ 702328 138740 6111/
22219 00259
444 20110 21091 1539/ 50101 80120 80009 9/015=
ZZYY 32650 21091 1549/ 508717 119645 6112/
22219 00246
444 20120 21091 1258/ 50101 80110 80033 9/015=
ZZYY 51966 21091 1544/ 705065 134908 6112/
22219 00270
444 20120 21091 1534/ 50101 80120 80004 9/015=
ZZYY 51754 21091 1545/ 704767 134788 6112/
22219 00272
444 20120 21091 1534/ 50101 80110 80034 9/015=
ZZYY 51801 21091 1546/ 505761 131796 6113/
22219 00248
444 20130 21091 1540/ 50101 80120 80031 9/015=
ZZYY 32648 21091 1547/ 508555 119744 6113/
22219 00244
444 20130 21091 1300/ 50101 80110 80062 9/015=
ZZYY 51808 21091 1548/ 507929 141002 6112/
22219 00264
444 20120 21091 1542/ 50101 80036 80000 9/015=
ZZYY 32803 21091 1550/ 524036 116605 6112/
22219 00219
444 20120 21091 1544/ 50101 80102 80002 9/015=
ZZYY 22635 21091 1537/ 722086 139576 6111/
444 20110 21091 1530/ 50101 80009 80099 9/015=
ZZYY 32674 21091 1544/ 703327 136592 6111/
22219 00266
444 20110 21091 1539/ 50101 80120 80099 9/015=
ZZYY 34538 21091 1555/ 530129 143110 6113/
22219 00196
444 20130 21091 1548/ 50101 80010 80020 9////=
ZZYY 17520 21091 1626/ 336021 045562 6113/
22219 00161
444 20130 21091 1620/ 50101 80094 80000 9////=
ZZYY 32915 21091 1530/ 503836 105310 6113/
11119 30143 40143 52016
22219 00228
444 20130 21091 1533/ 50101 80130 80100 9/015=
ZZYY 33951 21091 1620/ 338960 087160 6111/
22219 00116
444 20110 21091 1616/ 50101 80072 80027 9/015=
ZZYY 33951 21091 1705/ 338960 087160 6111/
22219 00116
444 20110 21091 1616/ 50101 80072 80014 9/015=
ZZYY 32827 21091 1552/ 522814 139106 6113/
22219 00239
444 20130 21091 1546/ 50101 80102 80002 9/015=
ZZYY 54925 21091 1555/ 528966 133689 6112/
22219 00200
444 20120 21091 1547/ 50101 80104 80000 9/015=
ZZYY 32805 21091 1551/ 532726 101869 6112/
22219 00169
444 20120 21091 1547/ 50101 80104 80060 9/015=
ZZYY 46924 21091 1539/ 724340 127520 6111/
22219 00216
444 20110 21091 1546/ 50101 80100 80127 9/015=
ZZYY 32816 21091 1548/ 520006 130192 6112/
22219 00245
444 20120 21091 1544/ 50101 80102 80003 9/015=
ZZYY 46923 21091 1543/ 710641 129208 6112/
22219 00277
444 20120 21091 1530/ 50101 80106 80018 9/015=
ZZYY 54554 21091 1420/ 517036 133666 6113/
11119 30160 40160 52010
22219 00248
444 20130 21091 1302/ 50101 80120 80060 9/015=
ZZYY 54554 21091 1320/ 517036 133666 6113/
11119 30153 40153 57002
22219 00247
444 20130 21091 1302/ 50101 80120 80058 9/015=
ZZYY 54554 21091 1520/ 517030 133652 6113/
11119 30168 40168 52019
22219 00247
444 20130 21091 1545/ 50101 80120 80068 9/015=
ZZYY 32815 21091 1340/ 518093 116204 6113/
11119 30164 40164 52010
22219 00233
444 20130 21091 1301/ 50101 80120 80044 9/015=
ZZYY 32815 21091 1540/ 518095 116207 6113/
11119 30181 40181 52024
22219 00233
444 20130 21091 1543/ 50101 80120 80051 9/015=
ZZYY 32925 21091 1530/ 517607 119294 6112/
11119 30174 40174 52021
22219 00235
444 20120 21091 1534/ 50101 80120 80047 9/015=
ZZYY 16567 21091 1440/ 543883 115086 6112/
22219 00089
444 20120 21091 1127/ 50101 80100 80012 9////=
ZZYY 71641 21091 1320/ 548884 145878 6111/
22219 00083
444 20110 21091 1311/ 50101 8//// 80013 9////=
ZZYY 33518 21091 1510/ 537701 135371 6112/
11119 30070 40070 52016
22219 00130
444 20120 21091 1549/ 50101 8//// 80100 9/015=
ZZYY 32910 21091 1542/ 705815 134161 6113/
22219 00264
444 20130 21091 1533/ 50101 80122 80009 9/015=
ZZYY 51530 21091 1547/ 505565 123486 6113/
22219 00246
444 20130 21091 1534/ 50101 80120 80099 9/015=
ZZYY 51659 21091 1547/ 502190 121310 6112/
22219 00231
444 20120 21091 1532/ 50101 80120 80099 9/015=
ZZYY 33690 21091 1615/ 342361 099574 6112/
22219 00107
444 20120 21091 1558/ 50101 80074 80117 9/015=
ZZYY 33690 21091 1704/ 342363 099578 6111/
22219 00108
444 20110 21091 1658/ 50101 80074 80108 9/015=
ZZYY 33687 21091 1627/ 333703 061813 6112/
22219 00152
444 20120 21091 1619/ 50101 80070 80000 9/015=
ZZYY 33692 21091 1619/ 341196 091002 6112/
22219 00108
444 20120 21091 1614/ 50101 80074 80063 9/015=
ZZYY 33692 21091 1705/ 341196 091002 6112/
22219 00108
444 20120 21091 1614/ 50101 80074 80072 9/015=
ZZYY 11948 21091 1600/ 308168 048585 6113/
22219 00264=
ZZYY 11948 21091 1630/ 308170 048586 6113/
22219 00264=
ZZYY 16511 21091 1610/ 341125 025480 6112/
11119 30253 40253 52001
22219 00113
444 20120 21091 1512/ 50101 80110 80000 9/015=
ZZYY 16522 21091 1550/ 543523 102738 6112/
444 20120 21091 1551/ 50101 9////=
ZZYY 32616 21091 1552/ 522572 140385 6113/
22219 00243
444 20130 21091 1546/ 50101 80100 80023 9/015=
ZZYY 32640 21091 1551/ 520675 124599 6112/
22219 00236
444 20120 21091 1544/ 50101 80098 80014 9/015=
ZZYY 32642 21091 1553/ 526381 132417 6113/
22219 00227
444 20130 21091 1547/ 50101 80104 80000 9/015=
ZZYY 32627 21091 1551/ 525815 119498 6112/
444 20120 21091 1545/ 50101 80094 80046 9/015=
ZZYY 51670 21091 1537/ 710172 106715 6113/
444 20130 21091 1528/ 50101 80111 80005 9/015=
ZZYY 51613 21091 1539/ 709353 141570 6111/
444 20110 21091 1537/ 50101 80115 80070 9/015=
ZZYY 32546 21091 1551/ 524023 135541 6112/
22219 00225
444 20120 21091 1545/ 50101 80050 80059 9/015=
ZZYY 34512 21091 1550/ 548121 177533 6111/
11119 40167 52009
22219 00070
444 20110 21091 1557/ 50101 80010 80010 9////=
ZZYY 46914 21091 1534/ 719385 121789 6113/
22219 00242
444 20130 21091 0327/ 50101 80102 80000 9/015=
ZZYY 33591 21091 1540/ 331636 051131 6112/
11119 30219 40219 52017
22219 00169
444 20120 21091 1620/ 50101 80100 80000 9/015=
ZZYY 33591 21091 1440/ 331652 051131 6111/
11119 30217 40217 52011
22219 00170
444 20110 21091 1338/ 50101 80100 80000 9/015=
ZZYY 71630 21091 1600/ 338262 038957 6112/
11119 30247 40247 52027
22219 00134
444 20120 21091 1620/ 50101 80100 80000 9/015=
ZZYY 71630 21091 1500/ 338262 038957 6112/
11119 30224 40224 52008
22219 00134
444 20120 21091 1620/ 50101 80100 80000 9/015=
####018012293####
SSVX02 KARS 211718 RRA
ZZYY 33696 21091 1620/ 333199 050208 6112/
11119 30220 40220 52021
22219 00166
444 20120 21091 1623/ 50101 80100 80000 9/015=
ZZYY 32624 21091 1547/ 511351 100646 6113/
22219 00223
444 20130 21091 1542/ 50101 80116 80180 9/015=
ZZYY 33587 21091 1600/ 551548 124172 6112/
22219 00065
444 20120 21091 1553/ 50101 80009 80000 9////=
ZZYY 32683 21091 1545/ 518735 095764 6112/
22219 00198
444 20120 21091 1542/ 50101 80116 80056 9/015=
ZZYY 71640 21091 1600/ 557234 118196 6113/
22219 00026
444 20130 21091 1556/ 50101 80009 80000 9////=
ZZYY 32549 21091 1544/ 518899 093982 6112/
22219 00195
444 20120 21091 1354/ 50101 80114 80180 9/015=
ZZYY 33595 21091 1610/ 341058 043855 6111/
11119 30299 40299
22219 00126
444 20110 21091 1618/ 50101 80090 80100 9/015=
ZZYY 17679 21091 1600/ 333516 051661 6113/
444 20130 21091 1620/ 50101 80070 80068 9/015=
ZZYY 33659 21091 1620/ 325828 076148 6112/
11119 40290 52011
22219 00201
444 50101 80010 80006 9////=
ZZYY 33665 21091 1450/ 548080 154937 6113/
11119 40185 57016
22219 00091
444 20130 21091 1556/ 50101 80010 80008 9////=
ZZYY 33665 21091 1550/ 548080 154937 6113/
11119 40180 57014
22219 00091
444 20130 21091 1556/ 50101 80010 80008 9////=
ZZYY 32711 21091 1548/ 515823 126470 6113/
22219 00243
444 20130 21091 1543/ 50101 80520 80099 9/015=
ZZYY 14923 21091 1350/ 315112 051538 6112/
11119 30174 40174 52009
22219 00246
444 20120 21091 1342/ 50101 80145 80007 9/015=
ZZYY 14923 21091 1550/ 315112 051538 6112/
11119 30190 40190 52024
22219 00245
444 20120 21091 1342/ 50101 80145 80009 9/015=
ZZYY 14923 21091 1450/ 315112 051538 6112/
11119 30183 40183 52020
22219 00245
444 20120 21091 1342/ 50101 80145 80009 9/015=
ZZYY 14925 21091 1350/ 310408 046930 6111/
11119 30136 40136 52002
22219 00248
444 20110 21091 1344/ 50101 80153 80013 9/015=
ZZYY 14925 21091 1450/ 310408 046930 6111/
11119 30142 40142 52014
22219 00248
444 20110 21091 1344/ 50101 80153 80009 9/015=
ZZYY 16962 21091 1400/ 327350 047515 6112/
22219 00218
444 20120 21091 1340/ 50101 80008 80000 9////=
ZZYY 16962 21091 1600/ 327288 047526 6112/
22219 00218
444 20120 21091 1622/ 50101 80008 80000 9////=
ZZYY 16962 21091 1500/ 327350 047515 6112/
22219 00218
444 20120 21091 1340/ 50101 80008 80000 9////=
ZZYY 14930 21091 1550/ 309762 046803 6112/
11119 30144 40144 52020
22219 00252
444 20120 21091 1626/ 50101 80145 80010 9/015=
ZZYY 14930 21091 1450/ 309768 046871 6112/
11119 30137 40137 52013
22219 00252
444 20120 21091 1344/ 50101 80145 80008 9/015=
ZZYY 14918 21091 1610/ 333369 046588 6113/
11119 30216 40216 52018
22219 00182
444 20130 21091 1619/ 50101 80123 80006 9/015=
ZZYY 14918 21091 1410/ 333372 046561 6111/
11119 30204 40204 52011
22219 00183
444 20110 21091 1337/ 50101 80123 80006 9/015=
ZZYY 51620 21091 1539/ 707707 097029 6112/
22219 00275
444 20120 21091 1530/ 50101 80115 80008 9/015=
ZZYY 43556 21091 1540/ 720262 128997 6113/
22219 00227
444 20130 21091 1528/ 50101 80078 80021 9/015=
ZZYY 43555 21091 1539/ 717882 129712 6112/
22219 00253
444 20120 21091 1528/ 50101 80088 80016 9/015=
ZZYY 14927 21091 1220/ 317162 053379 6111/
11119 30179 40179 57008
22219 00244
444 20110 21091 1202/ 50101 80145 80009 9/015=
ZZYY 14927 21091 1620/ 317162 053379 6111/
11119 30206 40206 52021
22219 00244
444 20110 21091 1202/ 50101 80145 80010 9/015=
ZZYY 14927 21091 1420/ 317162 053379 6111/
11119 30191 40191 52019
22219 00244
444 20110 21091 1202/ 50101 80145 80011 9/015=
ZZYY 56908 21091 1700/ 356977 137996 6111/
11119 39900 49900 52020
22219 00018
444 50101 80110 80011 9/015=
ZZYY 16609 21091 1610/ 327361 051387 6113/
11119 40201 52009
22219 00217
444 20130 21091 1621/ 50101 80010 80003 9////=
ZZYY 16609 21091 1510/ 327361 051387 6113/
11119 40198 52006
22219 00218
444 20130 21091 1621/ 50101 80010 80003 9////=
ZZYY 16609 21091 1410/ 327337 051334 6112/
11119 40196 52004
22219 00222
444 20120 21091 1339/ 50101 80010 80002 9////=
ZZYY 16608 21091 1550/ 330439 044472 6113/
11119 40226 52018
22219 00195
444 20130 21091 1621/ 50101 80010 80005 9////=
ZZYY 16608 21091 1450/ 330463 044360 6113/
11119 40220 52017
22219 00194
444 20130 21091 1339/ 50101 80010 80005 9////=
ZZYY 14939 21091 1550/ 319571 055459 6112/
11119 30213 40213 52015
22219 00239
444 20120 21091 1343/ 50101 80145 80008 9/015=
ZZYY 14939 21091 1450/ 319571 055459 6112/
11119 30210 40210 52016
22219 00239
444 20120 21091 1343/ 50101 80145 80010 9/015=
ZZYY 14939 21091 1350/ 319571 055459 6112/
11119 30203 40203 52010
22219 00240
444 20120 21091 1343/ 50101 80145 80008 9/015=
ZZYY 43557 21091 1539/ 722444 120073 6112/
22219 00231
444 20120 21091 1547/ 50101 80088 80021 9/015=
ZZYY 43558 21091 1539/ 722678 124641 6113/
444 20130 21091 1546/ 50101 80086 80255 9/015=
ZZYY 51882 21091 1538/ 711459 112459 6113/
22219 00280
444 20130 21091 1530/ 50101 80110 80001 9/015=
ZZYY 14944 21091 1600/ 307135 044378 6113/
11119 30135 40135 52014
22219 00257
444 20130 21091 1627/ 50101 80145 80008 9/015=
ZZYY 14944 21091 1500/ 307135 044378 6113/
11119 30130 40130 52010
22219 00257
444 20130 21091 1627/ 50101 80145 80008 9/015=
ZZYY 14944 21091 1400/ 307161 044395 6113/
11119 30125 40125 54000
22219 00258
444 20130 21091 1200/ 50101 80145 80010 9/015=
ZZYY 14947 21091 1350/ 309261 046687 6112/
11119 30131 40131 52003
22219 00254
444 20120 21091 1344/ 50101 80138 80009 9/015=
ZZYY 14947 21091 1550/ 309259 046657 6111/
11119 30145 40145 52021
22219 00253
444 20110 21091 1627/ 50101 80138 80009 9/015=
ZZYY 14947 21091 1450/ 309261 046687 6112/
11119 30135 40135 52011
22219 00253
444 20120 21091 1344/ 50101 80138 80012 9/015=
ZZYY 43540 21091 1541/ 715443 133084 6112/
22219 00261
444 20120 21091 1530/ 50101 80096 80013 9/015=
ZZYY 14943 21091 1530/ 314244 051948 6111/
11119 30185 40185 52019
22219 00247
444 20110 21091 1626/ 50101 80138 80010 9/015=
ZZYY 14943 21091 1430/ 314240 051958 6113/
11119 30178 40178 52013
22219 00247
444 20130 21091 1342/ 50101 80138 80010 9/015=
ZZYY 14943 21091 1630/ 314244 051948 6111/
11119 30194 40194 52021
22219 00247
444 20110 21091 1626/ 50101 80138 80010 9/015=
ZZYY 51623 21091 1543/ 709897 122349 6113/
22219 00275
444 20130 21091 1530/ 50101 80113 80068 9/015=
ZZYY 55599 21091 1500/ 347899 061174 6111/
11119 49953 52025
22219 00029
444 20110 21091 1432/ 50101 80008 80003 9////=
ZZYY 43554 21091 1537/ 728529 126444 6113/
22219 00203
444 20130 21091 1546/ 50101 80088 80034 9/015=
ZZYY 55566 21091 1440/ 535934 146832 6112/
22219 00149
444 20120 21091 1550/ 50101 80009 80000 9////=
ZZYY 55566 21091 1340/ 535935 146857 6112/
22219 00150
444 20120 21091 1310/ 50101 80009 80000 9////=
ZZYY 55566 21091 1540/ 535934 146832 6112/
22219 00148
444 20120 21091 1550/ 50101 80009 80000 9////=
ZZYY 51759 21091 1546/ 700599 121680 6113/
22219 00229
444 20130 21091 1533/ 50101 80110 80065 9/015=
ZZYY 55911 21091 1430/ 536911 157339 6112/
11119 40136 57038
22219 00143
444 20120 21091 1336/ 50101 80010 80014 9////=
ZZYY 55911 21091 1530/ 536922 157354 6112/
11119 40123 57036
22219 00143
444 20120 21091 1552/ 50101 80010 80017 9////=
ZZYY 51904 21091 1544/ 709404 111587 6111/
22219 00274
444 20110 21091 1548/ 50101 80078 80001 9/015=
ZZYY 54550 21091 1540/ 531873 143592 6112/
11119 40194 52002
22219 00182
444 20120 21091 1549/ 50101 80010 80008 9////=
ZZYY 54550 21091 1440/ 531873 143592 6112/
11119 40191 54000
22219 00182
444 20120 21091 1549/ 50101 80010 80009 9////=
ZZYY 54550 21091 1340/ 531890 143632 6112/
11119 40191 57004
22219 00182
444 20120 21091 1309/ 50101 80010 80008 9////=
ZZYY 43552 21091 1538/ 728442 123287 6113/
444 20130 21091 1545/ 50101 80088 80016 9/015=
ZZYY 54547 21091 1550/ 540721 116045 6112/
22219 00107
444 20120 21091 1551/ 50101 80010 80005 9////=
ZZYY 55928 21091 1440/ 535520 121375 6111/
11119 49964 52036
22219 00148
444 20110 21091 1537/ 50101 80010 80007 9/015=
ZZYY 32533 21091 1548/ 514568 110349 6112/
22219 00231
444 20120 21091 1543/ 50101 80121 80011 9/015=
ZZYY 32709 21091 1551/ 520559 135685 6113/
22219 00245
444 20130 21091 1545/ 50101 80121 80010 9/015=
ZZYY 14554 21091 1630/ 332189 065536 6113/
11119 40248 52007
22219 00178
444 20130 21091 1619/ 50101 80010 80000 9////=
ZZYY 14914 21091 1500/ 301077 050175 6113/
11119 30122 40122 52014
22219 00284
444 20130 21091 1347/ 50101 80120 80019 9/015=
ZZYY 51958 21091 1543/ 706952 113806 6112/
22219 00273
444 20120 21091 1533/ 50101 80079 80009 9/015=
ZZYY 55934 21091 1550/ 557646 114676 6113/
22219 00041
444 20130 21091 1556/ 50101 8//// 80000 9////=
ZZYY 54918 21091 1510/ 525266 124855 6111/
11119 30152 40152 52016
22219 00214
444 20110 21091 1536/ 50101 8//// 80000 9////=
ZZYY 32729 21091 1550/ 512051 130318 6112/
22219 00253
444 20120 21091 1543/ 50101 80121 80031 9/015=
ZZYY 32817 21091 1550/ 517959 131063 6112/
22219 00246
444 20120 21091 1544/ 50101 80540 80099 9/015=
ZZYY 14926 21091 1600/ 332081 054395 6112/
11119 30212 40212 52006
444 20120 21091 1620/ 50101 8//// 80000 9/015=
ZZYY 17690 21091 1550/ 330795 045642 6113/
22219 00188
444 20130 21091 1621/ 50101 80090 80002 9/015=
ZZYY 33571 21091 1540/ 328433 043001 6113/
11119 30217 40217 52019
22219 00231
444 20130 21091 1622/ 50101 8//// 80057 9////=
ZZYY 51975 21091 1543/ 709885 123483 6113/
22219 00275
444 20130 21091 1530/ 50101 80093 80009 9/015=
ZZYY 56570 21091 1550/ 558992 129486 6113/
11119 30205 40205 52020
22219 00022
444 20130 21091 1555/ 50101 80100 80005 9/015=
ZZYY 55615 21091 1620/ 337934 089149 6111/
11119 30228 40228 52012
22219 00119
444 20110 21091 1617/ 50101 8//// 80100 9////=
ZZYY 33557 21091 1540/ 335847 046441 6113/
11119 30216 40216 52027
22219 00157
444 20130 21091 1618/ 50101 80110 80004 9/015=
ZZYY 33557 21091 1440/ 335879 046471 6112/
11119 30208 40208 52024
22219 00157
444 20120 21091 1337/ 50101 80110 80004 9/015=
ZZYY 23678 21091 1621/ 340022 089023 6111/
22219 00114
444 20110 21091 1616/ 50101 80049 80099 9////=
ZZYY 23678 21091 1704/ 340022 089023 6111/
22219 00113
444 20110 21091 1616/ 50101 80049 80099 9////=
ZZYY 43543 21091 1541/ 720608 120911 6112/
22219 00241
444 20120 21091 1547/ 50101 80054 80015 9/015=
ZZYY 55610 21091 1500/ 526856 127594 6111/
22219 00208
444 20110 21091 1546/ 50101 8//// 80100 9////=
ZZYY 32804 21091 1553/ 522960 130384 6113/
22219 00229
444 20130 21091 1546/ 50101 80048 80002 9/015=
ZZYY 56604 21091 1550/ 547468 106135 6112/
11119 39936 49936 57016
22219 00070
444 20120 21091 1553/ 50101 80110 80011 9/015=
ZZYY 33695 21091 1705/ 339733 130830 6112/
22219 00126
444 20120 21091 1657/ 50101 80072 80000 9/015=
ZZYY 33632 21091 1700/ 341907 136543 6112/
22219 00106
444 20120 21091 1658/ 50101 80010 80000 9////=
ZZYY 56909 21091 1700/ 359230 132003 6112/
11119 39870 49870 52017
22219 01001
444 20120 21091 1702/ 50101 80110 80015 9/015=
ZZYY 17652 21091 1650/ 347800 141642 6112/
11119 39981 49981 52005
22219 00097
444 20120 21091 1658/ 50101 80100 80084 9////=
ZZYY 14915 21091 1640/ 329057 094822 6111/
11119 30289 40289 57002
22219 00171
444 20110 21091 1658/ 50101 80090 80004 9/015=
ZZYY 33569 21091 1650/ 337026 085465 6111/
11119 30246 40246 52001
22219 00123
444 20110 21091 1615/ 50101 80110 80009 9/015=
ZZYY 56904 21091 1700/ 350100 155884 6112/
11119 39971 49971 57010
22219 00086
444 20120 21091 1630/ 50101 80100 80028 9/015=
ZZYY 55595 21091 1640/ 341223 091551 6111/
11119 40183 52013
22219 00107
444 20110 21091 1615/ 50101 80009 80000 9////=
ZZYY 16513 21091 1700/ 336508 099516 6111/
11119 30203 40203 57013
22219 00141
444 20110 21091 1658/ 50101 8//// 80000 9////=
ZZYY 33880 21091 1630/ 345688 085760 6112/
11119 30111 40111 57009
22219 00082
444 20120 21091 1615/ 50101 80110 80032 9/015=
####018000131####
SSVX02 CWAO 211700
ZZYY 47505 21091 1700/ 785266 066643 6113/ 11192 40128 52014 444 20130 21091 1700/ 50701 80134 80001 9////=
####018000131####
SSVX02 CWAO 211700
ZZYY 47507 21091 1700/ 781465 106321 6113/ 11192 40077 52013 444 20130 21091 1700/ 50701 80140 80001 9////=
####018000131####
SSVX02 CWAO 211700
ZZYY 47506 21091 1700/ 784757 068493 6113/ 11192 40127 52015 444 20130 21091 1700/ 50701 80134 80001 9////=
####018000269####
SSVF21 EIDB 211700
ZZYY 62091 21091 17001 753481 005424 11199 02310 10141 29073 40095 22299 00141 10504 20049 21020 33300 88872 20000 40000=
ZZYY 62093 21091 17001 754998 009998 11199 02611 10129 29067 40059 22299 00131 10811 20083 21053 33300 88872 20000 43535=
####018000134####
SSVX02 CWAO 211700
ZZYY 47506 21091 1700/ 784757 068493 6113/ 11192 40127 52015 444 20130 21091 1700/ 50701 80134 80001 9////=

####018000134####
SSVX02 CWAO 211700
ZZYY 47507 21091 1700/ 781465 106321 6113/ 11192 40077 52013 444 20130 21091 1700/ 50701 80140 80001 9////=

####018000134####
SSVX02 CWAO 211700
ZZYY 47505 21091 1700/ 785266 066643 6113/ 11192 40128 52014 444 20130 21091 1700/ 50701 80134 80001 9////=

####018001227####
SSVX13 LFVW 211721
ZZYY 56506 21091 1600/ 554232 131679 6112/
11119 30140 40140 52001
22219 00064
444 20120 21091 1554/ 50101 80060 80008 9/015=
ZZYY 56518 21091 1400/ 311743 050986 6112/
11119 30165 40165 52013
22219 00250
444 20120 21091 1344/ 50101 80060 80002 9/015=
ZZYY 56518 21091 1500/ 311743 050986 6112/
11119 30171 40171 52018
22219 00250
444 20120 21091 1344/ 50101 80060 80000 9/015=
ZZYY 56518 21091 1600/ 311735 050911 6111/
11119 30180 40180 52022
22219 00250
444 20110 21091 1626/ 50101 80060 80002 9/015=
ZZYY 23925 21091 1600/ 330825 048595 6113/
11119 30222 40222 52018
22219 00180
444 20130 21091 1620/ 50101 80130 80000 9/015=
ZZYY 23997 21091 1620/ 312066 064847 6111/
11119 30173 40173 52020
22219 00257
444 20110 21091 1614/ 50101 80110 80005 9/015=
ZZYY 23999 21091 1610/ 318088 050879 6111/
11119 30212 40212 52019
22219 00246
444 20110 21091 1624/ 50101 80100 80008 9/015=
ZZYY 23999 21091 1510/ 318088 050879 6111/
11119 30205 40205 52017
22219 00246
444 20110 21091 1624/ 50101 80100 80008 9/015=
ZZYY 23999 21091 1410/ 318076 050914 6111/
11119 30197 40197 52007
22219 00247
444 20110 21091 1341/ 50101 80100 80008 9/015=
####018000249####
SSVX02 LFVW 211721
ZZYY 56939 21091 1400/ 336732 051132 6111/
11119 40180 52012
444 20110 21091 1337/ 50101 80090 80000 9/015=
ZZYY 56939 21091 1600/ 336722 051135 6112/
11119 40195 52019
444 20120 21091 1619/ 50101 80090 80000 9/015=
####018005511####
SSVX02 KARS 211724
ZZYY 32615 21091 1715/ 708764 143828 6112/
22219 00275
444 20120 21091 1256/ 50101 80008 80016 9/015=
ZZYY 46903 21091 1716/ 730513 134491 6112/
22219 00215
444 20120 21091 1705/ 50101 80138 80000 9/015=
ZZYY 51653 21091 1715/ 718808 135959 6111/
22219 00251
444 20110 21091 1709/ 50101 80122 80024 9/015=
ZZYY 32551 21091 1710/ 703827 119054 6112/
11119 30117 40117 52010
444 20120 21091 1531/ 50101 80077 80000 9/015=
ZZYY 46608 21091 1710/ 738771 161501 6112/
11119 30065 40065 57023
22219 00211
444 20120 21091 1707/ 50101 8//// 80100 9/015=
ZZYY 51967 21091 1715/ 706266 134025 6112/
22219 00271
444 20120 21091 1533/ 50101 80120 80033 9/015=
ZZYY 51679 21091 1716/ 704651 133829 6113/
22219 00267
444 20130 21091 1533/ 50101 80120 80038 9/015=
ZZYY 46769 21091 1715/ 721383 123367 6112/
22219 00241
444 20120 21091 1709/ 50101 80116 80110 9/015=
ZZYY 46927 21091 1716/ 733074 145772 6111/
22219 00240
444 20110 21091 1705/ 50101 80138 80002 9/015=
ZZYY 43555 21091 1715/ 717883 129717 6113/
22219 00253
444 20130 21091 1710/ 50101 80088 80016 9/015=
ZZYY 46616 21091 1715/ 721946 119219 6113/
22219 00234
444 20130 21091 1709/ 50101 80114 80090 9/015=
ZZYY 46609 21091 1715/ 722202 128685 6113/
22219 00225
444 20130 21091 1709/ 50101 80112 80139 9/015=
ZZYY 46559 21091 1715/ 712788 122252 6112/
22219 00279
444 20120 21091 1548/ 50101 80110 80013 9/015=
ZZYY 46583 21091 1715/ 716925 130551 6111/
22219 00256
444 20110 21091 1709/ 50101 80098 80022 9/015=
ZZYY 43557 21091 1715/ 722437 120068 6112/
22219 00231
444 20120 21091 1710/ 50101 80088 80013 9/015=
ZZYY 43558 21091 1715/ 722677 124634 6113/
444 20130 21091 1709/ 50101 80086 80255 9/015=
ZZYY 43553 21091 1716/ 721028 127782 6113/
22219 00228
444 20130 21091 1710/ 50101 80088 80036 9/015=
ZZYY 52801 21091 1710/ 728467 154696 6113/
11119 30202 40202 52009
22219 00257
444 20130 21091 1611/ 50101 80009 80000 9////=
ZZYY 43540 21091 1714/ 715443 133084 6112/
22219 00261
444 20120 21091 1530/ 50101 80096 80016 9/015=
ZZYY 51623 21091 1716/ 709924 122319 6111/
22219 00276
444 20110 21091 1711/ 50101 80113 80068 9/015=
ZZYY 51931 21091 1715/ 729332 161344 6111/
22219 00265
444 20110 21091 1710/ 50101 80070 80010 9/015=
ZZYY 21543 21091 1700/ 734517 151625 6112/
11119 40162 52006
22219 00245
444 20120 21091 1709/ 50101 80010 80000 9////=
ZZYY 43554 21091 1715/ 728531 126440 6113/
22219 00203
444 20130 21091 1708/ 50101 80088 80032 9/015=
ZZYY 43551 21091 1715/ 723082 121207 6112/
22219 00221
444 20120 21091 1709/ 50101 80090 80014 9/015=
ZZYY 22576 21091 1715/ 732659 140319 6113/
22219 00238
444 20130 21091 1704/ 50101 80010 80000 9/015=
ZZYY 14942 21091 1714/ 726855 165757 6113/
444 20130 21091 1611/ 50101 9/015=
ZZYY 46926 21091 1716/ 724960 143013 6111/
22219 00240
444 20110 21091 1708/ 50101 80138 80001 9/015=
ZZYY 14945 21091 1715/ 739428 158991 6111/
22219 00197
444 20110 21091 1709/ 50101 8//// 80025 9/015=
ZZYY 51647 21091 1716/ 710772 150865 6112/
22219 00272
444 20120 21091 1613/ 50101 80109 80007 9/015=
ZZYY 22910 21091 1716/ 740316 151693 6112/
22219 00200
444 20120 21091 1705/ 50101 80009 80020 9////=
ZZYY 22927 21091 1714/ 741419 152335 6112/
22219 00176
444 20120 21091 1705/ 50101 80009 80099 9////=
ZZYY 32670 21091 1714/ 705061 132133 6112/
22219 00270
444 20120 21091 1531/ 50101 80120 80034 9/015=
ZZYY 46768 21091 1713/ 718100 139732 6112/
22219 00244
444 20120 21091 1252/ 50101 80072 80033 9/015=
ZZYY 51788 21091 1715/ 709510 149681 6112/
22219 00275
444 20120 21091 1614/ 50101 80088 80000 9/015=
ZZYY 46766 21091 1715/ 723292 152207 6112/
22219 00252
444 20120 21091 1710/ 50101 80082 80019 9/015=
ZZYY 46516 21091 1715/ 735425 140124 6113/
22219 00232
444 20130 21091 1704/ 50101 80094 80097 9////=
ZZYY 46904 21091 1713/ 719361 140184 6111/
444 20110 21091 1710/ 50101 80072 80101 9/015=
ZZYY 22635 21091 1714/ 722075 139605 6111/
444 20110 21091 1709/ 50101 80009 80099 9/015=
ZZYY 46567 21091 1712/ 720202 163510 6113/
22219 00271
444 20130 21091 1612/ 50101 80078 80032 9/015=
ZZYY 52667 21091 1714/ 741504 154714 6111/
22219 00172
444 20110 21091 1705/ 50101 8//// 80005 9////=
ZZYY 46924 21091 1715/ 724338 127510 6112/
22219 00217
444 20120 21091 1708/ 50101 80100 80130 9/015=
ZZYY 46923 21091 1715/ 710631 129198 6111/
22219 00277
444 20110 21091 1710/ 50101 80106 80014 9/015=
ZZYY 22616 21091 1716/ 732223 154519 6112/
22219 00257
444 20120 21091 1708/ 50101 80045 80000 9/015=
ZZYY 51975 21091 1714/ 709885 123483 6113/
22219 00274
444 20130 21091 1530/ 50101 80093 80006 9/015=
ZZYY 46905 21091 1714/ 710214 152910 6112/
22219 00276
444 20120 21091 1614/ 50101 80082 80025 9/015=
ZZYY 51770 21091 1716/ 710407 143620 6113/
22219 00272
444 20130 21091 1253/ 50101 80119 80035 9/015=
ZZYY 46906 21091 1714/ 712520 149471 6112/
22219 00270
444 20120 21091 1612/ 50101 80076 80026 9/015=
ZZYY 51730 21091 1709/ 731545 160691 6111/
444 20110 21091 0940/ 50101 80121 9/015=
ZZYY 43543 21091 1712/ 720604 120912 6113/
22219 00242
444 20130 21091 1709/ 50101 80054 80015 9/015=
ZZYY 51613 21091 1715/ 709353 141570 6111/
444 20110 21091 1537/ 50101 80115 80070 9/015=
ZZYY 51739 21091 1714/ 714557 153690 6112/
22219 00268
444 20120 21091 1612/ 50101 80111 80006 9/015=
####018003787####
SSVX08 KARS 211724
ZZYY 51006 20091 1200/ 709010 140231 6113/
33311 88872 20001 32753 43392 20020 32780 20040 32736 20060 32181
20080 31610 20100 31281 20120 31207 20140 31152 20180 31088
20300 30987 20500 30829
444 20130 20091 1148/ 521//=
ZZYY 51006 21091 17004 708996 140234 6112/
11119 01205 10258 29090
22219 00276
444 20120 21091 1538/ 521// 60401=
ZZYY 51307 20091 1200/ 708026 124996 6111/
33311 88872 20001 32755 43382 20020 32739 20040 32738 20060 32465
20080 31490 20100 31300 20120 31242 20140 31201 20180 31130
20300 31008 20500 30818
444 20110 20091 1139/ 521//=
ZZYY 51307 21091 1700/ 708023 124998 6112/
11119 10263 29083
22219 00274
444 20120 21091 1537/ 521//=
ZZYY 51011 20091 1200/ 500157 124395 6111/
33311 88872 20001 32246 43477 20020 32119 20040 32003 20060 31663
20080 31439 20100 31421 20120 31423 20140 31403 20180 31323
20300 31217 20500 30828
444 20110 20091 1141/ 521//=
ZZYY 51011 21091 17004 500157 124388 6112/
11119 01210 10229 29092
22219 00226
444 20120 21091 1539/ 521// 60401=
ZZYY 51017 20091 1200/ 502014 124900 6113/
33311 88872 20001 32307 43471 20020 32264 20040 32245 20080 32202
20100 31692 20120 31380 20140 31328 20180 31279 20300 31184
20500 30828
444 20130 20091 1141/ 521//=
ZZYY 51017 21091 17004 502015 124906 6112/
11119 00907 10234 29071
22219 00233
444 20120 21091 1540/ 521// 60401=
ZZYY 51015 20091 1200/ 705099 124946 6111/
33311 88872 20001 32691 43479 20020 32683 20040 32680 20060 32670
20080 32557 20100 32512 20120 32360 20140 32055 20180 31237
20300 30970 20500 30797
444 20110 20091 1140/ 521//=
ZZYY 51015 21091 17004 705090 124951 6112/
11119 01812 10261 29081
22219 00268
444 20120 21091 1538/ 521// 60401=
ZZYY 51311 20091 1200/ 700004 139937 6112/
33311 88872 20001 32359 43504 20020 32278 43482 20040 32179
20060 32098 20080 31956 20100 31771 20120 31638 20140 31549
20180 31343 20300 31220
444 20120 20091 1151/ 521//=
ZZYY 51311 21091 17004 500009 139928 6111/
11119 01111 10247 29085 40127
22219 00239
444 20110 21091 1540/ 521// 60401=
ZZYY 51016 20091 1200/ 701949 125048 6111/
33311 88870 20001 32620 20020 32622 20040 32621 20060 32490
20080 32065 20100 31588 20120 31465 20140 31385 20300 31163
20500 30874
444 20110 20091 1141/ 521//=
ZZYY 51022 20091 1200/ 501978 155000 6111/
33311 88872 20001 32675 43534 20025 32676 20050 32669 20075 32668
20100 32668 20125 32046 20150 31621 20200 31304 20300 31092
444 20110 20091 1128/ 521//=
ZZYY 51008 20091 1200/ 702014 140021 6111/
33311 88870 20040 32615 20060 32579 20080 32448 20100 32311
20120 32006 20140 31572 20180 31361 20300 31153 20500 30913
444 20110 20091 1151/ 521//=
ZZYY 51008 21091 17004 702017 140021 6111/
11119 01313 10253 29078
444 20110 21091 1539/ 521// 60401=
ZZYY 51020 20091 1200/ 705006 154955 6111/
33311 88872 20001 32771 43507 20025 32768 20050 32766 20100 32673
20125 32582 20150 32064 20200 31248 20250 31107 20300 31077
20500 30900
444 20110 20091 1307/ 521//=
ZZYY 51020 21091 17004 705012 154938 6111/
11119 01409 10265 29080
22219 00275
444 20110 21091 1614/ 521// 60401=
ZZYY 48400 20091 12004 750130 144819 6111/
11119 02224 10122 29088
22219 00127
33311 88872 20000 31266 20001 31265 43798
444 20110 20091 1139/ 521// 60401=
ZZYY 51301 20091 1200/ 707989 155000 6111/
33311 88870 20001 32841 20050 32812 20075 32726 20100 32332
20125 31709 20150 31348 20200 31131 20300 31012 20500 30813
444 20110 20091 1148/ 521//=
ZZYY 51301 21091 17004 707984 154984 6111/
11119 00311 10274 29081
22219 00284
444 20110 21091 1614/ 521// 60401=
ZZYY 51009 21091 17004 502036 140011 6111/
11119 01014 10256 29082
444 20110 21091 1541/ 521// 60401=
