####018000146####
SSVX13 LFPW 100000
ZZYY 44617 10070 0000/ 742757 020831 6110/ 11119 40174 52003 22219
 00197 444 20100 09070 2300/ 50101 80108 80005 9/015=
####018000146####
SSVX13 LFPW 100000
ZZYY 62511 10070 0000/ 721472 025667 6110/ 11119 40181 52010 22219
 00247 444 20100 10070 0000/ 50101 80108 80002 9/015=
####018006969####
SSVX02 KARS 092355
ZZYY 51943 09070 2140/ 522445 162401 6112/
22219 00256
33311 88872 20000 32555 43592
444 20120 09070 2051/ 50101 80110 80100 9/015=
ZZYY 51944 09070 2150/ 520671 162520 6112/
22219 00257
33311 88872 20000 32570 43592
444 20120 09070 2050/ 50101 80120 80100 9/015=
ZZYY 51945 09070 2150/ 517480 163572 6111/
22219 00272
33311 88872 20000 32720 43590
444 20110 09070 2046/ 50101 80120 80100 9/015=
ZZYY 51940 09070 2140/ 521695 161930 6111/
22219 00261
33311 88872 20000 32605 43591
444 20110 09070 2051/ 50101 80110 80100 9/015=
ZZYY 55638 09070 2110/ 553117 166244 6113/
11119 30017 40017 52003
22219 00063
444 20130 09070 2026/ 50101 80110 80052 9/015=
ZZYY 55638 09070 2210/ 553118 166252 6111/
11119 30017 40017 52005
22219 00063
444 50101 80110 80035 9/015=
ZZYY 51801 09070 2202/ 511541 167941 6112/
22219 00292
444 20120 09070 2157/ 50101 80111 80004 9/015=
ZZYY 55632 09070 2210/ 550662 166007 6112/
11119 30036 40036 52013
22219 00098
444 20120 09070 2059/ 50101 80110 80063 9/015=
ZZYY 55637 09070 2200/ 551115 170249 6111/
11119 30081 40081 52011
22219 00081
444 20110 09070 2209/ 50101 80110 80000 9/015=
ZZYY 55637 09070 2100/ 551132 170232 6112/
11119 30076 40076 52010
22219 00081
444 20120 09070 2029/ 50101 80110 80000 9/015=
ZZYY 51532 09070 2202/ 505593 174303 6113/
22219 00293
444 20130 09070 2156/ 50101 80119 80036 9/015=
ZZYY 51870 09070 2204/ 305177 155693 6112/
22219 00299
444 20120 09070 2156/ 50101 80083 80255 9/015=
ZZYY 51867 09070 2203/ 303473 160645 6112/
22219 00300
444 20120 09070 2155/ 50101 80057 80012 9/015=
ZZYY 51810 09070 2202/ 508797 170215 6111/
22219 00294
444 20110 09070 2155/ 50101 80079 80012 9/015=
ZZYY 54911 09070 2206/ 522224 171868 6112/
22219 00248
444 20120 09070 2202/ 50101 80108 80099 9/015=
ZZYY 51891 09070 2204/ 306154 174907 6112/
22219 00295
444 20120 09070 2157/ 50101 80113 80011 9/015=
ZZYY 51898 09070 2203/ 306119 174617 6112/
22219 00298
444 20120 09070 2156/ 50101 80109 80012 9/015=
ZZYY 54904 09070 2204/ 529003 162408 6112/
22219 00206
444 20120 09070 2052/ 50101 80106 80014 9/015=
ZZYY 51747 09070 2206/ 312211 170660 6111/
22219 00286
444 20110 09070 2230/ 50101 80003 80019 9////=
ZZYY 32731 09070 2205/ 515256 174670 6112/
22219 00278
444 20120 09070 2159/ 50101 80007 80006 9////=
ZZYY 51657 09070 2207/ 314836 155369 6111/
22219 00261
444 20110 09070 2200/ 50101 80011 80099 9/015=
ZZYY 51769 09070 2205/ 310545 170392 6111/
22219 00289
444 20110 09070 2158/ 50101 80083 80003 9////=
ZZYY 51613 09070 2205/ 308769 175413 6113/
22219 00295
444 20130 09070 2155/ 50101 80010 80000 9////=
ZZYY 51731 09070 2206/ 311975 172795 6111/
22219 00288
444 20110 09070 2158/ 50101 80011 80099 9/015=
ZZYY 51630 09070 2203/ 510623 174768 6112/
22219 00294
444 20120 09070 2157/ 50101 80011 80013 9////=
ZZYY 51770 09070 2204/ 514144 174460 6112/
22219 00288
444 20120 09070 2158/ 50101 80091 80019 9////=
ZZYY 52668 09070 2206/ 314436 151109 6112/
22219 00268
444 20120 09070 2201/ 50101 80011 80099 9/015=
ZZYY 51671 09070 2205/ 312502 150100 6111/
22219 00267
444 20110 09070 2200/ 50101 80008 80072 9/015=
ZZYY 51725 09070 2204/ 305344 170349 6111/
22219 00299
444 20110 09070 2157/ 50101 80010 80013 9/015=
ZZYY 51670 09070 2205/ 306984 156077 6112/
22219 00278
444 20120 09070 2200/ 50101 80011 80000 9/015=
ZZYY 51786 09070 2203/ 513308 169262 6112/
22219 00286
444 20120 09070 2048/ 50101 80099 80009 9////=
ZZYY 33518 09070 2150/ 543487 169048 6111/
11119 30063 40063 52035
22219 00131
444 20110 09070 2208/ 50101 8//// 80071 9/015=
ZZYY 51643 09070 2203/ 505818 178502 6113/
22219 00295
444 20130 09070 2156/ 50101 80120 80099 9/015=
ZZYY 55952 09070 2200/ 547176 164541 6112/
11119 39991 49991 52036
22219 00103
444 20120 09070 2058/ 50101 80110 80011 9/015=
ZZYY 32624 09070 2204/ 512606 172080 6111/
444 20110 09070 2158/ 50101 80012 80001 9/015=
ZZYY 55950 09070 2210/ 558484 166189 6111/
11119 39873 49873 52004
444 50101 80110 80027 9/015=
ZZYY 55570 09070 2130/ 542202 162226 6111/
22219 00128
444 20110 09070 2056/ 50101 80011 80000 9////=
ZZYY 51518 09070 2206/ 316259 174679 6111/
22219 00276
444 20110 09070 2159/ 50101 80013 80013 9////=
ZZYY 16553 09070 2110/ 343448 142805 6111/
444 20110 09070 2059/ 50101 9/015=
ZZYY 51739 09070 2202/ 513939 165550 6111/
22219 00287
444 20110 09070 2158/ 50101 80006 80007 9////=
ZZYY 51745 09070 2201/ 514096 169374 6112/
22219 00286
444 20120 09070 2047/ 50101 9////=
ZZYY 51750 09070 2203/ 512105 171662 6112/
22219 00291
444 20120 09070 2157/ 50101 80009 80037 9/015=
ZZYY 16607 09070 2140/ 546096 160926 6112/
11119 49893 52012
22219 00104
444 20120 09070 2057/ 50101 80011 80005 9////=
ZZYY 51933 09070 2203/ 503799 178442 6113/
22219 00286
444 20130 09070 2155/ 50101 80143 80030 9/015=
ZZYY 55566 09070 2120/ 535975 167082 6111/
22219 00162
444 20110 09070 2054/ 50101 80010 80000 9////=
ZZYY 54550 09070 2120/ 535460 164822 6111/
11119 40093 52016
22219 00164
444 20110 09070 2054/ 50101 80011 80008 9////=
ZZYY 51838 09070 2203/ 100599 170795 6112/
22219 00284
444 20120 09070 2154/ 50101 80127 80025 9/015=
ZZYY 51636 09070 2202/ 503938 171990 6112/
22219 00284
444 20120 09070 2154/ 50101 80123 80007 9/015=
ZZYY 51513 09070 2202/ 312162 152699 6111/
22219 00272
444 20110 09070 2200/ 50101 80007 80016 9////=
ZZYY 55942 09070 2110/ 546297 162100 6111/
11119 39916 49916 52033
22219 00106
444 20110 09070 2056/ 50101 80110 80029 9////=
ZZYY 55939 09070 2110/ 544619 175785 6111/
11119 30159 40159 52015
22219 00128
444 20110 09070 2057/ 50101 80110 80000 9/015=
ZZYY 55939 09070 2210/ 544611 175778 6111/
11119 30168 40168 52019
22219 00128
444 20110 09070 2208/ 50101 80110 80000 9/015=
ZZYY 71701 09070 2150/ 357272 141349 6112/
11119 30102 40102
22219 00021
444 20120 09070 2210/ 50101 8//// 80095 9////=
ZZYY 16938 09070 2120/ 336475 128493 6111/
22219 00151
444 20110 09070 2103/ 50101 9/015=
ZZYY 51640 09070 2202/ 507064 174092 6112/
22219 00296
444 20120 09070 2155/ 50101 80123 80028 9/015=
ZZYY 51505 09070 2202/ 303782 166622 6112/
22219 00295
444 20120 09070 2158/ 50101 80061 80031 9/015=
ZZYY 51921 09070 2203/ 508550 178052 6112/
22219 00294
444 20120 09070 2159/ 50101 80095 9/015=
ZZYY 51716 09070 2204/ 507017 179344 6112/
22219 00292
444 20120 09070 2157/ 50101 80051 80255 9/015=
ZZYY 33589 09070 2120/ 353756 141644 6111/
11119 30159 40159
22219 00029
444 20110 09070 2109/ 50101 8//// 80057 9/015=
ZZYY 51956 09070 2203/ 503988 179455 6112/
444 20120 09070 2157/ 50101 80039 80255 9/015=
ZZYY 51658 09070 2206/ 311089 173567 6111/
22219 00290
444 20110 09070 2158/ 50101 80085 80027 9/015=
####018002187####
SSVX08 KARS 092355
ZZYY 52002 08070 1200/ 301993 164993 6112/
33311 88872 20001 33005 43503 20025 32996 20050 32976 20100 32914
20150 32339 20200 31483 20250 31192 20300 31117 20500 30886
444 20120 08070 1009/ 521//=
ZZYY 52002 09070 22004 301990 164995 6112/
11119 00208 10289 29073
22219 00298
444 20120 09070 2154/ 521// 60401=
ZZYY 52007 08070 1200/ 308042 164797 6111/
33311 88872 20001 32952 43447 20025 32968 20050 32960 20075 32887
20100 32793 20125 32556 20150 32415 20200 32021 20300 31310
20500 30784
444 20110 08070 1007/ 521//=
ZZYY 52007 09070 2200/ 308045 164797 6113/
11119 10246 29091
22219 00295
444 20130 09070 2155/ 521//=
ZZYY 52004 08070 1200/ 305004 165165 6112/
33311 88872 20001 32985 43482 20025 32979 20050 32964 20075 32874
20100 32814 20125 32725 20150 32584 20200 32052 20250 31356
20300 31070 20500 30825
444 20120 08070 1006/ 521//=
ZZYY 52004 09070 22004 305010 165164 6113/
11119 00208 10295 29074
22219 00298
444 20130 09070 2155/ 521// 60401=
ZZYY 52321 08070 1200/ 100016 165005 6112/
33311 88872 20001 32855 43545 20025 32837 43545 20050 32817 43534
20075 32784 43540 20100 32688 20125 32434 20150 32276 20200 31682
20250 31365 20300 31226 20500 30848
444 20120 08070 1010/ 521//=
ZZYY 52321 09070 21004 100009 165007 6112/
11119 00305 10283 29075 40118
22219 00285
444 20120 09070 2046/ 521// 60401=
ZZYY 52001 08070 1200/ 101998 165011 6113/
33311 88872 20001 32923 43513 20025 32922 20050 32923 20075 32909
20100 32627 20125 32453 20150 32130 20250 31212 20300 31129
20500 30881
444 20130 08070 1010/ 521//=
ZZYY 52315 08070 12004 707989 179886 6111/
11119 00815 10263 29093
22219 00281
33311 88872 20000 32811 20001 32815 43436 20025 32816 20050 32812
20075 32809 20100 32603 20125 31992 20150 31467 20200 31149
20250 31040 20300 30988
444 20110 08070 1235/ 521// 60401=
ZZYY 52311 08070 12004 700018 179905 6111/
11119 01009 10275 29074
22219 00278
33311 88872 20000 32784 20001 32784 43551 20025 32778 20050 32756
20075 32707 20100 32626 20150 32020 20200 31583 20250 31250
20300 31143 20500 30828
444 20110 08070 1237/ 521// 60401=
####018000136####
SSVX04 CWEG 092353
ZZYY 46652 09070 2259/ 73789/ 15589/ 6110/ 11119 40285 52008 22219
00199 444 201// 09070 2210/ 80130 80000=

####018000146####
SSVX13 LFPW 100000
ZZYY 13976 10070 0000/ 723269 041182 6110/ 11119 40217 52013 22219
 00264 444 20100 09070 2300/ 50101 80108 80010 9/015=
####018008339####
SSVX11 LFVW 092357
ZZYY 52082 09070 16004 102036 156023 6113/
11119 00208 10282 29073 30105 40105
22219 00298
33311 88872 20000 32979 20002 32979 43458 20025 32981 43462
20050 32981 43460 20075 32984 43466 20100 32813 20125 32485 43502
20150 32056 43495 20200 31402 43464 20250 31136 43474
20300 31025 43474 20500 30818 43458 20750 30599 43453=
ZZYY 52082 09070 15004 102033 156023 6112/
11119 00208 10282 29073 30110 40110
22219 00298
33311 88872 20000 32979 20002 32979 43458 20025 32981 43462
20050 32981 43460 20075 32973 43473 20100 32723 20125 32402 43509
20150 32023 43492 20200 31372 43469 20250 31142 43473
20300 31043 43475 20500 30836 43460 20750 30611 43453
444 20120 09070 1419/ 522// 60401=
ZZYY 52082 09070 14004 102034 156025 6113/
11119 00107 10283 29071 30116 40116
22219 00298
33311 88872 20000 32979 20002 32979 43457 20025 32981 43462
20050 32981 43460 20075 32969 43475 20100 32688 20125 32366 43507
20150 31961 43488 20200 31337 43473 20250 31136 43474
20300 31045 43474 20500 30844 43460 20750 30618 43454
444 20130 09070 1408/ 522// 60401=
ZZYY 52082 09070 11004 102038 156028 6112/
11119 00109 10280 29075 30117 40117
22219 00298
33311 88872 20000 32981 20002 32981 43457 20025 32982 43462
20050 32984 43464 20075 32862 43476 20100 32609 20125 32265 43504
20150 31959 43491 20200 31316 43473 20250 31128 43474
20300 31042 43474 20500 30844 43461 20750 30614 43453
444 20120 09070 1057/ 522// 60401=
ZZYY 52082 09070 13004 102026 156023 6111/
11119 00107 10283 29071 30118 40118
22219 00298
33311 88872 20000 32980 20002 32980 43458 20025 32981 43462
20050 32982 43460 20075 32934 43474 20100 32648 20125 32342 43509
20150 31961 43492 20200 31352 43471 20250 31142 43475
20300 31046 43474 20500 30846 43460 20750 30619 43454
444 20110 09070 1236/ 522// 60401=
ZZYY 52085 09070 15004 100014 156047 6113/
11119 00311 10286 29074 30108 40108
22219 00294
33311 88872 20000 32939 20002 32939 43506 20025 32940 43514
20050 32933 43513 20075 32869 43539 20100 32660 43518
20125 32528 43530 20150 32332 43556 20200 31736 43527
20250 31400 43504 20300 31140 43481 20500 30787 43460
20750 30569 43452
444 20130 09070 1419/ 522// 60401=
ZZYY 52085 09070 14004 100017 156047 6113/
11119 00310 10288 29072 30113 40113
22219 00294
33311 88872 20000 32943 20002 32943 43505 20025 32939 43515
20050 32931 43515 20075 32855 43539 20100 32663 43523
20125 32526 43523 20150 32342 43552 20200 31744 43528
20250 31408 43506 20300 31141 43480 20500 30789 43459
20750 30571 43453
444 20130 09070 1408/ 522// 60401=
ZZYY 52085 09070 11004 100016 156046 6113/
11119 00308 10288 29072 30111 40111
22219 00295
33311 88872 20000 32948 20002 32948 43506 20025 32937 43516
20050 32918 43524 20075 32790 43528 20100 32575 43519
20125 32512 43545 20150 32307 43558 20200 31718 43532
20250 31430 43508 20300 31143 43480 20500 30811 43460
20750 30578 43453
444 20130 09070 1057/ 522// 60401=
ZZYY 52085 09070 10004 100015 156045 6113/
11119 00408 10288 29071 30108 40108
22219 00296
33311 88872 20000 32957 20002 32957 43506 20025 32937 43516
20050 32917 43525 20075 32772 43524 20100 32563 43519
20125 32444 43539 20150 32307 43558 20200 31719 43534
20250 31431 43508 20300 31142 43481 20500 30830 43460
20750 30585 43452
444 20130 09070 0947/ 522// 60401=
ZZYY 52085 09070 12004 100017 156047 6113/
11119 00309 10288 29070 30114 40114
22219 00295
33311 88872 20000 32945 20002 32945 43505 20025 32938 43515
20050 32919 43522 20075 32790 43528 20100 32574 43518
20125 32522 43542 20150 32311 43559 20200 31741 43531
20250 31428 43508 20300 31142 43480 20500 30818 43460
20750 30579 43453
444 20130 09070 1126/ 522// 60401=
ZZYY 52088 09070 1400/ 302018 155959 6112/
11119 10282 29076 30108 40108
22219 00299
33311 88872 20000 32985 20002 32985 43550 20025 32982 43548
20050 32976 43548 20075 32969 43546 20100 32964 43551
20125 32830 43559 20150 32484 43569 20200 31549 43522
20250 31145 43484 20300 31052 43476 20500 30856 43466
20750 30610 43453
444 20120 09070 1409/ 522//=
ZZYY 52088 09070 1100/ 302015 155959 6113/
11119 10285 29076 30109 40109
22219 00299
33311 88872 20000 32991 20002 32991 43549 20025 32981 43547
20050 32975 43548 20075 32969 43547 20100 32962 43551
20125 32814 43561 20150 32447 43570 20200 31587 43529
20250 31151 43485 20300 31059 43477 20500 30877 43467
20750 30619 43454
444 20130 09070 1056/ 522//=
ZZYY 52088 09070 1000/ 302016 155959 6113/
11119 10285 29076 30105 40105
22219 00299
33311 88872 20000 32992 20002 32992 43547 20025 32980 43547
20050 32975 43548 20075 32969 43547 20100 32962 43551
20125 32795 43562 20150 32441 43570 20200 31596 43530
20250 31157 43487 20300 31066 43476 20500 30895 43467
20750 30626 43453
444 20130 09070 0947/ 522//=
ZZYY 52088 09070 1200/ 302015 155960 6112/
11119 10284 29076 30110 40110
22219 00299
33311 88872 20000 32989 20002 32989 43549 20025 32981 43548
20050 32975 43548 20075 32969 43547 20100 32962 43551
20125 32800 43563 20150 32456 43570 20200 31549 43528
20250 31150 43486 20300 31057 43477 20500 30874 43467
20750 30625 43452
444 20120 09070 1127/ 522//=
ZZYY 52086 09070 10004 305028 156022 6113/
11119 01210 10279 29068 30104 40104
22219 00300
33311 88872 20000 32995 20002 32995 43485 20025 32988 43488
20050 32999 43516 20075 32981 43535 20100 32940 43540
20125 32835 43557 20150 32670 43566 20200 31799 43547
20250 31139 43486 20300 30988 43473 20500 30813 43460
20750 30626 43453
444 20130 09070 0946/ 522// 60401=
ZZYY 52086 09070 12004 305028 156022 6113/
11119 01109 10279 29071 30108 40108
22219 00299
33311 88872 20000 32993 20002 32993 43484 20025 32989 43488
20050 33003 43513 20075 32984 43535 20100 32942 43540
20125 32839 43555 20150 32650 43566 20200 31866 43557
20250 31178 43494 20300 31020 43476 20500 30825 43461
20750 30627 43453
444 20130 09070 1125/ 522// 60401=
ZZYY 52086 09070 11004 305028 156026 6113/
11119 01209 10279 29070 30106 40106
22219 00299
33311 88872 20000 32994 20002 32994 43484 20025 32988 43487
20050 33002 43515 20075 32983 43534 20100 32942 43540
20125 32853 43555 20150 32693 43565 20200 31865 43553
20250 31148 43489 20300 31000 43474 20500 30824 43461
20750 30626 43453
444 20130 09070 1055/ 522// 60401=
ZZYY 52086 09070 19004 305030 156019 6112/
11119 01407 10266 29080 30096 40096
22219 00298
33311 88872 20000 32979 20002 32979 43479 20025 32981 43483
20050 33003 43509 20075 32992 43533 20100 32958 43537
20125 32920 43545 20150 32773 43557 20200 31835 43552
20250 31171 43489 20300 31007 43475 20500 30830 43461
20750 30651 43454
444 20120 09070 1854/ 522// 60401=
ZZYY 52086 09070 21004 305017 156022 6111/
11119 00905 10273 29073 30109 40109
22219 00298
33311 88872 20000 32980 20002 32980 43478 20025 32981 43483
20050 32999 43517 20075 32987 43534 20100 32953 43540
20125 32854 43554 20150 32735 43559 20200 31758 43546
20250 31137 43486 20300 30988 43474 20500 30831 43460
20750 30651 43454
444 20110 09070 2047/ 522// 60401=
ZZYY 52086 09070 18004 305029 156022 6113/
11119 01710 10262 29082 30093 40093
22219 00298
33311 88872 20000 32981 20002 32981 43479 20025 32983 43483
20050 33005 43505 20075 32993 43531 20100 32969 43537
20125 32942 43542 20150 32804 43555 20200 31948 43558
20250 31277 43502 20300 31040 43479 20500 30827 43461
20750 30657 43453
444 20130 09070 1734/ 522// 60401=
ZZYY 52086 09070 20004 305027 156020 6113/
11119 01305 10268 29080 30101 40101
22219 00298
33311 88872 20000 32978 20002 32978 43479 20025 32980 43481
20050 33003 43512 20075 32994 43533 20100 32955 43538
20125 32912 43547 20150 32773 43556 20200 31710 43545
20250 31138 43486 20300 30994 43473 20500 30830 43461
20750 30648 43455
444 20130 09070 2035/ 522// 60401=
ZZYY 52084 09070 19004 104972 156037 6112/
11119 00108 10280 29073 30101 40101
22219 00292
33311 88872 20000 32924 20002 32924 20025 32964 43422
20050 32960 43429 20075 32928 43448 20100 32734 43483
20125 32348 43498 20150 32001 43485 20200 31340 43457
20250 31050 43458 20300 30964 43462 20500 30782 43456
20750 30586 43453
444 20120 09070 1852/ 522// 60401=
####018000103####
SSVX02 LFVW 092357
ZZYY 56946 09070 2100/ 546071 160693 6112/
444 20120 09070 2057/ 50101 9/015=
####018000613####
SSVX13 LFVW 092357
ZZYY 25624 09070 2340/ 187926 089560 6112/
11119 30018 40018 52014
444 20120 09070 2341/ 50101 80080 9/015=
ZZYY 55079 09070 2150/ 334163 172145 6113/
11119 40261 52018
444 20130 09070 2205/ 50101 80010 9/015=
ZZYY 52750 09070 2130/ 314502 144990 6112/
11119 40152
22219 00235
33311 88872 20000 32345 42054
444 20120 09070 2036/ 50101 80110 80000 9/015=
ZZYY 55081 09070 2210/ 349668 178810 6113/
11119 30198 40198 52005
444 20130 09070 2208/ 50101 9/015=
ZZYY 55081 09070 2110/ 349668 178811 6113/
11119 30196 40196 52004
444 20130 09070 2058/ 50101 9/015=
