####018003611####
SSVX02 KARS 100219
ZZYY 15903 10070 0212/ 509125 003659 6111/
22219 00253
444 20110 10070 0035/ 50101 80116 80093 9/015=
ZZYY 15672 10070 0211/ 508083 010423 6112/
22219 00259
444 20120 09070 2243/ 50101 80116 80077 9/015=
ZZYY 15660 10070 0211/ 509421 016481 6111/
22219 00267
444 20110 09070 2312/ 50101 80116 80084 9/015=
ZZYY 15901 10070 0210/ 510449 007589 6111/
22219 00246
444 20110 10070 0035/ 50101 80116 80107 9/015=
ZZYY 15651 10070 0212/ 510356 000967 6112/
22219 00246
444 20120 10070 0034/ 50101 80116 80109 9/015=
ZZYY 15650 10070 0212/ 510772 002597 6111/
22219 00240
444 20110 10070 0036/ 50101 80116 80107 9/015=
ZZYY 15646 10070 0211/ 313427 000152 6112/
22219 00227
444 20120 10070 0035/ 50101 80116 80055 9/015=
ZZYY 13571 10070 0130/ 726956 022533 6112/
11119 30190 40190 57009
22219 00224
444 20120 10070 0157/ 50101 80110 80007 9/015=
ZZYY 13908 10070 0211/ 726841 017127 6112/
22219 00222
444 20120 09070 2254/ 50101 80009 80002 9////=
ZZYY 31769 10070 0211/ 706261 026478 6112/
22219 00289
444 20120 10070 0029/ 50101 80012 80002 9////=
ZZYY 31771 10070 0211/ 708972 013428 6113/
22219 00288
444 20130 10070 0200/ 50101 80012 80002 9////=
ZZYY 31774 10070 0211/ 710239 027219 6111/
22219 00291
444 20110 08070 1522/ 50101 80012 80002 9/015=
ZZYY 13938 10070 0211/ 702733 005243 6111/
22219 00274
444 20110 09070 2243/ 50101 80012 80009 9/015=
ZZYY 41943 10070 0212/ 709985 025397 6112/
22219 00288
444 20120 10070 0200/ 50101 80012 80001 9/015=
ZZYY 51530 10070 0212/ 703611 009506 6111/
22219 00266
444 20110 10070 0158/ 50101 80125 80030 9/015=
ZZYY 51528 10070 0211/ 703255 008465 6112/
22219 00269
444 20120 10070 0200/ 50101 80125 80009 9/015=
ZZYY 13934 10070 0211/ 707297 027402 6112/
22219 00285
444 20120 10070 0027/ 50101 80125 80033 9/015=
ZZYY 51524 10070 0211/ 702128 017999 6112/
22219 00273
444 20120 09070 2315/ 50101 80125 80043 9/015=
ZZYY 13906 10070 0211/ 715417 022987 6112/
22219 00257
444 20120 09070 2320/ 50101 80125 80030 9/015=
ZZYY 15504 10070 0212/ 510343 008087 6111/
22219 00246
444 20110 09070 2312/ 50101 80117 80047 9/015=
ZZYY 13629 10070 0211/ 715013 025751 6111/
22219 00264
444 20110 10070 0209/ 50101 80109 80255 9/015=
ZZYY 13636 10070 0211/ 718977 024678 6111/
22219 00245
444 20110 10070 0032/ 50101 80121 80013 9/015=
ZZYY 13568 10070 0140/ 727785 025291 6111/
11119 30210 40210 57006
22219 00228
444 20110 09070 2323/ 50101 80110 80000 9////=
ZZYY 44900 10070 0209/ 730248 018711 6113/
22219 00216
444 20130 09070 2255/ 50101 80043 80034 9////=
ZZYY 15603 10070 0212/ 516880 007943 6111/
22219 00221
444 20110 10070 0037/ 50101 80116 80017 9/015=
ZZYY 15653 10070 0212/ 507671 005456 6111/
22219 00258
444 20110 10070 0023/ 50101 80116 80031 9/015=
ZZYY 15605 10070 0211/ 512514 009702 6111/
22219 00244
444 20110 10070 0025/ 50101 80116 80016 9/015=
ZZYY 15656 10070 0211/ 505208 018263 6111/
22219 00274
444 20110 10070 0201/ 50101 80116 80021 9/015=
ZZYY 13590 10070 0211/ 727954 015345 6112/
22219 00215
444 20120 09070 2253/ 50101 80152 80063 9/015=
ZZYY 13589 10070 0209/ 735407 019767 6111/
22219 00211
444 20110 09070 2327/ 50101 80122 80099 9/015=
ZZYY 15601 10070 0211/ 519195 004055 6112/
444 20120 10070 0037/ 50101 8//// 80057 9/015=
ZZYY 13552 10070 0210/ 714143 021483 6112/
22219 00276
444 20120 09070 2319/ 500// 80018 9/001=
ZZYY 13550 10070 0210/ 712278 026126 6112/
22219 00275
444 20120 10070 0029/ 500// 80012 9/001=
####018001353####
SSVX08 KARS 100219
ZZYY 15001 09070 1200/ 509920 009970 6112/
33311 88872 20001 32595 43654 20020 32597 43657 20040 32597 43657
20080 32491 20100 32119 20120 31847 20140 31655 20180 31298
20300 30995 20500 30773
444 20120 09070 1315/ 521//=
ZZYY 15001 10070 02004 509917 009973 6111/
11119 01017 10243 29073 40164
22219 00259
444 20110 09070 2243/ 521// 60401=
ZZYY 15006 09070 1200/ 506010 010019 6111/
33311 88870 20001 32599 20020 32600 20040 32573 20060 32521
20100 31807 20120 31506 20180 31156 20300 30986 20500 30743
444 20110 09070 1316/ 521//=
ZZYY 15002 09070 1200/ 700011 009869 6111/
33311 88870 20001 32338 20020 32298
444 20110 09070 1317/ 521//=
ZZYY 31007 09070 1200/ 500015 022985 6112/
33311 88872 20001 32611 43633 20020 32606 43628 20060 32227 43627
20080 31873 20100 31632 20120 31544
444 20120 09070 1145/ 521//=
ZZYY 13002 09070 1200/ 720447 023125 6112/
33311 88872 20001 32414 43696 20020 32410 43697 20040 32406 43695
20060 32401 43695 20080 32370 20100 32198 20120 32000 20140 31865
20180 31690 20300 31381 20500 31054
444 20120 09070 1140/ 521//=
ZZYY 31006 09070 1200/ 704051 022977 6112/
33311 88870 20001 32885 20020 32885 20040 32876 20060 32539
20080 32107 20100 31702 20120 31521 20140 31462 20180 31404
20300 31178 20500 30772
444 20120 09070 1147/ 521//=
####018000662####
SSWB41 RKSL 100200
ZZYY 22102 10070 02001 13480/ 12577/ 
11109 01403 10246 40089 5//// 
22209 00196 10701 20071 21004= 
ZZYY 22103 10070 02001 13400/ 12750/ 
11109 00905 10219 40095 5//// 
22209 00208 10601 20064 21007= 
ZZYY 22104 10070 02001 13477/ 12890/ 
11109 00000 10246 40110 5//// 
22209 00231 10601 20064 21006= 
ZZYY 22106 10070 02001 13635/ 12978/ 
11109 01503 10222 40104 5//// 
22209 00224 10401 20038 21003= 
ZZYY 22107 10070 02001 13308/ 12603/ 
11109 01209 10257 40073 5//// 
22209 00251 10302 20030 21012= 
ZZYY 22108 10070 02001 13625/ 12575/ 
11109 01104 10245 40089 5//// 
22209 00252 10401 20040 21003=
####018000663####
SSWB41 RKSL 100200
ZZYY 22102 10070 02001 13480/ 12577/ 
11109 01403 10246 40089 5//// 
22209 00196 10701 20071 21004= 
ZZYY 22103 10070 02001 13400/ 12750/ 
11109 00905 10219 40095 5//// 
22209 00208 10601 20064 21007= 
ZZYY 22104 10070 02001 13477/ 12890/ 
11109 00000 10246 40110 5//// 
22209 00231 10601 20064 21006= 
ZZYY 22106 10070 02001 13635/ 12978/ 
11109 01503 10222 40104 5//// 
22209 00224 10401 20038 21003= 
ZZYY 22107 10070 02001 13308/ 12603/ 
11109 01209 10257 40073 5//// 
22209 00251 10302 20030 21012= 
ZZYY 22108 10070 02001 13625/ 12575/ 
11109 01104 10245 40089 5//// 
22209 00252 10401 20040 21003= 
####018000117####
SSVX07 LFVW 100219
ZZYY 48592 10070 0140/ 770044 142773 6111/
11119 10114 30100 40100
444 20110 10070 0141/=
####018001081####
SSVX02 LFVW 100219
ZZYY 56947 09070 2310/ 328763 083091 6111/
444 20110 09070 2114/ 50101 9/015=
ZZYY 56947 09070 2210/ 328763 083091 6111/
11119 57006
22219 00189
444 20110 09070 2114/ 50101 80080 80000 9/015=
ZZYY 56947 10070 0010/ 328721 083041 6112/
11119 52006
22219 00189
444 20120 10070 0157/ 50101 80080 80000 9/015=
ZZYY 56952 09070 2300/ 327715 084586 6112/
11119 40181 52006
22219 00209
444 20120 09070 2113/ 50101 80090 80000 9/015=
ZZYY 56952 09070 2200/ 327715 084586 6112/
11119 40161 57015
22219 00208
444 20120 09070 2113/ 50101 80090 80000 9/015=
ZZYY 56952 10070 0100/ 327738 084542 6112/
11119 40172 52011
22219 00209
444 20120 10070 0157/ 50101 80090 80001 9/015=
ZZYY 56949 10070 0010/ 331945 104519 6112/
11119 40203 52003
22219 00172
444 20120 09070 2227/ 50101 80080 80029 9/015=
ZZYY 56949 10070 0110/ 331956 104503 6112/
11119 40212 52015
22219 00172
444 20120 10070 0156/ 50101 80080 80028 9/015=
ZZYY 21732 10070 0132/ 143761 146938 6112/
444 20120 09070 2354/ 50101 80016 80029 9/015=
####018005323####
SSVX13 LFVW 100219
ZZYY 56530 09070 2350/ 327122 113686 6111/
11119 30198 40198 52023
22219 00209
444 20110 09070 2347/ 50101 80090 80003 9/015=
ZZYY 56530 10070 0050/ 327116 113686 6112/
11119 30204 40204 52024
22219 00209
444 20120 10070 0015/ 50101 80090 80002 9/015=
ZZYY 56530 10070 0150/ 327120 113695 6112/
11119 30210 40210 52020
22219 00210
444 20120 10070 0156/ 50101 80090 80003 9/015=
ZZYY 56536 09070 2300/ 315576 095906 6112/
11119 30149 40149 54000
22219 00259
444 20120 10070 0156/ 50101 80110 80013 9/015=
ZZYY 56536 09070 2200/ 315548 095909 6112/
11119 30145 40145 57008
22219 00259
444 20120 09070 1918/ 50101 80110 80013 9/015=
ZZYY 56536 10070 0100/ 315576 095906 6112/
11119 30162 40162 52018
22219 00259
444 20120 10070 0156/ 50101 80110 80014 9/015=
ZZYY 56536 10070 0000/ 315576 095906 6112/
11119 30154 40154 52010
22219 00259
444 20120 10070 0156/ 50101 80110 80016 9/015=
ZZYY 56536 10070 0200/ 315576 095906 6112/
11119 30169 40169 52020
22219 00259
444 20120 10070 0156/ 50101 80110 80016 9/015=
ZZYY 56532 09070 2300/ 312696 076542 6113/
11119 30105 40105 57012
22219 00263
444 20130 09070 2109/ 50101 80100 80002 9/015=
ZZYY 56532 10070 0000/ 312696 076542 6113/
11119 30107 40107 57004
22219 00263
444 20130 09070 2109/ 50101 80100 80002 9/015=
ZZYY 56519 09070 2320/ 319575 098576 6112/
11119 30181 40181 52004
22219 00237
444 20120 09070 2223/ 50101 80100 80000 9/015=
ZZYY 56519 10070 0120/ 319570 098572 6111/
11119 30198 40198 52021
22219 00237
444 20110 10070 0155/ 50101 80100 80000 9/015=
ZZYY 56519 10070 0020/ 319570 098572 6111/
11119 30189 40189 52013
22219 00236
444 20110 10070 0155/ 50101 80100 80000 9/015=
ZZYY 56518 09070 2300/ 328489 093243 6112/
11119 30245 40245 57001
22219 00196
444 20120 09070 2103/ 50101 80100 80059 9/015=
ZZYY 56518 10070 0100/ 328487 093248 6112/
11119 30253 40253 52011
22219 00196
444 20120 10070 0157/ 50101 80100 80057 9/015=
ZZYY 56518 10070 0200/ 328487 093248 6112/
11119 30260 40260 52016
22219 00196
444 20120 10070 0157/ 50101 80100 80057 9/015=
ZZYY 56518 10070 0000/ 328487 093248 6112/
11119 30245 40245 52001
22219 00196
444 20120 10070 0157/ 50101 80100 80057 9/015=
ZZYY 56526 09070 2310/ 312304 096117 6113/
11119 30125 40125 52005
22219 00272
444 20130 09070 2059/ 50101 80110 80002 9/015=
ZZYY 56526 09070 2210/ 312304 096117 6113/
11119 30120 40120 57006
22219 00272
444 20130 09070 2059/ 50101 80110 80003 9/015=
ZZYY 56526 10070 0010/ 312326 096094 6112/
11119 30130 40130 52012
22219 00272
444 20120 10070 0154/ 50101 80110 80000 9/015=
ZZYY 56526 10070 0110/ 312326 096094 6112/
11119 30139 40139 52019
22219 00272
444 20120 10070 0154/ 50101 80110 80003 9/015=
ZZYY 56502 10070 0100/ 343149 114600 6111/
11119 39995 49995 52016
22219 00109
444 20110 10070 0018/ 50101 80100 80059 9/015=
ZZYY 56534 10070 0200/ 332270 091877 6112/
11119 30240 40240 52010
22219 00166
444 20120 09070 2227/ 50101 80100 80027 9/015=
ZZYY 56535 10070 0100/ 317671 108000 6112/
11119 30182 40182 52019
22219 00257
444 20120 10070 0012/ 50101 80100 80003 9/015=
ZZYY 56535 10070 0200/ 317669 107984 6111/
11119 30189 40189 52022
22219 00257
444 20110 10070 0155/ 50101 80100 80003 9/015=
ZZYY 56533 10070 0050/ 329894 114525 6112/
11119 30191 40191 52022
22219 00202
444 20120 10070 0013/ 50101 80100 80003 9/015=
ZZYY 56533 10070 0150/ 329890 114519 6112/
11119 30199 40199 52027
22219 00202
444 20120 10070 0157/ 50101 80100 80003 9/015=
ZZYY 23714 10070 0100/ 309114 089766 6111/
11119 30115 40115 52016
22219 00274
444 20110 09070 2108/ 50101 80130 80071 9/015=
ZZYY 56524 10070 0100/ 323877 111383 6111/
11119 30222 40222 52016
22219 00214
444 20110 09070 2224/ 50101 80100 80065 9/015=
ZZYY 56511 10070 0110/ 349770 123450 6111/
11119 39856 49856 52002
22219 00062
444 20110 10070 0021/ 50101 80110 80000 9/015=
ZZYY 17526 10070 0200/ 551949 017564 6113/
11119 40177 57026
22219 00024
444 50101 80112 80008 9/015=
ZZYY 16551 10070 0200/ 342088 043393 6110/
11119 40170 57036
22219 00095
444 20100 10070 0104/ 50101 80114 80013 9/015=
ZZYY 17572 10070 0200/ 346555 055384 6110/
11119 40215 57018
22219 00049
444 2020/ 346555 055384 50101 80118 80000 9/015=
ZZYY 23594 10070 0200/ 108208 057319 6113/
11119 40063 52003
22219 00281
444 20130 10070 0145/ 50101 80109 9/015=
ZZYY 53549 10070 0100/ 314148 120136 6111/
11119 40142 52020
22219 00276
444 20110 10070 0011/ 50101 80148 80000 9/015=
ZZYY 53549 10070 0000/ 314148 120136 6111/
11119 40140 52022
22219 00276
444 20110 10070 0011/ 50101 80148 80000 9/015=
ZZYY 53550 10070 01004 322253 112806 6111/
11119 01417 40216 52019
22219 00243
444 20110 10070 0156/ 50101 80128 80100 9/015=
ZZYY 53550 10070 00004 322241 112827 6112/
11119 01339 40214 52029
22219 00243
444 20120 09070 2224/ 50101 80128 80100 9/015=
ZZYY 56529 10070 0050/ 324046 098078 6111/
11119 30223 40223 52016
22219 00211
444 20110 10070 0156/ 50101 80090 80005 9/015=
ZZYY 56529 10070 0150/ 324046 098078 6111/
11119 30232 40232 52017
22219 00211
444 20110 10070 0156/ 50101 80090 80003 9/015=
####018000391####
SSVX02 LFVW 100221
ZZYY 56938 10070 0130/ 331074 054410 6111/
11119 40260 57009
22219 00186
444 20110 10070 0154/ 50101 80110 80000 9/015=
ZZYY 56952 10070 0000/ 327738 084542 6112/
11119 40182 52006
22219 00209
444 20120 10070 0157/ 50101 80090 80000 9/015=
ZZYY 56939 10070 0100/ 334236 035633 6112/
11119 40174 57019
444 20120 10070 0040/ 50101 80100 80000 9/015=
####018000373####
SSVX13 LFVW 100221
ZZYY 63640 10070 0150/ 769268 000106 6113/
22219 00091
444 20130 10070 0143/ 50101 80080 80003 9/015=
ZZYY 63508 10070 0150/ 169827 018562 6112/
11119 57008
22219 00112
444 20120 09070 1126/ 50101 80090 80002 9/015=
ZZYY 63508 10070 0050/ 169827 018562 6112/
11119 57008
22219 00111
444 20120 09070 1126/ 50101 80090 80002 9/015=
