####018010345####
SSVX08 KARS 212037
ZZYY 15006 20091 1200/ 506038 010002 6111/
33311 88872 20001 32442 43619 20020 32429 43619 20040 32429 43624
20080 31958 20100 31643 20120 31387 20140 31251 20180 31085
20300 30923
444 20110 20091 1044/ 521//=
ZZYY 51021 20091 1200/ 701994 154969 6111/
33311 88870 20001 32642
444 20110 20091 1128/ 521//=
ZZYY 51021 21091 19004 701991 154974 6112/
11119 00814
22219 00263
444 20120 21091 1901/ 521// 60401=
ZZYY 52313 20091 1200/ 305842 176732 6111/
33311 88872 20001 32842 43557 20025 32842 20050 32840 20075 32840
20100 32840 20125 32841 20150 32819 20200 32245 20250 31633
20300 31240 20500 30805
444 20110 20091 1311/ 521//=
ZZYY 52313 21091 19004 305743 176672 6111/
11119 01111 10279 29071
22219 00284
444 20110 21091 1904/ 521// 60401=
ZZYY 15002 20091 1200/ 700013 009867 6112/
33311 88872 20001 32424 20020 32394 43578 20040 32346 43579
20060 32135 43585 20080 31923 20100 31693 20120 31534 20140 31500
20180 31413 20300 31075 20500 30742
444 20120 20091 1043/ 521//=
ZZYY 51010 20091 1200/ 500027 170065 6112/
33311 88872 20001 32716 43522 20025 32712 43524 20050 32698 43525
20125 32119 20150 31786 20200 31400 20250 31250 20300 31150
20500 30826
444 20120 20091 1154/ 521//=
ZZYY 51010 21091 18004 500029 170064 6111/
11119 00914 10266 29081 40105
22219 00267
444 20110 21091 1902/ 521// 60401=
ZZYY 51010 21091 19004 500029 170064 6111/
11119 00912 10267 29081 40114
22219 00267
444 20110 21091 1902/ 521// 60401=
ZZYY 52003 20091 1200/ 105099 165036 6111/
33311 88872 20001 32950 43392 20025 32943 20050 32942 20075 32953
20100 32855 20125 32512 20150 31970 20200 31155 20250 30998
20300 30940 20500 30782
444 20110 20091 1335/ 521//=
ZZYY 51008 20091 1200/ 702014 140021 6111/
33311 88870 20040 32615 20060 32579 20080 32448 20100 32311
20120 32006 20140 31572 20180 31361 20300 31153 20500 30913
444 20110 20091 1151/ 521//=
ZZYY 51020 20091 1200/ 705006 154955 6111/
33311 88872 20001 32771 43507 20025 32768 20050 32766 20100 32673
20125 32582 20150 32064 20200 31248 20250 31107 20300 31077
20500 30900
444 20110 20091 1307/ 521//=
ZZYY 51020 21091 18004 705000 154949 6112/
11119 01409 10267 29079
22219 00275
444 20120 21091 1737/ 521// 60401=
ZZYY 51020 21091 19004 704996 154950 6111/
11119 01409 10267 29079
22219 00275=
ZZYY 51309 20091 1200/ 708015 170037 6112/
33311 88872 20001 32838 43427 20050 32840 20075 32792 20100 32483
20150 31555 20200 31164 20250 31078 20300 31017 20500 30834
444 20120 20091 1151/ 521//=
ZZYY 51309 21091 18004 708003 170040 6111/
11119 01508 10254 29093
22219 00283
444 20110 21091 1901/ 521// 60401=
ZZYY 51309 21091 19004 708003 170040 6111/
11119 01609 10265 29089
22219 00284
444 20110 21091 1901/ 521// 60401=
ZZYY 52004 20091 1200/ 305005 165155 6111/
33311 88872 20001 32911 43554 20025 32909 20075 32907 20100 32907
20125 32880 20200 32048
444 20110 20091 1023/ 521//=
ZZYY 52004 21091 19004 305002 165165 6111/
11119 00813 10285 29076
22219 00291
444 20110 21091 1621/ 521// 60401=
ZZYY 51019 20091 1200/ 504989 155007 6112/
33311 88870 20001 32710 20025 32708 20050 32707 20075 32706
20100 32706 20125 32553 20150 32085 20200 31452 20250 31148
20300 31031 20500 30810
444 20120 20091 1129/ 521//=
ZZYY 52312 20091 1200/ 501971 179922 6111/
33311 88872 20001 32822 43544 20025 32821 20050 32820 20075 32819
20100 32820 20125 32753 20150 32247 20200 31306 20250 31140
20300 31082 20500 30776
444 20110 20091 1310/ 521//=
ZZYY 52312 21091 18004 501978 179921 6111/
11119 01214 10276 29085
22219 00282
444 20110 21091 1903/ 521// 60401=
ZZYY 52312 21091 19004 501978 179921 6111/
11119 01115 10279 29083
22219 00282
444 20110 21091 1903/ 521// 60401=
ZZYY 52001 20091 1200/ 102016 164997 6112/
33311 88872 20001 32957 43474 20025 32950 20050 32946 20075 32910
20100 32726 20125 32585 20150 32452 20200 31333 20250 31098
20300 31074 20500 30784
444 20120 20091 1026/ 521//=
ZZYY 51301 20091 1200/ 707989 155000 6111/
33311 88870 20001 32841 20050 32812 20075 32726 20100 32332
20125 31709 20150 31348 20200 31131 20300 31012 20500 30813
444 20110 20091 1148/ 521//=
ZZYY 51301 21091 18004 707983 154985 6113/
11119 00215 10269 29084
22219 00285
444 20130 21091 1736/ 521// 60401=
ZZYY 51301 21091 19004 707982 154980 6112/
11119 00414 10266 29084
22219 00284=
ZZYY 52310 20091 1200/ 702018 179831 6111/
33311 88872 20001 32793 43516 20050 32790 20075 32789 20100 32786
20125 32734 20150 32211 20200 31235 20250 31142 20300 31092
20500 30823
444 20110 20091 1310/ 521//=
ZZYY 52310 21091 18004 702013 179834 6111/
11119 01017 10277 29079
22219 00280
444 20110 21091 1902/ 521// 60401=
ZZYY 51305 20091 1200/ 702036 170053 6112/
33311 88872 20001 32723 43510 20025 32724 20050 32717 20075 32714
20100 32693 20125 32444 20150 31809 20200 31163 20250 31143
20300 31117
444 20120 20091 1153/ 521//=
ZZYY 51305 21091 1900/ 702040 170064 6111/
11119 10271 29082
22219 00270
444 20110 21091 1902/ 521//=
ZZYY 51306 20091 1200/ 502155 170031 6111/
33311 88872 20001 32772 43556 20025 32770 20050 32769 20100 32768
20125 32586 20150 32113 20250 31103 20500 30838
444 20110 20091 1152/ 521//=
ZZYY 51306 21091 19004 502153 170029 6111/
11119 01013 10276 29074
22219 00277
444 20110 21091 1902/ 521// 60401=
ZZYY 52007 20091 1200/ 308040 164788 6112/
33311 88872 20001 32913 43535 20025 32905 20050 32903
444 20120 20091 1022/ 521//=
ZZYY 52007 21091 19004 308027 164773 6112/
11119 01009 10284 29076
22219 00290
444 20120 21091 1907/ 521// 60401=
ZZYY 52315 20091 1200/ 707983 179855 6112/
33311 88872 20001 32879 43419 20025 32881 20050 32882 20075 32850
20100 32778 20125 32301 20150 31789 20200 31200 20250 31089
20500 30830
444 20120 20091 0953/ 521//=
ZZYY 52315 21091 18004 707973 179857 6112/
11119 01312 10272 29074
22219 00288
444 20120 21091 1859/ 521// 60401=
ZZYY 51006 20091 1200/ 709010 140231 6113/
33311 88872 20001 32753 43392 20020 32780 20040 32736 20060 32181
20080 31610 20100 31281 20120 31207 20140 31152 20180 31088
20300 30987 20500 30829
444 20130 20091 1148/ 521//=
ZZYY 51006 21091 18004 709004 140230 6111/
11119 01901 10260 29090
22219 00277
444 20110 21091 1734/ 521// 60401=
ZZYY 52002 20091 1200/ 302000 164967 6111/
22219 00290
33311 88872 20000 32899 43552 20500 30794
444 20110 20091 1024/ 521//=
ZZYY 52002 21091 19004 302004 164981 6112/
11119 01116 10276 29078
22219 00289
444 20120 21091 1622/ 521// 60001=
ZZYY 51302 20091 1200/ 508268 155012 6111/
33311 88872 20001 32717 43548 20025 32715 20050 32714 20075 32714
20100 32715 20125 32700 20150 32563 20200 32152 20250 31599
20300 31198 20500 30805
444 20110 20091 1155/ 521//=
ZZYY 51302 21091 19004 508264 155020 6111/
11119 01114 10272 29073
22219 00272
444 20110 21091 1903/ 521// 60401=
ZZYY 51304 20091 1200/ 504993 170026 6112/
33311 88872 20001 32779 43543 20025 32778 20050 32777 20125 32682
20150 32522 20200 31890 20250 31354 20300 31117 20500 30821
444 20120 20091 1154/ 521//=
ZZYY 51304 21091 19004 505003 170028 6112/
11119 00914 10279 29072
22219 00277
444 20120 21091 1440/ 521// 60401=
ZZYY 51023 20091 1200/ 500002 154960 6111/
33311 88870 20001 32553 20025 32544 20050 32526 20100 32137
20125 31808 20200 31335 20250 31193 20300 31117 20500 30822
444 20110 20091 1127/ 521//=
ZZYY 51022 20091 1200/ 501978 155000 6111/
33311 88872 20001 32675 43534 20025 32676 20050 32669 20075 32668
20100 32668 20125 32046 20150 31621 20200 31304 20300 31092
444 20110 20091 1128/ 521//=
ZZYY 51022 21091 19004 501975 154996 6112/
11119 01118 10271 29074
22219 00267
444 20120 21091 1903/ 521// 60401=
ZZYY 13010 20091 12004 500011 000001 6111/
11119 01906 10253 29078
22219 00263
33311 88872 20000 32631 20001 32612 20020 32604 43539
20040 32366 43563 20060 31885 20080 31716 20100 31621
20120 31536 43559 20140 31509 20180 31486 20300 31042 20500 30760
444 20110 20091 1245/ 521// 60001=
ZZYY 52316 20091 1200/ 507987 179856 6111/
33311 88870 20025 32854 20050 32852 20075 32851 20100 32851
20125 32843 20150 32763 20200 32318 20300 31459 20500 30799
444 20110 20091 1336/ 521//=
ZZYY 52316 21091 19004 507990 179852 6111/
11119 01009 10280 29073
444 20110 21091 1906/ 521// 60401=
ZZYY 52311 20091 1200/ 700046 179922 6112/
33311 88872 20001 32771 43536 20025 32770 20050 32763 20075 32744
20100 32624 20125 32282 20150 31949 20200 31453 20250 31295
20500 30799
444 20120 20091 1310/ 521//=
ZZYY 52311 21091 18004 700043 179909 6111/
11119 01015 10275 29079
22219 00277
444 20110 21091 1903/ 521// 60401=
ZZYY 52311 21091 19004 700043 179909 6111/
11119 01015 10278 29079
22219 00277
444 20110 21091 1903/ 521// 60401=
ZZYY 52321 20091 1200/ 100004 164966 6112/
33311 88872 20001 32905 20025 32895 43520 20050 32886 43525
20075 32871 43530 20100 32825 20125 32555 20150 32338 20200 31725
20250 31322 20500 30779
444 20120 20091 1336/ 521//=
ZZYY 52321 21091 19004 300002 164971 6111/
11119 00910 10280 29084 40094
22219 00287
444 20110 21091 1905/ 521// 60401=
ZZYY 51310 20091 12004 508018 170061 6112/
11119 01213 10277 29078
22219 00281
33311 88872 20000 32808 20001 32811 43556 20025 32810 20050 32809
20075 32809 20100 32809 20125 32797 20150 32668 20200 32234
444 20120 20091 1156/ 521// 60401=
ZZYY 48400 20091 12004 750130 144819 6111/
11119 02224 10122 29088
22219 00127
33311 88872 20000 31266 20001 31265 43798
444 20110 20091 1139/ 521// 60401=
ZZYY 51303 20091 1200/ 705052 170014 6111/
33311 88872 20001 32775 43524 20025 32775 20050 32775 20075 32774
20100 32768 20200 31564 20250 31106 20300 31014 20500 30852
444 20110 20091 1150/ 521//=
ZZYY 51303 21091 1800/ 705018 169975 6111/
11119 10261 29082
22219 00275
444 20110 21091 1902/ 521//=
ZZYY 51303 21091 1900/ 705018 169975 6111/
11119 10266 29080
22219 00275
444 20110 21091 1902/ 521//=
ZZYY 52309 21091 1800/ 705006 179918 6112/
11119 10281 29084
444 20120 21091 1902/ 521//=
ZZYY 52309 21091 1900/ 705006 179918 6112/
11119 10284 29083
444 20120 21091 1902/ 521//=
####018010525####
SSVX02 KARS 212037
ZZYY 71690 21091 1930/ 551369 025057 6111/
22219 00022
444 20110 21091 1905/ 50101 80110 80015 9/015=
ZZYY 54949 21091 1900/ 530676 153732 6112/
11119 40096 57021
22219 00182
444 20120 21091 1912/ 50101 80010 80000 9////=
ZZYY 21525 21091 1851/ 140706 168163 6112/
22219 00219
444 20120 21091 1610/ 50101 80110 80062 9/015=
ZZYY 43517 21091 1610/ 734363 167754 6111/
11119 30166 40166 57009
22219 00253
444 20110 21091 1613/ 50101 8//// 80000 9////=
ZZYY 21944 21091 1720/ 727915 174248 6111/
11119 30206 40206 52006
22219 00274
444 20110 21091 1754/ 50101 80010 80000 9////=
ZZYY 22576 21091 1858/ 732658 140303 6112/
22219 00239
444 20120 21091 1846/ 50101 80010 80000 9/015=
ZZYY 22919 21091 1857/ 131727 170458 6112/
22219 00277
444 20120 21091 1854/ 50101 80009 80000 9/015=
ZZYY 22536 21091 1859/ 131789 176435 6113/
22219 00268
444 20130 21091 1849/ 50101 80010 80000 9////=
ZZYY 21933 21091 1750/ 734205 166141 6111/
11119 30170 40170 52001
444 20110 21091 1726/ 50101 8//// 80052 9/015=
ZZYY 46762 21091 1855/ 720352 136202 6111/
22219 00232
444 50101 80000 80061 9/015=
ZZYY 22910 21091 1857/ 740308 151684 6111/
22219 00200
444 20110 21091 1904/ 50101 80009 80004 9////=
ZZYY 22927 21091 1857/ 741401 152320 6111/
22219 00176
444 20110 21091 1904/ 50101 80009 80099 9////=
ZZYY 46909 21091 1859/ 719898 175876 6113/
444 20130 21091 1856/ 50101 80112 80000 9/015=
ZZYY 46767 21091 1857/ 715929 168446 6112/
22219 00273
444 20120 21091 1858/ 50101 80084 80030 9/015=
ZZYY 46764 21091 1859/ 720809 177233 6112/
22219 00278
444 20120 21091 1857/ 50101 80072 80013 9/015=
ZZYY 46766 21091 1859/ 723284 152223 6113/
22219 00252
444 20130 21091 1848/ 50101 80082 80022 9/015=
ZZYY 46516 21091 1857/ 735434 140106 6111/
22219 00233
444 20110 21091 1905/ 50101 80094 80093 9////=
ZZYY 46904 21091 1859/ 719363 140173 6112/
22219 00245
444 20120 21091 1854/ 50101 80072 80098 9/015=
ZZYY 22635 21091 1856/ 722064 139612 6112/
444 20120 21091 1853/ 50101 80009 80055 9/015=
ZZYY 22578 21091 1859/ 131508 173320 6112/
22219 00270
444 20120 21091 1854/ 50101 80010 80000 9/015=
ZZYY 17520 21091 1941/ 336013 045544 6112/
22219 00162
444 20120 21091 1819/ 50101 80094 80005 9////=
ZZYY 22616 21091 1900/ 732213 154494 6113/
22219 00257
444 20130 21091 1846/ 50101 80045 80000 9/015=
ZZYY 52901 21091 1857/ 132615 169981 6111/
22219 00268
444 20110 21091 1854/ 50101 80010 80089 9/015=
ZZYY 21578 21091 1630/ 136507 168455 6112/
11119 30225 40225 52001
22219 00262
444 50101 80120 80000 9/015=
ZZYY 51643 21091 1910/ 508513 152870 6112/
22219 00272
444 50101 80117 80012 9/015=
ZZYY 21617 21091 1858/ 133548 172529 6111/
22219 00260
444 20110 21091 1855/ 50101 80110 80048 9/015=
ZZYY 33691 21091 1953/ 527641 002147 6113/
22219 00184
444 20130 21091 1945/ 50101 80070 80009 9/015=
ZZYY 22593 21091 1856/ 739582 154318 6111/
22219 00205
444 20110 21091 1846/ 50101 80007 80093 9/015=
ZZYY 46905 21091 1900/ 710183 152910 6113/
22219 00276
444 20130 21091 1858/ 50101 80084 80024 9/015=
ZZYY 46906 21091 1859/ 712510 149496 6112/
22219 00270
444 20120 21091 1857/ 50101 80076 80023 9/015=
ZZYY 51613 21091 1901/ 709354 141528 6112/
444 20120 21091 1858/ 50101 80113 80070 9/015=
ZZYY 51870 21091 1907/ 304352 173524 6112/
444 20120 21091 1908/ 50101 80111 80013 9/015=
ZZYY 51739 21091 1905/ 714565 153702 6112/
22219 00268
444 20120 21091 1857/ 50101 80111 80008 9/015=
ZZYY 15945 21091 1958/ 505727 017570 6112/
22219 00251
444 20120 21091 1948/ 50101 80084 80012 9/015=
ZZYY 51512 21091 1911/ 319749 176868 6113/
22219 00246
444 20130 21091 1912/ 50101 80115 80031 9/015=
ZZYY 15904 21091 1956/ 310805 007204 6112/
22219 00206
444 20120 21091 1946/ 50101 80152 80008 9/015=
ZZYY 32615 21091 1903/ 708800 143797 6111/
22219 00275
444 20110 21091 1859/ 50101 80007 80016 9/015=
ZZYY 15666 21091 1954/ 314852 008702 6112/
22219 00181
444 20120 21091 1945/ 50101 80152 80012 9/015=
ZZYY 15679 21091 1956/ 308903 006312 6112/
22219 00223
444 20120 21091 1946/ 50101 80152 80008 9/015=
ZZYY 46903 21091 1853/ 730524 134502 6112/
22219 00215
444 20120 21091 1847/ 50101 80138 80000 9/015=
ZZYY 51955 21091 1900/ 129835 179883 6111/
22219 00271
444 20110 21091 1854/ 50101 80148 80008 9/015=
ZZYY 46605 21091 1901/ 730648 176137 6113/
22219 00268
444 20130 21091 1610/ 50101 80142 80007 9/015=
ZZYY 51664 21091 1905/ 712938 172373 6113/
22219 00274
444 20130 21091 1859/ 50101 80111 80130 9/015=
ZZYY 51973 21091 1900/ 733736 163899 6112/
22219 00253
444 20120 21091 1848/ 50101 80117 80041 9/015=
ZZYY 71626 21091 1950/ 526492 002361 6112/
11119 30269 40269 52012
22219 00187
444 20120 21091 1945/ 50101 80100 80009 9/015=
ZZYY 51974 21091 1859/ 736592 164073 6112/
22219 00239
444 20120 21091 1846/ 50101 80119 80009 9/015=
ZZYY 15618 21091 1955/ 520797 002153 6112/
22219 00190
444 20120 21091 1947/ 50101 80124 80180 9/015=
ZZYY 51648 21091 1909/ 304805 163777 6112/
22219 00292
444 50101 80107 80010 9/015=
ZZYY 31984 21091 1920/ 701358 029266 6113/
11119 30126 40126
22219 00276
444 20130 21091 1715/ 50101 80110 80098 9/015=
ZZYY 21854 21091 1800/ 138887 168177 6111/
11119 30216 40216
22219 00239
444 20110 21091 1744/ 50101 80100 80000 9/015=
ZZYY 13959 21091 2000/ 714410 016972 6112/
22219 00335
444 20120 21091 0422/ 50101 80150 80001 9/015=
ZZYY 46927 21091 1858/ 733068 145761 6112/
22219 00240
444 20120 21091 1845/ 50101 80138 80003 9/015=
ZZYY 53904 21091 1855/ 142159 171751 6111/
22219 00190
444 20110 21091 1849/ 50101 80132 80005 9/015=
ZZYY 33575 21091 1940/ 542576 028277 6112/
11119 30178 40178
22219 00101
444 20120 21091 1842/ 50101 80110 80059 9/015=
ZZYY 43532 21091 1858/ 718792 141697 6112/
22219 00248
444 20120 21091 1730/ 50101 80076 80027 9/015=
ZZYY 51816 21091 1859/ 727659 170098 6113/
22219 00270
444 20130 21091 1856/ 50101 80078 80015 9/015=
ZZYY 51930 21091 1902/ 727738 176942 6113/
22219 00271
444 20130 21091 1856/ 50101 80115 80021 9/015=
ZZYY 43522 21091 1901/ 126005 177299 6111/
22219 00283
444 20110 21091 1856/ 50101 80076 80002 9/015=
ZZYY 51927 21091 1857/ 117356 171062 6113/
22219 00287
444 20130 21091 1614/ 50101 80088 80006 9/015=
ZZYY 51931 21091 1901/ 729336 161340 6111/
22219 00265
444 20110 21091 1846/ 50101 80070 80010 9/015=
ZZYY 15905 21091 1955/ 312879 008080 6112/
22219 00196
444 20120 21091 1948/ 50101 80152 80007 9/015=
ZZYY 51617 21091 1907/ 710093 173402 6113/
22219 00280
444 20130 21091 1900/ 50101 80045 80000 9/015=
ZZYY 21910 21091 1858/ 128732 173961 6112/
22219 00279
444 20120 21091 1612/ 50101 80122 80010 9/015=
ZZYY 21912 21091 1900/ 127956 176065 6111/
22219 00275
444 20110 21091 1855/ 50101 80148 80006 9/015=
ZZYY 51641 21091 1900/ 732624 172644 6113/
22219 00262
444 20130 21091 1848/ 50101 80117 80056 9/015=
ZZYY 46926 21091 1900/ 724967 143014 6112/
22219 00240
444 20120 21091 1849/ 50101 80138 80002 9/015=
ZZYY 14942 21091 1902/ 726852 165748 6112/
22219 00270
444 20120 21091 1848/ 50101 8//// 80000 9/015=
ZZYY 14946 21091 1858/ 132309 170900 6111/
22219 00271
444 20110 21091 1854/ 50101 8//// 80000 9/015=
ZZYY 43525 21091 1905/ 715156 159034 6112/
22219 00266
444 20120 21091 1859/ 50101 80088 80010 9/015=
ZZYY 51868 21091 1900/ 120512 167452 6112/
22219 00283
444 20120 21091 1756/ 50101 80109 80006 9/015=
ZZYY 14945 21091 1858/ 739430 158982 6111/
22219 00197
444 20110 21091 1904/ 50101 8//// 80030 9/015=
ZZYY 43529 21091 1906/ 717047 172192 6112/
22219 00272
444 20120 21091 1858/ 50101 80084 80002 9/015=
ZZYY 31708 21091 1952/ 331491 009936 6113/
22219 00166
444 20130 21091 1944/ 50101 80006 80026 9////=
ZZYY 43518 21091 1859/ 728835 169822 6111/
22219 00269
444 20110 21091 1611/ 50101 80074 80003 9/015=
ZZYY 51647 21091 1904/ 710740 150892 6112/
22219 00273
444 20120 21091 1858/ 50101 80109 80006 9/015=
ZZYY 51892 21091 1907/ 710149 179071 6113/
22219 00282
444 20130 21091 1900/ 50101 80105 80005 9/015=
ZZYY 52618 21091 1907/ 709460 175753 6112/
22219 00279
444 20120 21091 1900/ 50101 80117 80004 9/015=
ZZYY 21541 21091 1820/ 714624 167953 6112/
11119 30135 40135 52017
22219 00270
444 20120 21091 1859/ 50101 80010 80000 9////=
ZZYY 21964 21091 1820/ 134946 174803 6111/
11119 30217 40217 52011
22219 00252
444 20110 21091 1854/ 50101 80009 80000 9////=
ZZYY 21952 21091 1857/ 135273 170258 6112/
22219 00260
444 20120 21091 1854/ 50101 80110 80082 9/015=
ZZYY 51652 21091 1909/ 705002 169428 6112/
22219 00273
444 50101 80123 80020 9/015=
ZZYY 51788 21091 1905/ 709466 149680 6112/
22219 00276
444 20120 21091 1858/ 50101 80088 80000 9/015=
ZZYY 51628 21091 1858/ 127642 179819 6112/
22219 00273
444 20120 21091 1849/ 50101 80090 80025 9/015=
ZZYY 46567 21091 1900/ 720179 163482 6111/
22219 00271
444 20110 21091 1857/ 50101 80078 80032 9/015=
ZZYY 52667 21091 1858/ 741517 154733 6111/
22219 00172
444 20110 21091 1844/ 50101 8//// 80005 9////=
ZZYY 32552 21091 1900/ 122930 169701 6111/
22219 00271
444 20110 21091 1857/ 50101 80049 80028 9/015=
ZZYY 51536 21091 1901/ 110153 166166 6113/
22219 00287
444 20130 21091 1756/ 50101 80095 80006 9/015=
ZZYY 13548 21091 1950/ 705613 021169 6112/
22219 00279
444 20120 21091 1958/ 500// 80010 9/001=
ZZYY 51972 21091 1907/ 311565 167620 6112/
22219 00287
444 20120 21091 1909/ 50101 80081 80005 9/015=
ZZYY 51855 21091 1859/ 133208 175471 6112/
22219 00259
444 20120 21091 1854/ 50101 80111 80006 9/015=
ZZYY 51907 21091 1909/ 504169 159652 6113/
22219 00271
444 50101 80119 80019 9/015=
ZZYY 51770 21091 1901/ 710436 143587 6112/
22219 00272
444 20120 21091 1857/ 50101 80119 80035 9/015=
ZZYY 51918 21091 1909/ 504589 170756 6112/
22219 00276
444 50101 80121 80005 9/015=
ZZYY 51639 21091 1909/ 504894 174678 6112/
444 20120 21091 1910/ 50101 80117 80255 9/015=
ZZYY 51781 21091 1909/ 505218 169640 6111/
22219 00276
444 50101 80121 80043 9/015=
ZZYY 15602 21091 1957/ 502551 027383 6112/
22219 00264
444 20120 21091 1715/ 50101 80082 80013 9/015=
ZZYY 51744 21091 1854/ 134554 168006 6112/
22219 00265
444 20120 21091 1611/ 50101 80121 80006 9/015=
####018000345####
SSVX02 LFVW 212038
ZZYY 22689 21091 1857/ 735798 177760 6111/
22219 00239
444 20110 21091 1852/ 50101 80114 80007 9/015=
ZZYY 62774 21091 2000/ 745964 004620 6113/
22219 00192
444 20130 21091 2025/ 50101 80115 80043 9/050=
ZZYY 62774 21091 1930/ 745964 004618 6113/
22219 00193
444 20130 21091 1955/ 50101 80115 80043 9/050=
####018000451####
SSVX13 LFVW 212038
ZZYY 15955 21091 1950/ 503694 017991 6111/
11119 40131
22219 00252
33311 88872 20000 32518 43624
444 20110 21091 1953/ 50101 80118 80013 9/015=
ZZYY 15955 21091 1850/ 503694 017991 6111/
11119 40127
22219 00252
33311 88872 20000 32521 43624
444 20110 21091 1953/ 50101 80118 80011 9/015=
ZZYY 51682 21091 1900/ 311402 159671 6111/
11119 40103
22219 00286
444 20110 21091 1803/ 50101 80080 80070 9/015=
####018000248####
SSVX04 CWEG 212036
ZZYY 46638 21091 1959/ 75389/ 17254/ 6110/ 11119 49996 57003 22219
00085 444 201// 21091 1846/ 80120 80049=
ZZYY 46643 21091 1859/ 75228/ 15967/ 6110/ 11119 49929 52007 22219
00101 444 201// 21091 0515/ 80080 80057=

####018000120####
SSVX02 CWAO 212030
ZZYY 47544 21091 2030/ 771609 101052 6113/ 22219 00012 444 20130 21091 2030/ 50700 80140 80001 =
####018000123####
SSVX02 CWAO 212030
ZZYY 47544 21091 2030/ 771609 101052 6113/ 22219 00012 444 20130 21091 2030/ 50700 80140 80001 =

####018002825####
SSVX02 KARS 212039 RRA
ZZYY 51953 21091 1830/ 528843 152926 6113/
22219 00195
33311 88872 20000 31950 42048
444 20130 21091 1855/ 50101 80080 80098 9/015=
ZZYY 51653 21091 1851/ 718809 135964 6113/
22219 00251
444 20130 21091 1725/ 50101 80122 80031 9/015=
ZZYY 51969 21091 1856/ 506070 135038 6113/
22219 00255
444 20130 21091 1850/ 50101 80120 80027 9/015=
ZZYY 55937 21091 1840/ 526699 127439 6112/
11119 30175 40175 52021
22219 00218
444 20120 21091 1855/ 50101 8//// 80014 9////=
ZZYY 55956 21091 1820/ 535738 124365 6111/
11119 40012 52009
22219 00142
444 20110 21091 1750/ 50101 80010 80000 9////=
ZZYY 55920 21091 1840/ 533945 135960 6111/
11119 30156 40156 52016
444 20110 21091 1857/ 50101 8//// 80043 9/015=
ZZYY 51795 21091 1857/ 506008 132472 6112/
22219 00249
444 20120 21091 1843/ 50101 80120 80031 9/015=
ZZYY 55596 21091 1810/ 541301 135692 6112/
11119 30061 40061 52017
22219 00119
444 20120 21091 1751/ 50101 80090 80000 9/015=
ZZYY 51967 21091 1854/ 706252 134031 6113/
22219 00271
444 20130 21091 1842/ 50101 80120 80035 9/015=
ZZYY 51518 21091 1853/ 501332 121468 6112/
22219 00234
444 20120 21091 1849/ 50101 80120 80027 9/015=
ZZYY 51679 21091 1855/ 704683 133842 6112/
22219 00267
444 20120 21091 1842/ 50101 80120 80037 9/015=
ZZYY 32711 21091 1857/ 515825 126486 6112/
22219 00244
444 20120 21091 1853/ 50101 80520 80099 9/015=
ZZYY 51802 21091 1859/ 523004 175398 6112/
22219 00231
444 20120 21091 1913/ 50101 80051 80008 9/015=
ZZYY 55632 21091 1840/ 538586 117711 6112/
444 20120 21091 1713/ 50101 80100 80000 9/015=
ZZYY 55632 21091 1740/ 538586 117711 6112/
444 20120 21091 1713/ 50101 80100 80000 9/015=
ZZYY 46769 21091 1849/ 721383 123365 6113/
22219 00241
444 20130 21091 1840/ 50101 80114 80117 9/015=
ZZYY 43556 21091 1848/ 720246 129005 6113/
22219 00227
444 20130 21091 1840/ 50101 80078 80017 9/015=
ZZYY 43555 21091 1846/ 717880 129720 6113/
22219 00253
444 20130 21091 1840/ 50101 80088 80015 9/015=
ZZYY 46927 21091 1847/ 733068 145761 6112/
22219 00240
444 20120 21091 1845/ 50101 80138 80003 9/015=
ZZYY 46609 21091 1850/ 722199 128689 6113/
22219 00225
444 20130 21091 1840/ 50101 80112 80126 9/015=
ZZYY 46559 21091 1850/ 712769 122274 6113/
22219 00282
444 20130 21091 1841/ 50101 80110 80011 9/015=
ZZYY 43557 21091 1848/ 722434 120067 6113/
22219 00231
444 20130 21091 1841/ 50101 80088 80016 9/015=
ZZYY 46583 21091 1851/ 716928 130568 6112/
22219 00256
444 20120 21091 1841/ 50101 80098 80026 9/015=
ZZYY 43558 21091 1848/ 722675 124633 6113/
444 20130 21091 1840/ 50101 80086 80255 9/015=
ZZYY 54935 21091 1800/ 541383 136309 6112/
11119 30067 40067 52016
22219 00110
444 20120 21091 1752/ 50101 80080 80000 9/015=
####018004235####
SSVX08 KARS 212039
ZZYY 13001 20091 1200/ 711490 022997 6112/
33311 88872 20001 32869 43510 20020 32829 43543 20040 32165 43596
20060 31710 43573 20080 31509 20100 31412 20120 31349 20140 31312
20180 31262 20300 31133 20500 30965
444 20120 20091 1112/ 521//=
ZZYY 13002 20091 1200/ 720454 023122 6112/
33311 88872 20001 32485 43642 20020 32484 43642 20040 31964 43529
20060 31772 43572 20080 31725 20100 31675 20120 31629 20140 31592
20180 31558 20300 31429 20500 31192
444 20120 20091 1111/ 521//=
ZZYY 13002 21091 20004 720466 023116 6111/
11119 00613 10249 29088
22219 00251
444 20110 21091 2004/ 521// 60401=
ZZYY 51006 20091 1200/ 709010 140231 6113/
33311 88872 20001 32753 43392 20020 32780 20040 32736 20060 32181
20080 31610 20100 31281 20120 31207 20140 31152 20180 31088
20300 30987 20500 30829
444 20130 20091 1148/ 521//=
ZZYY 51006 21091 18004 709004 140230 6111/
11119 01901 10260 29090
22219 00277
444 20110 21091 1734/ 521// 60401=
ZZYY 51302 20091 1200/ 508268 155012 6111/
33311 88872 20001 32717 43548 20025 32715 20050 32714 20075 32714
20100 32715 20125 32700 20150 32563 20200 32152 20250 31599
20300 31198 20500 30805
444 20110 20091 1155/ 521//=
ZZYY 51302 21091 18004 508265 155016 6112/
11119 01014 10272 29075
22219 00272
444 20120 21091 1740/ 521// 60401=
ZZYY 51021 20091 1200/ 701994 154969 6111/
33311 88870 20001 32642
444 20110 20091 1128/ 521//=
ZZYY 51021 21091 18004 701991 154977 6112/
11119 00914
22219 00263
444 20120 21091 1738/ 521// 60401=
ZZYY 51311 20091 1200/ 700004 139937 6112/
33311 88872 20001 32359 43504 20020 32278 43482 20040 32179
20060 32098 20080 31956 20100 31771 20120 31638 20140 31549
20180 31343 20300 31220
444 20120 20091 1151/ 521//=
ZZYY 51311 21091 18004 700007 139922 6112/
11119 01112 10245 29085 40131
22219 00240
444 20120 21091 1737/ 521// 60401=
ZZYY 51023 20091 1200/ 500002 154960 6111/
33311 88870 20001 32553 20025 32544 20050 32526 20100 32137
20125 31808 20200 31335 20250 31193 20300 31117 20500 30822
444 20110 20091 1127/ 521//=
ZZYY 51023 21091 1800/ 500005 154957 6112/
11119 10253 29087
22219 00253
444 20120 21091 1737/ 521//=
ZZYY 51022 20091 1200/ 501978 155000 6111/
33311 88872 20001 32675 43534 20025 32676 20050 32669 20075 32668
20100 32668 20125 32046 20150 31621 20200 31304 20300 31092
444 20110 20091 1128/ 521//=
ZZYY 51022 21091 18004 501973 155004 6112/
11119 01117 10271 29074
22219 00267
444 20120 21091 1739/ 521// 60401=
ZZYY 51008 20091 1200/ 702014 140021 6111/
33311 88870 20040 32615 20060 32579 20080 32448 20100 32311
20120 32006 20140 31572 20180 31361 20300 31153 20500 30913
444 20110 20091 1151/ 521//=
ZZYY 51008 21091 18004 702015 140014 6111/
11119 01118 10242 29084
444 20110 21091 1738/ 521// 60401=
ZZYY 51020 20091 1200/ 705006 154955 6111/
33311 88872 20001 32771 43507 20025 32768 20050 32766 20100 32673
20125 32582 20150 32064 20200 31248 20250 31107 20300 31077
20500 30900
444 20110 20091 1307/ 521//=
ZZYY 51020 21091 18004 705000 154949 6112/
11119 01409 10267 29079
22219 00275
444 20120 21091 1737/ 521// 60401=
ZZYY 51019 20091 1200/ 504989 155007 6112/
33311 88870 20001 32710 20025 32708 20050 32707 20075 32706
20100 32706 20125 32553 20150 32085 20200 31452 20250 31148
20300 31031 20500 30810
444 20120 20091 1129/ 521//=
ZZYY 51019 21091 18004 504988 155006 6112/
11119 01112 10273 29080
22219 00271
444 20120 21091 1739/ 521// 60401=
ZZYY 51310 20091 12004 508018 170061 6112/
11119 01213 10277 29078
22219 00281
33311 88872 20000 32808 20001 32811 43556 20025 32810 20050 32809
20075 32809 20100 32809 20125 32797 20150 32668 20200 32234
444 20120 20091 1156/ 521// 60401=
ZZYY 51310 21091 18004 508018 170068 6112/
11119 01112 10277 29073
22219 00280
444 20120 21091 1442/ 521// 60401=
ZZYY 51301 20091 1200/ 707989 155000 6111/
33311 88870 20001 32841 20050 32812 20075 32726 20100 32332
20125 31709 20150 31348 20200 31131 20300 31012 20500 30813
444 20110 20091 1148/ 521//=
ZZYY 51009 21091 18004 502030 140013 6112/
11119 01014 10255 29082
444 20120 21091 1738/ 521// 60401=
####018014893####
SSVX02 KARS 212039
ZZYY 43553 21091 1850/ 721034 127781 6112/
22219 00228
444 20120 21091 1840/ 50101 80088 80036 9/015=
ZZYY 43540 21091 1852/ 715450 133107 6112/
22219 00262
444 20120 21091 1841/ 50101 80096 80016 9/015=
ZZYY 51623 21091 1852/ 709944 122299 6113/
22219 00278
444 20130 21091 1842/ 50101 80113 80059 9/015=
ZZYY 32676 21091 1750/ 500951 115295 6113/
11119 30131 40131 52008
22219 00221
444 20130 21091 1551/ 50101 80120 80054 9/015=
ZZYY 51627 21091 1859/ 517812 169395 6111/
22219 00270
444 20110 21091 1855/ 50101 80113 80000 9/015=
ZZYY 51759 21091 1854/ 700619 121737 6111/
22219 00231
444 20110 21091 1843/ 50101 80110 80045 9/015=
ZZYY 54550 21091 1840/ 531854 143588 6113/
11119 40207 52013
22219 00182
444 20130 21091 1855/ 50101 80010 80008 9////=
ZZYY 46926 21091 1849/ 724967 143014 6112/
22219 00240
444 50101 80138 80002 9/015=
ZZYY 51655 21091 1900/ 528756 169990 6111/
22219 00186
444 20110 21091 1857/ 50101 80101 80009 9/015=
ZZYY 51663 21091 1856/ 512153 170375 6111/
22219 00275
444 20110 21091 1910/ 50101 80111 80008 9/015=
ZZYY 51647 21091 1853/ 710740 150892 6112/
22219 00273
444 20120 21091 1858/ 50101 80109 80006 9/015=
ZZYY 32730 21091 1800/ 509728 119103 6112/
22219 00247
444 20120 21091 1709/ 50101 80140 80005 9/015=
ZZYY 55928 21091 1740/ 535508 121357 6112/
444 20120 21091 1712/ 50101 9/015=
ZZYY 32871 21091 1859/ 525835 150002 6113/
22219 00227
444 20130 21091 1855/ 50101 80104 80013 9/015=
ZZYY 32564 21091 1900/ 534033 133461 6112/
22219 00144
444 20120 21091 1855/ 50101 80007 80092 9/015=
ZZYY 32709 21091 1900/ 520549 135679 6112/
22219 00245
444 20120 21091 1854/ 50101 80121 80010 9/015=
ZZYY 32725 21091 1857/ 513067 167662 6111/
22219 00276
444 20110 21091 1854/ 50101 80121 80004 9/015=
ZZYY 51753 21091 1900/ 521360 163028 6112/
22219 00256
444 20120 21091 1855/ 50101 80083 80007 9/015=
ZZYY 54922 21091 1840/ 529541 124812 6111/
11119 30136 40136 52012
444 20110 21091 1856/ 50101 8//// 80000 9////=
ZZYY 32973 21091 1859/ 520744 156191 6112/
22219 00255
444 20120 21091 1855/ 50101 80047 80018 9/015=
ZZYY 46762 21091 1849/ 720352 136202 6111/
22219 00232
444 20110 21091 1854/ 50101 80000 80061 9/015=
ZZYY 55593 21091 1830/ 546709 144988 6113/
11119 30114 40114 52003
22219 00085
444 20130 21091 1752/ 50101 80100 80000 9/015=
ZZYY 32670 21091 1854/ 705083 132128 6112/
22219 00271
444 20120 21091 1841/ 50101 80120 80033 9/015=
ZZYY 46768 21091 1848/ 718085 139757 6113/
22219 00245
444 20130 21091 1840/ 50101 80072 80031 9/015=
ZZYY 51900 21091 1851/ 702309 138859 6111/
22219 00260
444 20110 21091 1843/ 50101 80120 80007 9/015=
ZZYY 32923 21091 1800/ 506139 117303 6111/
11119 30147 40147 52010
22219 00240
444 20110 21091 1849/ 50101 80120 80077 9/015=
ZZYY 51788 21091 1853/ 709466 149680 6112/
22219 00276
444 20120 21091 1858/ 50101 80088 80000 9/015=
ZZYY 51958 21091 1848/ 706937 113797 6112/
22219 00273
444 20120 21091 1922/ 50101 80079 80010 9/015=
ZZYY 32650 21091 1853/ 508742 119653 6111/
22219 00247
444 20110 21091 1707/ 50101 80110 80047 9/015=
ZZYY 51771 21091 1856/ 504275 163563 6112/
22219 00272
444 20120 21091 1851/ 50101 80119 80008 9/015=
ZZYY 32830 21091 1859/ 520885 160880 6113/
22219 00259
444 20130 21091 1855/ 50101 80108 80005 9/015=
ZZYY 32684 21091 1859/ 518568 158553 6112/
22219 00261
444 20120 21091 1854/ 50101 80102 80019 9/015=
ZZYY 51966 21091 1855/ 704996 134894 6112/
22219 00271
444 20120 21091 1842/ 50101 80120 80005 9/015=
ZZYY 51754 21091 1853/ 704726 134757 6113/
22219 00272
444 20130 21091 1841/ 50101 80110 80034 9/015=
ZZYY 46766 21091 1848/ 723284 152223 6113/
22219 00252
444 50101 80082 80022 9/015=
ZZYY 51801 21091 1851/ 505824 131826 6112/
22219 00250
444 20120 21091 1844/ 50101 80120 80031 9/015=
ZZYY 32648 21091 1855/ 508582 119757 6111/
22219 00245
444 20110 21091 1849/ 50101 80110 80053 9/015=
ZZYY 51808 21091 1858/ 507940 140998 6112/
22219 00265
444 20120 21091 1844/ 50101 80036 80000 9/015=
ZZYY 54918 21091 1810/ 525243 124838 6111/
11119 30172 40172 52020
22219 00214
444 20110 21091 1745/ 50101 8//// 80000 9////=
ZZYY 32803 21091 1857/ 524039 116600 6112/
22219 00221
444 20120 21091 1711/ 50101 80102 80005 9/015=
ZZYY 32682 21091 1857/ 521378 155473 6112/
22219 00251
444 20120 21091 1854/ 50101 80100 80014 9/015=
ZZYY 46904 21091 1851/ 719363 140173 6112/
22219 00245
444 20120 21091 1854/ 50101 80072 80098 9/015=
ZZYY 54858 21091 1850/ 528347 124963 6111/
11119 30155 40155 52013
22219 00199
444 20110 21091 1856/ 50101 8//// 80000 9////=
ZZYY 54858 21091 1800/ 528342 124985 6112/
11119 30152 40152 52018
22219 00199
444 20120 21091 1712/ 50101 8//// 80000 9////=
ZZYY 46567 21091 1845/ 720179 163482 6111/
22219 00271
444 20110 21091 1857/ 50101 80078 80032 9/015=
ZZYY 22635 21091 1850/ 722064 139612 6112/
444 20120 21091 1853/ 50101 80009 80055 9/015=
ZZYY 51649 21091 1856/ 527114 160031 6113/
22219 00208
444 20130 21091 1911/ 50101 80008 80000 9/015=
ZZYY 32674 21091 1847/ 703267 136628 6112/
22219 00267
444 20120 21091 1843/ 50101 80120 80099 9/015=
ZZYY 34538 21091 1858/ 530136 143063 6111/
22219 00197
444 20110 21091 1854/ 50101 80010 80000 9////=
ZZYY 32729 21091 1858/ 512046 130330 6113/
22219 00253
444 20130 21091 1852/ 50101 80121 80031 9/015=
ZZYY 32827 21091 1855/ 522836 139110 6112/
22219 00240
444 50101 80102 80002 9/015=
ZZYY 54925 21091 1857/ 528955 133668 6112/
22219 00202
444 20120 21091 1855/ 50101 80104 80000 9/015=
ZZYY 46924 21091 1849/ 724338 127506 6113/
22219 00218
444 20130 21091 1839/ 50101 80100 80130 9/015=
ZZYY 32816 21091 1900/ 520008 130171 6113/
22219 00250
444 20130 21091 1854/ 50101 80102 80000 9/015=
ZZYY 46923 21091 1853/ 710633 129226 6112/
22219 00277
444 20120 21091 1841/ 50101 80106 80015 9/015=
ZZYY 54554 21091 1820/ 517031 133643 6113/
11119 30189 40189 52021
22219 00248
444 20130 21091 1853/ 50101 80120 80060 9/015=
ZZYY 32925 21091 1730/ 517592 119303 6111/
11119 30177 40177 52003
22219 00238
444 20110 21091 1710/ 50101 80120 80044 9/015=
ZZYY 32925 21091 1830/ 517575 119304 6111/
11119 30189 40189 52015
22219 00240
444 20110 21091 1853/ 50101 80120 80036 9/015=
ZZYY 51526 21091 1858/ 507469 164048 6112/
22219 00276
444 20120 21091 1853/ 50101 80121 80010 9/015=
ZZYY 32817 21091 1856/ 517968 131066 6112/
22219 00247
444 20120 21091 1852/ 50101 80540 80099 9/015=
ZZYY 51643 21091 1859/ 508515 152862 6113/
22219 00272
444 20130 21091 1852/ 50101 80117 80012 9/015=
ZZYY 32719 21091 1858/ 510527 167186 6111/
444 20110 21091 1853/ 50101 80540 80089 9/015=
ZZYY 33518 21091 1810/ 537668 135345 6112/
11119 30085 40085 52015
22219 00129
444 20120 21091 1751/ 50101 8//// 80100 9/015=
ZZYY 32910 21091 1855/ 705847 134166 6112/
22219 00266
444 20120 21091 1842/ 50101 80122 80007 9/015=
ZZYY 51530 21091 1854/ 505580 123529 6111/
22219 00247
444 20110 21091 1844/ 50101 80120 80099 9/015=
ZZYY 51659 21091 1852/ 502196 121368 6112/
22219 00232
444 20120 21091 1843/ 50101 80120 80099 9/015=
ZZYY 32558 21091 1859/ 520142 153739 6112/
22219 00262
444 20120 21091 1855/ 50101 80108 80099 9/015=
ZZYY 51975 21091 1852/ 709934 123432 6112/
22219 00278
444 20120 21091 1841/ 50101 80091 80004 9/015=
ZZYY 55951 21091 1830/ 538283 133516 6112/
11119 30063 40063 52016
22219 00129
444 20120 21091 1857/ 50101 80100 80008 9/015=
ZZYY 51907 21091 1858/ 504166 159651 6112/
22219 00271
444 20120 21091 1851/ 50101 80119 80019 9/015=
ZZYY 51770 21091 1853/ 710436 143587 6112/
22219 00272
444 20120 21091 1857/ 50101 80119 80035 9/015=
ZZYY 46905 21091 1852/ 710183 152910 6113/
22219 00276
444 20130 21091 1858/ 50101 80084 80024 9/015=
ZZYY 46906 21091 1851/ 712510 149496 6112/
22219 00270
444 20120 21091 1857/ 50101 80076 80023 9/015=
ZZYY 32616 21091 1855/ 522575 140405 6112/
22219 00243
444 50101 80100 80016 9/015=
ZZYY 32640 21091 1856/ 520670 124604 6112/
22219 00239
444 20120 21091 1854/ 50101 80098 80012 9/015=
ZZYY 32642 21091 1900/ 526364 132401 6112/
22219 00228
444 20120 21091 1855/ 50101 80104 80000 9/015=
ZZYY 51873 21091 1858/ 507948 161908 6113/
22219 00276
444 20130 21091 1852/ 50101 80119 80020 9/015=
ZZYY 32627 21091 1859/ 525773 119495 6112/
444 20120 21091 1856/ 50101 80094 80041 9/015=
ZZYY 43543 21091 1848/ 720603 120911 6113/
22219 00242
444 20130 21091 1840/ 50101 80054 80019 9/015=
ZZYY 55610 21091 1800/ 526844 127562 6111/
22219 00207
444 20110 21091 1749/ 50101 8//// 80036 9////=
ZZYY 55622 21091 1540/ 525232 117151 6112/
444 20120 21091 1535/ 50101 9////=
ZZYY 55622 21091 1810/ 525239 117136 6112/
11119 30155 40155 52016
22219 00211
444 20120 21091 1712/ 50101 8//// 80017 9////=
ZZYY 32804 21091 1859/ 522937 130405 6111/
22219 00230
444 20110 21091 1853/ 50101 80048 80007 9/015=
ZZYY 51613 21091 1854/ 709354 141528 6112/
444 20120 21091 1858/ 50101 80113 80072 9/015=
ZZYY 32546 21091 1900/ 524005 135535 6112/
22219 00225
444 20120 21091 1854/ 50101 80050 80049 9/015=
ZZYY 51739 21091 1848/ 714564 153700 6112/
22219 00268
444 20120 21091 1842/ 50101 80111 80008 9/015=
ZZYY 42547 21091 2024/ 738444 037143 6111/
22219 00238
444 50101 80094 80002 9/015=
ZZYY 44514 21091 2025/ 749301 022059 6113/
22219 00151
444 20130 21091 2009/ 50101 80142 80001 9/015=
ZZYY 44516 21091 2025/ 749071 026284 6113/
22219 00153
444 20130 21091 2008/ 50101 80140 80013 9/015=
ZZYY 13907 21091 2020/ 726851 036196 6111/
11119 30219 40219 52002
22219 00268
444 20110 21091 2005/ 50101 80110 80000 9/015=
ZZYY 44932 21091 2025/ 750848 025323 6112/
22219 00141
444 20120 21091 2008/ 50101 80142 80004 9/015=
ZZYY 44518 21091 2026/ 743104 022902 6112/
22219 00201
444 20120 21091 2023/ 50101 80142 80002 9/015=
ZZYY 44517 21091 2024/ 751795 020077 6112/
22219 00137
444 20120 21091 2008/ 50101 80142 80010 9/015=
ZZYY 44519 21091 2027/ 750808 019582 6112/
22219 00146
444 20120 21091 2024/ 50101 80140 80002 9/015=
ZZYY 13934 21091 2022/ 721812 028498 6112/
22219 00258
444 20120 21091 1722/ 50101 80124 80180 9/015=
ZZYY 44554 21091 2022/ 733813 038109 6112/
444 20120 21091 1717/ 50101 80098 80099 9/015=
ZZYY 41997 21091 2027/ 744020 040193 6112/
444 20120 21091 2024/ 50101 80094 80030 9/015=
ZZYY 13929 21091 2022/ 720827 029454 6113/
22219 00257
444 20130 21091 1721/ 50101 80124 80180 9/015=
ZZYY 62729 21091 2024/ 739783 026317 6113/
22219 00221
444 20130 21091 2007/ 50101 80116 80021 9/015=
ZZYY 62725 21091 2025/ 742324 020383 6112/
22219 00204
444 20120 21091 2007/ 50101 80118 80022 9/015=
ZZYY 41914 21091 2023/ 739289 036294 6112/
22219 00239
444 20120 21091 2006/ 50101 80116 80018 9/015=
ZZYY 62726 21091 2026/ 736168 019007 6113/
22219 00232
444 20130 21091 2023/ 50101 80120 80013 9/015=
ZZYY 44924 21091 2025/ 748673 034099 6112/
22219 00155
444 20120 21091 2010/ 50101 80102 9/015=
ZZYY 44896 21091 1810/ 718398 022651 6112/
11119 30133 40133 57004
22219 00259
444 20120 21091 1720/ 50101 80070 80000 9/015=
ZZYY 44896 21091 2010/ 718386 022669 6111/
11119 30141 40141 52010
22219 00259
444 20110 21091 1958/ 50101 80070 80000 9/015=
ZZYY 44930 21091 2026/ 765215 001509 6112/
444 20120 21091 2008/ 50101 80092 80099 9/015=
ZZYY 41903 21091 2026/ 736662 040731 6111/
22219 00247
444 20110 21091 2023/ 50101 80076 80004 9/015=
ZZYY 41983 21091 2024/ 741104 038926 6112/
22219 00231
444 20120 21091 2009/ 50101 80080 80022 9/015=
ZZYY 44917 21091 2020/ 742560 015387 6111/
11119 30263 40263 52010
444 20110 21091 2010/ 50101 80100 80063 9/015=
ZZYY 44886 21091 2024/ 729026 036946 6111/
22219 00269
444 20110 21091 2005/ 50101 80074 80005 9/015=
ZZYY 62909 21091 2025/ 730606 026704 6112/
22219 00259
444 20120 21091 2006/ 50101 80108 80003 9/015=
ZZYY 41606 21091 2025/ 735374 041592 6112/
22219 00267
444 20120 21091 1750/ 50101 80037 80004 9/015=
ZZYY 44914 21091 2024/ 735035 044353 6111/
22219 00271
444 20110 21091 1750/ 50101 80051 80006 9/015=
ZZYY 44921 21091 2024/ 738178 030217 6113/
22219 00238
444 20130 21091 2006/ 50101 80080 80001 9/015=
ZZYY 62723 21091 2027/ 740021 030240 6113/
22219 00222
444 20130 21091 2023/ 50101 80079 80006 9/015=
ZZYY 13903 21091 2021/ 724254 027816 6111/
22219 00253
444 20110 21091 2005/ 50101 80130 80100 9/015=
ZZYY 44894 21091 2027/ 742212 033373 6111/
22219 00209
444 20110 21091 2024/ 50101 80078 80004 9/015=
ZZYY 13945 21091 2020/ 714810 018196 6112/
22219 00296
444 20120 21091 1958/ 50101 80146 80009 9/015=
ZZYY 62727 21091 2025/ 741556 019716 6111/
22219 00208
444 20110 21091 2007/ 50101 80118 80017 9/015=
ZZYY 44939 21091 2026/ 737257 037838 6112/
22219 00250
444 20120 21091 1722/ 50101 80052 80002 9/015=
ZZYY 62930 21091 2024/ 726655 031333 6112/
22219 00264
444 20120 21091 1716/ 50101 80084 80017 9/015=
ZZYY 13635 21091 2010/ 723463 032576 6111/
11119 30193 40193 52003
22219 00259
444 20110 21091 1720/ 50101 80120 80000 9/015=
ZZYY 63964 21091 2025/ 173753 023096 6112/
444 20120 21091 2011/ 50101 80009 80010 9/015=
ZZYY 13589 21091 2024/ 728682 014008 6112/
22219 00236
444 20120 21091 2005/ 50101 80108 80000 9/015=
ZZYY 44881 21091 2026/ 736319 033104 6113/
22219 00252
444 20130 21091 2022/ 50101 80074 80003 9/015=
ZZYY 41957 21091 2010/ 733334 028426 6111/
11119 30223 40223 52005
22219 00257
444 20110 21091 2006/ 50101 80110 80028 9/015=
ZZYY 42518 21091 2022/ 728816 039081 6111/
22219 00278
444 20110 21091 1722/ 50101 80118 80000 9/015=
ZZYY 44923 21091 2020/ 752619 028254 6113/
11119 30086 40086 57017
22219 00124
444 20130 21091 2024/ 50101 80130 80002 9/015=
ZZYY 51780 21091 1859/ 512524 161385 6112/
22219 00273
444 20120 21091 1854/ 50101 80115 80011 9/015=
ZZYY 32615 21091 1852/ 708800 143797 6111/
22219 00275
444 20110 21091 1859/ 50101 80007 80016 9/015=
ZZYY 32675 21091 1853/ 703801 138548 6112/
22219 00263
444 20120 21091 1843/ 50101 80120 80111 9/015=
ZZYY 51944 21091 1820/ 527213 156243 6112/
22219 00206
33311 88872 20000 32060 42048
444 20120 21091 1750/ 50101 80080 80022 9/015=
ZZYY 54946 21091 1630/ 535988 152005 6112/
11119 38500 48500 54000
22219 00150
444 20120 21091 1609/ 50101 80110 80012 9/015=
ZZYY 46903 21091 1847/ 730524 134502 6112/
22219 00215
444 50101 80138 80000 9/015=
ZZYY 33587 21091 1800/ 551538 124185 6111/
22219 00064
444 20110 21091 1735/ 50101 80009 80000 9////=
####018000125####
SSVX02 CWAO 212030
ZZYY 47531 21091 2030/ 784419 064741 6113/ 11131 10000 444 20130 21091 2030/ 50701 80138 80001 9////=
####018000125####
SSVX02 CWAO 212030
ZZYY 47537 21091 2030/ 784418 064805 6113/ 22291 00003 444 20130 21091 2030/ 50701 80138 80001 9////=
####018000125####
SSVX02 CWAO 212030
ZZYY 47533 21091 2030/ 782989 062176 6113/ 22291 01006 444 20130 21091 2030/ 50701 80138 80001 9////=
####018000125####
SSVX02 CWAO 212030
ZZYY 47545 21091 2030/ 784514 110543 6113/ 22291 01013 444 20130 21091 2030/ 50701 80140 80001 9////=
####018000125####
SSVX02 CWAO 212030
ZZYY 47532 21091 2030/ 782991 062207 6113/ 11119 11069 444 20130 21091 2030/ 50701 80138 80001 9////=
####018000128####
SSVX02 CWAO 212030
ZZYY 47531 21091 2030/ 784419 064741 6113/ 11131 10000 444 20130 21091 2030/ 50701 80138 80001 9////=

####018000128####
SSVX02 CWAO 212030
ZZYY 47537 21091 2030/ 784418 064805 6113/ 22291 00003 444 20130 21091 2030/ 50701 80138 80001 9////=

####018000128####
SSVX02 CWAO 212030
ZZYY 47545 21091 2030/ 784514 110543 6113/ 22291 01013 444 20130 21091 2030/ 50701 80140 80001 9////=

####018000128####
SSVX02 CWAO 212030
ZZYY 47533 21091 2030/ 782989 062176 6113/ 22291 01006 444 20130 21091 2030/ 50701 80138 80001 9////=

####018000128####
SSVX02 CWAO 212030
ZZYY 47532 21091 2030/ 782991 062207 6113/ 11119 11069 444 20130 21091 2030/ 50701 80138 80001 9////=

####018009989####
SSVX02 KARS 212041
ZZYY 51958 21091 1716/ 706950 113807 6112/
444 20120 21091 1548/ 50101 80079 80012 9/015=
ZZYY 51771 21091 1728/ 504265 163526 6112/
22219 00272
444 20120 21091 1723/ 50101 80121 80011 9/015=
ZZYY 46567 21091 1719/ 720200 163504 6112/
22219 00271
444 20120 21091 1712/ 50101 80078 80032 9/015=
ZZYY 32729 21091 1729/ 512050 130327 6113/
22219 00253
444 20130 21091 1723/ 50101 80121 80029 9/015=
ZZYY 32817 21091 1729/ 517960 131067 6112/
22219 00246
444 20120 21091 1723/ 50101 80540 80099 9/015=
ZZYY 51624 21091 1729/ 516169 174305 6112/
22219 00273
444 20120 21091 1745/ 50101 80085 80016 9/015=
ZZYY 32719 21091 1731/ 510536 167187 6112/
444 20120 21091 1726/ 50101 80540 80096 9/015=
ZZYY 51975 21091 1723/ 709912 123450 6113/
22219 00275
444 20130 21091 1730/ 50101 80093 80006 9/015=
ZZYY 51907 21091 1726/ 504157 159619 6112/
22219 00271
444 20120 21091 1723/ 50101 80119 80026 9/015=
ZZYY 51770 21091 1723/ 710424 143591 6111/
22219 00272
444 20110 21091 1729/ 50101 80119 80036 9/015=
ZZYY 51918 21091 1726/ 504601 170729 6111/
22219 00276
444 20110 21091 1741/ 50101 80119 80007 9/015=
ZZYY 51781 21091 1727/ 505215 169615 6111/
22219 00276
444 20110 21091 1742/ 50101 80121 80049 9/015=
ZZYY 51873 21091 1728/ 507943 161905 6112/
22219 00276
444 20120 21091 1722/ 50101 80119 80018 9/015=
ZZYY 51730 21091 1717/ 731534 160702 6111/
22219 00262
444 20110 21091 1708/ 50101 80121 80017 9/015=
ZZYY 43543 21091 1720/ 720602 120916 6113/
22219 00242
444 20130 21091 1728/ 50101 80054 80017 9/015=
ZZYY 32804 21091 1732/ 522948 130397 6112/
22219 00229
444 50101 80048 80009 9/015=
ZZYY 46568 21091 2000/ 753496 160397 6112/
11119 39911 49911 52008
22219 00104
444 20120 21091 1844/ 50101 80145 80049 9/015=
ZZYY 51780 21091 1731/ 512531 161382 6112/
22219 00273
444 20120 21091 1725/ 50101 80115 80012 9/015=
ZZYY 32675 21091 1726/ 703831 138542 6112/
22219 00262
444 20120 21091 1713/ 50101 80120 80117 9/015=
ZZYY 51653 21091 1723/ 718809 135964 6113/
22219 00251
444 20130 21091 1725/ 50101 80122 80024 9/015=
ZZYY 51969 21091 1728/ 506055 135041 6113/
22219 00255
444 20130 21091 1715/ 50101 80120 80026 9/015=
ZZYY 51795 21091 1729/ 505998 132448 6113/
22219 00248
444 20130 21091 1722/ 50101 80120 80032 9/015=
ZZYY 51967 21091 1724/ 706259 134031 6112/
22219 00271
444 20120 21091 1713/ 50101 80120 80033 9/015=
ZZYY 51518 21091 1722/ 501326 121435 6113/
22219 00232
444 20130 21091 1715/ 50101 80120 80027 9/015=
ZZYY 51679 21091 1725/ 704673 133837 6113/
22219 00267
444 20130 21091 1730/ 50101 80120 80038 9/015=
ZZYY 46769 21091 1719/ 721381 123367 6113/
22219 00241
444 20130 21091 1725/ 50101 80116 80110 9/015=
ZZYY 46616 21091 1718/ 721946 119219 6113/
22219 00234
444 20130 21091 1709/ 50101 80114 80090 9/015=
ZZYY 46609 21091 1721/ 722202 128686 6113/
22219 00225
444 20130 21091 1729/ 50101 80112 80139 9/015=
ZZYY 46559 21091 1722/ 712776 122255 6112/
22219 00279
444 20120 21091 1729/ 50101 80110 80013 9/015=
ZZYY 46583 21091 1722/ 716926 130556 6113/
22219 00256
444 20130 21091 1729/ 50101 80098 80022 9/015=
ZZYY 22576 21091 1719/ 732656 140313 6113/
22219 00238
444 20130 21091 1724/ 50101 80010 80000 9/015=
ZZYY 32564 21091 1733/ 534042 133487 6112/
22219 00144
444 50101 80007 80097 9/015=
ZZYY 46762 21091 1720/ 720348 136193 6112/
22219 00231
444 20120 21091 1710/ 50101 80000 80027 9/015=
ZZYY 32670 21091 1726/ 705075 132131 6112/
22219 00271
444 20120 21091 1731/ 50101 80120 80034 9/015=
ZZYY 46768 21091 1719/ 718094 139751 6112/
22219 00244
444 20120 21091 1713/ 50101 80072 80033 9/015=
ZZYY 51900 21091 1727/ 702313 138815 6113/
22219 00259
444 20130 21091 1731/ 50101 80120 80008 9/015=
ZZYY 51966 21091 1725/ 705024 134899 6113/
22219 00271
444 20130 21091 1729/ 50101 80120 80006 9/015=
ZZYY 32830 21091 1731/ 520862 160869 6112/
22219 00259
444 50101 80108 80005 9/015=
ZZYY 51754 21091 1724/ 704742 134767 6113/
22219 00272
444 20130 21091 1732/ 50101 80110 80035 9/015=
ZZYY 51801 21091 1728/ 505802 131805 6112/
22219 00249
444 20120 21091 1737/ 50101 80120 80032 9/015=
ZZYY 46766 21091 1719/ 723293 152210 6113/
22219 00252
444 20130 21091 1710/ 50101 80082 80019 9/015=
ZZYY 32648 21091 1722/ 508571 119744 6112/
22219 00244
444 20120 21091 1709/ 50101 80110 80060 9/015=
ZZYY 46516 21091 1718/ 735425 140122 6112/
22219 00232
444 20120 21091 1721/ 50101 80094 80097 9////=
ZZYY 51808 21091 1730/ 507934 141003 6112/
22219 00265
444 20120 21091 1724/ 50101 80036 80000 9/015=
ZZYY 46904 21091 1722/ 719360 140174 6111/
22219 00245
444 20110 21091 1728/ 50101 80072 80101 9/015=
ZZYY 22635 21091 1722/ 722075 139610 6112/
444 20120 21091 1709/ 50101 80009 80099 9/015=
ZZYY 51649 21091 1731/ 527128 160039 6112/
22219 00208
444 20120 21091 1727/ 50101 80008 80000 9/015=
ZZYY 32674 21091 1727/ 703295 136607 6113/
22219 00267
444 20130 21091 1722/ 50101 80120 80099 9/015=
ZZYY 46924 21091 1717/ 724338 127513 6112/
22219 00217
444 20120 21091 1708/ 50101 80100 80130 9/015=
ZZYY 32816 21091 1731/ 520007 130175 6113/
22219 00246
444 20130 21091 1725/ 50101 80102 80000 9/015=
ZZYY 46923 21091 1719/ 710638 129215 6113/
22219 00277
444 20130 21091 1710/ 50101 80106 80014 9/015=
ZZYY 51526 21091 1729/ 507469 164039 6111/
22219 00276
444 20110 21091 1724/ 50101 80121 80012 9/015=
ZZYY 51643 21091 1731/ 508517 152853 6113/
22219 00272
444 50101 80115 80014 9/015=
ZZYY 32910 21091 1725/ 705834 134163 6113/
22219 00265
444 20130 21091 1730/ 50101 80122 80011 9/015=
ZZYY 51530 21091 1726/ 505573 123506 6113/
22219 00247
444 20130 21091 1721/ 50101 80120 80099 9/015=
ZZYY 51659 21091 1724/ 502191 121337 6112/
22219 00232
444 20120 21091 1719/ 50101 80120 80099 9/015=
ZZYY 46905 21091 1723/ 710201 152912 6113/
22219 00276
444 20130 21091 1730/ 50101 80082 80025 9/015=
ZZYY 46906 21091 1725/ 712515 149485 6113/
22219 00270
444 20130 21091 1730/ 50101 80076 80026 9/015=
ZZYY 32640 21091 1731/ 520676 124605 6111/
22219 00237
444 20110 21091 1726/ 50101 80098 80013 9/015=
ZZYY 32627 21091 1727/ 525797 119488 6111/
444 20110 21091 1711/ 50101 80094 80061 9/015=
ZZYY 51613 21091 1725/ 709355 141535 6112/
444 20120 21091 1730/ 50101 80115 80070 9/015=
ZZYY 32546 21091 1733/ 524012 135535 6112/
22219 00224
444 50101 80050 80057 9/015=
ZZYY 51739 21091 1720/ 714560 153693 6112/
22219 00268
444 20120 21091 1711/ 50101 80111 80006 9/015=
ZZYY 15904 21091 1815/ 310814 007209 6111/
22219 00206
444 20110 21091 1807/ 50101 80152 80006 9/015=
ZZYY 32615 21091 1726/ 708794 143813 6111/
22219 00275
444 20110 21091 1730/ 50101 80008 80016 9/015=
ZZYY 15679 21091 1815/ 308906 006326 6111/
22219 00224
444 20110 21091 1807/ 50101 80152 80009 9/015=
ZZYY 46903 21091 1718/ 730513 134494 6112/
22219 00215
444 20120 21091 1722/ 50101 80138 80000 9/015=
ZZYY 32711 21091 1729/ 515828 126477 6112/
22219 00243
444 20120 21091 1724/ 50101 80520 80099 9/015=
ZZYY 51913 21091 1731/ 515760 173332 6112/
22219 00206
444 20120 21091 1727/ 50101 80115 80009 9/015=
ZZYY 43556 21091 1721/ 720251 129002 6112/
22219 00227
444 20120 21091 1725/ 50101 80078 80022 9/015=
ZZYY 46927 21091 1719/ 733063 145757 6111/
22219 00240
444 20110 21091 1725/ 50101 80138 80002 9/015=
ZZYY 43555 21091 1722/ 717881 129719 6113/
22219 00253
444 20130 21091 1728/ 50101 80088 80016 9/015=
ZZYY 43557 21091 1718/ 722439 120070 6112/
22219 00231
444 20120 21091 1725/ 50101 80088 80013 9/015=
ZZYY 43558 21091 1720/ 722678 124634 6113/
444 20130 21091 1725/ 50101 80086 80255 9/015=
ZZYY 43532 21091 1722/ 718792 141697 6112/
22219 00248
444 20120 21091 1730/ 50101 80076 80023 9/015=
ZZYY 43553 21091 1720/ 721030 127781 6112/
22219 00228
444 20120 21091 1729/ 50101 80088 80036 9/015=
ZZYY 15944 21091 1812/ 301833 002708 6113/
22219 00252
444 20130 21091 1715/ 50101 80152 80006 9/015=
ZZYY 43540 21091 1722/ 715451 133106 6112/
22219 00261
444 20120 21091 1730/ 50101 80096 80014 9/015=
ZZYY 51931 21091 1718/ 729333 161343 6112/
22219 00265
444 20120 21091 1710/ 50101 80070 80010 9/015=
ZZYY 51623 21091 1721/ 709924 122321 6112/
22219 00276
444 20120 21091 1730/ 50101 80113 80068 9/015=
ZZYY 15905 21091 1814/ 312887 008096 6111/
22219 00196
444 20110 21091 1704/ 50101 80152 80011 9/015=
ZZYY 51627 21091 1731/ 517801 169403 6112/
22219 00270
444 50101 80113 80000 9/015=
ZZYY 51759 21091 1719/ 700608 121704 6113/
22219 00229
444 20130 21091 1709/ 50101 80110 80052 9/015=
ZZYY 43551 21091 1718/ 723084 121205 6113/
22219 00221
444 20130 21091 1725/ 50101 80090 80014 9/015=
ZZYY 15912 21091 1815/ 303637 003719 6111/
22219 00242
444 20110 21091 1808/ 50101 80152 80007 9/015=
ZZYY 46926 21091 1720/ 724961 143035 6111/
22219 00240
444 20110 21091 1729/ 50101 80138 80001 9/015=
ZZYY 15942 21091 1814/ 305330 004566 6111/
22219 00246
444 20110 21091 1807/ 50101 80152 80006 9/015=
ZZYY 15929 21091 1813/ 306945 005054 6113/
22219 00228
444 20130 21091 1708/ 50101 80140 80009 9/015=
ZZYY 51663 21091 1730/ 512138 170379 6111/
22219 00275
444 20110 21091 1726/ 50101 80111 80007 9/015=
ZZYY 51647 21091 1724/ 710758 150880 6113/
22219 00272
444 20130 21091 1730/ 50101 80109 80007 9/015=
ZZYY 32709 21091 1733/ 520553 135685 6113/
22219 00245
444 50101 80121 80011 9/015=
ZZYY 32725 21091 1731/ 513063 167641 6111/
22219 00276
444 20110 21091 1725/ 50101 80121 80004 9/015=
ZZYY 51652 21091 1722/ 704978 169434 6111/
22219 00273
444 20110 21091 1738/ 50101 80121 80020 9/015=
ZZYY 51788 21091 1724/ 709492 149686 6112/
22219 00275
444 20120 21091 1730/ 50101 80088 80000 9/015=
####018000447####
SSVX06 KARS 212041
ZZYY 48506 21091 2039/ 779553 119095 6112/
11119 40058
444 20120 21091 1943/ 500//=
ZZYY 47554 21091 2040/ 774322 111775 6113/
444 20130 21091 2018/ 500// 9/000=
ZZYY 48505 21091 2040/ 780181 127702 6111/
11119 40045
444 20110 21091 2022/ 500//=
ZZYY 47553 21091 2040/ 779334 103377 6112/
444 20120 21091 2019/ 500// 9/000=
ZZYY 48713 21091 2038/ 175315 165398 6112/
444 20120 21091 2023/ 500// 9/000=
####018007659####
SSVX08 KARS 212041
ZZYY 51011 20091 1200/ 500157 124395 6111/
33311 88872 20001 32246 43477 20020 32119 20040 32003 20060 31663
20080 31439 20100 31421 20120 31423 20140 31403 20180 31323
20300 31217 20500 30828
444 20110 20091 1141/ 521//=
ZZYY 51011 21091 17004 500159 124388 6113/
11119 01210 10229 29092
22219 00226
444 20130 21091 1708/ 521// 60401=
ZZYY 51021 20091 1200/ 701994 154969 6111/
33311 88870 20001 32642
444 20110 20091 1128/ 521//=
ZZYY 51021 21091 17004 701992 154975 6112/
11119 00814
22219 00262
444 20120 21091 1720/ 521// 60401=
ZZYY 51015 20091 1200/ 705099 124946 6111/
33311 88872 20001 32691 43479 20020 32683 20040 32680 20060 32670
20080 32557 20100 32512 20120 32360 20140 32055 20180 31237
20300 30970 20500 30797
444 20110 20091 1140/ 521//=
ZZYY 51015 21091 17004 705090 124949 6112/
11119 01812 10261 29081
22219 00268
444 20120 21091 1708/ 521// 60401=
ZZYY 51311 20091 1200/ 700004 139937 6112/
33311 88872 20001 32359 43504 20020 32278 43482 20040 32179
20060 32098 20080 31956 20100 31771 20120 31638 20140 31549
20180 31343 20300 31220
444 20120 20091 1151/ 521//=
ZZYY 51311 21091 17004 700005 139925 6111/
11119 01111 10247 29085 40127
22219 00239
444 20110 21091 1720/ 521// 60401=
ZZYY 51016 20091 1200/ 701949 125048 6111/
33311 88870 20001 32620 20020 32622 20040 32621 20060 32490
20080 32065 20100 31588 20120 31465 20140 31385 20300 31163
20500 30874
444 20110 20091 1141/ 521//=
ZZYY 51016 21091 17004 701952 125056 6111/
11119 01315 10240 29082
22219 00269
444 20110 21091 1707/ 521// 60401=
ZZYY 51010 20091 1200/ 500027 170065 6112/
33311 88872 20001 32716 43522 20025 32712 43524 20050 32698 43525
20125 32119 20150 31786 20200 31400 20250 31250 20300 31150
20500 30826
444 20120 20091 1154/ 521//=
ZZYY 51010 21091 17004 500029 170064 6111/
11119 00913 10264 29083 40099
22219 00267
444 20110 21091 1902/ 521// 60401=
ZZYY 51008 20091 1200/ 702014 140021 6111/
33311 88870 20040 32615 20060 32579 20080 32448 20100 32311
20120 32006 20140 31572 20180 31361 20300 31153 20500 30913
444 20110 20091 1151/ 521//=
ZZYY 51008 21091 17004 702014 140012 6111/
11119 01313 10253 29078
444 20110 21091 1709/ 521// 60401=
ZZYY 51020 20091 1200/ 705006 154955 6111/
33311 88872 20001 32771 43507 20025 32768 20050 32766 20100 32673
20125 32582 20150 32064 20200 31248 20250 31107 20300 31077
20500 30900
444 20110 20091 1307/ 521//=
ZZYY 51020 21091 17004 705001 154949 6111/
11119 01409 10265 29080
22219 00275
444 20110 21091 1719/ 521// 60401=
ZZYY 51019 20091 1200/ 504989 155007 6112/
33311 88870 20001 32710 20025 32708 20050 32707 20075 32706
20100 32706 20125 32553 20150 32085 20200 31452 20250 31148
20300 31031 20500 30810
444 20120 20091 1129/ 521//=
ZZYY 51019 21091 17004 504990 155004 6112/
11119 01211 10271 29081
22219 00270
444 20120 21091 1723/ 521// 60401=
ZZYY 51301 20091 1200/ 707989 155000 6111/
33311 88870 20001 32841 20050 32812 20075 32726 20100 32332
20125 31709 20150 31348 20200 31131 20300 31012 20500 30813
444 20110 20091 1148/ 521//=
ZZYY 51301 21091 17004 707984 154983 6112/
11119 00311 10274 29081
22219 00284
444 20120 21091 1718/ 521// 60401=
ZZYY 51305 20091 1200/ 702036 170053 6112/
33311 88872 20001 32723 43510 20025 32724 20050 32717 20075 32714
20100 32693 20125 32444 20150 31809 20200 31163 20250 31143
20300 31117
444 20120 20091 1153/ 521//=
ZZYY 51306 20091 1200/ 502155 170031 6111/
33311 88872 20001 32772 43556 20025 32770 20050 32769 20100 32768
20125 32586 20150 32113 20250 31103 20500 30838
444 20110 20091 1152/ 521//=
ZZYY 51306 21091 17004 502153 170029 6111/
11119 00913 10273 29075
22219 00277
444 20110 21091 1902/ 521// 60401=
ZZYY 51006 20091 1200/ 709010 140231 6113/
33311 88872 20001 32753 43392 20020 32780 20040 32736 20060 32181
20080 31610 20100 31281 20120 31207 20140 31152 20180 31088
20300 30987 20500 30829
444 20130 20091 1148/ 521//=
ZZYY 51006 21091 17004 709004 140230 6111/
11119 01205 10258 29090
22219 00276
444 20110 21091 1734/ 521// 60401=
ZZYY 51307 20091 1200/ 708026 124996 6111/
33311 88872 20001 32755 43382 20020 32739 20040 32738 20060 32465
20080 31490 20100 31300 20120 31242 20140 31201 20180 31130
20300 31008 20500 30818
444 20110 20091 1139/ 521//=
ZZYY 51307 21091 1700/ 708022 125001 6113/
11119 10263 29083
22219 00274
444 20130 21091 1706/ 521//=
ZZYY 51017 20091 1200/ 502014 124900 6113/
33311 88872 20001 32307 43471 20020 32264 20040 32245 20080 32202
20100 31692 20120 31380 20140 31328 20180 31279 20300 31184
20500 30828
444 20130 20091 1141/ 521//=
ZZYY 51017 21091 17004 502015 124904 6112/
11119 00907 10234 29071
22219 00233
444 20120 21091 1708/ 521// 60401=
ZZYY 51302 20091 1200/ 508268 155012 6111/
33311 88872 20001 32717 43548 20025 32715 20050 32714 20075 32714
20100 32715 20125 32700 20150 32563 20200 32152 20250 31599
20300 31198 20500 30805
444 20110 20091 1155/ 521//=
ZZYY 51302 21091 17004 508268 155014 6111/
11119 00916 10271 29074
22219 00272
444 20110 21091 1723/ 521// 60401=
ZZYY 51304 20091 1200/ 504993 170026 6112/
33311 88872 20001 32779 43543 20025 32778 20050 32777 20125 32682
20150 32522 20200 31890 20250 31354 20300 31117 20500 30821
444 20120 20091 1154/ 521//=
ZZYY 51304 21091 17004 505003 170028 6112/
11119 01012 10274 29074
22219 00277
444 20120 21091 1440/ 521// 60401=
ZZYY 51023 20091 1200/ 500002 154960 6111/
33311 88870 20001 32553 20025 32544 20050 32526 20100 32137
20125 31808 20200 31335 20250 31193 20300 31117 20500 30822
444 20110 20091 1127/ 521//=
ZZYY 51023 21091 1700/ 500006 154953 6111/
11119 10251 29087
22219 00253
444 20110 21091 1721/ 521//=
ZZYY 51022 20091 1200/ 501978 155000 6111/
33311 88872 20001 32675 43534 20025 32676 20050 32669 20075 32668
20100 32668 20125 32046 20150 31621 20200 31304 20300 31092
444 20110 20091 1128/ 521//=
ZZYY 51022 21091 17004 501972 155003 6113/
11119 01118 10269 29075
22219 00267
444 20130 21091 1722/ 521// 60401=
ZZYY 13010 20091 12004 500011 000001 6111/
11119 01906 10253 29078
22219 00263
33311 88872 20000 32631 20001 32612 20020 32604 43539
20040 32366 43563 20060 31885 20080 31716 20100 31621
20120 31536 43559 20140 31509 20180 31486 20300 31042 20500 30760
444 20110 20091 1245/ 521// 60001=
ZZYY 13010 21091 18004 300031 000007 6111/
11119 01913 10251 29089
22219 00261
444 20110 21091 1830/ 521// 60001=
ZZYY 51308 20091 1200/ 507971 124989 6111/
33311 88872 20001 32573 43551 20020 32571 20040 32568 20060 32567
20080 32566 20100 32410 20120 32213 20140 32096 20180 31549
20300 31089 20500 30840
444 20110 20091 1143/ 521//=
ZZYY 51308 21091 17004 507972 124994 6112/
11119 01214 10253 29072
22219 00257
444 20120 21091 1709/ 521// 60401=
ZZYY 51310 20091 12004 508018 170061 6112/
11119 01213 10277 29078
22219 00281
33311 88872 20000 32808 20001 32811 43556 20025 32810 20050 32809
20075 32809 20100 32809 20125 32797 20150 32668 20200 32234
444 20120 20091 1156/ 521// 60401=
ZZYY 51310 21091 17004 508021 170069 6111/
11119 01114 10275 29073
22219 00280
444 20110 21091 1725/ 521// 60401=
ZZYY 51303 20091 1200/ 705052 170014 6111/
33311 88872 20001 32775 43524 20025 32775 20050 32775 20075 32774
20100 32768 20200 31564 20250 31106 20300 31014 20500 30852
444 20110 20091 1150/ 521//=
ZZYY 51009 21091 17004 502032 140011 6112/
11119 01014 10256 29082
444 20120 21091 1721/ 521// 60401=
