####018000125####
SSVX02 CWAO 220715
ZZYY 47537 22091 0715/ 784418 064773 6113/ 22291 00003 444 20130 22091 0715/ 50701 80138 80001 9////=
####018000125####
SSVX02 CWAO 220715
ZZYY 47531 22091 0715/ 784418 064709 6113/ 11131 11001 444 20130 22091 0715/ 50701 80138 80001 9////=
####018000125####
SSVX02 CWAO 220715
ZZYY 47533 22091 0715/ 782989 062186 6113/ 22291 01010 444 20130 22091 0715/ 50701 80138 80001 9////=
####018000125####
SSVX02 CWAO 220715
ZZYY 47532 22091 0715/ 782991 062217 6113/ 11119 11106 444 20130 22091 0715/ 50701 80136 80001 9////=
####018000128####
SSVX02 CWAO 220715
ZZYY 47533 22091 0715/ 782989 062186 6113/ 22291 01010 444 20130 22091 0715/ 50701 80138 80001 9////=

####018004523####
SSVX02 KARS 220724
ZZYY 15618 22091 0708/ 520806 002182 6111/
22219 00189
444 20110 22091 0125/ 50101 80124 80180 9/015=
ZZYY 15505 22091 0630/ 525550 011153 6111/
11119 30242 40242
22219 00196
444 20110 22091 0310/ 50101 80110 80100 9/015=
ZZYY 31519 22091 0620/ 526873 013735 6112/
11119 30214 40214 52002
22219 00193
444 20120 22091 0309/ 50101 80080 80000 9/015=
ZZYY 31905 22091 0706/ 534351 011677 6112/
444 20120 22091 0312/ 50101 9/015=
ZZYY 31784 22091 0620/ 533120 025947 6111/
11119 30201 40201 57001
22219 00167
444 20110 22091 0452/ 50101 80050 80000 9/015=
ZZYY 33907 22091 0600/ 533762 003051 6112/
11119 30284 40284 52008
22219 00152
444 20120 22091 0527/ 50101 8//// 80000 9////=
ZZYY 71667 22091 0640/ 556645 023110 6112/
11119 39982 49982
22219 01004
444 20120 22091 0546/ 50101 80110 80100 9/015=
ZZYY 15501 22091 0600/ 528849 011355 6113/
11119 30256 40256 57001
444 20130 22091 0309/ 50101 80110 80000 9/015=
ZZYY 15501 22091 0500/ 528849 011355 6113/
11119 30252 40252 57006
444 20130 22091 0309/ 50101 80110 80000 9/015=
ZZYY 15666 22091 0708/ 314847 008657 6113/
22219 00180
444 20130 22091 0123/ 50101 80152 80010 9/015=
ZZYY 71677 22091 0620/ 546970 028576 6112/
11119 39993 49993
22219 00039
444 20120 22091 0457/ 50101 80110 80100 9/015=
ZZYY 33592 22091 0630/ 543187 016795 6113/
22219 00087
444 20130 22091 0312/ 50101 80110 80000 9/015=
ZZYY 17509 22091 0650/ 529033 010613 6113/
11119 30254 40254
22219 00188
444 20130 22091 0308/ 50101 80080 80100 9/015=
ZZYY 15924 22091 0700/ 516984 016651 6113/
11119 30199 40199 52012
22219 00217
444 20130 22091 0300/ 50101 80140 80010 9/015=
ZZYY 31921 22091 0708/ 534328 017591 6112/
22219 00164
444 20120 22091 0310/ 50101 80043 80019 9////=
ZZYY 17677 22091 0540/ 521161 017243 6112/
11119 30209 40209 57002
22219 00218
444 20120 22091 0259/ 50101 80110 80000 9/015=
ZZYY 71661 22091 0610/ 546750 026916 6111/
11119 30025 40025
22219 00043
444 20110 22091 0456/ 50101 80110 80000 9/015=
ZZYY 33886 22091 0650/ 350690 027535 6113/
11119 39963 49963
22219 00035
444 20130 22091 0540/ 50101 80090 80100 9/015=
ZZYY 33575 22091 0640/ 542706 028290 6112/
11119 30015 40015
22219 00099
444 20120 22091 0455/ 50101 80110 80100 9/015=
ZZYY 33656 22091 0610/ 348221 030063 6112/
11119 30041 40041
22219 00075
444 20120 22091 0538/ 50101 80110 80100 9/015=
ZZYY 17685 22091 0700/ 331114 001443 6112/
11119 30323 40323 52012
22219 00165
444 20120 22091 0537/ 50101 8//// 80000 9////=
ZZYY 17685 22091 0600/ 331114 001443 6112/
11119 30318 40318 52008
22219 00165
444 20120 22091 0537/ 50101 8//// 80000 9////=
ZZYY 71626 22091 0350/ 526512 002373 6111/
11119 30258 40258 57011
22219 00186
444 20110 22091 0307/ 50101 80100 80007 9/015=
ZZYY 71626 22091 0650/ 526512 002373 6111/
11119 30268 40268 52010
22219 00185
444 20110 22091 0307/ 50101 80100 80009 9/015=
ZZYY 33900 22091 0630/ 319429 000324 6111/
11119 30212 40212 52012
22219 00185
444 20110 22091 0124/ 50101 80110 80010 9/015=
ZZYY 33900 22091 0530/ 319429 000324 6111/
11119 30204 40204 52002
22219 00186
444 20110 22091 0124/ 50101 80110 80014 9/015=
ZZYY 31914 22091 0708/ 534624 016336 6113/
22219 00159
444 20130 22091 0311/ 50101 80075 80024 9/015=
ZZYY 33579 22091 0640/ 551456 013463 6112/
11119 30101 40101
22219 00016
444 20120 22091 0533/ 50101 80110 80100 9/015=
ZZYY 33992 22091 0700/ 547183 022016 6113/
11119 40094 52223
22219 00045
444 2013/ 22091 0315/ 50101 80083 80000 9/015=
ZZYY 17513 22091 0320/ 535572 012617 6112/
11119 30244 40244 57005
22219 00152
444 20120 22091 0310/ 50101 8//// 80000 9////=
ZZYY 17513 22091 0620/ 535572 012617 6112/
11119 30241 40241 57003
22219 00152
444 20120 22091 0310/ 50101 8//// 80000 9////=
ZZYY 33537 22091 0620/ 342026 020295 6112/
11119 30152 40152 57009
22219 00163
444 20120 22091 0537/ 50101 80100 80005 9/015=
ZZYY 17672 22091 0610/ 537773 011398 6112/
11119 30252 40252 57001
22219 00123
444 20120 22091 0311/ 50101 80110 80004 9/015=
ZZYY 31708 22091 0708/ 331446 009835 6113/
22219 00165
444 20130 22091 0538/ 50101 80004 80036 9////=
ZZYY 15620 22091 0610/ 326846 000178 6112/
11119 30270 40270 52008
22219 00179
444 20120 22091 0128/ 50101 80077 80016 9/015=
ZZYY 33660 22091 0640/ 546735 024542 6112/
22219 00043
444 20120 22091 0134/ 50101 80110 80100 9/015=
####018000149####
SSVX13 KARS 220724
ZZYY 71665 22091 0630/ 353340 001978 6112/
11119 39900 49900
22219 01006
444 20120 22091 0540/ 50101 80110 80100 9/015=
####018000128####
SSVX02 CWAO 220715
ZZYY 47531 22091 0715/ 784418 064709 6113/ 11131 11001 444 20130 22091 0715/ 50701 80138 80001 9////=

####018000128####
SSVX02 CWAO 220715
ZZYY 47532 22091 0715/ 782991 062217 6113/ 11119 11106 444 20130 22091 0715/ 50701 80136 80001 9////=

####018000128####
SSVX02 CWAO 220715
ZZYY 47537 22091 0715/ 784418 064773 6113/ 22291 00003 444 20130 22091 0715/ 50701 80138 80001 9////=

####018000735####
SSVX08 KARS 220726
ZZYY 14046 21091 1200/ 316002 054996 6111/
33311 88872 20020 32457 43535 20040 32455 43555 20060 32455 43531
20080 32454 20100 32372 20120 32234 20140 32096 20180 31857
20500 30941
444 20110 21091 1201/ 521//=
ZZYY 14041 21091 12004 307940 055085 6112/
11119 01315 10257 29090
22219 00272
33311 88872 20000 32719 20001 32708 43544 20020 32701 43531
20040 32690 43539
444 20120 21091 1201/ 521// 60401=
ZZYY 14042 21091 12004 312024 054982 6112/
11119 01119 10259 29077 40141
22219 00259
33311 88872 20000 32594 20001 32588 43553 20020 32586 43557
20040 32585 43557 20060 32587 43560 20080 32542 20100 32297
20140 31893 20180 31645 20300 31209
444 20120 21091 1202/ 521// 60401=
####018004787####
SSVX02 KARS 220726
ZZYY 33696 22091 0620/ 333170 050304 6113/
11119 30252 40252 52011
22219 00165
444 20130 22091 0643/ 50101 80100 80000 9/015=
ZZYY 33972 22091 0540/ 341178 054410 6111/
444 20110 22091 0536/ 50101 80009 80000 9////=
ZZYY 33972 22091 0640/ 341186 054438 6111/
444 20110 22091 0651/ 50101 80009 80000 9////=
ZZYY 33906 22091 0550/ 350616 068782 6112/
22219 00019
444 20120 22091 0509/ 50101 80100 80100 9/015=
ZZYY 33886 22091 0550/ 350690 027535 6113/
11119 39981 49981
22219 00035
444 20130 22091 0540/ 50101 80090 80100 9/015=
ZZYY 14563 22091 0600/ 323740 041420 6113/
11119 30217 40217 57237
22219 00230
444 20130 22091 0536/ 50101 80110 80003 9/015=
ZZYY 33595 22091 0610/ 341101 043935 6113/
11119 30300 40300
22219 00125
444 20130 22091 0538/ 50101 80090 80100 9/015=
ZZYY 33655 22091 0650/ 547564 003525 6111/
11119 30139 40139
22219 00034
444 20110 22091 0655/ 50101 80100 80100 9/015=
ZZYY 33520 22091 0650/ 338902 055135 6112/
11119 30251 40251 52010
22219 00153
444 20120 22091 0644/ 50101 80100 80000 9/015=
ZZYY 33996 22091 0600/ 344860 005581 6112/
11119 40135 57221
22219 00077
444 2012/ 22091 0539/ 50101 80081 80001 9/015=
ZZYY 33883 22091 0620/ 349133 032292 6113/
11119 30023 40023
22219 00024
444 20130 22091 0652/ 50101 80100 80100 9/015=
ZZYY 33582 22091 0610/ 349487 000240 6113/
11119 30007 40007 52054
22219 00039
444 20130 22091 0539/ 50101 80110 80011 9/015=
ZZYY 33991 22091 0600/ 343671 000749 6112/
11119 40202 57227
22219 00088
444 2012/ 22091 0539/ 50101 80104 80000 9/015=
ZZYY 33555 22091 0620/ 339649 006512 6111/
11119 30224 40224 52028
22219 00122
444 20110 22091 0652/ 50101 80100 80084 9/015=
ZZYY 16943 22091 0610/ 331045 050507 6113/
11119 30247 40247 52010
22219 00182
444 20130 22091 0537/ 50101 8//// 80000 9////=
ZZYY 71673 22091 0650/ 554268 025511 6112/
11119 39907 49907
22219 00004
444 20120 22091 0536/ 50101 80110 80000 9/015=
ZZYY 16604 22091 0630/ 356347 034892 6113/
22219 01002
444 20130 22091 0654/ 50101 80009 80000 9////=
ZZYY 33573 22091 0610/ 350036 025474 6111/
11119 39927 49927 57029
22219 00012
444 20110 22091 0538/ 50101 80130 80002 9/015=
ZZYY 14925 22091 0650/ 310300 046406 6113/
11119 30165 40165 52010
22219 00246
444 20130 22091 0636/ 50101 80145 80010 9/015=
ZZYY 33585 22091 0550/ 348877 025593 6112/
11119 39987 49987
22219 00028
444 20120 22091 0532/ 50101 80060 80100 9/015=
ZZYY 16963 22091 0610/ 325493 059922 6111/
11119 40233 52003
22219 00225
444 20110 22091 0644/ 50101 80009 80000 9////=
ZZYY 33517 22091 0630/ 554572 031331 6112/
11119 39830 49830
22219 01010
444 20120 22091 0615/ 50101 80100 80100 9/015=
ZZYY 16608 22091 0550/ 330109 044817 6113/
11119 40258 52016
22219 00202
444 20130 22091 0538/ 50101 80010 80004 9////=
ZZYY 16608 22091 0650/ 330074 044836 6113/
11119 40257 52010
22219 00202
444 20130 22091 0642/ 50101 80010 80004 9////=
ZZYY 55599 22091 0600/ 347879 061408 6112/
11119 49955 52009
22219 00030
444 20120 22091 0510/ 50101 80008 80002 9////=
ZZYY 31708 22091 0654/ 331439 009836 6112/
22219 00164
444 20120 22091 0650/ 50101 80004 80036 9////=
ZZYY 14554 22091 0630/ 332253 065645 6113/
11119 40231 57003
22219 00179
444 20130 22091 0506/ 50101 80010 80000 9////=
ZZYY 14554 22091 0530/ 332253 065645 6113/
11119 40232 57001
22219 00178
444 20130 22091 0506/ 50101 80010 80000 9////=
ZZYY 17520 22091 0655/ 336009 045558 6113/
22219 00160
444 20130 22091 0643/ 50101 80094 80000 9////=
ZZYY 17690 22091 0650/ 330864 045627 6113/
22219 00187
444 20130 22091 0643/ 50101 80090 80001 9/015=
ZZYY 14549 22091 0550/ 332711 059745 6111/
11119 30240 40240 52013
22219 00178
444 20110 22091 0536/ 50101 8//// 80006 9////=
ZZYY 33908 22091 0630/ 331449 004377 6112/
11119 30292 40292 52014
22219 00167
444 20120 22091 0651/ 50101 8//// 80000 9/015=
ZZYY 17653 22091 0630/ 337773 004889 6111/
11119 30259 40259 52006
22219 00128
444 20110 22091 0653/ 50101 80080 80005 9/015=
ZZYY 33687 22091 0651/ 333687 061718 6111/
22219 00152
444 20110 22091 0643/ 50101 80070 80000 9/015=
ZZYY 33683 22091 0640/ 544267 000649 6111/
11119 30199 40199 52019
22219 00080
444 20110 22091 0653/ 50101 80110 80000 9/015=
ZZYY 55946 22091 0640/ 356206 027040 6111/
11119 39900 49900 52001
22219 00006
444 20110 22091 0654/ 50101 80100 80006 9/015=
ZZYY 55915 22091 0630/ 548548 003485 6111/
11119 30053 40053 52034
22219 00043
444 20110 22091 0655/ 50101 80100 80006 9/015=
ZZYY 33558 22091 0600/ 328826 007564 6113/
11119 30278 40278 52015
22219 00166
444 20130 22091 0535/ 50101 80110 80006 9/015=
####018000245####
SSVX02 LFVW 220727
ZZYY 14962 22091 0645/ 328188 060439 6111/
22219 00202
33311 88872 20000 32022 43333
444 50101 9/015=
ZZYY 56939 22091 0600/ 336746 051060 6112/
11119 40268 52015
444 20120 22091 0538/ 50101 80090 80000 9/015=
