####018012659####
SSVX02 KARS 221458
ZZYY 32679 22091 1447/ 128406 158904 6112/
22219 00272
444 20120 22091 1059/ 50101 80102 80001 9/015=
ZZYY 53604 22091 1448/ 133546 151310 6111/
22219 00274
444 20110 22091 1441/ 50101 80132 80001 9/015=
ZZYY 21908 22091 1410/ 131008 151731 6111/
11119 30143 40143 52248
22219 00271
444 20110 22091 1442/ 50101 80100 80000 9/015=
ZZYY 21908 22091 1310/ 131011 151731 6111/
11119 30146 40146 52252
22219 00271
444 20110 22091 1240/ 50101 80100 80000 9/015=
ZZYY 21908 22091 1210/ 131011 151731 6111/
11119 30150 40150 57251
22219 00271
444 20110 22091 1240/ 50101 80100 80000 9/015=
ZZYY 53601 22091 1447/ 139554 150946 6111/
22219 00235
444 20110 22091 1440/ 50101 80130 80008 9/015=
ZZYY 21576 22091 1150/ 142057 151324 6112/
11119 39982 49982 57215
22219 00204
444 20120 22091 1101/ 50101 80110 80021 9/015=
ZZYY 52919 22091 1448/ 121775 149266 6111/
22219 00281
444 20110 22091 1239/ 50101 80119 80030 9/015=
ZZYY 52804 22091 1447/ 117212 157409 6111/
22219 00289
444 20110 22091 1424/ 50101 80115 80004 9/015=
ZZYY 21514 22091 1440/ 139236 145566 6111/
11119 30042 40042 57250
22219 00217
444 20110 22091 1442/ 50101 80120 80017 9/015=
ZZYY 21514 22091 1340/ 139170 145536 6112/
11119 30037 40037 57251
22219 00217
444 20120 22091 1243/ 50101 80120 80016 9/015=
ZZYY 14940 22091 1448/ 138775 149357 6112/
22219 00247
444 20120 22091 1441/ 50101 8//// 80051 9/015=
ZZYY 21572 22091 1350/ 140362 149968 6111/
11119 30024 40024 57236
22219 00224
444 20110 22091 1440/ 50101 80120 80014 9/015=
ZZYY 21572 22091 1250/ 140362 149968 6111/
11119 30014 40014 57238
22219 00225
444 20110 22091 1440/ 50101 80120 80015 9/015=
ZZYY 21530 22091 1320/ 140636 152868 6112/
11119 30019 40019
22219 00228
444 20120 22091 1440/ 50101 80120 80015 9/015=
ZZYY 21530 22091 1220/ 140636 152872 6112/
11119 30021 40021 57252
22219 00228
444 20120 22091 1102/ 50101 80120 80015 9/015=
ZZYY 52920 22091 1447/ 121186 151058 6111/
22219 00283
444 20110 22091 1058/ 50101 80121 80021 9/015=
ZZYY 52839 22091 1447/ 123864 161570 6111/
22219 00278
444 20110 22091 1423/ 50101 80144 80015 9/015=
ZZYY 21915 22091 1447/ 137416 146641 6112/
22219 00246
444 20120 20091 2224/ 50101 80110 80008 9/015=
ZZYY 52617 22091 1448/ 120792 157060 6111/
22219 00280
444 20110 22091 1423/ 50101 80123 80000 9/015=
ZZYY 52827 22091 1447/ 121983 161763 6111/
22219 00284
444 20110 22091 1058/ 50101 80144 80004 9/015=
ZZYY 51955 22091 1447/ 129898 179913 6112/
22219 00275
444 20120 22091 1445/ 50101 80148 80008 9/015=
ZZYY 21522 22091 1446/ 140794 152989 6112/
444 20120 22091 0920/ 50101 80110 80086 9/015=
ZZYY 21894 22091 1445/ 140946 157962 6111/
22219 00208
444 20110 22091 1440/ 50101 80110 80076 9/015=
ZZYY 46605 22091 1447/ 730726 176205 6112/
22219 00269
444 20120 22091 1415/ 50101 80142 80007 9/015=
ZZYY 51853 22091 1448/ 130125 162244 6112/
22219 00278
444 20120 22091 1441/ 50101 80121 80032 9/015=
ZZYY 21624 22091 1240/ 135874 154769 6111/
11119 30150 40150
22219 00255
444 20110 22091 1101/ 50101 80100 80005 9/015=
ZZYY 51974 22091 1448/ 736462 163842 6111/
22219 00238
444 20110 22091 1440/ 50101 80119 80011 9/015=
ZZYY 21966 22091 1430/ 134023 168176 6111/
11119 30252 40252 57008
22219 00261
444 20110 22091 1440/ 50101 80120 80006 9/015=
ZZYY 32619 22091 1446/ 135182 154664 6113/
22219 00272
444 20130 22091 1441/ 50101 80049 80081 9////=
ZZYY 21616 22091 1447/ 138014 145213 6111/
22219 00226
444 20110 22091 1442/ 50101 80120 80048 9/015=
ZZYY 21537 22091 1448/ 141713 154194 6112/
22219 00222
444 20120 22091 1440/ 50101 80110 80056 9/015=
ZZYY 21929 22091 1444/ 139890 150453 6112/
22219 00237
444 20120 22091 0924/ 50101 80110 80088 9/015=
ZZYY 21926 22091 1448/ 134212 159303 6112/
22219 00271
444 20120 22091 1440/ 50101 80110 80009 9/015=
ZZYY 21932 22091 1440/ 133807 178216 6111/
11119 30244 40244 57005
22219 00256
444 50101 80120 80040 9/015=
ZZYY 52594 22091 1448/ 130462 151454 6112/
22219 00273
444 20120 22091 1441/ 50101 80126 80004 9/015=
ZZYY 21973 22091 1210/ 129926 152700 6111/
11119 30166 40166 52004
22219 00275
444 20110 22091 0949/ 50101 80130 80005 9/015=
ZZYY 21973 22091 1410/ 129992 152680 6111/
11119 30158 40158 57006
22219 00275
444 20110 22091 1445/ 50101 80130 80006 9/015=
ZZYY 21973 22091 1310/ 129992 152680 6111/
11119 30161 40161 57005
22219 00275
444 20110 22091 1445/ 50101 80130 80005 9/015=
ZZYY 51816 22091 1445/ 727618 170026 6113/
22219 00272
444 20130 22091 1415/ 50101 80078 80023 9/015=
ZZYY 51930 22091 1448/ 727695 176903 6111/
22219 00271
444 20110 22091 1441/ 50101 80115 80018 9/015=
ZZYY 43522 22091 1448/ 126010 177086 6111/
22219 00283
444 20110 22091 1445/ 50101 80076 80002 9/015=
ZZYY 51927 22091 1446/ 117275 170951 6113/
22219 00287
444 20130 22091 1422/ 50101 80088 80006 9/015=
ZZYY 21535 22091 1430/ 142493 144922 6112/
11119 30039 40039 52011
22219 00172
444 20120 22091 1440/ 50101 80120 80063 9/015=
ZZYY 52601 22091 1447/ 120368 157771 6112/
22219 00284
444 20120 22091 1445/ 50101 80115 80009 9/015=
ZZYY 51641 22091 1447/ 732617 172464 6111/
22219 00263
444 20110 22091 1441/ 50101 80117 80077 9/015=
ZZYY 51909 22091 1448/ 136896 151017 6112/
22219 00270
444 20120 22091 1100/ 50101 80046 80000 9////=
ZZYY 14942 22091 1447/ 726816 165735 6113/
22219 00272
444 20130 22091 1415/ 50101 8//// 80000 9/015=
ZZYY 14946 22091 1447/ 132324 170905 6111/
22219 00272
444 20110 22091 1441/ 50101 8//// 80000 9/015=
ZZYY 51868 22091 1447/ 120420 167372 6113/
22219 00283
444 20130 22091 1422/ 50101 80109 80008 9/015=
ZZYY 22919 22091 1448/ 131870 170264 6113/
22219 00278
444 20130 22091 1441/ 50101 80009 80000 9/015=
ZZYY 14945 22091 1443/ 739286 158849 6112/
444 20120 22091 1411/ 50101 9/015=
ZZYY 43529 22091 1448/ 717120 172430 6112/
22219 00272
444 20120 22091 1421/ 50101 80084 80001 9/015=
ZZYY 53525 22091 1447/ 137308 149957 6111/
22219 00250
444 20110 22091 1101/ 50101 80136 80002 9/015=
ZZYY 21622 22091 1350/ 132125 137658 6112/
11119 30066 40066 57244
22219 00258
444 20120 22091 1241/ 50101 80100 80000 9/015=
ZZYY 22536 22091 1448/ 131601 176410 6112/
22219 00266
444 20120 22091 1441/ 50101 80010 80043 9////=
ZZYY 21855 22091 1444/ 141648 150801 6113/
444 20130 22091 1103/ 50101 80110 80064 9/015=
ZZYY 51859 22091 1447/ 129167 151984 6112/
22219 00276
444 20120 22091 0950/ 50101 80460 80007 9/015=
ZZYY 21948 22091 1446/ 130528 152790 6112/
22219 00274
444 20120 22091 1101/ 50101 80110 80037 9/015=
ZZYY 46909 22091 1447/ 719941 176046 6112/
444 20120 22091 1417/ 50101 80112 80000 9/015=
ZZYY 21952 22091 1448/ 135382 170277 6112/
22219 00262
444 20120 22091 1440/ 50101 80110 80037 9/015=
ZZYY 22572 22091 1448/ 137298 155371 6112/
22219 00253
444 20120 22091 1441/ 50101 80010 80099 9////=
ZZYY 21890 22091 1446/ 136860 149991 6111/
22219 00253
444 20110 22091 0812/ 50101 80120 80081 9/015=
ZZYY 46764 22091 1445/ 720753 177414 6112/
22219 00280
444 20120 22091 1418/ 50101 80072 80014 9/015=
ZZYY 22579 22091 1449/ 129882 153953 6111/
22219 00274
444 20110 22091 1442/ 50101 80007 80017 9/015=
ZZYY 51628 22091 1448/ 127621 179704 6112/
22219 00273
444 20120 22091 1441/ 50101 80090 80019 9/015=
ZZYY 51864 22091 1448/ 132934 147093 6111/
22219 00275
444 20110 22091 1441/ 50101 80117 80011 9/015=
ZZYY 51860 22091 1447/ 115974 155856 6111/
22219 00290
444 20110 22091 1057/ 50101 80117 80006 9/015=
ZZYY 52915 22091 1448/ 122042 159974 6113/
22219 00282
444 20130 22091 1100/ 50101 80144 80011 9/015=
ZZYY 22578 22091 1447/ 131390 173172 6113/
22219 00271
444 20130 22091 1441/ 50101 80010 80000 9/015=
ZZYY 53910 22091 1448/ 138003 163270 6112/
22219 00260
444 20120 22091 1440/ 50101 80136 80001 9/015=
ZZYY 51848 22091 1448/ 132057 166186 6111/
22219 00274
444 20110 22091 1440/ 50101 80119 80005 9/015=
ZZYY 21533 22091 1440/ 143615 150010 6111/
11119 39967 49967 52025
22219 00143
444 20110 22091 1445/ 50101 80120 80063 9/015=
ZZYY 21533 22091 1340/ 143615 150010 6111/
11119 39960 49960 52040
22219 00143
444 20110 22091 1445/ 50101 80120 80063 9/015=
ZZYY 22626 22091 1448/ 133094 163146 6112/
22219 00274
444 20120 22091 1441/ 50101 80008 80004 9////=
ZZYY 21549 22091 1410/ 141275 150104 6112/
11119 30012 40012 57238
22219 00197
444 20120 22091 1440/ 50101 80120 80019 9/015=
ZZYY 21549 22091 1310/ 141280 150138 6111/
11119 30002 40002 57239
22219 00198
444 20110 22091 1243/ 50101 80120 80020 9/015=
ZZYY 51861 22091 1447/ 134670 144127 6112/
22219 00275
444 20120 22091 1243/ 50101 80005 80000 9////=
ZZYY 51858 22091 1449/ 116504 157888 6112/
22219 00289
444 20120 22091 1057/ 50101 80117 80013 9/015=
ZZYY 53578 22091 1447/ 140633 155490 6111/
22219 00219
444 20110 22091 1441/ 50101 80108 80017 9/015=
ZZYY 21529 22091 1440/ 138012 150553 6111/
11119 30037 40037
22219 00233
444 20110 22091 1446/ 50101 80120 80019 9/015=
ZZYY 21529 22091 1340/ 138012 150553 6111/
11119 30040 40040 57254
22219 00233
444 20110 22091 1446/ 50101 80120 80019 9/015=
ZZYY 21529 22091 1240/ 138012 150553 6111/
11119 30042 40042 57252
22219 00233
444 20110 22091 1446/ 50101 80120 80023 9/015=
ZZYY 52914 22091 1446/ 134941 143540 6113/
22219 00274
444 20130 22091 1241/ 50101 80051 80004 9/015=
ZZYY 21526 22091 1400/ 140175 142212 6112/
11119 30034 40034 57254
22219 00193
444 20120 22091 1441/ 50101 80120 80015 9/015=
ZZYY 21526 22091 1300/ 140199 142207 6111/
11119 30034 40034 57246
22219 00193
444 20110 22091 1244/ 50101 80120 80015 9/015=
ZZYY 52678 22091 1448/ 128032 161234 6112/
22219 00277
444 20120 22091 1441/ 50101 8//// 80018 9////=
ZZYY 22610 22091 1447/ 127608 152672 6113/
22219 00274
444 20130 22091 0935/ 50101 80009 80000 9////=
ZZYY 21534 22091 1200/ 137945 158424 6112/
11119 30170 40170 57003
22219 00251
444 20120 22091 1102/ 50101 80110 80100 9/015=
ZZYY 52842 22091 1448/ 131995 164009 6113/
22219 00276
444 20130 22091 1440/ 50101 80010 80045 9/015=
ZZYY 52901 22091 1448/ 132700 170088 6113/
22219 00269
444 20130 22091 1441/ 50101 80010 80059 9/015=
ZZYY 32552 22091 1448/ 122945 169461 6111/
22219 00272
444 20110 22091 1442/ 50101 80049 80019 9/015=
ZZYY 21625 22091 1445/ 135466 147567 6111/
22219 00240
444 20110 22091 1441/ 50101 80120 80055 9/015=
ZZYY 21923 22091 1447/ 139930 154868 6113/
22219 00226
444 20130 22091 1439/ 50101 80120 80055 9/015=
ZZYY 21617 22091 1448/ 133354 172789 6112/
22219 00259
444 20120 22091 1439/ 50101 80110 80056 9/015=
ZZYY 21921 22091 1448/ 138759 146772 6112/
22219 00236
444 20120 22091 1103/ 50101 80120 80255 9/015=
ZZYY 21853 22091 1440/ 741903 175957 6112/
11119 30217 40217 52004
22219 00161
444 20120 22091 1436/ 50101 80120 80000 9/015=
ZZYY 51829 22091 1446/ 127255 144448 6112/
22219 00273
444 20120 22091 1239/ 50101 80119 80008 9/015=
ZZYY 51855 22091 1447/ 133380 175454 6113/
22219 00258
444 20130 22091 1440/ 50101 80111 80007 9/015=
ZZYY 52838 22091 1448/ 126587 143281 6111/
22219 00272
444 20110 22091 1240/ 50101 80123 80007 9/015=
ZZYY 46908 22091 1446/ 124222 163772 6112/
22219 00282
444 20120 22091 1422/ 50101 80088 80041 9/015=
ZZYY 21901 22091 1448/ 127014 159301 6112/
22219 00277
444 20120 22091 1442/ 50101 80123 80005 9/015=
ZZYY 52815 22091 1448/ 129197 161915 6112/
22219 00279
444 20120 22091 1445/ 50101 80121 80011 9/015=
ZZYY 21538 22091 1446/ 126188 163151 6112/
22219 00279
444 20120 22091 1422/ 50101 80121 80019 9/015=
ZZYY 52615 22091 1445/ 131572 151417 6111/
22219 00273
444 20110 22091 1442/ 50101 80119 80022 9/015=
ZZYY 21521 22091 1447/ 135705 163588 6112/
22219 00257
444 20120 22091 1440/ 50101 80110 80004 9/015=
ZZYY 52611 22091 1448/ 130191 166553 6111/
22219 00273
444 20110 22091 1440/ 50101 80105 80000 9/015=
ZZYY 21961 22091 1446/ 133776 150906 6111/
22219 00273
444 20110 22091 0809/ 50101 80110 80087 9/015=
ZZYY 52591 22091 1448/ 122509 148120 6111/
22219 00281
444 20110 22091 1237/ 50101 80121 80013 9/015=
ZZYY 51744 22091 1445/ 134187 168253 6111/
22219 00268
444 20110 22091 1439/ 50101 80121 80003 9/015=
ZZYY 32667 22091 1448/ 127709 158395 6111/
22219 00278
444 20110 22091 1445/ 50101 80049 80001 9////=
####018000253####
SSVX08 KARS 221458
ZZYY 52003 21091 1200/ 105099 165032 6112/
33311 88872 20001 32942 43392 20025 32938 20050 32937 20075 32949
20100 32880 20125 32545 20150 32036 20200 31175 20250 30991
20300 30933 20500 30789
444 20120 21091 1324/ 521//=
####018000146####
SSVX13 LFPW 221500
ZZYY 64607 22091 1500/ 762225 056331 6110/ 11119 40134 52004 22219
 00059 444 20100 22091 1500/ 50101 80108 80000 9/015=
####018001169####
SSVX11 LFVW 221501
ZZYY 21210 22091 1100/ 138095 146359 6112/
22219 00237
444 20120 22091 1103/ 522//=
ZZYY 21210 22091 09004 138102 146385 6111/
11119 03612 10203 29081 40008
22219 00239
444 20110 22091 0924/ 522// 60371=
ZZYY 21210 22091 07004 138097 146386 6112/
11119 03410 10205 29084 49990
22219 00240
444 20120 22091 0648/ 522// 60371=
ZZYY 21210 22091 05004 138098 146403 6111/
11119 03008 10201 29089 49973
22219 00245
444 20110 22091 0509/ 522// 60371=
ZZYY 21210 22091 1200/ 138106 146395 6111/
22219 00239
444 20110 22091 1130/ 522//=
ZZYY 21210 22091 1000/ 138093 146354 6111/
22219 00238
444 20110 22091 0950/ 522//=
ZZYY 52083 22091 1300/ 107904 156033 6111/
33311 88872 20002 32948 43345 20025 32966 43383 20050 32957 43416
20075 32932 43448 20100 32810 43484 20125 32503 43509
20150 32065 43492 20200 31283 43449 20250 31077 43457
20300 30956 43460 20500 30778 43456 20750 30583 43453
444 20110 22091 1234/ 522//=
ZZYY 52083 22091 1100/ 107968 156032 6111/
33311 88872 20125 32319 43517 20150 31921 43489 20200 31310 43450
20250 31089 43456 20500 30778 43456
444 20110 22091 1057/ 522//=
####018000289####
SSVX13 LFVW 221501
ZZYY 23995 22091 1110/ 118601 084873 6111/
11119 30002 40002 57010
22219 00295
444 20110 21091 2301/ 50101 80110 80002 9/015=
ZZYY 23598 22091 1410/ 108296 073074 6111/
11119 39843 49843 57016
22219 00283
444 20110 22091 0901/ 50101 80130 80000 9/015=
####018000237####
SSVX02 LFVW 221501
ZZYY 22689 22091 1447/ 735705 177907 6111/
22219 00238
444 20110 22091 1444/ 50101 80114 80006 9/015=
ZZYY 21731 22091 1447/ 145336 140215 6112/
22219 00192
444 20120 22091 1246/ 50101 80138 80006 9/015=
####018000137####
SSVB05 RJTD 221400
ZZYY 21599 22091 1400/ 133355 142929
11109 0//// 1//// 2//// 30042 40042 5////
22209 00276 10907 20086 21034=
####018000140####
SSVB05 RJTD 221400
ZZYY 21599 22091 1400/ 133355 142929
11109 0//// 1//// 2//// 30042 40042 5////
22209 00276 10907 20086 21034=

####018001991####
SSVX08 KARS 221500
ZZYY 23002 21091 1200/ 101571 080508 6111/
33311 88872 20001 32919 43444 20020 32895 43446 20040 32876 43462
20060 32718 43491 20080 32454 20100 32194 20120 31927 20140 31774
20180 31393 20300 31166
444 20110 21091 1306/ 521//=
ZZYY 23001 21091 1200/ 100101 080534 6111/
33311 88872 20001 32967 43417 20020 32895 43440 20040 32743 43463
20060 32542 43531 20080 32366 20100 32210 20120 32080 20140 31904
20180 31512 20300 31153 20500 30961
444 20110 21091 1306/ 521//=
ZZYY 23001 22091 14004 100114 080529 6112/
11119 01505 10286 29076 40107
22219 00294
444 20120 22091 1013/ 521// 60401=
ZZYY 23007 21091 12004 108020 088998 6111/
11119 02216 10286 29081
33311 88872 20020 32851 43431 20040 32851 43438 20060 32854 43455
20080 32751 20100 32409 20120 32154 20140 31855 20180 31475
20300 31185 20500 31000
444 20110 21091 1207/ 521// 60401=
ZZYY 23007 22091 14004 108029 089010 6112/
11119 02015 10281 29085
444 20120 22091 1415/ 521// 60401=
ZZYY 23005 21091 12004 101558 090080 6112/
11119 01511 10274 29082
22219 00287
33311 88872 20000 32866 20001 32865 43325 20020 32867 43352
20040 32888 43397 20060 32748 43430 20080 32172 20100 31996
20120 31830 20140 31636 20180 31421 20300 31221 20500 31002
444 20120 21091 1205/ 521// 60401=
ZZYY 23006 21091 12004 103957 089581 6111/
11119 02212 10278 29076
22219 00289
33311 88872 20000 32888 20001 32882 20020 32875 43317
20040 32871 43324 20060 32830 43347 20080 32263 20100 31831
20120 31600 20140 31479 20180 31364 20300 31224 20500 31028
444 20110 21091 1206/ 521// 60401=
ZZYY 23006 22091 14004 103968 089580 6111/
11119 01815 10286 29079
22219 00289
444 20110 22091 1416/ 521// 60401=
ZZYY 14043 21091 1200/ 312200 067216 6111/
33311 88872 20001 32602 43525 20020 32603 43524 20040 32603 43526
20060 32603 43526 20080 32602 20100 32514 20120 32155 20140 31900
20180 31615 20300 31154 20500 30850
444 20110 21091 1046/ 521//=
####018001175####
SSVX02 KARS 221500
ZZYY 11906 22091 1430/ 112523 060961 6113/
11119 30100 40100 52007
22219 00269
444 20130 22091 1442/ 50101 80138 80006 9/015=
ZZYY 11906 22091 1330/ 112516 060953 6112/
11119 30096 40096 52003
22219 00270
444 20120 22091 1324/ 50101 80138 80005 9/015=
ZZYY 11905 22091 1350/ 110853 066510 6112/
11119 30106 40106 52011
22219 00286
444 20120 22091 1325/ 50101 80138 80001 9/015=
ZZYY 14551 22091 1442/ 100924 082590 6111/
22219 00295
444 20110 22091 1257/ 50101 80126 80002 9/015=
ZZYY 14928 22091 1443/ 106045 087811 6111/
22219 00284
444 20110 22091 1430/ 50101 80099 80006 9/015=
ZZYY 14913 22091 1400/ 115047 055462 6112/
11119 30087 40087 52006
22219 00253
444 20120 22091 1325/ 50101 80120 80063 9/015=
ZZYY 14949 22091 1410/ 106940 064773 6113/
11119 30106 40106 57244
22219 00289
444 20130 22091 1324/ 50101 80110 80006 9/015=
ZZYY 14911 22091 1350/ 115170 060746 6113/
11119 30095 40095 52017
22219 00265
444 20130 22091 1326/ 50101 80110 80003 9/015=
ZZYY 14912 22091 1350/ 105737 065885 6112/
11119 30102 40102 57244
22219 00298
444 20120 22091 1328/ 50101 80110 80008 9/015=
####018000277####
SSVX02 LFVW 221503
ZZYY 41725 22091 1312/ 732386 054408 6111/
22219 00287
33311 88872 20000 32872 43686
444 2011/ 22091 1134/ 50101 9/015=
ZZYY 13982 22091 1314/ 723924 043806 6112/
22219 00274
33311 88872 20000 32740 43750
444 2012/ 22091 1204/ 50101 9/015=
####018008463####
SSVX02 KARS 221502
ZZYY 41572 22091 1240/ 726113 048868 6113/
11119 30241 40241 52013
22219 00279
444 20130 22091 1200/ 50101 80110 80035 9/015=
ZZYY 44554 22091 1315/ 733779 038123 6112/
444 20120 22091 1311/ 50101 80098 80099 9/015=
ZZYY 41575 22091 1240/ 728746 050868 6113/
11119 30259 40259 52010
22219 00279
444 20130 22091 1201/ 50101 80110 80042 9/015=
ZZYY 62729 22091 1315/ 739715 026349 6111/
22219 00220
444 20110 22091 1310/ 50101 80116 80015 9/015=
ZZYY 44522 22091 1315/ 742439 043723 6112/
22219 00230
444 20120 22091 1420/ 50101 80118 80022 9/015=
ZZYY 62725 22091 1313/ 742306 020472 6112/
22219 00204
444 20120 22091 1347/ 50101 80118 80012 9/015=
ZZYY 41914 22091 1314/ 739214 036339 6112/
22219 00238
444 20120 22091 1418/ 50101 80116 80016 9/015=
ZZYY 44899 22091 1315/ 729467 044916 6112/
22219 00277
444 20120 22091 1311/ 50101 80118 80014 9/015=
ZZYY 62726 22091 1312/ 736088 019036 6111/
22219 00231
444 20110 22091 1347/ 50101 80120 80013 9/015=
ZZYY 44924 22091 1312/ 748635 033911 6113/
22219 00155
444 20130 22091 1303/ 50101 80102 9/015=
ZZYY 41686 22091 1315/ 719422 068034 6113/
22219 00288
444 20130 22091 1334/ 50101 80108 80000 9/015=
ZZYY 41903 22091 1314/ 736559 040769 6112/
22219 00247
444 20120 22091 1310/ 50101 80080 80005 9/015=
ZZYY 41983 22091 1315/ 741116 038928 6113/
22219 00230
444 20130 22091 1310/ 50101 80078 80024 9/015=
ZZYY 44886 22091 1314/ 728964 036919 6113/
22219 00268
444 20130 22091 1418/ 50101 80074 80003 9/015=
ZZYY 62909 22091 1314/ 730607 026689 6112/
22219 00259
444 20120 22091 1418/ 50101 80108 80003 9/015=
ZZYY 44921 22091 1314/ 738165 030231 6113/
22219 00242
444 20130 22091 1311/ 50101 80080 80001 9/015=
ZZYY 13903 22091 1315/ 724248 027850 6112/
22219 00252
444 20120 22091 1417/ 50101 80130 80100 9/015=
ZZYY 44894 22091 1313/ 742146 033345 6113/
22219 00209
444 20130 22091 1305/ 50101 80076 80005 9/015=
ZZYY 13590 22091 1314/ 725765 031389 6111/
22219 00260
444 20110 22091 1200/ 50101 80130 80100 9/015=
ZZYY 44915 22091 1314/ 735944 055042 6111/
22219 00273
444 20110 22091 1310/ 50101 80118 80014 9/015=
ZZYY 41563 22091 1315/ 731590 071694 6111/
22219 00272
444 20110 22091 1329/ 50101 80110 80003 9/015=
ZZYY 44945 22091 1315/ 732361 035626 6112/
444 20120 22091 1008/ 50101 80052 80011 9/015=
ZZYY 44919 22091 1314/ 733499 056700 6112/
22219 00278
444 20120 22091 1329/ 50101 80116 80011 9/015=
ZZYY 44939 22091 1315/ 737186 037908 6112/
22219 00243
444 20120 22091 1310/ 50101 80050 80003 9/015=
ZZYY 41998 22091 1314/ 745785 041774 6112/
444 20120 22091 1304/ 50101 80068 80019 9/015=
ZZYY 44929 22091 1311/ 726616 031550 6112/
444 20120 22091 1132/ 50101 80072 80010 9/015=
ZZYY 62930 22091 1314/ 726610 031419 6111/
22219 00263
444 20110 22091 1312/ 50101 80084 80015 9/015=
ZZYY 41610 22091 1313/ 731629 056653 6112/
22219 00288
444 20120 22091 1338/ 50101 80094 80002 9/015=
ZZYY 41999 22091 1314/ 731044 060604 6112/
22219 00284
444 20120 22091 1329/ 50101 80110 80099 9/015=
ZZYY 44881 22091 1315/ 736356 033153 6112/
22219 00253
444 20120 22091 1310/ 50101 80074 80002 9/015=
ZZYY 42536 22091 1313/ 735528 057424 6111/
22219 00268
444 20110 22091 1330/ 50101 80118 80001 9/015=
ZZYY 42518 22091 1312/ 728678 039154 6111/
22219 00274
444 20110 22091 1417/ 50101 80118 80001 9/015=
ZZYY 43537 22091 1314/ 738495 066073 6111/
22219 00262
444 20110 22091 1310/ 50101 80122 80014 9/015=
ZZYY 42538 22091 1313/ 733417 053906 6111/
22219 00284
444 20110 22091 1311/ 50101 80098 80000 9////=
ZZYY 42547 22091 1313/ 738463 037116 6111/
22219 00237
444 20110 22091 1310/ 50101 80094 80001 9/015=
ZZYY 44514 22091 1315/ 749405 021961 6112/
22219 00146
444 20120 22091 1304/ 50101 80142 80002 9/015=
ZZYY 44513 22091 1312/ 750812 033880 6113/
22219 00131
444 20130 22091 1304/ 50101 80142 80008 9/015=
ZZYY 44516 22091 1311/ 749198 026273 6112/
22219 00152
444 20120 22091 1304/ 50101 80138 80043 9/015=
ZZYY 44515 22091 1313/ 745323 025645 6111/
22219 00167
444 20110 22091 1354/ 50101 80142 80009 9/015=
ZZYY 44932 22091 1314/ 750917 025275 6111/
22219 00142
444 20110 22091 1302/ 50101 80142 80004 9/015=
ZZYY 44518 22091 1314/ 743074 022878 6111/
22219 00200
444 20110 22091 1348/ 50101 80142 80002 9/015=
ZZYY 44517 22091 1313/ 751740 019926 6113/
22219 00137
444 20130 22091 1304/ 50101 80142 80006 9/015=
ZZYY 44519 22091 1313/ 750927 019425 6112/
22219 00146
444 20120 22091 1304/ 50101 80140 80002 9/015=
ZZYY 41954 22091 1230/ 728637 078448 6112/
11119 30187 40187
22219 00278
444 20120 22091 1151/ 50101 80110 80100 9/015=
ZZYY 41960 22091 1220/ 739589 068608 6113/
11119 30217 40217
22219 00270
444 20130 22091 1201/ 50101 80110 80087 9/015=
ZZYY 62935 22091 1250/ 735117 030603 6111/
11119 30228 40228
22219 00252
444 20110 22091 1309/ 50101 80100 80100 9/015=
ZZYY 41943 22091 1314/ 732457 065256 6112/
22219 00274
444 20120 22091 1329/ 50101 80144 80003 9/015=
ZZYY 41609 22091 1314/ 732021 066651 6111/
22219 00274
444 20110 22091 1330/ 50101 80144 80001 9/015=
ZZYY 41578 22091 1315/ 729823 058787 6111/
22219 00282
444 20110 22091 1312/ 50101 80144 80011 9/015=
ZZYY 42508 22091 1314/ 735956 049534 6111/
22219 00272
444 20110 22091 1310/ 50101 80126 80002 9/015=
ZZYY 13934 22091 1313/ 721795 028496 6112/
444 20120 22091 1417/ 50101 80124 9/015=
ZZYY 41997 22091 1315/ 744033 039893 6112/
444 20120 22091 1304/ 50101 80094 80033 9/015=
ZZYY 13527 22091 1220/ 712741 051944 6112/
11119 30136 40136
22219 00287
444 20120 22091 1201/ 50101 80070 80000 9/015=
ZZYY 13928 22091 1315/ 723571 034715 6113/
22219 00262
444 20130 22091 1131/ 50101 80124 80180 9/015=
ZZYY 13929 22091 1314/ 720786 029448 6112/
22219 00257
444 20120 22091 1416/ 50101 80124 80180 9/015=
ZZYY 41592 22091 1314/ 732071 071391 6111/
444 20110 22091 1337/ 50101 80096 80033 9/015=
ZZYY 13942 22091 1314/ 720265 057616 6112/
22219 00280
444 20120 22091 1151/ 50101 80048 80099 9/015=
ZZYY 13616 22091 1314/ 720751 063335 6112/
22219 00284
444 20120 22091 1332/ 50101 80052 80099 9/015=
ZZYY 41956 22091 1314/ 730688 064263 6113/
22219 00280
444 20130 22091 1329/ 50101 8//// 80002 9/015=
ZZYY 13623 22091 1315/ 722726 049013 6113/
22219 00278
444 20130 22091 1200/ 50101 80049 80099 9/015=
ZZYY 13636 22091 1312/ 723662 063509 6112/
22219 00284
444 20120 22091 1334/ 50101 9/015=
ZZYY 31527 22091 1312/ 732846 075163 6113/
22219 00273
444 20130 22091 1329/ 50101 9////=
ZZYY 41565 22091 1240/ 729301 051101 6112/
11119 30262 40262 52010
22219 00280
444 20120 22091 1312/ 50101 80120 80006 9/015=
ZZYY 13970 22091 1230/ 721669 034518 6112/
11119 30195 40195 52009
22219 00260
444 20120 22091 1200/ 50101 80100 80008 9/015=
ZZYY 44553 22091 1314/ 729731 059878 6112/
22219 00282
444 20120 22091 1329/ 50101 80087 80010 9/015=
ZZYY 41606 22091 1313/ 735281 041584 6113/
22219 00262
444 20130 22091 1310/ 50101 80057 80007 9/015=
ZZYY 44914 22091 1314/ 734948 044093 6112/
22219 00266
444 20120 22091 1311/ 50101 80075 80008 9/015=
ZZYY 62723 22091 1315/ 740004 030247 6111/
22219 00222
444 20110 22091 1305/ 50101 80069 80007 9/015=
ZZYY 63951 22091 1308/ 765672 001363 6113/
22219 00108
444 20130 22091 1259/ 50101 80007 80008 9/015=
ZZYY 41932 22091 1314/ 732147 055555 6112/
22219 00287
444 20120 22091 1311/ 50101 80050 80000 9/015=
ZZYY 63584 22091 1307/ 777851 002136 6111/
22219 00043
444 20110 22091 1257/ 50101 80008 80008 9/015=
ZZYY 31982 22091 1315/ 731291 067061 6112/
22219 00267
444 20120 22091 1328/ 50101 80051 80099 9/015=
ZZYY 41980 22091 1300/ 717375 048488 6112/
11119 30163 40163 52013
22219 00276
444 20120 22091 1202/ 50101 80120 80041 9/015=
ZZYY 31775 22091 1314/ 726224 062801 6112/
444 20120 22091 1330/ 50101 80052 80099 9/015=
ZZYY 41978 22091 1310/ 710217 046360 6112/
11119 30128 40128 52017
444 20120 22091 1202/ 50101 80120 80039 9/015=
ZZYY 41569 22091 1210/ 720225 050383 6112/
11119 30191 40191 52012
22219 00280
444 20120 22091 1201/ 50101 80110 80007 9/015=
ZZYY 41607 22091 1300/ 717606 041727 6113/
11119 30180 40180 52012
22219 00271
444 20130 22091 1202/ 50101 80120 80038 9/015=
####018000111####
SSVX07 KARS 221502
ZZYY 48534 22091 1310/ 783372 046248 6112/
11119 11171 40144
444 20120 22091 1302/=
####018000185####
SSVX06 KARS 221502
ZZYY 47558 22091 1309/ 773759 081531 6111/
444 20110 22091 1304/ 500// 9/000=
ZZYY 47553 22091 1307/ 779340 103380 6113/
444 20130 22091 1322/ 500// 9/000=
####018000149####
SSVX13 KARS 221502
ZZYY 13587 22091 1300/ 710021 048152 6113/
11119 40129 52022
22219 00290
444 20130 22091 1202/ 50101 80127 80002 9/015=
