####018000556####
SSWB41 RKSL 220700
ZZYY 22103 22091 07001 13400/ 12750/ 
11109 00102 10210 40115 5//// 
22209 00217 10903 20091 21013= 
ZZYY 22104 22091 07001 13477/ 12890/ 
11109 01203 10209 40111 5//// 
22209 00233 11104 20107 21018= 
ZZYY 22105 22091 07001 13753/ 13000/ 
11109 03104 10202 40106 5//// 
22209 00224 10905 20091 21023= 
ZZYY 22106 22091 07001 13635/ 12978/ 
11109 00402 10203 4//// 5//// 
22209 00213 10905 20091 21023= 
ZZYY 22107 22091 07001 13308/ 12603/ 
11109 00508 10213 40125 5//// 
22209 00268 10603 20058 21014= 
####018000541####
SSWB41 RKSL 220700
ZZYY 22103 22091 07001 13400/ 12750/
11109 00102 10210 40115 5////
22209 00217 10903 20091 21013=
ZZYY 22104 22091 07001 13477/ 12890/
11109 01203 10209 40111 5////
22209 00233 11104 20107 21018=
ZZYY 22105 22091 07001 13753/ 13000/
11109 03104 10202 40106 5////
22209 00224 10905 20091 21023=
ZZYY 22106 22091 07001 13635/ 12978/
11109 00402 10203 4//// 5////
22209 00213 10905 20091 21023=
ZZYY 22107 22091 07001 13308/ 12603/
11109 00508 10213 40125 5////
22209 00268 10603 20058 21014=
####018000131####
SSVX02 CWAO 220700
ZZYY 47505 22091 0700/ 785276 066495 6113/ 11119 40160 52004 444 20130 22091 0700/ 50701 80134 80001 9////=
####018000131####
SSVX02 CWAO 220700
ZZYY 47506 22091 0700/ 784762 068395 6113/ 11119 40159 52006 444 20130 22091 0700/ 50701 80134 80001 9////=
####018000143####
SSVX02 CWAO 220700
ZZYY 47507 22091 0700/ 781487 106266 6113/ 11119 40109 52007 22291 01015 444 20130 22091 0700/ 50701 80140 80001 9////=
####018000146####
SSVX02 CWAO 220700
ZZYY 47507 22091 0700/ 781487 106266 6113/ 11119 40109 52007 22291 01015 444 20130 22091 0700/ 50701 80140 80001 9////=

####018000134####
SSVX02 CWAO 220700
ZZYY 47505 22091 0700/ 785276 066495 6113/ 11119 40160 52004 444 20130 22091 0700/ 50701 80134 80001 9////=

####018000134####
SSVX02 CWAO 220700
ZZYY 47506 22091 0700/ 784762 068395 6113/ 11119 40159 52006 444 20130 22091 0700/ 50701 80134 80001 9////=

####018000146####
SSVX13 LFPW 220700
ZZYY 16540 22091 0700/ 348310 113779 6113/ 11119 40050 57030 22219
 00068 444 20130 22091 0700/ 50101 80134 80006 9/015=
####018000269####
SSVF21 EIDB 220700
ZZYY 62091 22091 07001 753481 005424 11199 02608 10126 29076 40164 22299 00141 10403 20041 21013 33300 88872 20000 40000=
ZZYY 62093 22091 07001 754998 009999 11199 02708 10127 29072 40133 22299 00130 10910 20086 21050 33300 88872 20000 43538=
####018000146####
SSVX13 LFPW 220700
ZZYY 16539 22091 0700/ 345687 119434 6113/ 11119 49970 57015 22219
 00101 444 20130 22091 0700/ 50101 80134 80008 9/015=
####018001209####
SSVX11 LFVW 220721
ZZYY 53056 21091 2100/ 305041 095059 6112/
11119 10264 29083
22219 00270
33311 88872 20000 32703 20001 32703 43407 20011 32704 43412
20021 32704 43419 20040 32703 43421 20081 32262 20100 31876 43496
20120 31484 20140 31282 20200 31212 20301 31095 20501 30938
444 20120 21091 2126/ 522//=
ZZYY 53056 22091 0700/ 305035 095068 6111/
22219 00000
33311 88872 20000 30000 20001 32717 43404 20011 32711 43409
20021 32703 43418 20040 32702 43417 20081 32332 20100 31893 43490
20120 31477 20140 31269 20200 31196 20301 31079 20501 30944
444 20110 22091 0648/ 522//=
ZZYY 53056 22091 0100/ 305045 095054 6112/
11119 10265 29082
22219 00270
33311 88872 20000 32701 20001 32701 43406 20011 32701 43412
20021 32702 43422 20040 32698 43421 20081 32080 20100 31855 43502
20120 31418 20140 31252 20200 31191 20300 31087 20500 30940
444 20120 22091 0026/ 522//=
ZZYY 53056 22091 0300/ 305041 095063 6113/
11119 10268 29082
22219 00270
33311 88872 20000 32703 20001 32703 43406 20011 32702 43411
20021 32701 43421 20040 32701 43422 20081 32137 20100 31833 43495
20119 31448 20140 31277 20200 31206 20300 31098 20500 30946
444 20130 22091 0319/ 522//=
####018000277####
SSVX02 LFVW 220721
ZZYY 14962 22091 0644/ 328189 060493 6112/
22219 00202
33311 88872 20000 32018 43344
444 2012/ 21091 1042/ 50101 9/015=
ZZYY 56957 22091 0712/ 329193 091209 6111/
22219 00181
33311 88872 20000 31809 43494
444 2011/ 22091 0707/ 50101 9/015=
####018000825####
SSVX13 LFVW 220721
ZZYY 23925 22091 0600/ 330857 048391 6112/
11119 30255 40255 52019
22219 00180
444 20120 22091 0534/ 50101 80130 80000 9/015=
ZZYY 23999 22091 0610/ 318165 050806 6112/
11119 30219 40219 52014
22219 00245
444 20120 22091 0641/ 50101 80100 80005 9/015=
ZZYY 23998 22091 0630/ 314748 057720 6111/
11119 30194 40194 52003
22219 00250
444 20110 22091 0529/ 50101 80100 80008 9/015=
ZZYY 23997 22091 0520/ 312075 064669 6111/
11119 30170 40170 52013
22219 00257
444 20110 22091 0335/ 50101 80110 80003 9/015=
ZZYY 23997 22091 0620/ 312075 064669 6111/
11119 30168 40168 52004
22219 00257
444 20110 22091 0335/ 50101 80110 80005 9/015=
ZZYY 56518 22091 0600/ 311667 050782 6113/
11119 30185 40185 52011
22219 00250
444 20130 22091 0530/ 50101 80060 80002 9/015=
####018000289####
SSVX13 KARS 220722
ZZYY 14917 22091 0600/ 326479 074102 6112/
11119 30276 40276 57001
22219 00213
444 20120 22091 0459/ 50101 80115 80003 9/015=
ZZYY 14917 22091 0700/ 326483 074136 6111/
11119 30268 40268 57012
22219 00213
444 20110 22091 0709/ 50101 80115 80002 9/015=
####018004187####
SSVX08 KARS 220722
ZZYY 53006 21091 1200/ 311997 080519 6111/
33311 88872 20001 32630 43474 20020 32631 43473 20040 32631 43474
20060 32619 43474 20080 32224 20140 31607 20180 31435 20500 30863
444 20110 21091 1022/ 521//=
ZZYY 23004 21091 12004 100014 089844 6111/
11119 01408 10276 29082
22219 00285
33311 88872 20000 32851 20001 32848 43336 20020 32861 43390
20040 32728 43448 20060 32333 43529 20080 32214 20100 32077
20120 31869 20140 31648 20180 31508 20300 31214 20500 31005
444 20110 21091 1205/ 521// 60401=
ZZYY 23006 21091 12004 103957 089581 6111/
11119 02212 10278 29076
22219 00289
33311 88872 20000 32888 20001 32882 20020 32875 43317
20040 32871 43324 20060 32830 43347 20080 32263 20100 31831
20120 31600 20140 31479 20180 31364 20300 31224 20500 31028
444 20110 21091 1206/ 521// 60401=
ZZYY 23006 22091 07004 103959 089580 6111/
11119 02011 10285 29080
22219 00290
444 20110 22091 0342/ 521// 60401=
ZZYY 53009 21091 1200/ 311887 093328 6111/
33311 88872 20020 32651 43401 20040 32651 43407 20060 32651 43403
20080 32650 20100 32613 20120 32488 20180 31930 20300 31219
20500 30915
444 20110 21091 1201/ 521//=
ZZYY 53009 22091 07004 311879 093326 6112/
11119 01114 10264 29079
444 20120 22091 0208/ 521// 60401=
ZZYY 23001 21091 1200/ 100101 080534 6111/
33311 88872 20001 32967 43417 20020 32895 43440 20040 32743 43463
20060 32542 43531 20080 32366 20100 32210 20120 32080 20140 31904
20180 31512 20300 31153 20500 30961
444 20110 21091 1306/ 521//=
ZZYY 53005 21091 1200/ 307996 080465 6111/
33311 88872 20001 32829 43479 20020 32829 43478 20040 32827 43480
20060 32559 43512 20080 32441 20100 32256 20120 32047 20140 31942
20180 31715 20300 31204 20500 30963
444 20110 21091 1323/ 521//=
ZZYY 23007 21091 12004 108020 088998 6111/
11119 02216 10286 29081
33311 88872 20020 32851 43431 20040 32851 43438 20060 32854 43455
20080 32751 20100 32409 20120 32154 20140 31855 20180 31475
20300 31185 20500 31000
444 20110 21091 1207/ 521// 60401=
ZZYY 23005 21091 12004 101558 090080 6112/
11119 01511 10274 29082
22219 00287
33311 88872 20000 32866 20001 32865 43325 20020 32867 43352
20040 32888 43397 20060 32748 43430 20080 32172 20100 31996
20120 31830 20140 31636 20180 31421 20300 31221 20500 31002
444 20120 21091 1205/ 521// 60401=
ZZYY 23005 22091 07004 101574 090076 6111/
11119 01708 10284 29081
22219 00291
444 20110 22091 0342/ 521// 60401=
ZZYY 23010 21091 1200/ 303984 080505 6111/
33311 88872 20001 32861 43435 20020 32870 43455 20040 32872 43459
20060 32869 43458 20080 32740 20100 32453 20120 32031 20140 31598
20180 31358 20300 31092 20500 30918
444 20110 21091 1306/ 521//=
ZZYY 23010 22091 07004 303979 080495 6112/
11119 01007 10281 29078
22219 00292
444 20120 22091 0456/ 521// 60401=
ZZYY 23003 21091 1200/ 301521 080513 6112/
33311 88872 20001 32932 43441 20020 32892 43445 20040 32894 43451
20060 32742 43496 20080 32387 20100 32107 20120 31867 20140 31723
20180 31454 20300 31188 20500 30970
444 20120 21091 1326/ 521//=
ZZYY 14046 21091 1200/ 316002 054996 6111/
33311 88872 20020 32457 43535 20040 32455 43555 20060 32455 43531
20080 32454 20100 32372 20120 32234 20140 32096 20180 31857
20500 30941
444 20110 21091 1201/ 521//=
ZZYY 14046 22091 06004 315998 054996 6112/
11119 01015 10244 29079 40193
444 20120 22091 0530/ 521// 60401=
ZZYY 14042 21091 12004 312024 054982 6112/
11119 01119 10259 29077 40141
22219 00259
33311 88872 20000 32594 20001 32588 43553 20020 32586 43557
20040 32585 43557 20060 32587 43560 20080 32542 20100 32297
20140 31893 20180 31645 20300 31209
444 20120 21091 1202/ 521// 60401=
ZZYY 14042 22091 06004 312025 054987 6112/
11119 01115 10257 29079 40165
22219 00259
444 20120 22091 0529/ 521// 60401=
ZZYY 14041 21091 12004 307940 055085 6112/
11119 01315 10257 29090
22219 00272
33311 88872 20000 32719 20001 32708 43544 20020 32701 43531
20040 32690 43539
444 20120 21091 1201/ 521// 60401=
ZZYY 14041 22091 06004 307927 055073 6111/
11119 01318 10269 29078
22219 00270
444 20110 22091 0527/ 521// 60401=
####018007347####
SSVX02 KARS 220722
ZZYY 17671 22091 0540/ 327510 055817 6112/
22219 00205
444 20120 22091 0536/ 50101 80080 80000 9/015=
ZZYY 17671 22091 0640/ 327510 055817 6112/
22219 00205
444 20120 22091 0536/ 50101 80080 80000 9/015=
ZZYY 33591 22091 0640/ 331523 051206 6112/
11119 30247 40247 52008
22219 00171
444 20120 22091 0536/ 50101 80100 80000 9/015=
ZZYY 33591 22091 0540/ 331523 051206 6112/
11119 30246 40246 52011
22219 00170
444 20120 22091 0536/ 50101 80100 80000 9/015=
ZZYY 71630 22091 0600/ 338266 038935 6113/
11119 30289 40289 52016
22219 00133
444 20130 22091 0538/ 50101 80100 80000 9/015=
ZZYY 14921 22091 0640/ 306896 041381 6111/
11119 30165 40165 52023
22219 00263
444 20110 22091 0636/ 50101 80120 80042 9/015=
ZZYY 14921 22091 0540/ 306901 041393 6112/
11119 30159 40159 52023
22219 00262
444 20120 22091 0535/ 50101 80120 80035 9/015=
ZZYY 14916 22091 0630/ 320100 056764 6111/
11119 30222 40222 52004
22219 00238
444 20110 22091 0641/ 50101 80120 80024 9/015=
ZZYY 17679 22091 0600/ 333381 051666 6113/
444 20130 22091 0537/ 50101 80070 80099 9/015=
ZZYY 14550 22091 0610/ 332367 036916 6113/
11119 30273 40273
22219 00193
444 20130 22091 0538/ 50101 80110 80100 9/015=
ZZYY 14566 22091 0640/ 311078 049650 6113/
11119 30166 40166 57248
22219 00251
444 20130 22091 0637/ 50101 80110 80002 9/015=
ZZYY 14566 22091 0540/ 311088 049684 6112/
11119 30166 40166 57243
22219 00250
444 20120 22091 0528/ 50101 80110 80002 9/015=
ZZYY 33520 22091 0550/ 338892 055135 6112/
11119 30249 40249 52014
22219 00153
444 20120 22091 0537/ 50101 80100 80000 9/015=
ZZYY 14948 22091 0620/ 321170 050316 6111/
11119 30218 40218 57247
22219 00242
444 20110 22091 0637/ 50101 80110 80008 9/015=
ZZYY 14926 22091 0600/ 332105 054319 6112/
11119 30245 40245 52013
444 20120 22091 0537/ 50101 8//// 80000 9/015=
ZZYY 16593 22091 0540/ 328604 056764 6112/
11119 30232 40232 52012
22219 00208
444 20120 22091 0523/ 50101 80100 80008 9////=
ZZYY 17690 22091 0550/ 330851 045630 6113/
22219 00186
444 20130 22091 0538/ 50101 80090 80001 9/015=
ZZYY 14925 22091 0550/ 310299 046456 6112/
11119 30164 40164 52016
22219 00246
444 20120 22091 0535/ 50101 80145 80015 9/015=
ZZYY 16962 22091 0600/ 327002 047489 6112/
22219 00226
444 20120 22091 0538/ 50101 80009 80000 9////=
ZZYY 14918 22091 0610/ 333366 046586 6112/
11119 30270 40270 52018
22219 00182
444 20120 22091 0538/ 50101 80123 80006 9/015=
ZZYY 33571 22091 0640/ 328397 043288 6112/
11119 30249 40249 52011
22219 00231
444 20120 22091 0641/ 50101 8//// 80009 9////=
ZZYY 14927 22091 0620/ 317145 053287 6111/
11119 30208 40208 52012
22219 00244
444 20110 22091 0529/ 50101 80145 80012 9/015=
ZZYY 16609 22091 0610/ 327368 051485 6113/
11119 40220 52013
22219 00219
444 20130 22091 0537/ 50101 80010 80004 9////=
ZZYY 14944 22091 0600/ 307039 044310 6113/
11119 30156 40156 52024
22219 00257
444 20130 22091 0527/ 50101 80145 80009 9/015=
ZZYY 14943 22091 0630/ 314238 051997 6111/
11119 30192 40192 52009
22219 00247
444 20110 22091 0636/ 50101 80138 80008 9/015=
ZZYY 14943 22091 0530/ 314230 051983 6112/
11119 30191 40191 52012
22219 00246
444 50101 80138 80009 9/015=
ZZYY 16511 22091 0620/ 341010 025476 6112/
11119 30222 40222 57008
22219 00115
444 20120 22091 0538/ 50101 80110 80000 9/015=
ZZYY 33557 22091 0640/ 335802 046346 6113/
11119 30286 40286 52014
22219 00157
444 20130 22091 0538/ 50101 80110 80004 9/015=
ZZYY 14922 22091 0610/ 310576 046874 6112/
11119 30162 40162 52011
22219 00247
444 20120 22091 0636/ 50101 80110 80009 9/015=
ZZYY 16555 22091 0700/ 333737 078279 6112/
22219 00156
444 20120 22091 0702/ 50101 80110 80000 9/015=
ZZYY 16575 22091 0540/ 338863 077903 6112/
11119 30181 40181 52004
22219 00125
444 20120 22091 0508/ 50101 80110 80000 9/015=
ZZYY 16563 22091 0330/ 335140 092374 6113/
11119 30258 40258 52007
22219 00135
444 20130 22091 0324/ 50101 80110 80000 9/015=
ZZYY 23975 22091 0430/ 312788 090922 6112/
11119 30172 40172 57249
22219 00266
444 20120 22091 0320/ 50101 80110 80013 9/015=
ZZYY 23974 22091 0540/ 309412 087094 6111/
11119 30136 40136 52249
22219 00278
444 20110 22091 0456/ 50101 80110 80011 9/015=
ZZYY 23974 22091 0640/ 309412 087094 6111/
11119 30128 40128 52239
22219 00278
444 20110 22091 0456/ 50101 80110 80011 9/015=
ZZYY 33695 22091 0708/ 339703 131094 6111/
22219 00128
444 20110 22091 0701/ 50101 80072 80000 9/015=
ZZYY 33635 22091 0650/ 338024 070863 6112/
22219 00134
444 20120 22091 0215/ 50101 80100 80100 9/015=
ZZYY 33951 22091 0712/ 338964 087208 6112/
22219 00117
444 20120 22091 0701/ 50101 80072 80068 9/015=
ZZYY 33659 22091 0620/ 325770 075906 6111/
11119 40277 57005
22219 00202
444 20110 22091 0708/ 50101 80010 80004 9////=
ZZYY 33659 22091 0520/ 325781 075937 6113/
11119 40280 52003
22219 00201
444 20130 22091 0459/ 50101 80010 80005 9////=
ZZYY 56906 22091 0640/ 324279 079282 6112/
11119 30254 40254 57014
22219 00220
444 20120 22091 0709/ 50101 80090 80098 9/015=
ZZYY 56906 22091 0550/ 324265 079286 6113/
11119 30262 40262 57007
22219 00220
444 20130 22091 0458/ 50101 80090 80082 9/015=
ZZYY 16595 22091 0640/ 327915 089147 6113/
11119 30281 40281 57013
22219 00202
444 20130 22091 0702/ 50101 80080 80000 9/015=
ZZYY 14543 22091 0620/ 318515 074540 6112/
11119 30207 40207 52248
22219 00238
444 20120 22091 0456/ 50101 80110 80011 9/015=
ZZYY 23973 22091 0550/ 312480 088920 6111/
11119 30156 40156 52246
22219 00274
444 20110 21091 1834/ 50101 80110 80010 9/015=
ZZYY 16565 22091 0650/ 323535 076867 6111/
11119 30251 40251 57015
22219 00219
444 20110 22091 0708/ 50101 80100 80008 9////=
ZZYY 17914 22091 0650/ 327769 081578 6113/
22219 00186
444 20130 22091 0707/ 50101 80008 80100 9/015=
ZZYY 17517 22091 0650/ 334000 080956 6112/
11119 30265 40265 57013
22219 00146
444 20120 22091 0703/ 50101 80110 80000 9/015=
ZZYY 33690 22091 0710/ 342385 099622 6113/
22219 00108
444 20130 22091 0701/ 50101 80074 80095 9/015=
ZZYY 14915 22091 0540/ 328931 094815 6112/
11119 30279 40279 57009
22219 00174
444 20120 22091 0702/ 50101 80080 80004 9/015=
ZZYY 33692 22091 0710/ 341289 091059 6113/
22219 00109
444 20130 22091 0701/ 50101 80074 80068 9/015=
ZZYY 16517 22091 0710/ 344713 123365 6113/
22219 00096
444 20130 22091 0659/ 50101 80123 80000 9/015=
ZZYY 33569 22091 0550/ 337052 085533 6111/
11119 30220 40220 57007
22219 00124
444 20110 22091 0507/ 50101 80110 80011 9/015=
ZZYY 55615 22091 0620/ 337973 089233 6113/
11119 30200 40200 57019
22219 00119
444 20130 22091 0702/ 50101 8//// 80100 9////=
ZZYY 55907 22091 0710/ 335968 111869 6113/
11119 30218 40218 57004
22219 00154
444 20130 22091 0701/ 50101 8//// 80006 9////=
ZZYY 23678 22091 0710/ 340039 089215 6112/
22219 00111
444 20120 22091 0701/ 50101 80049 80097 9////=
ZZYY 34544 22091 0710/ 345923 112589 6112/
11119 40069 57022
22219 00099
444 20120 22091 0700/ 50101 80010 80029 9////=
ZZYY 34543 22091 0710/ 340573 115281 6112/
11119 40185 57018
22219 00110
444 20120 22091 0659/ 50101 80010 80007 9////=
