####018003287####
SSVX02 KARS 221338
ZZYY 71614 22091 1300/ 344665 149430 6112/
22219 00109
444 20120 22091 1247/ 50101 80010 80000 9////=
ZZYY 51512 22091 1328/ 319642 176803 6111/
22219 00246
444 20110 22091 1043/ 50101 80115 80033 9/015=
ZZYY 54946 22091 1140/ 536037 152063 6112/
11119 38500 48500 54000
22219 00150
444 20120 22091 1145/ 50101 80110 80021 9/015=
ZZYY 51944 22091 1320/ 527200 156276 6112/
22219 00208
33311 88872 20000 32075 42048
444 20120 22091 1258/ 50101 80080 80005 9/015=
ZZYY 51945 22091 1320/ 534020 159173 6112/
22219 00164
33311 88872 20000 31640 42048
444 20120 22091 1258/ 50101 80060 80081 9/015=
ZZYY 54901 22091 1310/ 543173 153356 6113/
11119 30105 40105 57012
22219 00102
444 20130 22091 1300/ 50101 80080 80009 9/015=
ZZYY 33586 22091 1330/ 351146 166411 6112/
22219 00080
444 20120 22091 1328/ 50101 80009 80000 9/015=
ZZYY 51940 22091 1310/ 525337 169888 6111/
22219 00222
33311 88872 20000 32220 43547
444 20110 22091 1258/ 50101 80080 80002 9/015=
ZZYY 51946 22091 1310/ 525295 165260 6111/
22219 00214
33311 88872 20000 32135 42048
444 20110 22091 1247/ 50101 80070 80013 9/015=
ZZYY 33952 22091 1310/ 348372 126787 6111/
11119 30121 40121 52021
22219 00092
444 20110 22091 1248/ 50101 80100 80011 9/015=
ZZYY 51965 22091 1326/ 316492 175935 6112/
22219 00272
444 20120 22091 1313/ 50101 80119 80007 9/015=
ZZYY 33629 22091 1300/ 339134 141949 6112/
11119 40087 52031
22219 00144
444 20120 22091 1247/ 50101 80010 80010 9////=
ZZYY 34540 22091 1310/ 343079 135234 6112/
11119 40104 52047
22219 00105
444 20120 22091 1248/ 50101 80010 80011 9////=
ZZYY 51802 22091 1327/ 522560 174988 6111/
22219 00234
444 20110 22091 1258/ 50101 80053 80007 9/015=
ZZYY 14547 22091 1330/ 348959 176047 6113/
11119 30186 40186 52004
22219 00072
444 20130 22091 1302/ 50101 80100 80063 9/015=
ZZYY 51913 22091 1325/ 515751 173320 6111/
22219 00242
444 20110 22091 1312/ 50101 80115 80012 9/015=
ZZYY 51614 22091 1326/ 318795 173089 6111/
22219 00256
444 20110 22091 1313/ 50101 80046 80024 9/015=
ZZYY 54928 22091 1310/ 542480 153724 6112/
22219 00103
444 20120 22091 1259/ 50101 80110 80013 9/015=
ZZYY 51627 22091 1325/ 517908 169294 6111/
22219 00268
444 20110 22091 1246/ 50101 80113 80000 9/015=
ZZYY 51655 22091 1328/ 528501 169870 6112/
22219 00187
444 20120 22091 1258/ 50101 80101 80009 9/015=
ZZYY 51624 22091 1325/ 516307 174199 6112/
22219 00274
444 20120 22091 1247/ 50101 80085 80014 9/015=
ZZYY 17652 22091 1250/ 347833 141706 6112/
11119 39936 49936 52009
22219 00099
444 20120 22091 1236/ 50101 80100 80100 9////=
ZZYY 51972 22091 1325/ 311591 167505 6111/
22219 00287
444 20110 22091 1313/ 50101 80081 80006 9/015=
ZZYY 51538 22091 1326/ 319131 167853 6111/
22219 00242
444 20110 22091 1314/ 50101 80086 80001 9/015=
ZZYY 32617 22091 1325/ 324526 170088 6113/
22219 00230
444 20130 22091 1041/ 50101 80082 80002 9/015=
ZZYY 55631 22091 1310/ 332401 168870 6113/
11119 30163 40163 57009
22219 00161
444 20130 22091 1258/ 50101 80100 80011 9/015=
ZZYY 55627 22091 1310/ 334999 170691 6113/
11119 30148 40148 57001
22219 00154
444 20130 22091 1258/ 50101 80110 80011 9/015=
####018000221####
SSVX08 KARS 221338
ZZYY 52316 21091 1200/ 507988 179855 6112/
33311 88870 20025 32854 20050 32852 20075 32852 20100 32852
20125 32843 20150 32754 20200 32331 20300 31445 20500 30799
444 20120 21091 1442/ 521//=
####018000269####
SSVX13 LFVW 221338
ZZYY 55590 22091 1230/ 328532 170196 6111/
11119 40169 57001
22219 00192
444 20110 22091 0927/ 50101 80009 80000 9/015=
ZZYY 55577 22091 1300/ 332816 158175 6112/
11119 30234 40234 57004
444 20120 22091 1327/ 50101 80110 80000 9/015=
####018000120####
SSVX02 CWAO 221330
ZZYY 47544 22091 1330/ 771856 101373 6113/ 22219 00013 444 20130 22091 1330/ 50700 80140 80001 =
####018000123####
SSVX02 CWAO 221330
ZZYY 47544 22091 1330/ 771856 101373 6113/ 22219 00013 444 20130 22091 1330/ 50700 80140 80001 =

####018001499####
SSVX02 KARS 221340
ZZYY 41987 22091 1320/ 728175 075320 6111/
11119 30196 40196 52015
444 20110 22091 1201/ 50101 80130 80009 9/015=
ZZYY 41956 22091 1335/ 730688 064263 6113/
22219 00280
444 20130 22091 1329/ 50101 8//// 80005 9/015=
ZZYY 13636 22091 1336/ 723659 063527 6111/
22219 00284
444 20110 22091 1201/ 50101 80105 80010 9/015=
ZZYY 41970 22091 1310/ 725622 055826 6111/
11119 30240 40240 52014
22219 00281
444 20110 22091 1200/ 50101 80120 80035 9/015=
ZZYY 41916 22091 1310/ 728391 076753 6113/
11119 30195 40195 52016
22219 00282
444 20130 22091 1150/ 50101 80120 80071 9/015=
ZZYY 41686 22091 1336/ 719417 068023 6112/
22219 00288
444 20120 22091 1201/ 50101 80108 80000 9/015=
ZZYY 13568 22091 1210/ 725262 052430 6112/
11119 30234 40234 52017
22219 00280
444 20120 22091 1201/ 50101 80100 80000 9////=
ZZYY 41933 22091 1220/ 737070 061922 6113/
11119 30283 40283 52011
22219 00266
444 20130 22091 1201/ 50101 80120 80055 9/015=
ZZYY 41939 22091 1310/ 731508 076503 6111/
11119 30213 40213 52014
22219 00273
444 20110 22091 1330/ 50101 80120 80063 9/015=
ZZYY 41944 22091 1330/ 732617 071008 6112/
11119 30233 40233
22219 00271
444 20120 22091 1200/ 50101 80110 80095 9/015=
ZZYY 41578 22091 1331/ 729817 058794 6112/
22219 00282
444 20120 22091 1149/ 50101 80144 9/015=
ZZYY 41593 22091 1320/ 726474 063421 6113/
11119 30221 40221 52010
22219 00274
444 20130 22091 1201/ 50101 80110 80041 9/015=
####018000125####
SSVX02 CWAO 221330
ZZYY 47531 22091 1330/ 784414 064721 6113/ 11131 10000 444 20130 22091 1330/ 50701 80138 80001 9////=
####018000125####
SSVX02 CWAO 221330
ZZYY 47532 22091 1330/ 782986 062232 6113/ 11119 11100 444 20130 22091 1330/ 50701 80134 80001 9////=
####018000125####
SSVX02 CWAO 221330
ZZYY 47533 22091 1330/ 782984 062201 6113/ 22291 01011 444 20130 22091 1330/ 50701 80138 80001 9////=
####018000125####
SSVX02 CWAO 221330
ZZYY 47545 22091 1330/ 784558 110402 6113/ 22291 01012 444 20130 22091 1330/ 50701 80140 80001 9////=
####018000125####
SSVX02 CWAO 221330
ZZYY 47537 22091 1330/ 784414 064785 6113/ 22291 00003 444 20130 22091 1330/ 50701 80138 80001 9////=
####018000128####
SSVX02 CWAO 221330
ZZYY 47531 22091 1330/ 784414 064721 6113/ 11131 10000 444 20130 22091 1330/ 50701 80138 80001 9////=

####018000128####
SSVX02 CWAO 221330
ZZYY 47537 22091 1330/ 784414 064785 6113/ 22291 00003 444 20130 22091 1330/ 50701 80138 80001 9////=

####018000128####
SSVX02 CWAO 221330
ZZYY 47533 22091 1330/ 782984 062201 6113/ 22291 01011 444 20130 22091 1330/ 50701 80138 80001 9////=

####018000128####
SSVX02 CWAO 221330
ZZYY 47532 22091 1330/ 782986 062232 6113/ 11119 11100 444 20130 22091 1330/ 50701 80134 80001 9////=

####018000128####
SSVX02 CWAO 221330
ZZYY 47545 22091 1330/ 784558 110402 6113/ 22291 01012 444 20130 22091 1330/ 50701 80140 80001 9////=

####018013217####
SSVX11 LFVW 221342
ZZYY 52086 22091 0500/ 304975 156021 6112/
11119 10267 29079 40080
22219 00293
33311 88872 20000 32933 20002 32933 43440 20025 32961
20050 32960 43489 20075 32964 20100 32932 43546 20125 32878
20150 32788 43568 20200 32081 43580 20250 31423 43513
20300 30984 43473 20500 30758 43460 20750 30566 43455
444 20120 22091 0456/ 522//=
ZZYY 52086 22091 0300/ 304969 156017 6113/
11119 10256 29087 40095
22219 00293
33311 88872 20000 32927 20002 32927 43444 20025 32961
20050 32960 43489 20075 32963 20100 32926 43547 20125 32854
20150 32732 43570 20200 32051 43577 20250 31388 43509
20300 30982 43473 20500 30786 43459 20750 30578 43455
444 20130 22091 0324/ 522//=
ZZYY 52086 22091 1200/ 304955 156013 6111/
33311 88872 20125 32812 20150 32655 43576 20200 32154 43583
20250 31484 43518 20500 30793 43459
444 20110 22091 1231/ 522//=
ZZYY 52086 22091 1000/ 304969 156009 6111/
33311 88872 20002 32932 43459 20025 32961 20050 32961 43490
20075 32961 20100 32897 43556 20125 32808 20150 32666 43574
20200 32150 43589 20250 31438 43513 20300 30985 43473
20500 30817 43460 20750 30606 43455
444 20110 22091 0928/ 522//=
ZZYY 52086 22091 0600/ 304968 156015 6113/
11119 10273 29077 40082
22219 00294
33311 88872 20000 32937 20002 32937 43446 20025 32960
20050 32960 43490 20075 32966 20100 32920 43550 20125 32862
20150 32753 43570 20200 32055 43579 20250 31474 43516
20300 30996 43474 20500 30759 43460 20750 30568 43454
444 20130 22091 0636/ 522//=
ZZYY 52086 22091 0500/ 304975 156021 6112/
11119 10267 29079 40080
22219 00293
33311 88872 20000 32933 20002 32933 43440 20025 32961
20050 32960 43489 20075 32964 20100 32932 43546 20125 32878
20150 32788 43568 20200 32081 43580 20250 31423 43513
20300 30984 43473 20500 30758 43460 20750 30566 43455
444 20120 22091 0456/ 522//=
ZZYY 52086 22091 0300/ 304969 156017 6113/
11119 10256 29087 40095
22219 00293
33311 88872 20000 32927 20002 32927 43444 20025 32961
20050 32960 43489 20075 32963 20100 32926 43547 20125 32854
20150 32732 43570 20200 32051 43577 20250 31388 43509
20300 30982 43473 20500 30786 43459 20750 30578 43455
444 20130 22091 0324/ 522//=
ZZYY 52086 22091 0100/ 304966 156016 6113/
11119 10268 29085 40112
22219 00291
33311 88872 20000 32912 20002 32912 43418 20025 32962
20050 32960 43489 20075 32962 20100 32909 43552 20125 32820
20150 32667 43575 20200 32078 43580 20250 31508 43521
20300 31005 43476 20500 30791 43459 20750 30585 43455
444 20130 21091 2353/ 522//=
ZZYY 52088 22091 05004 302017 155981 6112/
11119 03405 10253 29091 40085
22219 00295
33311 88872 20000 32953 20002 32953 43463 20025 32947 43523
20050 32940 43524 20075 32937 43529 20100 32908 43534
20125 32863 43560 20150 32761 43573 20200 32188 43585
20250 31166 43488 20300 31015 43474 20500 30828 43460
20750 30570 43452
444 20120 22091 0458/ 522// 60381=
ZZYY 52088 22091 03004 302013 155984 6113/
11119 02509 10282 29083 40089
22219 00298
33311 88872 20000 32982 20002 32982 43518 20025 32946 43522
20050 32944 43524 20075 32938 43528 20100 32919 43532
20125 32865 43557 20150 32749 43571 20200 31936 43566
20250 31126 43488 20300 31015 43474 20500 30813 43460
20750 30578 43451
444 20130 22091 0325/ 522// 60381=
ZZYY 52088 22091 01004 302013 155982 6113/
11119 02806 10281 29084 40110
22219 00296
33311 88872 20000 32959 20002 32959 43520 20025 32945 43523
20050 32940 43525 20075 32940 43530 20100 32884 43540
20125 32835 43569 20150 32635 43570 20200 31672 43543
20250 31061 43479 20300 31013 43473 20500 30819 43462
20750 30576 43451
444 20130 21091 2352/ 522// 60381=
ZZYY 52088 22091 03004 302013 155984 6113/
11119 02509 10282 29083 40089
22219 00298
33311 88872 20000 32982 20002 32982 43518 20025 32946 43522
20050 32944 43524 20075 32938 43528 20100 32919 43532
20125 32865 43557 20150 32749 43571 20200 31936 43566
20250 31126 43488 20300 31015 43474 20500 30813 43460
20750 30578 43451
444 20130 22091 0325/ 522// 60381=
ZZYY 52085 22091 1100/ 300017 155954 6113/
11119 10273 29081 40114
22219 00292
33311 88872 20000 32920 20002 32920 43438 20025 32928 43500
20050 32899 43532 20075 32843 43543 20100 32748 43546
20300 31100 43481 20750 30564 43454
444 20130 22091 1051/ 522//=
ZZYY 52085 22091 0900/ 300019 155955 6112/
11119 10269 29084 40102
22219 00290
33311 88872 20000 32901 20002 32901 43403 20025 32925 43500
20050 32911 43527 20075 32853 43543 20100 32787 43552
20125 32735 43562 20150 32593 43571 20200 31771 43517
20250 31315 43502 20300 31103 43481 20500 30759 43457
20750 30569 43454
444 20120 22091 0929/ 522//=
ZZYY 52085 22091 1100/ 300017 155954 6113/
11119 10273 29081 40114
22219 00292
33311 88872 20000 32920 20002 32920 43438 20025 32928 43500
20050 32899 43532 20075 32843 43543 20100 32748 43546
20300 31100 43481 20750 30564 43454
444 20130 22091 1051/ 522//=
ZZYY 52075 22091 1200/ 107987 130039 6112/
33311 88872 20002 32924 43333 20025 32925 43343 20050 32894 43362
20075 32536 43487 20100 32177 43489 20125 31857 43474
20150 31526 43457 20200 31150 43440 20250 31008 43451
20300 30947 43453 20500 30741 43448
444 20120 22091 1237/ 522//=
ZZYY 52075 22091 10004 107993 130033 6111/
11119 03404 10277 29078 40087
22219 00292
33311 88872 20000 32921 20002 32921 43331 20025 32928 43342
20050 32916 43345 20075 32556 43487 20100 32144 43488
20125 31773 43469 20150 31478 43456 20200 31129 43440
20250 30979 43450 20300 30947 43454 20500 30737 43448
444 20110 22091 0942/ 522// 60381=
ZZYY 52075 22091 08004 107986 130039 6113/
11119 02904 10276 29082 40073
22219 00293
33311 88872 20000 32925 20002 32925 43332 20025 32926 43340
20050 32920 43344 20075 32582 43483 20100 32148 43489
20125 31918 43482 20150 31599 43462 20200 31224 43443
20250 31006 43448 20300 30952 43454 20500 30742 43447
444 20130 22091 0821/ 522// 60381=
ZZYY 52078 22091 06004 105044 146954 6112/
11119 00803 10284 29078 40084
22219 00305
33311 88872 20000 33048 20002 33048 43335 20025 32951 43360
20050 32948 43364 20075 32843 43456 20100 32581 43487
20125 32301 43507 20150 31945 43482 20200 31294 43457
20250 31075 43461 20300 30925 43461 20500 30787 43458
20750 30606 43455
444 20120 22091 0639/ 522// 60381=
ZZYY 52078 22091 02004 105043 146947 6111/
11119 00703 10281 29076 40106
22219 00295
33311 88872 20000 32946 20002 32946 43325 20025 32953 43363
20050 32947 43371 20075 32887 43431 20100 32737 43473
20125 32375 43508 20150 32029 43485 20200 31280 43455
20250 31029 43462 20300 30915 43461 20500 30765 43457
20750 30606 43453
444 20110 22091 0213/ 522// 60381=
ZZYY 52079 22091 03004 300023 146991 6112/
11119 01008 40097
22219 00296
33311 88872 20000 32964 20002 32964 43410 20025 32908 43538
20050 32845 43538 20075 32778 43541 20100 32759 43553
20125 32709 43550 20150 32500 43569 20200 31951 43539
20250 31643 43528 20300 31101 43482 20500 30793 43458
20750 30587 43451
444 20120 22091 0326/ 522// 60381=
ZZYY 52079 22091 01004 300028 146997 6112/
11119 01009 40109
22219 00294
33311 88872 20000 32937 20002 32937 43414 20025 32931 43530
20050 32854 43539 20075 32778 43542 20100 32750 43553
20125 32701 43549 20150 32387 43565 20200 31936 43540
20250 31632 43528 20300 31095 43481 20500 30806 43459
20750 30588 43453
444 20120 21091 2353/ 522// 60381=
ZZYY 52079 22091 10004 300024 146991 6113/
11119 00808 40097
22219 00299
33311 88872 20000 32991 20002 32991 43438 20025 32944 43525
20050 32864 43540 20075 32780 43537 20100 32778 43548
20125 32721 43551 20150 32559 43563 20200 31958 43539
20250 31651 43527 20300 31221 43495 20500 30864 43462
20750 30587 43451
444 20130 22091 0940/ 522// 60381=
ZZYY 52079 22091 12004 300029 146986 6112/
11119 00907 40107
22219 00298
33311 88872 20000 32982 20002 32982 43450 20025 32939 43529
20050 32854 43539 20075 32776 43541 20100 32758 43552
20300 31098 43481 20750 30589 43453
444 20120 22091 1231/ 522// 60381=
ZZYY 52077 22091 02004 102076 146950 6111/
11119 00703 10284 29076 40105
22219 00297
33311 88872 20000 32970 20002 32970 43349 20025 32910 43404
20050 32917 43447 20075 32919 43471 20100 32820 43500
20125 32609 43544 20150 32387 43548 20200 31944 43501
20250 31240 43452 20300 31044 43463 20500 30824 43460
20750 30535 43453
444 20110 22091 0212/ 522// 60381=
ZZYY 52077 22091 09004 102072 146955 6113/
11119 00507 10288 29076 40091
22219 00299
33311 88872 20000 32988 20002 32988 43362 20025 32909 43406
20050 32915 43450 20075 32918 43474 20100 32810 43503
20125 32588 43548 20150 32380 43547 20200 31670 43481
20250 31203 43453 20300 31027 43472 20500 30829 43460
20750 30533 43453
444 20130 22091 0929/ 522// 60381=
ZZYY 52077 22091 11004 102071 146956 6113/
11119 01005 10280 29080 40106
22219 00295
33311 88872 20000 32950 20002 32950 43350 20025 32914 43411
20050 32918 43463 20075 32802 43505 20100 32635 43548
20125 32444 43556 20150 32381 43548 20200 31854 43495
20250 31319 43458 20300 31066 43459 20500 30820 43459
20750 30529 43454
444 20130 22091 1053/ 522// 60381=
ZZYY 52073 22091 12004 104859 137282 6113/
11119 02317 10272 29084 40102
22219 00289
33311 88872 20000 32893 20125 32537 43485 20150 32245 43487
20200 31283 43447 20250 30958 43441 20500 30746 43454
444 20130 22091 1236/ 522// 60381=
ZZYY 52073 22091 10004 104855 137276 6113/
11119 02314 10271 29081 40095
22219 00290
33311 88872 20000 32897 20002 32897 43310 20025 32925 43339
20050 32898 43384 20075 32822 20100 32612 43481 20125 32300 43487
20150 31962 43478 20200 31248 43447 20250 30963 43441
20300 30903 43457 20500 30751 43455 20750 30612 43450
444 20130 22091 0942/ 522// 60381=
ZZYY 52073 22091 08004 104852 137283 6112/
11119 02413 10272 29082 40078
22219 00290
33311 88872 20000 32897 20002 32897 43309 20025 32925 43342
20050 32892 43391 20075 32810 20100 32572 43486 20125 32299 43488
20150 31944 43477 20200 31322 43449 20250 31049 43444
20300 30926 43448 20500 30784 43454 20750 30629 43450
444 20120 22091 0819/ 522// 60381=
ZZYY 52073 22091 06004 104849 137279 6112/
11119 02410 10269 29085 40078
22219 00290
33311 88872 20000 32902 20002 32902 43317 20025 32919 43334
20050 32897 43387 20075 32825 20100 32657 43478 20125 32413 43490
20150 32020 43485 20200 31340 43451 20250 31051 43444
20300 30916 43454 20500 30756 43455 20750 30613 43451
444 20120 22091 0534/ 522// 60381=
ZZYY 52081 22091 0100/ 100074 138039 6112/
33311 88872 20002 32928 43424 20025 32923 43431 20050 32930 43455
20075 32865 43489 20100 32851 43534 20125 32549 43552
20150 32329 43542 20200 31891 43535 20250 31556 43513
20300 31484 43508 20500 30829 43459 20750 30564 43450
444 20120 22091 0132/ 522//=
ZZYY 52081 22091 1000/ 100069 138040 6112/
33311 88872 20002 32943 43411 20025 32924 43428 20050 32936 43448
20075 32859 43491 20100 32841 43535 20300 31487 43507
20750 30546 43451
444 20120 22091 0940/ 522//=
ZZYY 52081 22091 0800/ 100070 138038 6113/
33311 88872 20002 32961 43417 20025 32933 43433 20050 32936 43449
20075 32841 43488 20100 32827 43541 20125 32537 43549
20150 32422 43549 20200 31852 43532 20250 31534 43510
20300 31484 43508 20500 30816 43459 20750 30558 43450
444 20130 22091 0818/ 522//=
ZZYY 52087 22091 06004 107863 136489 6112/
11119 02506 10269 29091 40069
22219 00293
33311 88872 20000 32932 20002 32932 43340 20025 32954 43365
20050 32958 43378 20075 32918 43437 20100 32799 43470
20125 32588 43495 20150 32217 43497 20200 31527 43461
20250 31211 43452 20300 31010 43456 20500 30743 43452
20750 30585 43451
444 20120 22091 0535/ 522// 60381=
ZZYY 52087 22091 08004 107866 136492 6112/
11119 02408 10275 29087 40069
22219 00293
33311 88872 20000 32934 20002 32934 43347 20025 32949 43362
20050 32959 43374 20075 32923 43434 20100 32673 43486
20125 32494 43493 20150 32076 43482 20200 31431 43457
20250 31179 43451 20300 31004 43453 20500 30732 43452
20750 30576 43451
444 20120 22091 0819/ 522// 60381=
ZZYY 52080 22091 12004 101995 138104 6113/
11119 02608 10282 29080 40105
22219 00292
33311 88872 20000 32919 20125 32659 43543 20150 32535 43540
20200 31913 43532 20250 31411 43470 20500 30772 43456
444 20130 22091 1233/ 522// 60381=
ZZYY 52080 22091 10004 101992 138104 6112/
11119 02606 10284 29080 40095
22219 00292
33311 88872 20000 32919 20002 32919 43399 20025 32921 43428
20050 32901 43443 20075 32857 43499 20100 32864 43530
20125 32655 43543 20150 32543 43538 20200 31925 43530
20250 31403 43470 20300 31178 43469 20500 30761 43457
20750 30529 43452
444 20120 22091 0940/ 522// 60381=
ZZYY 52080 22091 08004 101994 138103 6112/
11119 02306 10282 29082 40073
22219 00292
33311 88872 20000 32919 20002 32919 43394 20025 32919 43424
20050 32901 43443 20075 32859 43501 20100 32866 43530
20125 32644 43541 20150 32544 43538 20200 32018 43527
20250 31436 43475 20300 31194 43473 20500 30762 43457
20750 30529 43453
444 20120 22091 0817/ 522// 60381=
####018000393####
SSVX13 LFVW 221342
ZZYY 51682 22091 1300/ 311293 159468 6111/
11119 40119
22219 00285
444 20110 22091 1319/ 50101 80080 80100 9/015=
ZZYY 51682 22091 1230/ 311300 159553 6111/
11119 40119
22219 00285
444 20110 22091 0934/ 50101 80080 80100 9/015=
ZZYY 55573 22091 1230/ 309375 142802 6113/
11119 40131 52008
22219 00270
444 20130 22091 1233/ 50101 80100 80000 9/015=
####018004603####
SSVX02 KARS 221342
ZZYY 51901 22091 1232/ 312810 159216 6112/
22219 00280
444 20120 22091 1227/ 50101 80115 80005 9/015=
ZZYY 51901 22091 1324/ 312820 159212 6111/
22219 00280
444 50101 80115 80005 9/015=
ZZYY 51875 22091 1233/ 310089 147723 6111/
22219 00174
444 20110 22091 1228/ 50101 80060 80000 9/015=
ZZYY 51780 22091 1323/ 512568 161506 6113/
22219 00274
444 20130 22091 1312/ 50101 80115 80010 9/015=
ZZYY 51946 22091 1320/ 525288 165264 6112/
22219 00214
33311 88872 20000 32135 42048
444 20120 22091 1324/ 50101 80070 80013 9/015=
ZZYY 51664 22091 1317/ 712974 172477 6111/
22219 00275
444 20110 22091 1308/ 50101 80109 80130 9/015=
ZZYY 51727 22091 1323/ 509487 177459 6111/
22219 00283
444 20110 22091 1311/ 50101 80111 80255 9/015=
ZZYY 54949 22091 1300/ 530607 153648 6112/
11119 40096 57006
22219 00181
444 20120 22091 1144/ 50101 80010 80000 9////=
ZZYY 51648 22091 1322/ 304758 163465 6112/
22219 00293
444 20120 22091 1312/ 50101 80107 80007 9/015=
ZZYY 51948 22091 1321/ 502191 179233 6112/
22219 00281
444 20120 22091 1310/ 50101 80119 80008 9/015=
ZZYY 51669 22091 1322/ 511904 174922 6113/
22219 00280
444 20130 22091 1312/ 50101 80105 80020 9/015=
ZZYY 51614 22091 1321/ 318791 173086 6113/
22219 00256
444 20130 22091 1313/ 50101 80046 80023 9/015=
ZZYY 51617 22091 1317/ 710026 173711 6111/
22219 00280
444 20110 22091 1308/ 50101 80045 80000 9/015=
ZZYY 51627 22091 1323/ 517906 169290 6112/
22219 00269
444 20120 22091 1312/ 50101 80113 80000 9/015=
ZZYY 51531 22091 1319/ 307316 154954 6111/
22219 00293
444 20110 22091 1114/ 50101 80115 80004 9/015=
ZZYY 51663 22091 1323/ 512359 170575 6112/
22219 00277
444 20120 22091 1312/ 50101 80111 80007 9/015=
ZZYY 52618 22091 1318/ 709320 175958 6111/
22219 00282
444 20110 22091 1309/ 50101 80117 80006 9/015=
ZZYY 32725 22091 1324/ 513226 167853 6113/
22219 00276
444 20130 22091 1312/ 50101 80121 80003 9/015=
ZZYY 51753 22091 1325/ 521419 163091 6112/
22219 00256
444 50101 80083 80006 9/015=
ZZYY 32973 22091 1323/ 520650 156104 6112/
22219 00256
444 50101 80047 80016 9/015=
ZZYY 51652 22091 1319/ 705214 169222 6112/
22219 00275
444 20120 22091 1310/ 50101 80121 80019 9/015=
ZZYY 51771 22091 1321/ 504335 164051 6112/
22219 00273
444 20120 22091 1311/ 50101 80121 80011 9/015=
ZZYY 32830 22091 1322/ 521095 160761 6112/
22219 00258
444 20120 22091 1318/ 50101 80108 80010 9/015=
ZZYY 32684 22091 1323/ 518617 158582 6112/
22219 00261
444 20120 22091 1313/ 50101 80102 80019 9/015=
ZZYY 51657 22091 1323/ 506880 179264 6113/
22219 00282
444 20130 22091 1312/ 50101 80117 80005 9/015=
ZZYY 32682 22091 1322/ 521547 155333 6111/
22219 00253
444 20110 22091 1319/ 50101 80100 80014 9/015=
ZZYY 51649 22091 1320/ 527122 159859 6112/
22219 00211
444 20120 22091 1143/ 50101 80008 80000 9/015=
ZZYY 51526 22091 1322/ 507474 164184 6113/
22219 00276
444 20130 22091 1311/ 50101 80121 80011 9/015=
ZZYY 51643 22091 1319/ 508467 153017 6111/
22219 00272
444 20110 22091 1312/ 50101 80117 80012 9/015=
ZZYY 32719 22091 1323/ 510538 167296 6113/
444 20130 22091 1311/ 50101 80540 80032 9/015=
ZZYY 32558 22091 1321/ 520296 153697 6112/
22219 00261
444 20120 22091 1318/ 50101 80108 80099 9/015=
ZZYY 51644 22091 1320/ 311102 154507 6111/
22219 00281
444 20110 22091 1106/ 50101 80085 80009 9/015=
ZZYY 51907 22091 1320/ 504281 160098 6113/
22219 00271
444 20130 22091 1311/ 50101 80117 80028 9/015=
ZZYY 51918 22091 1321/ 504553 171158 6113/
22219 00276
444 20130 22091 1311/ 50101 80121 80005 9/015=
ZZYY 51639 22091 1322/ 504930 175072 6112/
444 20120 22091 1311/ 50101 80117 80255 9/015=
ZZYY 51781 22091 1321/ 505299 169987 6112/
22219 00278
444 20120 22091 1311/ 50101 80121 80042 9/015=
ZZYY 51873 22091 1320/ 507961 162061 6112/
22219 00276
444 20120 22091 1311/ 50101 80119 80019 9/015=
ZZYY 51671 22091 1322/ 306165 173277 6113/
22219 00287
444 20130 22091 1312/ 50101 80119 80027 9/015=
ZZYY 32713 22091 1324/ 305925 174529 6113/
22219 00285
444 20130 22091 1311/ 50101 80550 80000 9/015=
ZZYY 51870 22091 1322/ 304337 173260 6113/
444 20130 22091 1311/ 50101 80111 80009 9/015=
ZZYY 32641 22091 1234/ 107956 127994 6113/
22219 00296
444 20130 22091 0531/ 50101 80053 80050 9/015=
ZZYY 52803 22091 1236/ 105692 142486 6111/
22219 00298
444 20110 22091 1056/ 50101 80120 80022 9/015=
ZZYY 52671 22091 1233/ 103820 146028 6111/
22219 00292
444 50101 80120 80026 9/015=
####018008355####
SSVX08 KARS 221342
ZZYY 52007 21091 1200/ 308026 164771 6112/
33311 88872 20001 32916 43534 20025 32908 20050 32905
444 20120 21091 1328/ 521//=
ZZYY 52007 22091 13004 308023 164773 6111/
11119 00908 10284 29072
22219 00292
444 20110 22091 1317/ 521// 60401=
ZZYY 52315 21091 1200/ 707970 179852 6111/
33311 88872 20001 32892 43425 20025 32885 20050 32885 20075 32867
20100 32795 20125 32319 20150 31824 20200 31223 20250 31086
20500 30830
444 20110 21091 1322/ 521//=
ZZYY 52315 22091 13004 707971 179858 6112/
11119 00609 10274 29081
22219 00289
444 20120 22091 1310/ 521// 60401=
ZZYY 52002 21091 1200/ 302005 164985 6112/
22219 00290
33311 88872 20000 32903 43553 20500 30781
444 20120 21091 1326/ 521//=
ZZYY 52002 22091 13004 302008 164986 6111/
11119 01211 10285 29073
22219 00290
444 20110 22091 1316/ 521// 60001=
ZZYY 51302 21091 12004 508275 155015 6111/
11119 01216 10269 29076
22219 00272
33311 88872 20000 32721 20001 32725 43551 20025 32722 20050 32720
20075 32720 20100 32719 20125 32700 20150 32565 20200 32136
20250 31622 20300 31204 20500 30805
444 20110 21091 1121/ 521// 60401=
ZZYY 51304 21091 12004 504996 170020 6112/
11119 01213 10276 29076
22219 00277
33311 88872 20000 32772 20001 32777 43543 20025 32775 20050 32774
20125 32674 20150 32508 20200 31866 20250 31307 20300 31059
20500 30810
444 20120 21091 1144/ 521// 60401=
ZZYY 51304 22091 13004 505009 170022 6112/
11119 01213 10272 29077
22219 00277
444 20120 22091 1249/ 521// 60401=
ZZYY 52313 21091 1200/ 305787 176686 6111/
33311 88872 20001 32842 43557 20025 32840 20050 32839 20075 32838
20100 32838 20125 32839 20150 32836 20200 32259 20250 31633
20300 31214 20500 30830
444 20110 21091 1300/ 521//=
ZZYY 52313 22091 13004 305706 176596 6112/
11119 01009 10278 29077
22219 00284
444 20120 22091 1314/ 521// 60401=
ZZYY 52309 21091 1200/ 704999 179925 6111/
11119 10283 29082
444 20110 21091 1258/ 521//=
ZZYY 52309 22091 1300/ 705006 179923 6111/
11119 10274 29083
444 20110 22091 1312/ 521//=
ZZYY 51023 21091 1200/ 500009 154941 6111/
11119 10239 29092
22219 00254
33311 88870 20000 32536 20001 32547 20025 32533 20050 32518
20100 32097 20125 31816 20200 31303 20250 31187 20300 31128
20500 30796
444 20110 21091 1255/ 521//=
ZZYY 51023 22091 1300/ 500003 154952 6112/
11119 10249 29088
22219 00254
444 20120 22091 1312/ 521//=
ZZYY 51022 21091 12004 501975 154995 6111/
11119 01019 10255 29085
22219 00267
33311 88872 20000 32672 20001 32678 43532 20025 32676 20050 32669
20075 32668 20100 32664 20125 31920 20150 31592 20200 31337
20300 31100
444 20110 21091 1143/ 521// 60401=
ZZYY 51022 22091 13004 501963 155010 6111/
11119 00916 10263 29080
22219 00268
444 20110 22091 1313/ 521// 60401=
ZZYY 52316 21091 1200/ 507988 179855 6112/
33311 88870 20025 32854 20050 32852 20075 32852 20100 32852
20125 32843 20150 32754 20200 32331 20300 31445 20500 30799
444 20120 21091 1442/ 521//=
ZZYY 52316 22091 13004 507989 179853 6111/
11119 00708 10278 29079
444 20110 22091 1316/ 521// 60401=
ZZYY 52311 21091 12004 700045 179905 6111/
11119 00913 10268 29084
22219 00278
33311 88872 20000 32777 20001 32779 43539 20025 32775 20050 32770
20075 32756 20100 32687 20125 32346 20150 32077 20200 31485
20250 31330 20500 30812
444 20110 21091 1324/ 521// 60401=
ZZYY 52311 22091 13004 700035 179917 6112/
11119 00711 10273 29079
22219 00277
444 20120 22091 1314/ 521// 60401=
ZZYY 51010 21091 12004 500029 170066 6112/
11119 00912 10265 29083 40103
22219 00268
33311 88872 20000 32682 20001 32687 43520 20025 32676 43522
20050 32660 43524 20125 32094 20150 31819 20200 31471 20250 31267
20300 31166 20500 30831
444 20120 21091 1144/ 521// 60401=
ZZYY 51010 22091 13004 500025 170042 6112/
11119 00712 10251 29091 40091
22219 00266
444 20120 22091 1313/ 521// 60401=
ZZYY 52003 21091 1200/ 105099 165032 6112/
33311 88872 20001 32942 43392 20025 32938 20050 32937 20075 32949
20100 32880 20125 32545 20150 32036 20200 31175 20250 30991
20300 30933 20500 30789
444 20120 21091 1324/ 521//=
ZZYY 52003 22091 13004 105083 165018 6111/
11119 01107 10271 29087
22219 00295
444 20110 22091 1315/ 521// 60401=
ZZYY 51020 21091 12004 704998 154943 6112/
11119 01311 10265 29081
22219 00275
33311 88872 20000 32747 20001 32755 43508 20025 32749 20050 32731
20100 32631 20125 32604 20150 32246 20200 31321 20250 31119
20300 31080 20500 30899
444 20120 21091 1141/ 521// 60401=
ZZYY 51309 21091 12004 708009 170036 6111/
11119 00409 10270 29083
22219 00284
33311 88872 20000 32838 20001 32840 43427 20050 32842 20075 32789
20100 32475 20150 31532 20200 31150 20250 31065 20300 31010
20500 30824
444 20110 21091 1142/ 521// 60401=
ZZYY 51309 22091 13004 708008 170046 6111/
11119 00406 10271 29087
22219 00283
444 20110 22091 1311/ 521// 60401=
ZZYY 52004 21091 1200/ 305000 165164 6111/
33311 88872 20001 32917 43556 20025 32913 20075 32907 20100 32903
20125 32893 20150 32744 20200 31985
444 20110 21091 1326/ 521//=
ZZYY 52004 22091 13004 305004 165168 6112/
11119 01208 10285 29076
22219 00292
444 20120 22091 1316/ 521// 60401=
ZZYY 52321 21091 1200/ 100000 164971 6112/
33311 88872 20001 32892 20025 32881 43520 20050 32871 43528
20075 32855 43535 20100 32784 20125 32496 20150 32258 20200 31720
20250 31319 20500 30775
444 20120 21091 1326/ 521//=
ZZYY 51019 21091 12004 504984 155022 6112/
11119 01013 10270 29079
22219 00271
33311 88870 20000 32708 20001 32712 20025 32709 20050 32707
20075 32706 20100 32706 20125 32608 20150 32164 20200 31449
20250 31163 20300 31067 20500 30823
444 20120 21091 1256/ 521// 60401=
ZZYY 52312 21091 12004 501980 179927 6112/
11119 01013 10279 29082
22219 00282
33311 88872 20000 32820 20001 32823 43546 20025 32821 20050 32819
20075 32819 20100 32819 20125 32749 20150 32336 20200 31335
20250 31150 20300 31106 20500 30829
444 20120 21091 1300/ 521// 60401=
ZZYY 52312 22091 13004 501984 179927 6111/
11119 00914 10277 29082
22219 00282
444 20110 22091 1315/ 521// 60401=
ZZYY 51310 21091 1200/ 508023 170059 6111/
33311 88872 20001 32809 43555 20025 32808 20050 32807 20075 32807
20100 32808 20125 32797 20150 32704 20200 32265
444 20110 21091 1145/ 521//=
ZZYY 51310 22091 13004 508020 170066 6111/
11119 01013 10274 29077
22219 00281
444 20110 22091 1316/ 521// 60401=
ZZYY 52001 21091 1200/ 102028 165011 6111/
33311 88872 20001 32952 43489 20025 32945 20050 32936 20075 32909
20100 32736 20125 32579 20150 32480 20200 31371 20250 31097
20300 31072 20500 30796
444 20110 21091 1325/ 521//=
ZZYY 51303 21091 1200/ 705026 169984 6112/
11119 10248 29088
22219 00275
33311 88872 20000 32745 20001 32755 43518 20025 32754 20050 32754
20075 32753 20100 32751 20200 31609 20250 31113 20300 31009
20500 30845
444 20120 21091 1141/ 521//=
ZZYY 51303 22091 1300/ 705020 169975 6112/
11119 10270 29078
22219 00275
444 20120 22091 1309/ 521//=
ZZYY 51301 21091 12004 707986 154984 6113/
11119 00409 10273 29081
22219 00285
33311 88870 20000 32845 20001 32853 20050 32834 20100 32156
20125 31663 20150 31312 20200 31119 20300 31009 20500 30828
444 20130 21091 1138/ 521// 60401=
ZZYY 51301 22091 13004 707984 154985 6113/
11119 02110 10248 29088
22219 00283
444 20130 22091 1311/ 521// 60401=
ZZYY 52310 21091 12004 702024 179838 6112/
11119 01015 10279 29084
22219 00280
33311 88872 20000 32804 20001 32810 43515 20050 32796 20075 32793
20100 32788 20125 32770 20150 32444 20200 31308 20250 31173
20300 31109 20500 30841
444 20120 21091 1258/ 521// 60401=
ZZYY 52310 22091 13004 702018 179837 6112/
11119 01114 10277 29078
22219 00280
444 20120 22091 1315/ 521// 60401=
ZZYY 51305 21091 1200/ 702025 170063 6111/
11119 10266 29083
22219 00271
33311 88872 20000 32714 20001 32720 43512 20025 32715 20050 32707
20075 32690 20100 32645 20125 32522 20150 31968 20200 31159
20250 31134 20300 31116
444 20110 21091 1144/ 521//=
ZZYY 51306 21091 1200/ 502156 170026 6112/
33311 88872 20001 32772 43556 20025 32769 20050 32767 20100 32764
20125 32593 20150 32106 20250 31117 20500 30826
444 20120 21091 1143/ 521//=
