####018004131####
SSVX02 KARS 221127
ZZYY 52838 22091 1114/ 126573 143274 6111/
444 20110 22091 0936/ 50101 80123 80012 9/015=
ZZYY 53575 22091 1114/ 115363 122535 6112/
22219 00291
444 20120 21091 1259/ 50101 80092 80002 9/015=
ZZYY 53517 22091 1116/ 117679 129634 6111/
22219 00303
444 20110 22091 1112/ 50101 80092 80007 9/015=
ZZYY 53594 22091 1030/ 129518 134954 6112/
11119 30085 40085
22219 00266
444 20120 22091 0827/ 50101 80110 80100 9/015=
ZZYY 22583 22091 1115/ 119407 128896 6112/
22219 00293
444 20120 22091 0936/ 50101 80140 80003 9/015=
ZZYY 52619 22091 1113/ 105357 132978 6111/
22219 00292
444 20110 22091 1107/ 50101 80120 80052 9/015=
ZZYY 32641 22091 1113/ 107956 127994 6113/
22219 00297
444 20130 22091 0531/ 50101 80053 80099 9/015=
ZZYY 21898 22091 1110/ 112845 120775 6113/
11119 30090 40090 57233
22219 00248
444 20130 22091 0535/ 50101 80100 80000 9/015=
ZZYY 21892 22091 1020/ 119388 135677 6111/
11119 30085 40085 52010
22219 00296
444 20110 22091 0934/ 50101 8//// 80000 9/015=
ZZYY 21892 22091 0920/ 119388 135677 6111/
11119 30080 40080 52007
22219 00298
444 20110 22091 0934/ 50101 8//// 80000 9/015=
ZZYY 52614 22091 1115/ 120178 124204 6112/
22219 00290
444 20120 22091 0828/ 50101 80006 80012 9////=
ZZYY 53523 22091 1115/ 120912 120266 6113/
22219 00286
444 20130 22091 0536/ 50101 80120 80255 9/015=
ZZYY 22574 22091 1116/ 127527 130103 6111/
22219 00265
444 20110 22091 0821/ 50101 80009 80000 9////=
ZZYY 52606 22091 1115/ 106988 132119 6113/
22219 00291
444 20130 22091 1107/ 50101 80120 80019 9/015=
ZZYY 52916 22091 1115/ 127700 131087 6111/
22219 00258
444 20110 22091 0820/ 50101 80103 80013 9/015=
ZZYY 21968 22091 1030/ 114505 126284 6113/
11119 30080 40080 57237
22219 00305
444 20130 22091 0820/ 50101 80080 80000 9/015=
ZZYY 52679 22091 1116/ 112551 138954 6112/
22219 00293
444 20120 22091 0933/ 50101 80120 80022 9/015=
ZZYY 52909 22091 1114/ 114763 139283 6112/
22219 00294
444 20120 22091 0644/ 50101 80120 80026 9/015=
ZZYY 52803 22091 1115/ 105685 142472 6112/
22219 00299
444 20120 22091 0932/ 50101 80120 80018 9/015=
ZZYY 52664 22091 1115/ 110081 133081 6113/
22219 00296
444 20130 22091 1112/ 50101 80120 80023 9/015=
ZZYY 52911 22091 1110/ 111408 136635 6113/
444 20130 22091 0932/ 50101 80120 80024 9/015=
ZZYY 53518 22091 1114/ 121010 113967 6111/
22219 00285
444 20110 22091 1004/ 50101 80138 80002 9/015=
ZZYY 52673 22091 1115/ 101713 131816 6113/
22219 00290
444 20130 22091 1106/ 50101 80120 80032 9/015=
ZZYY 52662 22091 1114/ 102881 145961 6112/
22219 00293
444 20120 22091 0924/ 50101 80120 80026 9/015=
ZZYY 53597 22091 1115/ 114692 121726 6112/
22219 00282
444 20120 22091 0649/ 50101 80094 80002 9/015=
ZZYY 52598 22091 0950/ 122203 125434 6111/
11119 30098 40098 52011
22219 00288
444 20110 22091 0936/ 50101 80110 80000 9/015=
ZZYY 53581 22091 0950/ 114903 127174 6111/
11119 30076 40076 57246
22219 00304
444 20110 22091 0934/ 50101 80110 80010 9/015=
ZZYY 53581 22091 1050/ 114903 127174 6111/
11119 30085 40085 57236
22219 00303
444 20110 22091 0934/ 50101 80110 80010 9/015=
ZZYY 53907 22091 1020/ 118038 139117 6113/
11119 30099 40099 57242
22219 00291
444 20130 22091 0935/ 50101 80110 80011 9/015=
ZZYY 52907 22091 1115/ 112367 138439 6111/
22219 00315
444 20110 22091 1107/ 50101 80120 80005 9/015=
ZZYY 52665 22091 1020/ 113435 132663 6112/
11119 30080 40080 57241
22219 00303
444 20120 22091 0935/ 50101 80120 80007 9/015=
ZZYY 53567 22091 1010/ 113193 126633 6111/
11119 30081 40081 57235
22219 00300
444 20110 22091 1108/ 50101 80120 80008 9/015=
ZZYY 52833 22091 1100/ 117216 136046 6112/
11119 30090 40090 57242
22219 00292
444 20120 22091 0936/ 50101 80120 80010 9/015=
ZZYY 52833 22091 1000/ 117216 136046 6112/
11119 30084 40084 57245
22219 00292
444 20120 22091 0936/ 50101 80120 80010 9/015=
ZZYY 52905 22091 1020/ 112341 132514 6113/
11119 30081 40081 57239
22219 00299
444 20130 22091 0934/ 50101 80110 80011 9/015=
####018000155####
SSVX13 KARS 221127
ZZYY 22531 22091 1010/ 120767 127617 6111/
11119 30082 40082 57001
22219 00293
444 20110 22091 0937/ 50101 80110 80040 9/015=
####018000431####
SSVX01 DEMS 221130
ZZYY 23091 22091 10001 118185 089690 111// 02208 10288 40008 222// 00279 1//05=
ZZYY 23093 22091 10001 116518 088019 111// 0//09 10286 40016 222// 00281 1////=
ZZYY 23094 22091 10001 114222 082886 111// 026// 10292 40041 222// 00/// 105//=
ZZYY 23095 22091 10001 110510 094029 111// 02410 10265 40072 222// 00/// 1////=
ZZYY 23459 22091 10001 111014 086491 111// 02208 10292 40057 222// 00283 1////=
####018000434####
SSVX01 DEMS 221130
ZZYY 23091 22091 10001 118185 089690 111// 02208 10288 40008 222// 00279 1//05=
ZZYY 23093 22091 10001 116518 088019 111// 0//09 10286 40016 222// 00281 1////=
ZZYY 23094 22091 10001 114222 082886 111// 026// 10292 40041 222// 00/// 105//=
ZZYY 23095 22091 10001 110510 094029 111// 02410 10265 40072 222// 00/// 1////=
ZZYY 23459 22091 10001 111014 086491 111// 02208 10292 40057 222// 00283 1////=

####018003231####
SSVX02 KARS 221131 RRA
ZZYY 43555 22091 0951/ 717808 129755 6113/
22219 00253
444 20130 22091 0940/ 50101 80088 80018 9/015=
ZZYY 43557 22091 0949/ 722387 120063 6111/
22219 00232
444 20110 22091 0939/ 50101 80088 80014 9/015=
ZZYY 43558 22091 0948/ 722667 124686 6112/
444 20120 22091 0936/ 50101 80086 80255 9/015=
ZZYY 43553 22091 0952/ 721059 127858 6113/
22219 00228
444 20130 22091 0940/ 50101 80088 80045 9/015=
ZZYY 51882 22091 0953/ 711512 112467 6112/
22219 00284
444 20120 22091 0941/ 50101 80110 80001 9/015=
ZZYY 43540 22091 0952/ 715413 133262 6113/
22219 00260
444 20130 22091 0940/ 50101 80096 80015 9/015=
ZZYY 51623 22091 0954/ 710050 121868 6112/
22219 00276
444 20120 22091 1055/ 50101 80113 80007 9/015=
ZZYY 55566 22091 0940/ 535983 146773 6113/
22219 00148
444 20130 22091 1000/ 50101 80009 80000 9////=
ZZYY 55911 22091 0930/ 536987 157334 6113/
11119 40020 57005
22219 00143
444 20130 22091 1002/ 50101 80010 80015 9////=
ZZYY 51759 22091 0954/ 700735 121941 6112/
22219 00229
444 20120 22091 0941/ 50101 80110 80070 9/015=
ZZYY 51904 22091 0952/ 709446 111357 6113/
22219 00274
444 20130 22091 0940/ 50101 80078 80002 9/015=
ZZYY 54550 22091 0940/ 531974 143549 6112/
11119 40115 57053
22219 00182
444 20120 22091 0959/ 50101 80010 80011 9////=
ZZYY 54547 22091 0950/ 540588 115928 6112/
22219 00109
444 20120 22091 1000/ 50101 80010 80005 9////=
ZZYY 55928 22091 0840/ 535483 121130 6112/
11119 40069 52020
22219 00146
444 20120 22091 0819/ 50101 80010 80006 9/015=
ZZYY 55928 22091 0940/ 535467 121101 6112/
11119 40073 52018
22219 00146
444 20120 22091 1000/ 50101 80010 80006 9/015=
ZZYY 32533 22091 0959/ 514573 110425 6113/
22219 00233
444 20130 22091 0952/ 50101 80121 80013 9/015=
ZZYY 32709 22091 1004/ 520533 135697 6112/
22219 00245
444 20120 22091 0956/ 50101 80121 80017 9/015=
ZZYY 54922 22091 0840/ 529495 124657 6112/
11119 30180 40180
444 20120 22091 0818/ 50101 8//// 80000 9////=
ZZYY 54922 22091 0940/ 529486 124628 6113/
11119 30177 40177
444 20130 22091 0958/ 50101 8//// 80000 9////=
ZZYY 32973 22091 1002/ 520677 156114 6112/
22219 00256
444 20120 22091 0958/ 50101 80047 80017 9/015=
ZZYY 55593 22091 0930/ 546593 145111 6113/
11119 30130 40130 52010
22219 00085
444 20130 22091 1003/ 50101 80100 80000 9/015=
ZZYY 51788 22091 0950/ 709356 149777 6111/
22219 00275
444 20110 22091 0734/ 50101 80088 80000 9/015=
ZZYY 51958 22091 0954/ 706931 113694 6113/
22219 00272
444 20130 22091 0941/ 50101 80079 80013 9/015=
ZZYY 54929 22091 0830/ 525265 108958 6112/
11119 30179 40179 57006
22219 00209
444 20120 22091 0815/ 50101 8//// 80000 9////=
ZZYY 54918 22091 0910/ 525150 124682 6112/
11119 30191 40191 57005
22219 00215
444 20120 22091 0955/ 50101 8//// 80000 9////=
ZZYY 54858 22091 0950/ 528388 124825 6112/
11119 30184 40184 57005
22219 00207
444 20120 22091 0959/ 50101 8//// 80000 9////=
ZZYY 54858 22091 0900/ 528382 124843 6112/
11119 30189 40189 52004
22219 00207
444 20120 22091 0813/ 50101 8//// 80000 9////=
ZZYY 54926 22091 0950/ 530036 102896 6111/
444 20110 22091 0958/ 50101 9////=
####018014889####
SSVX02 KARS 221131
ZZYY 32729 22091 0957/ 512039 130425 6112/
22219 00253
444 20120 22091 0954/ 50101 80121 80032 9/015=
ZZYY 32817 22091 1002/ 518008 131043 6112/
22219 00247
444 20120 22091 0955/ 50101 80540 80099 9/015=
ZZYY 16949 22091 0830/ 536183 107276 6111/
11119 30007 40007 52013
22219 00143
444 20110 22091 0816/ 50101 8//// 80024 9////=
ZZYY 51975 22091 0953/ 710010 123114 6111/
22219 00275
444 20110 22091 0941/ 50101 80091 80007 9/015=
ZZYY 51770 22091 0952/ 710476 143561 6111/
22219 00272
444 20110 22091 0945/ 50101 80119 80036 9/015=
ZZYY 55949 22091 1000/ 527406 110916 6112/
11119 30161 40161 57003
22219 00203
444 20120 22091 0957/ 50101 8//// 80100 9////=
ZZYY 55949 22091 0900/ 527404 110932 6113/
11119 30161 40161 57002
22219 00203
444 20130 22091 0810/ 50101 8//// 80100 9////=
ZZYY 55615 22091 1020/ 337976 089283 6113/
11119 30185 40185 57006
22219 00119
444 20130 22091 0959/ 50101 8//// 80100 9////=
ZZYY 23678 22091 1028/ 340045 089249 6111/
22219 00111
444 20110 22091 1025/ 50101 80049 80097 9////=
ZZYY 43543 22091 0950/ 720567 120965 6112/
22219 00243
444 20120 22091 0939/ 50101 80054 80018 9/015=
ZZYY 55610 22091 0900/ 526808 127379 6112/
22219 00217
444 20120 22091 0817/ 50101 8//// 80076 9////=
ZZYY 55610 22091 1000/ 526814 127366 6111/
22219 00217
444 20110 22091 0957/ 50101 8//// 80087 9////=
ZZYY 55622 22091 0910/ 525097 117074 6112/
11119 30182 40182 57005
22219 00210
444 20120 22091 0956/ 50101 8//// 80066 9////=
ZZYY 32804 22091 1003/ 522905 130498 6111/
22219 00229
444 20110 22091 0815/ 50101 80048 80000 9/015=
ZZYY 56604 22091 0950/ 547603 106237 6111/
11119 39826 49826 57035
22219 00070
444 20110 22091 1003/ 50101 80110 80009 9/015=
ZZYY 43502 22091 0930/ 545088 158654 6112/
11119 40117 54000
22219 00094
444 20120 22091 0915/ 50101 80010 80000 9////=
ZZYY 33648 22091 0920/ 553213 133983 6111/
11119 40107 52002
22219 00065
444 20110 22091 0927/ 50101 80010 80000 9////=
ZZYY 32675 22091 0951/ 703545 138775 6112/
22219 00263
444 20120 22091 0945/ 50101 80120 80071 9/015=
ZZYY 54946 22091 0930/ 536023 152058 6113/
11119 38500 48500 54000
22219 00150
444 20130 22091 1001/ 50101 80110 80035 9/015=
ZZYY 51944 22091 0950/ 527174 156265 6112/
22219 00205
33311 88872 20000 32050 42048
444 20120 22091 0959/ 50101 80080 80002 9/015=
ZZYY 51945 22091 0950/ 534000 159184 6111/
22219 00165
33311 88872 20000 31650 42048
444 20110 22091 1001/ 50101 80060 80083 9/015=
ZZYY 55922 22091 1000/ 539656 158322 6111/
11119 39983 49983 57029
22219 00125
444 20110 22091 1003/ 50101 80110 80010 9/015=
ZZYY 54901 22091 0910/ 543145 153321 6113/
11119 30119 40119 57007
22219 00103
444 20130 22091 0855/ 50101 80080 80010 9/015=
ZZYY 51952 22091 0940/ 525907 149323 6112/
22219 00227
33311 88872 20000 32265 43584
444 20120 22091 0958/ 50101 80100 80013 9/015=
ZZYY 51653 22091 0948/ 718783 135959 6112/
22219 00251
444 20120 22091 0940/ 50101 80122 80025 9/015=
ZZYY 51953 22091 1000/ 528912 152756 6113/
22219 00196
33311 88872 20000 31955 42048
444 50101 80080 80097 9/015=
ZZYY 33886 22091 0950/ 350700 027587 6112/
11119 39948 49948
22219 00035
444 20120 22091 0828/ 50101 80090 80100 9/015=
ZZYY 51969 22091 0955/ 506189 135033 6113/
22219 00256
444 20130 22091 0945/ 50101 80120 80025 9/015=
ZZYY 55957 22091 1010/ 536770 108195 6111/
11119 49986 52007
22219 00127
444 20110 22091 1000/ 50101 80010 80000 9////=
ZZYY 55937 22091 0940/ 526586 127316 6112/
11119 30190 40190 57007
22219 00217
444 20120 22091 0956/ 50101 8//// 80000 9////=
ZZYY 55937 22091 0840/ 526594 127336 6112/
11119 30196 40196 52002
22219 00217
444 20120 22091 0812/ 50101 8//// 80000 9////=
ZZYY 54942 22091 1000/ 533087 161382 6111/
11119 30053 40053 57012
22219 00167
444 20110 22091 1002/ 50101 8//// 80100 9////=
ZZYY 55956 22091 0920/ 535647 124002 6112/
11119 40091 52008
22219 00146
444 20120 22091 0959/ 50101 80010 80000 9////=
ZZYY 55953 22091 0950/ 536684 099123 6111/
11119 40052 57005
22219 00136
444 20110 22091 0926/ 50101 80009 80000 9////=
ZZYY 55920 22091 0940/ 533872 135823 6112/
11119 30172 40172 52004
444 20120 22091 0959/ 50101 8//// 80100 9/015=
ZZYY 54948 22091 0940/ 529970 150356 6112/
11119 40100 57002
22219 00194
444 20120 22091 1000/ 50101 80010 80000 9////=
ZZYY 51795 22091 0959/ 506120 132615 6112/
22219 00249
444 20120 22091 0945/ 50101 80120 80033 9/015=
ZZYY 55596 22091 0910/ 541252 135671 6112/
11119 30115 40115 52007
22219 00119
444 20120 22091 0855/ 50101 80090 80000 9/015=
ZZYY 51967 22091 0954/ 706193 134047 6113/
22219 00271
444 20130 22091 0943/ 50101 80120 80043 9/015=
ZZYY 51518 22091 0956/ 501367 121740 6112/
22219 00234
444 20120 22091 0942/ 50101 80120 80026 9/015=
ZZYY 51679 22091 0956/ 704914 133865 6112/
22219 00267
444 20120 22091 0944/ 50101 80120 80036 9/015=
ZZYY 55638 22091 0940/ 539981 112870 6111/
11119 39919 49919 52020
22219 00109
444 20110 22091 0926/ 50101 80100 80024 9/015=
ZZYY 55632 22091 0940/ 538507 117606 6112/
444 20120 22091 1000/ 50101 80100 80000 9/015=
ZZYY 55632 22091 0840/ 538508 117622 6112/
444 20120 22091 0819/ 50101 80100 80000 9/015=
ZZYY 33573 22091 1010/ 350059 025496 6112/
11119 39873 49873 57039
22219 00011
444 20120 22091 0828/ 50101 80130 80002 9/015=
ZZYY 33573 22091 0910/ 350059 025496 6112/
11119 39881 49881 57046
22219 00011
444 20120 22091 0828/ 50101 80130 80002 9/015=
ZZYY 46769 22091 0948/ 721429 123441 6112/
22219 00241
444 20120 22091 0939/ 50101 80116 80099 9/015=
ZZYY 46609 22091 0951/ 722168 128740 6113/
22219 00225
444 20130 22091 0941/ 50101 80112 80155 9/015=
ZZYY 46559 22091 0953/ 712778 122521 6111/
22219 00281
444 20110 22091 0940/ 50101 80110 80013 9/015=
ZZYY 46583 22091 0953/ 716919 130737 6112/
22219 00255
444 20120 22091 0941/ 50101 80098 80029 9/015=
ZZYY 54935 22091 0900/ 541306 136289 6112/
11119 30120 40120 52005
22219 00108
444 20120 22091 0855/ 50101 80080 80000 9/015=
ZZYY 54935 22091 1000/ 541300 136285 6111/
11119 30121 40121 52005
22219 00109
444 20110 22091 1003/ 50101 80080 80000 9/015=
ZZYY 54909 22091 1000/ 541669 147914 6112/
11119 30128 40128 57008
22219 00113
444 20120 22091 1004/ 50101 80090 80005 9/015=
ZZYY 54909 22091 0900/ 541672 147908 6113/
11119 30132 40132 57005
22219 00113
444 20130 22091 0855/ 50101 80090 80003 9/015=
ZZYY 32676 22091 0850/ 501107 115492 6113/
11119 30121 40121 57018
22219 00219
444 20130 22091 0804/ 50101 80120 80058 9/015=
ZZYY 32730 22091 0900/ 509698 119055 6112/
22219 00245
444 20120 22091 0812/ 50101 80140 80004 9/015=
ZZYY 32871 22091 1004/ 525998 149899 6112/
22219 00227
444 20120 22091 0958/ 50101 80104 80027 9/015=
ZZYY 51513 22091 0953/ 708847 106876 6112/
22219 00274
444 20120 22091 0939/ 50101 80117 80023 9/015=
ZZYY 32564 22091 1003/ 533948 133327 6113/
22219 00145
444 20130 22091 0820/ 50101 80007 80098 9/015=
ZZYY 32695 22091 0959/ 523556 106035 6112/
22219 00205
444 20120 22091 0955/ 50101 80094 80055 9/015=
ZZYY 46762 22091 0950/ 720339 136278 6111/
22219 00232
444 20110 22091 0941/ 50101 80000 80023 9/015=
ZZYY 55614 22091 1000/ 538355 168958 6111/
11119 30000 40000 52017
22219 00138
444 20110 22091 1004/ 50101 80110 80000 9/015=
ZZYY 32670 22091 0956/ 705185 132067 6112/
22219 00272
444 20120 22091 0942/ 50101 80120 80031 9/015=
ZZYY 46768 22091 0947/ 718013 139842 6111/
22219 00244
444 20110 22091 0942/ 50101 80072 80041 9/015=
ZZYY 51900 22091 0952/ 702363 139551 6112/
22219 00260
444 20120 22091 0945/ 50101 80120 80017 9/015=
ZZYY 32650 22091 0954/ 508773 119669 6112/
22219 00247
444 20120 22091 0952/ 50101 80110 80044 9/015=
ZZYY 51966 22091 0956/ 704776 134783 6112/
22219 00268
444 20120 22091 0944/ 50101 80120 80006 9/015=
ZZYY 32684 22091 0957/ 518601 158564 6112/
444 20120 22091 0859/ 50101 80102 80018 9/015=
ZZYY 51754 22091 0955/ 704735 134575 6113/
22219 00273
444 20130 22091 0943/ 50101 80110 80043 9/015=
ZZYY 51801 22091 0957/ 506059 131942 6113/
22219 00250
444 20130 22091 0953/ 50101 80110 80031 9/015=
ZZYY 32648 22091 0954/ 508652 119756 6112/
22219 00245
444 20120 22091 0952/ 50101 80110 80051 9/015=
ZZYY 51808 22091 0958/ 507964 141108 6112/
22219 00265
444 20120 22091 0953/ 50101 80036 80255 9/015=
ZZYY 32803 22091 1002/ 524026 116489 6113/
22219 00220
444 20130 22091 0955/ 50101 80102 80000 9/015=
ZZYY 32682 22091 1002/ 521554 155353 6111/
22219 00253
444 20110 22091 0959/ 50101 80100 80013 9/015=
ZZYY 46904 22091 0948/ 719349 140171 6112/
22219 00245
444 20120 22091 0941/ 50101 80072 80110 9/015=
ZZYY 22635 22091 0949/ 722016 139865 6112/
444 20120 22091 0941/ 50101 80009 80099 9/015=
ZZYY 32674 22091 0955/ 703021 136851 6112/
22219 00266
444 20120 22091 0945/ 50101 80120 80099 9/015=
ZZYY 34538 22091 1004/ 530341 143017 6112/
22219 00190
444 20120 22091 0959/ 50101 80010 80005 9////=
ZZYY 33951 22091 1029/ 338955 087232 6112/
22219 00117
444 20120 22091 0959/ 50101 80072 80072 9/015=
ZZYY 32827 22091 1004/ 522923 139223 6112/
22219 00240
444 20120 22091 0957/ 50101 80102 80001 9/015=
ZZYY 54925 22091 1005/ 528905 133545 6112/
22219 00199
444 20120 22091 0958/ 50101 80104 80000 9/015=
ZZYY 32805 22091 1000/ 532861 101691 6112/
22219 00170
444 20120 22091 0925/ 50101 80104 80063 9/015=
ZZYY 46924 22091 0949/ 724329 127509 6113/
22219 00217
444 20130 22091 0939/ 50101 80100 80143 9/015=
ZZYY 32816 22091 1003/ 520027 130149 6111/
22219 00246
444 20110 22091 0956/ 50101 80102 80001 9/015=
ZZYY 46923 22091 0953/ 710605 129350 6112/
22219 00275
444 20120 22091 0941/ 50101 80106 80014 9/015=
ZZYY 54554 22091 0920/ 517072 133607 6113/
11119 30174 40174 57011
22219 00250
444 20130 22091 0956/ 50101 80120 80055 9/015=
ZZYY 54554 22091 0820/ 517060 133600 6112/
11119 30181 40181 52001
22219 00250
444 20120 22091 0723/ 50101 80120 80062 9/015=
ZZYY 32815 22091 0940/ 518107 116249 6113/
11119 30184 40184 57011
22219 00235
444 20130 22091 0954/ 50101 80120 80040 9/015=
ZZYY 32815 22091 0840/ 518103 116242 6112/
11119 30188 40188 57007
22219 00235
444 20120 22091 0813/ 50101 80120 80040 9/015=
ZZYY 32925 22091 0930/ 517541 119308 6113/
11119 30181 40181 57011
22219 00237
444 20130 22091 0955/ 50101 80120 80057 9/015=
ZZYY 32925 22091 0830/ 517545 119310 6113/
11119 30186 40186 57004
22219 00238
444 20130 22091 0814/ 50101 80120 80063 9/015=
ZZYY 51643 22091 0956/ 508504 152996 6111/
22219 00272
444 20110 22091 0954/ 50101 80117 80012 9/015=
ZZYY 71641 22091 0920/ 548818 145988 6111/
22219 00083
444 20110 22091 0854/ 50101 8//// 80058 9////=
ZZYY 33518 22091 0910/ 537574 135299 6111/
11119 30142 40142 52006
22219 00130
444 20110 22091 0856/ 50101 8//// 80100 9/015=
ZZYY 32910 22091 0956/ 706006 134167 6113/
22219 00265
444 20130 22091 0945/ 50101 80122 80048 9/015=
ZZYY 51530 22091 0953/ 505564 123677 6113/
22219 00248
444 20130 22091 0945/ 50101 80120 80099 9/015=
ZZYY 51659 22091 0957/ 502338 121597 6113/
22219 00232
444 20130 22091 0945/ 50101 80120 80099 9/015=
ZZYY 32558 22091 1003/ 520277 153718 6112/
22219 00261
444 20120 22091 0958/ 50101 80108 80099 9/015=
ZZYY 55952 22091 0930/ 538688 115964 6112/
444 20120 22091 1000/ 50101 80090 80011 9/015=
ZZYY 55952 22091 0830/ 538692 116008 6112/
444 20120 22091 0813/ 50101 80090 80015 9/015=
ZZYY 55927 22091 0940/ 540201 106853 6112/
11119 39885 49885 52024
22219 00115
444 20120 22091 0927/ 50101 80100 80021 9/015=
ZZYY 55951 22091 0930/ 538232 133404 6112/
11119 30125 40125 52006
22219 00129
444 20120 22091 1000/ 50101 80100 80005 9/015=
ZZYY 55946 22091 0940/ 356292 027140 6112/
11119 39901 49901 52001
22219 00007
444 20120 22091 1029/ 50101 80100 80005 9/015=
ZZYY 33692 22091 1028/ 341300 091056 6111/
22219 00108
444 20110 22091 1025/ 50101 80074 80068 9/015=
ZZYY 55591 22091 0900/ 538573 124628 6112/
22219 00136
444 20120 22091 0819/ 50101 80010 80000 9////=
ZZYY 55591 22091 1000/ 538563 124617 6113/
22219 00135
444 50101 80010 80000 9////=
ZZYY 55570 22091 1000/ 538417 116539 6112/
22219 00132
444 50101 80010 80002 9////=
ZZYY 32616 22091 1004/ 522648 140486 6112/
22219 00242
444 20120 22091 0957/ 50101 80100 80018 9/015=
ZZYY 32640 22091 0957/ 520654 124610 6112/
22219 00238
444 20120 22091 0955/ 50101 80098 80016 9/015=
ZZYY 32642 22091 1005/ 526384 132463 6111/
22219 00227
444 20110 22091 0958/ 50101 80104 80000 9/015=
ZZYY 32627 22091 1003/ 525662 119515 6112/
444 20120 22091 0956/ 50101 80094 80043 9/015=
ZZYY 51670 22091 0952/ 710170 106436 6113/
444 20130 22091 0940/ 50101 80109 80004 9/015=
ZZYY 51613 22091 0953/ 709442 141324 6111/
444 20110 22091 0944/ 50101 80115 80076 9/015=
ZZYY 32546 22091 1004/ 523908 135559 6112/
22219 00226
444 20120 22091 0957/ 50101 80050 80001 9/015=
ZZYY 34545 22091 0910/ 548449 143225 6113/
11119 40162 57009
22219 00083
444 20130 22091 0854/ 50101 80010 80010 9////=
ZZYY 46914 22091 0947/ 719302 121794 6112/
22219 00243
444 20120 22091 0001/ 50101 80102 80000 9/015=
ZZYY 32615 22091 0954/ 709034 143639 6112/
22219 00276
444 20120 22091 0945/ 50101 80005 80016 9/015=
ZZYY 33587 22091 1000/ 551457 124275 6112/
22219 00065
444 20120 22091 1004/ 50101 80009 80000 9////=
ZZYY 32624 22091 0954/ 511266 100884 6112/
22219 00222
444 20120 22091 0951/ 50101 80116 80180 9/015=
ZZYY 16591 22091 0930/ 524710 104121 6112/
11119 30186 40186 57012
22219 00206
444 20120 22091 0955/ 50101 8//// 80100 9////=
ZZYY 34542 22091 0920/ 520528 102555 6111/
11119 30239 40239
22219 00208
444 20110 22091 0810/ 50101 80130 80002 9/015=
ZZYY 33628 22091 0900/ 547937 137506 6112/
22219 00079
444 20120 22091 0849/ 50101 80010 80005 9////=
ZZYY 33628 22091 1000/ 547931 137506 6111/
22219 00079
444 20110 22091 1004/ 50101 80010 80006 9////=
ZZYY 33665 22091 0950/ 548108 155079 6113/
11119 40185 54000
22219 00090
444 20130 22091 1005/ 50101 80010 80008 9////=
ZZYY 32711 22091 1002/ 515799 126541 6112/
22219 00243
444 20120 22091 0954/ 50101 80520 80099 9/015=
ZZYY 16604 22091 1020/ 356352 034964 6112/
22219 01006
444 20120 22091 1030/ 50101 80009 80000 9////=
ZZYY 55802 22091 0930/ 528691 109019 6111/
11119 30146 40146 57001
22219 00197
444 20110 22091 0956/ 50101 8//// 80100 9////=
ZZYY 43556 22091 0948/ 720176 129090 6113/
22219 00227
444 20130 22091 0939/ 50101 80078 80024 9/015=
####018006783####
SSVX08 KARS 221131
ZZYY 51011 21091 1200/ 500157 124390 6112/
33311 88872 20001 32275 43481 20020 32196 20040 31910 20060 31739
20080 31602 20100 31533 20120 31468 20140 31445 20180 31346
20300 31177 20500 30843
444 20120 21091 1115/ 521//=
ZZYY 51011 22091 09004 500156 124383 6111/
11119 01414 10231 29089
22219 00227
444 20110 22091 0422/ 521// 60401=
ZZYY 51015 21091 1200/ 705088 124944 6111/
33311 88872 20001 32688 43480 20020 32685 20040 32684 20060 32679
20080 32586 20100 32476 20120 32240 20140 31721 20180 31173
20300 30963 20500 30799
444 20110 21091 1113/ 521//=
ZZYY 51015 22091 09004 705086 124948 6111/
11119 01816 10260 29081
22219 00269
444 20110 22091 0948/ 521// 60401=
ZZYY 32318 21091 1200/ 504980 110007 6111/
33311 88872 20001 32410 43524 20040 32406 20060 32381 20080 31680
20100 31451 20120 31383 20140 31336 20180 31292 20300 31158
20500 30854
444 20110 21091 1001/ 521//=
ZZYY 32318 22091 09004 504981 110000 6111/
11119 01316 10231 29080
22219 00237
444 20110 22091 0809/ 521// 60401=
ZZYY 51311 21091 12004 700007 139926 6112/
11119 00912 10239 29089 40097
22219 00238
33311 88872 20000 32376 20001 32386 43514 20020 32295 43492
20040 32116 20060 31962 20080 31870 20100 31761 20120 31713
20140 31674 20180 31514 20300 31233
444 20120 21091 1142/ 521// 60401=
ZZYY 51311 22091 09004 700004 139930 6112/
11119 01115 10246 29083 40123
22219 00246
444 20120 22091 0951/ 521// 60401=
ZZYY 51016 21091 1200/ 701950 125053 6112/
33311 88870 20001 32681 20020 32683 20040 32633 20060 32291
20080 31936 20100 31554 20120 31460 20140 31369 20300 31175
20500 30881
444 20120 21091 1114/ 521//=
ZZYY 51016 22091 09004 701960 125069 6111/
11119 01317 10237 29082
22219 00258
444 20110 22091 0949/ 521// 60401=
ZZYY 32316 21091 1200/ 702051 110046 6111/
33311 88872 20001 32252 43447 20040 32152 20060 31682 20080 31483
20100 31394 20120 31353 20140 31337 20180 31318 20300 31133
20500 30825
444 20110 21091 1357/ 521//=
ZZYY 32316 22091 09004 702042 110048 6112/
11119 01215 10210 29084
22219 00224
444 20120 22091 0949/ 521// 60401=
ZZYY 43001 21091 1200/ 708055 110126 6112/
33311 88872 20001 32743 43313 20020 32744 20040 32737 20060 32401
20080 31724 20100 31437 20120 31283 20140 31231 20180 31170
20300 31035 20500 30878
444 20120 21091 0956/ 521//=
ZZYY 43001 22091 09004 708047 110125 6112/
11119 02016 10260 29081
22219 00273
444 20120 22091 0946/ 521// 60401=
ZZYY 32319 21091 1200/ 507989 110076 6111/
33311 88872 20001 32385 43517 20020 32383 20040 32381 20060 32379
20080 32328 20100 31897 20120 31547 20140 31430 20180 31332
20300 31145 20500 30849
444 20110 21091 1001/ 521//=
ZZYY 32319 22091 09004 507990 110077 6111/
11119 01213 10237 29075
22219 00241
444 20110 22091 0810/ 521// 60401=
ZZYY 51008 21091 12004 702015 140019 6113/
11119 01213 10248 29078
33311 88870 20040 32617 20060 32537 20080 32430 20100 32373
20120 32023 20140 31509 20180 31338 20300 31152 20500 30905
444 20130 21091 1141/ 521// 60401=
ZZYY 51008 22091 09004 702019 140015 6112/
11119 01315 10252 29079
444 20120 22091 0950/ 521// 60401=
ZZYY 43301 21091 12004 707985 094895 6111/
11119 02014 10269 29083
22219 00277
33311 88872 20000 32769 20001 32772 43298 20020 32632 20040 31659
20060 31405 20080 31335 20100 31304 20120 31291 20140 31271
20180 31222 20300 31086 20500 30803
444 20110 21091 1354/ 521// 60401=
ZZYY 32317 21091 1200/ 501932 110405 6111/
33311 88872 20001 32227 43478 20020 32187 20040 32048 20060 31987
20080 31638 20100 31372 20120 31333 20140 31316 20180 31284
20300 31175 20500 30865
444 20110 21091 1000/ 521//=
ZZYY 32317 22091 0900/ 501861 110552 6111/
11119 10221 29091
22219 00223
444 20110 22091 0950/ 521//=
ZZYY 51006 21091 12004 709008 140233 6112/
11119 00416 10251 29092
22219 00277
33311 88872 20000 32768 20001 32773 43393 20020 32784 20040 32699
20060 32246 20080 31586 20100 31269 20120 31226 20140 31164
20180 31099 20300 31000 20500 30822
444 20120 21091 1137/ 521// 60401=
ZZYY 51006 22091 09004 709012 140230 6112/
11119 02115 10252 29095
22219 00276
444 20120 22091 0948/ 521// 60401=
ZZYY 51307 21091 1200/ 708024 125004 6111/
33311 88872 20001 32765 43385 20020 32736 20040 32746 20060 32502
20080 31619 20100 31337 20120 31255 20140 31204 20180 31128
20300 31010 20500 30820
444 20110 21091 1138/ 521//=
ZZYY 51307 22091 0900/ 708020 124998 6111/
11119 10268 29084
22219 00276
444 20110 22091 0947/ 521//=
ZZYY 14046 21091 1200/ 316002 054996 6111/
33311 88872 20020 32457 43535 20040 32455 43555 20060 32455 43531
20080 32454 20100 32372 20120 32234 20140 32096 20180 31857
20500 30941
444 20110 21091 1201/ 521//=
ZZYY 14046 22091 10004 316002 054990 6112/
11119 01115 10244 29078 40169
444 20120 22091 1008/ 521// 60401=
ZZYY 32323 21091 1200/ 700048 109918 6112/
33311 88872 20001 32127 43474 20020 31909 43485 20040 31724 43490
20060 31609 43498 20080 31527 20100 31455 20120 31430 20140 31383
20180 31286 20300 31145 20500 30798
444 20120 21091 1357/ 521//=
ZZYY 32323 22091 09004 700045 109918 6112/
11119 01111 10200 29095 40125
22219 00203
444 20120 22091 0949/ 521// 60401=
ZZYY 51017 21091 1200/ 502015 124902 6112/
33311 88872 20001 32336 43475 20020 32312 20040 32282 20080 31976
20100 31469 20120 31364 20140 31327 20180 31287 20300 31188
20500 30826
444 20120 21091 1115/ 521//=
ZZYY 51017 22091 09004 502016 124898 6111/
11119 01312 10238 29070
22219 00234
444 20110 22091 0434/ 521// 60401=
ZZYY 14041 21091 12004 307940 055085 6112/
11119 01315 10257 29090
22219 00272
33311 88872 20000 32719 20001 32708 43544 20020 32701 43531
20040 32690 43539
444 20120 21091 1201/ 521// 60401=
ZZYY 32315 21091 1200/ 705004 110057 6111/
33311 88872 20001 32688 43401 20020 32689 20040 32690 20060 32690
20080 32678 20100 32011 20120 31581 20140 31321 20180 31143
20300 31034 20500 30804
444 20110 21091 1357/ 521//=
ZZYY 32315 22091 09004 705009 110066 6112/
11119 01513 10247 29074
22219 00267
444 20120 22091 0948/ 521// 60401=
ZZYY 51308 21091 1200/ 507973 124992 6112/
33311 88872 20001 32576 43552 20020 32573 20040 32572 20060 32570
20080 32570 20100 32358 20120 32210 20140 32107 20180 31558
20300 31085 20500 30833
444 20120 21091 1117/ 521//=
ZZYY 51308 22091 09004 507985 124999 6111/
11119 01413 10250 29074
22219 00257
444 20110 22091 0811/ 521// 60401=
ZZYY 51009 21091 12004 502035 140018 6112/
11119 00912 10249 29086
444 20120 21091 1143/ 521// 60401=
ZZYY 51009 22091 09004 502027 140019 6111/
11119 01315 10253 29081
444 20110 22091 0950/ 521// 60401=
