####018000143####
SSVX02 CWAO 220700
ZZYY 56513 22091 0700/ 312490 070257 6113/ 11119 40158 57011 22219 00256 444 20130 22091 0700/ 50501 80108 80003 9/010=
####018000143####
SSVX02 CWAO 220700
ZZYY 23566 22091 0700/ 100213 074326 6113/ 11119 40108 57019 22219 00295 444 20130 22091 0700/ 50501 80132 80003 9/010=
####018000143####
SSVX02 CWAO 220700
ZZYY 56515 22091 0700/ 331639 089289 6113/ 11119 40286 57011 22219 00171 444 20130 22091 0700/ 50501 80138 80013 9/010=
####018000138####
SSVX02 CWAO 220700
ZZYY 56503 22091 0700/ 314693 095718 6113/ 11119 40161 57020 22219 00261 444 20130 22091 0700/ 50400 80108 80003 =
####018005151####
SSVX02 KARS 220714
ZZYY 33567 22091 0640/ 343195 111483 6111/
11119 30109 40109 57016
22219 00102
444 20110 22091 0632/ 50101 80100 80003 9/015=
ZZYY 16555 22091 0600/ 333727 078283 6112/
22219 00156
444 20120 22091 0506/ 50101 80110 80000 9/015=
ZZYY 16575 22091 0640/ 338863 077903 6112/
11119 30186 40186 52007
22219 00125
444 20120 22091 0508/ 50101 80110 80000 9/015=
ZZYY 33536 22091 0640/ 350825 164299 6111/
11119 40095 52018
22219 00081
444 20110 22091 0629/ 50101 80009 80000 9////=
ZZYY 33906 22091 0650/ 350616 068782 6112/
22219 00019
444 20120 22091 0509/ 50101 80100 80094 9/015=
ZZYY 16577 22091 0640/ 340223 076510 6112/
11119 30145 40145
22219 00124
444 20120 22091 0509/ 50101 80100 80100 9/015=
ZZYY 17656 22091 0700/ 333097 081038 6112/
11119 30274 40274 57015
22219 00151
444 20120 22091 0506/ 50101 80110 80000 9/015=
ZZYY 17656 22091 0600/ 333097 081038 6112/
11119 30276 40276 57009
22219 00150
444 20120 22091 0506/ 50101 80110 80000 9/015=
ZZYY 17902 22091 0640/ 344811 077200 6112/
22219 00107
444 20120 22091 0509/ 50101 80110 80100 9/015=
ZZYY 17522 22091 0650/ 339658 098461 6112/
11119 30195 40195
444 20120 22091 0327/ 50101 80090 80100 9/015=
ZZYY 56908 22091 0700/ 356885 138173 6112/
11119 39879 49879 57006
22219 00018
444 50101 80110 80017 9/015=
ZZYY 14929 22091 0650/ 335989 082056 6111/
11119 30231 40231
22219 00131
444 20110 22091 0506/ 50101 80100 80100 9/015=
ZZYY 71627 22091 0630/ 353749 175485 6111/
22219 00051
444 20110 22091 0625/ 50101 80110 80003 9/015=
ZZYY 33632 22091 0700/ 341913 136660 6111/
22219 00105
444 50101 80010 80000 9////=
ZZYY 33559 22091 0650/ 358964 135336 6112/
11119 39897 49897
22219 00003
444 20120 22091 0658/ 50101 80090 80100 9/015=
ZZYY 33651 22091 0640/ 345165 078768 6112/
22219 00046
444 20120 22091 0509/ 50101 80100 80000 9/015=
ZZYY 33651 22091 0540/ 345165 078768 6112/
22219 00046
444 20120 22091 0509/ 50101 80100 80000 9/015=
ZZYY 33663 22091 0640/ 347198 144904 6112/
11119 49950 57041
22219 00090
444 20120 22091 0631/ 50101 80010 80004 9////=
ZZYY 56909 22091 0700/ 359167 132207 6112/
11119 39918 49918 52005
22219 00006
444 50101 80110 80015 9/015=
ZZYY 16960 22091 0630/ 354013 163288 6113/
22219 00076
444 50101 80100 80000 9/015=
ZZYY 17517 22091 0550/ 333994 080945 6113/
11119 30271 40271 57005
22219 00146
444 20130 22091 0506/ 50101 80110 80000 9/015=
ZZYY 16956 22091 0630/ 346461 132967 6112/
11119 39973 49973 52025
22219 00090
444 20120 22091 0632/ 50101 80110 80003 9/015=
ZZYY 14915 22091 0340/ 328962 094813 6112/
11119 30304 40304 52025
22219 00171
444 20120 22091 0324/ 50101 80080 80003 9/015=
ZZYY 55595 22091 0640/ 341319 091738 6111/
11119 40173 57025
22219 00107
444 20110 22091 0701/ 50101 80009 80002 9////=
ZZYY 55595 22091 0440/ 341271 091687 6113/
11119 40193 57021
22219 00107
444 20130 22091 0325/ 50101 80009 80000 9////=
ZZYY 16513 22091 0700/ 336371 099445 6111/
11119 30228 40228 52002
22219 00143
444 20110 22091 0701/ 50101 8//// 80000 9////=
ZZYY 33568 22091 0630/ 344039 075962 6113/
22219 00105
444 20130 22091 0509/ 50101 80090 80100 9/015=
ZZYY 33695 22091 0703/ 339701 131097 6111/
22219 00128
444 20110 22091 0632/ 50101 80072 80000 9/015=
ZZYY 16573 22091 0640/ 338527 140716 6113/
11119 30036 40036 57010
22219 00139
444 20130 22091 0632/ 50101 80100 80000 9/015=
ZZYY 33951 22091 0703/ 338977 087197 6111/
22219 00117
444 20110 22091 0508/ 50101 80072 80068 9/015=
ZZYY 16594 22091 0640/ 340905 136820 6112/
11119 39970 49970 57026
22219 00121
444 20120 22091 0632/ 50101 80090 80000 9/015=
ZZYY 17652 22091 0650/ 347872 141679 6111/
11119 39937 49937 57015
22219 00099
444 20110 22091 0659/ 50101 80100 80062 9////=
ZZYY 17669 22091 0650/ 342345 121677 6112/
11119 30181 40181 52017
22219 00108
444 20120 22091 0700/ 50101 80080 80073 9/015=
ZZYY 33690 22091 0703/ 342384 099628 6111/
22219 00108
444 20110 22091 0701/ 50101 80074 80090 9/015=
ZZYY 33692 22091 0703/ 341292 091064 6111/
22219 00109
444 20110 22091 0701/ 50101 80074 80068 9/015=
ZZYY 33569 22091 0650/ 337052 085533 6111/
11119 30216 40216 57011
22219 00125
444 20110 22091 0507/ 50101 80110 80009 9/015=
ZZYY 55615 22091 0520/ 337951 089199 6113/
11119 30206 40206 57018
22219 00119
444 20130 22091 0324/ 50101 8//// 80100 9////=
ZZYY 23678 22091 0704/ 340029 089170 6113/
22219 00111
444 20130 22091 0325/ 50101 80049 80097 9////=
ZZYY 33881 22091 0630/ 348509 085275 6111/
11119 39985 49985 52006
22219 00062
444 20110 22091 0700/ 50101 80110 80087 9/015=
ZZYY 33881 22091 0530/ 348530 085261 6111/
11119 39984 49984 52013
22219 00060
444 20110 22091 0510/ 50101 80110 80096 9/015=
ZZYY 33880 22091 0630/ 345798 085932 6111/
11119 30040 40040 57004
22219 00081
444 20110 22091 0700/ 50101 80110 80054 9/015=
ZZYY 33880 22091 0530/ 345791 085899 6113/
11119 30042 40042 57003
22219 00081
444 20130 22091 0509/ 50101 80110 80077 9/015=
####018000146####
SSVX02 CWAO 220700
ZZYY 56515 22091 0700/ 331639 089289 6113/ 11119 40286 57011 22219 00171 444 20130 22091 0700/ 50501 80138 80013 9/010=

####018000146####
SSVX02 CWAO 220700
ZZYY 23566 22091 0700/ 100213 074326 6113/ 11119 40108 57019 22219 00295 444 20130 22091 0700/ 50501 80132 80003 9/010=

####018000146####
SSVX02 CWAO 220700
ZZYY 56513 22091 0700/ 312490 070257 6113/ 11119 40158 57011 22219 00256 444 20130 22091 0700/ 50501 80108 80003 9/010=

####018000141####
SSVX02 CWAO 220700
ZZYY 56503 22091 0700/ 314693 095718 6113/ 11119 40161 57020 22219 00261 444 20130 22091 0700/ 50400 80108 80003 =

####018000146####
SSVX13 LFPW 220700
ZZYY 16531 22091 0700/ 341537 066641 6113/ 11119 40158 54000 22219
 00080 444 20130 22091 0700/ 50101 80144 80008 9/015=
####018000146####
SSVX13 LFPW 220700
ZZYY 23583 22091 0700/ 318792 069138 6113/ 11119 40212 57004 22219
 00234 444 20130 22091 0700/ 50101 80120 80005 9/015=
####018000146####
SSVX13 LFPW 220700
ZZYY 16542 22091 0700/ 344304 105997 6113/ 11119 40114 52009 22219
 00106 444 20130 22091 0700/ 50101 80136 80010 9/015=
####018000146####
SSVX13 LFPW 220700
ZZYY 16534 22091 0700/ 349665 060934 6113/ 11119 49908 52029 22219
 00037 444 20130 22091 0700/ 50101 80144 80005 9/015=
####018000146####
SSVX13 LFPW 220700
ZZYY 16535 22091 0700/ 347681 082260 6113/ 11119 40008 57001 22219
 00048 444 20130 22091 0700/ 50101 80138 80021 9/015=
####018000146####
SSVX13 LFPW 220700
ZZYY 25617 22091 0700/ 182555 111527 6113/ 11119 40166 54000 22219
 01050 444 20130 22091 0700/ 50101 80152 80002 9/015=
####018000146####
SSVX13 LFPW 220700
ZZYY 16548 22091 0700/ 348531 067599 6113/ 11119 49919 57034 22219
 00030 444 20130 22091 0700/ 50101 80144 80015 9/015=
####018000146####
SSVX13 LFPW 220700
ZZYY 16533 22091 0700/ 347118 061231 6113/ 11119 40004 52020 22219
 00046 444 20130 22091 0700/ 50101 80144 80031 9/015=
####018000146####
SSVX13 LFPW 220700
ZZYY 16543 22091 0700/ 337828 094618 6113/ 11119 40220 57010 22219
 00125 444 20130 22091 0700/ 50101 80132 80005 9/015=
####018000149####
SSVX02 LFVW 220715
ZZYY 56957 22091 0703/ 329326 091172 6112/
22219 00181
33311 88872 20000 31808 43494
444 2012/ 21091 1016/ 50101 9/015=
####018000146####
SSVX13 LFPW 220700
ZZYY 16532 22091 0700/ 346420 059485 6113/ 11119 40048 52019 22219
 00083 444 20130 22091 0500/ 50101 80144 80019 9/015=
####018000146####
SSVX13 LFPW 220700
ZZYY 23584 22091 0700/ 306252 077790 6113/ 11119 40111 57027 22219
 00288 444 20130 22091 0700/ 50101 80106 80003 9/015=
####018000146####
SSVX13 LFPW 220700
ZZYY 14534 22091 0700/ 304769 044275 6113/ 11119 40154 52017 22219
 00267 444 20130 22091 0700/ 50101 80108 80003 9/015=
####018000146####
SSVX13 LFPW 220700
ZZYY 16537 22091 0700/ 339989 101311 6113/ 11119 40183 57003 22219
 00121 444 20130 22091 0700/ 50101 80134 80006 9/015=
####018000146####
SSVX13 LFPW 220700
ZZYY 16545 22091 0700/ 349359 089786 6113/ 11119 49955 52008 22219
 00067 444 20130 22091 0700/ 50101 80136 80006 9/015=
####018000146####
SSVX13 LFPW 220700
ZZYY 16546 22091 0700/ 345164 106290 6113/ 11119 40097 52010 22219
 00104 444 20130 22091 0700/ 50101 80136 80008 9/015=
####018000146####
SSVX13 LFPW 220700
ZZYY 16541 22091 0700/ 340334 105545 6113/ 11119 40042 52005 22219
 00113 444 20130 22091 0700/ 50101 80132 80006 9/015=
####018000146####
SSVX13 LFPW 220700
ZZYY 16549 22091 0700/ 345450 080925 6113/ 11119 40056 57003 22219
 00052 444 20130 22091 0700/ 50101 80146 80015 9/015=
####018000146####
SSVX13 LFPW 220700
ZZYY 48602 22091 0700/ 785069 129103 6113/ 11119 40081 52012 22219
 01050 444 20130 22091 0700/ 50101 80146 80000 9/015=
####018000146####
SSVX13 LFPW 220700
ZZYY 14535 22091 0700/ 314903 056901 6113/ 11119 40189 52001 22219
 00254 444 20130 22091 0700/ 50101 80104 80008 9/015=
####018000146####
SSVX13 LFPW 220700
ZZYY 16544 22091 0700/ 348150 107499 6113/ 11119 40040 52026 22219
 00060 444 20130 22091 0700/ 50101 80130 80010 9/015=
####018001491####
SSVX02 KARS 220716
ZZYY 63579 22091 0624/ 169032 046928 6111/
22219 00085
444 20110 22091 0629/ 50101 80005 80005 9////=
ZZYY 63579 22091 0618/ 169020 046925 6112/
22219 00085
444 20120 22091 0614/ 50101 80005 80005 9////=
ZZYY 63964 22091 0622/ 173802 023053 6113/
444 20130 22091 0614/ 50101 80009 80013 9/015=
ZZYY 63964 22091 0619/ 173802 023053 6113/
444 20130 22091 0614/ 50101 80009 80013 9/015=
ZZYY 63948 22091 0622/ 175392 035548 6113/
22219 00056
444 20130 22091 0614/ 50101 80008 80007 9/015=
ZZYY 63948 22091 0619/ 175392 035545 6112/
22219 00056
444 20120 22091 0614/ 50101 80008 80007 9/015=
ZZYY 63966 22091 0622/ 171474 015161 6112/
22219 00103
444 20120 22091 0615/ 50101 80009 80007 9/015=
ZZYY 63966 22091 0619/ 171473 015164 6111/
22219 00103
444 20110 22091 0615/ 50101 80009 80007 9/015=
ZZYY 63577 22091 0622/ 175084 067565 6112/
22219 00061
444 20120 22091 0627/ 50101 80009 80006 9/015=
ZZYY 63577 22091 0619/ 175080 067583 6113/
444 20130 22091 0613/ 50101 80009 80006 9/015=
ZZYY 63583 22091 0623/ 172548 046746 6111/
22219 00081
444 20110 22091 0629/ 50101 80007 80008 9/015=
ZZYY 63583 22091 0619/ 172544 046761 6113/
22219 00081
444 20130 22091 0614/ 50101 80007 80008 9/015=
ZZYY 63951 22091 0619/ 765678 001343 6112/
22219 00106
444 20120 22091 0604/ 50101 80008 80009 9/015=
ZZYY 63584 22091 0619/ 777819 002185 6111/
22219 00043
444 20110 22091 0613/ 50101 80007 80009 9/015=
