####018000117####
SSVX07 LFVW 221344
ZZYY 48548 22091 1200/ 774289 128485 6111/
11119 11003 39886 49886
444 20110 22091 1212/=
####018000533####
SSVX02 LFVW 221344
ZZYY 41725 22091 1334/ 732386 054408 6111/
22219 00288
33311 88872 20000 32879 43685
444 2011/ 22091 1134/ 50101 9/015=
ZZYY 33707 22091 1300/ 534049 008021 6111/
11119 40267 57006
22219 00151
444 20110 22091 1329/ 50101 8//// 80054 9/015=
ZZYY 33707 22091 1200/ 534049 008021 6111/
11119 40269 57003
22219 00150
444 20110 22091 1329/ 50101 8//// 80052 9/015=
ZZYY 33707 22091 1100/ 534069 008035 6113/
11119 40274 52004
22219 00149
444 20130 22091 1009/ 50101 8//// 80052 9/015=
####018001465####
SSVX08 KARS 221344
ZZYY 43001 21091 1200/ 708055 110126 6112/
33311 88872 20001 32743 43313 20020 32744 20040 32737 20060 32401
20080 31724 20100 31437 20120 31283 20140 31231 20180 31170
20300 31035 20500 30878
444 20120 21091 0956/ 521//=
ZZYY 43301 21091 12004 707985 094895 6111/
11119 02014 10269 29083
22219 00277
33311 88872 20000 32769 20001 32772 43298 20020 32632 20040 31659
20060 31405 20080 31335 20100 31304 20120 31291 20140 31271
20180 31222 20300 31086 20500 30803
444 20110 21091 1354/ 521// 60401=
ZZYY 32321 21091 12004 700216 095433 6112/
11119 01410 10200 29083
22219 00209
33311 88872 20000 32085 20001 32104 43458
444 20120 21091 1356/ 521// 60401=
ZZYY 32304 21091 12004 505096 095074 6111/
11119 01212 10217 29079
22219 00220
33311 88872 20000 32199 20001 32206 43513 20020 32202 20040 32196
20060 31965 20080 31523 20100 31441 20120 31397 20140 31361
20180 31315 20300 31201 20500 30822
444 20110 21091 1238/ 521// 60401=
ZZYY 32303 21091 12004 704944 094997 6111/
11119 02106 10250 29071
22219 00271
33311 88872 20000 32715 20001 32733 43304 20040 32531 20060 32091
20080 31826 20100 31567 20120 31434 20140 31397 20180 31338
20300 31149
444 20110 21091 1355/ 521// 60401=
ZZYY 32320 21091 1200/ 702114 095415 6112/
33311 88870 20040 32166 20060 31734 20080 31545 20100 31458
20120 31400 20140 31376 20180 31328 20300 31088 20500 30798
444 20120 21091 1356/ 521//=
####018006575####
SSVX02 KARS 221344
ZZYY 41558 22091 1330/ 729484 053423 6112/
444 20120 22091 1200/ 50101 9////=
ZZYY 41719 22091 1310/ 733412 055010 6112/
11119 40272 52007
22219 00285
444 20120 22091 1332/ 50101 80009 80000 9////=
ZZYY 41961 22091 1310/ 728182 069728 6111/
11119 30214 40214 52015
22219 00280
444 20110 22091 1329/ 50101 80138 80004 9/015=
ZZYY 41961 22091 1210/ 728172 069704 6111/
11119 30210 40210 52016
22219 00280
444 20110 22091 1149/ 50101 80138 80004 9/015=
ZZYY 41987 22091 1220/ 728175 075320 6111/
11119 30191 40191 52014
444 20110 22091 1201/ 50101 80130 80010 9/015=
ZZYY 41987 22091 1120/ 728191 075271 6111/
11119 30185 40185 52010
444 20110 22091 1150/ 50101 80130 80009 9/015=
ZZYY 41967 22091 1210/ 726587 074620 6111/
11119 30186 40186 52015
22219 00285
444 20110 22091 1151/ 50101 80138 80003 9/015=
ZZYY 13616 22091 1340/ 720752 063334 6111/
22219 00285
444 20110 22091 1332/ 50101 80052 80099 9/015=
ZZYY 41956 22091 1340/ 730688 064263 6113/
22219 00280
444 20130 22091 1329/ 50101 8//// 80005 9/015=
ZZYY 13636 22091 1339/ 723665 063507 6112/
22219 00284
444 20120 22091 1334/ 50101 80105 80010 9/015=
ZZYY 31527 22091 1339/ 732846 075163 6113/
22219 00273
444 20130 22091 1329/ 50101 8//// 80000 9////=
ZZYY 31527 22091 1341/ 732846 075163 6113/
22219 00273
444 20130 22091 1329/ 50101 8//// 80000 9////=
ZZYY 41916 22091 1210/ 728391 076753 6113/
11119 30193 40193 52016
22219 00282
444 20130 22091 1150/ 50101 80120 80063 9/015=
ZZYY 41686 22091 1339/ 719422 068034 6112/
22219 00288
444 20120 22091 1334/ 50101 80108 80000 9/015=
ZZYY 41855 22091 1310/ 729726 067109 6112/
11119 30239 40239 52014
22219 00264
444 20120 22091 1332/ 50101 80110 80000 9/015=
ZZYY 44553 22091 1339/ 729731 059878 6112/
22219 00282
444 20120 22091 1329/ 50101 80095 80011 9/015=
ZZYY 41570 22091 1339/ 726765 075058 6111/
22219 00284
444 20110 22091 1329/ 50101 80140 80001 9/015=
ZZYY 41563 22091 1335/ 731590 071694 6111/
22219 00272
444 20110 22091 1329/ 50101 80110 9/015=
ZZYY 41563 22091 1336/ 731590 071694 6111/
22219 00272
444 20110 22091 1329/ 50101 80110 9/015=
ZZYY 41955 22091 1340/ 729599 077615 6111/
11119 30196 40196
22219 00289
444 20110 22091 1329/ 50101 80110 80100 9/015=
ZZYY 41924 22091 1310/ 733022 073620 6113/
11119 30223 40223 52011
22219 00273
444 20130 22091 1329/ 50101 80120 80025 9/015=
ZZYY 41979 22091 1310/ 729924 060323 6112/
11119 30259 40259 52011
22219 00282
444 20120 22091 1329/ 50101 80110 80045 9/015=
ZZYY 31781 22091 1336/ 721082 068884 6113/
22219 00285
444 20130 22091 1151/ 50101 80120 9/015=
ZZYY 41943 22091 1337/ 732457 065256 6112/
22219 00274
444 20120 22091 1329/ 50101 80144 80002 9/015=
ZZYY 41943 22091 1340/ 732457 065256 6112/
22219 00274
444 20120 22091 1329/ 50101 80144 80002 9/015=
ZZYY 51620 22091 1339/ 707552 096745 6111/
22219 00276
444 20110 22091 0944/ 50101 80115 80006 9/015=
ZZYY 41609 22091 1338/ 732021 066651 6111/
22219 00275
444 20110 22091 1330/ 50101 80144 80002 9/015=
ZZYY 41609 22091 1341/ 732021 066651 6111/
22219 00275
444 20110 22091 1330/ 50101 80144 80002 9/015=
ZZYY 41578 22091 1337/ 729827 058798 6113/
22219 00282
444 20130 22091 1329/ 50101 80144 80014 9/015=
ZZYY 41974 22091 1337/ 727243 066579 6111/
22219 00282
444 20110 22091 1331/ 50101 80144 80006 9/015=
ZZYY 41974 22091 1340/ 727243 066579 6111/
22219 00282
444 20110 22091 1331/ 50101 80144 80006 9/015=
ZZYY 42513 22091 1339/ 728142 085725 6111/
22219 00288
444 20110 22091 1329/ 50101 80094 80001 9/015=
ZZYY 41932 22091 1338/ 732152 055548 6111/
22219 00287
444 20110 22091 1332/ 50101 80050 80000 9/015=
ZZYY 13599 22091 1340/ 721830 066885 6113/
22219 00285
444 20130 22091 1332/ 50101 80109 80007 9/015=
ZZYY 31982 22091 1339/ 731291 067061 6112/
22219 00267
444 20120 22091 1328/ 50101 80051 80087 9/015=
ZZYY 31982 22091 1340/ 731291 067061 6112/
22219 00267
444 20120 22091 1328/ 50101 80051 80087 9/015=
ZZYY 31775 22091 1339/ 726224 062801 6112/
444 20120 22091 1330/ 50101 80052 80099 9/015=
ZZYY 43537 22091 1338/ 738496 066066 6112/
22219 00262
444 20120 22091 1326/ 50101 80122 80014 9/015=
ZZYY 51670 22091 1338/ 710167 106417 6113/
444 20130 22091 1056/ 50101 80111 80005 9/015=
ZZYY 42538 22091 1337/ 733404 053908 6112/
22219 00285
444 20120 22091 1328/ 50101 80098 80001 9////=
ZZYY 41915 22091 1330/ 734360 057061 6113/
11119 30279 40279 52009
22219 00276
444 50101 80110 80000 9/015=
ZZYY 41912 22091 1310/ 734789 056922 6113/
11119 30278 40278 52010
22219 00271
444 20130 22091 1328/ 50101 80110 80063 9/015=
ZZYY 13567 22091 1240/ 727923 053763 6111/
11119 30250 40250 52008
22219 00282
444 20110 22091 1200/ 50101 80100 80000 9////=
ZZYY 48673 22091 1335/ 776609 124581 6111/
444 20110 22091 1248/ 500// 9/000=
ZZYY 44927 22091 1250/ 751716 043029 6113/
11119 30083 40083 52018
22219 00114
444 20130 22091 1200/ 50101 80138 80003 9/015=
ZZYY 44927 22091 1150/ 751716 043029 6113/
11119 30078 40078 52022
22219 00112
444 20130 22091 1200/ 50101 80138 80003 9/015=
ZZYY 42508 22091 1340/ 735977 049576 6111/
22219 00272
444 20110 22091 1337/ 50101 80126 80002 9/015=
ZZYY 41997 22091 1339/ 744030 039907 6113/
444 20130 22091 1200/ 50101 80094 80038 9/015=
ZZYY 44522 22091 1338/ 742450 043752 6112/
22219 00230
444 20120 22091 1144/ 50101 80118 80022 9/015=
ZZYY 41592 22091 1338/ 732090 071376 6112/
444 20120 22091 1200/ 50101 80096 80024 9/015=
ZZYY 44924 22091 1338/ 748635 033933 6111/
22219 00155
444 20110 22091 1241/ 50101 80102 9/015=
ZZYY 44915 22091 1341/ 735941 055049 6112/
22219 00273
444 20120 22091 1338/ 50101 80118 80014 9/015=
ZZYY 41937 22091 1340/ 728699 078146 6111/
11119 30198 40198 52016
22219 00281
444 20110 22091 1329/ 50101 80120 80079 9/015=
ZZYY 41998 22091 1337/ 745792 041772 6111/
444 20110 22091 1325/ 50101 80068 80019 9/015=
ZZYY 41610 22091 1339/ 731630 056649 6111/
22219 00288
444 20110 22091 1200/ 50101 80094 80002 9/015=
ZZYY 41611 22091 1341/ 727289 073241 6112/
22219 00289
444 20120 22091 1330/ 50101 80140 80007 9/015=
ZZYY 14912 22091 1050/ 105720 065876 6111/
11119 30091 40091 52237
22219 00303
444 20110 22091 1039/ 50101 80110 80010 9/015=
ZZYY 11908 22091 1240/ 105878 053402 6113/
11119 30101 40101 57010
22219 00268
444 20130 22091 1200/ 50101 80138 80002 9/015=
####018000351####
SSVX06 KARS 221344
ZZYY 47558 22091 1335/ 773762 081538 6112/
444 20120 22091 1325/ 500// 9/000=
ZZYY 48506 22091 1336/ 779563 119234 6112/
11119 40072
444 20120 22091 1321/ 500//=
ZZYY 48505 22091 1335/ 780222 127708 6111/
444 20110 22091 1321/ 500//=
ZZYY 47553 22091 1334/ 779340 103380 6113/
444 20130 22091 1322/ 500// 9/000=
####018005755####
SSVX02 KARS 221346
ZZYY 15501 22091 1300/ 528899 011316 6113/
11119 30267 40267 57006
444 20130 22091 1008/ 50101 80110 80000 9/015=
ZZYY 15501 22091 1200/ 528899 011316 6113/
11119 30272 40272 57001
444 20130 22091 1008/ 50101 80110 80000 9/015=
ZZYY 15904 22091 1332/ 310737 007177 6112/
22219 00208
444 20120 22091 1221/ 50101 80152 80008 9/015=
ZZYY 33591 22091 1240/ 331462 051186 6112/
11119 30237 40237 57004
22219 00175
444 20120 22091 1211/ 50101 80100 80000 9/015=
ZZYY 15666 22091 1334/ 314840 008609 6111/
22219 00181
444 20110 22091 1219/ 50101 80152 80009 9/015=
ZZYY 15679 22091 1334/ 308749 006231 6113/
22219 00227
444 20130 22091 1227/ 50101 80152 80008 9/015=
ZZYY 17509 22091 1250/ 529031 010548 6112/
11119 30261 40261
22219 00192
444 20120 22091 1009/ 50101 80080 80068 9/015=
ZZYY 33972 22091 1240/ 341194 054558 6112/
444 20120 22091 1209/ 50101 80009 80000 9////=
ZZYY 14563 22091 1300/ 323831 041441 6111/
11119 30197 40197 52252
22219 00232
444 20110 22091 1215/ 50101 80110 80003 9/015=
ZZYY 15508 22091 1240/ 332054 013413 6113/
11119 30290 40290 57003
22219 00183
444 20130 22091 1214/ 50101 80050 80000 9/015=
ZZYY 71626 22091 1250/ 526572 002378 6112/
11119 30266 40266 57013
22219 00186
444 20120 22091 1216/ 50101 80100 80009 9/015=
ZZYY 71626 22091 1150/ 526572 002378 6112/
11119 30273 40273 57005
22219 00186
444 20120 22091 1216/ 50101 80100 80006 9/015=
ZZYY 17520 22091 1331/ 336024 045528 6111/
22219 00164
444 20110 22091 1321/ 50101 80094 80000 9////=
ZZYY 33991 22091 1300/ 343673 000877 6111/
11119 40236 57243
22219 00094
444 2011/ 22091 1011/ 50101 80104 80000 9/015=
ZZYY 33991 22091 1200/ 343673 000877 6111/
11119 40234 57243
22219 00094
444 2011/ 22091 1011/ 50101 80104 80000 9/015=
ZZYY 33555 22091 1320/ 339637 006513 6112/
11119 30267 40267 52009
22219 00123
444 20120 22091 1321/ 50101 80100 80047 9/015=
ZZYY 15927 22091 1240/ 523399 008021 6113/
11119 30242 40242 57013
22219 00196
444 20130 22091 1007/ 50101 80140 80000 9/015=
ZZYY 15505 22091 1330/ 525567 011124 6113/
11119 30242 40242
22219 00197
444 20130 22091 1007/ 50101 80110 80100 9/015=
ZZYY 15618 22091 1334/ 520806 002197 6111/
22219 00190
444 20110 22091 1330/ 50101 80124 80180 9/015=
ZZYY 16943 22091 1320/ 330998 050472 6112/
11119 30237 40237 52001
22219 00183
444 20120 22091 1212/ 50101 8//// 80000 9////=
ZZYY 33907 22091 1300/ 533753 003055 6113/
11119 30294 40294 57004
22219 00156
444 20130 22091 1329/ 50101 8//// 80002 9////=
ZZYY 33908 22091 1230/ 331456 004340 6113/
11119 30299 40299 57002
22219 00175
444 20130 22091 1214/ 50101 8//// 80011 9/015=
ZZYY 17653 22091 1330/ 337701 004943 6113/
11119 30286 40286 57002
22219 00129
444 20130 22091 1322/ 50101 80080 80005 9/015=
ZZYY 17658 22091 1220/ 532037 001643 6112/
11119 30317 40317 57005
22219 00175
444 20120 22091 1327/ 50101 80108 80057 9/015=
ZZYY 17658 22091 1120/ 531990 001618 6113/
11119 30320 40320 57001
22219 00174
444 20130 22091 1011/ 50101 80108 80057 9/015=
ZZYY 17658 22091 1020/ 531990 001618 6113/
11119 30322 40322 52008
22219 00172
444 20130 22091 1011/ 50101 80108 80057 9/015=
ZZYY 17658 22091 1320/ 532037 001643 6112/
11119 30313 40313 57009
22219 00176
444 20120 22091 1327/ 50101 80108 80057 9/015=
ZZYY 14918 22091 1310/ 333365 046580 6111/
11119 30266 40266 57003
22219 00183
444 20110 22091 1211/ 50101 80123 80007 9/015=
ZZYY 33571 22091 1240/ 328359 043348 6112/
11119 30233 40233 57006
22219 00232
444 20120 22091 1213/ 50101 8//// 80000 9////=
ZZYY 17681 22091 1120/ 523787 002457 6112/
11119 30258 40258 57001
22219 00190
444 20120 22091 1216/ 50101 80110 80000 9/015=
ZZYY 16609 22091 1310/ 327367 051548 6112/
444 20120 22091 1148/ 50101 9////=
ZZYY 33691 22091 1335/ 527763 002307 6111/
22219 00185
444 20110 22091 1331/ 50101 80070 80018 9/015=
ZZYY 17685 22091 1300/ 331046 001379 6112/
11119 30326 40326 57007
22219 00168
444 20120 22091 1330/ 50101 8//// 80002 9////=
ZZYY 55915 22091 1230/ 548526 003469 6112/
11119 30182 40182 52058
22219 00044
444 20120 22091 1011/ 50101 80100 80007 9/015=
ZZYY 15905 22091 1333/ 312892 008011 6113/
22219 00199
444 20130 22091 1219/ 50101 80152 80009 9/015=
ZZYY 33900 22091 1330/ 319385 000193 6111/
11119 30201 40201 57021
22219 00186
444 20110 22091 1331/ 50101 80110 80012 9/015=
ZZYY 33900 22091 1230/ 319392 000214 6112/
11119 30207 40207 57016
22219 00186
444 20120 22091 1217/ 50101 80110 80010 9/015=
ZZYY 33557 22091 1240/ 335771 046296 6112/
11119 30279 40279 57004
22219 00159
444 20120 22091 1211/ 50101 80110 80003 9/015=
ZZYY 33558 22091 1300/ 328770 007426 6113/
11119 30279 40279 57006
22219 00167
444 20130 22091 1328/ 50101 80110 80007 9/015=
ZZYY 17513 22091 1320/ 535617 012681 6111/
11119 30228 40228 57014
22219 00155
444 20110 22091 1152/ 50101 8//// 80000 9////=
ZZYY 15942 22091 1333/ 305422 004588 6113/
22219 00248
444 20130 22091 1228/ 50101 80152 80005 9/015=
ZZYY 15929 22091 1334/ 306903 005047 6112/
22219 00230
444 20120 22091 1227/ 50101 80138 80008 9/015=
ZZYY 31926 22091 1334/ 533235 006169 6112/
22219 00166
444 20120 22091 1329/ 50101 80007 80025 9////=
ZZYY 31708 22091 1334/ 331362 009808 6111/
22219 00167
444 20110 22091 1329/ 50101 80004 80035 9////=
ZZYY 17672 22091 1310/ 537776 011375 6111/
11119 30246 40246 57011
22219 00125
444 20110 22091 1153/ 50101 80110 80006 9/015=
ZZYY 15620 22091 1310/ 326798 000152 6112/
11119 30267 40267 57013
22219 00180
444 20120 22091 1329/ 50101 80077 80013 9/015=
####018000323####
SSVX08 KARS 221346
ZZYY 13010 21091 12004 300017 000002 6111/
11119 01812 10254 29087
22219 00262
33311 88872 20000 32615 20001 32611 20020 32609 43543
20040 32287 43570 20060 31880 20080 31713 20100 31617
20120 31543 43560 20140 31510 20180 31487 20300 31063 20500 30766
444 20110 21091 1235/ 521// 60001=
####018002133####
SSVX02 KARS 221348
ZZYY 42538 22091 1342/ 733404 053908 6112/
22219 00285
444 20120 22091 1328/ 50101 80098 80001 9////=
ZZYY 13616 22091 1343/ 720752 063334 6111/
22219 00285
444 20110 22091 1332/ 50101 80052 80099 9/015=
ZZYY 41956 22091 1343/ 730688 064263 6113/
22219 00280
444 20130 22091 1329/ 50101 8//// 80005 9/015=
ZZYY 41561 22091 1330/ 727049 056063 6111/
11119 30249 40249 52014
22219 00281
444 20110 22091 1159/ 50101 80110 80011 9/015=
ZZYY 41909 22091 1340/ 735475 068365 6112/
11119 30253 40253 52011
22219 00271
444 20120 22091 1328/ 50101 80120 80000 9/015=
ZZYY 41565 22091 1340/ 729301 051099 6113/
11119 30263 40263 52006
22219 00280
444 20130 22091 1201/ 50101 80120 80006 9/015=
ZZYY 41686 22091 1344/ 719422 068034 6112/
22219 00288
444 20120 22091 1334/ 50101 80108 80000 9/015=
ZZYY 44553 22091 1343/ 729732 059879 6112/
22219 00282
444 20120 22091 1339/ 50101 80095 80011 9/015=
ZZYY 41570 22091 1343/ 726765 075058 6111/
22219 00284
444 20110 22091 1329/ 50101 80140 80001 9/015=
ZZYY 44915 22091 1344/ 735941 055052 6113/
22219 00273
444 20130 22091 1338/ 50101 80118 80014 9/015=
ZZYY 41563 22091 1344/ 731588 071693 6112/
22219 00272
444 20120 22091 1338/ 50101 80110 80000 9/015=
ZZYY 41715 22091 1220/ 723796 052753 6111/
11119 30224 40224 52016
22219 00281
444 20110 22091 1200/ 50101 80110 80043 9/015=
ZZYY 41593 22091 1220/ 726474 063421 6113/
11119 30218 40218 52010
22219 00274
444 20130 22091 1201/ 50101 80110 80035 9/015=
ZZYY 42536 22091 1342/ 735528 057424 6111/
22219 00268
444 20110 22091 1330/ 50101 80118 80001 9/015=
ZZYY 43537 22091 1343/ 738497 066063 6112/
22219 00262
444 20120 22091 1337/ 50101 80122 80014 9/015=
ZZYY 56909 22091 1300/ 359177 132302 6111/
11119 39919 49919 54000
22219 00007
444 20110 22091 1305/ 50101 80110 80014 9/015=
ZZYY 56907 22091 1330/ 348272 141923 6111/
11119 39908 49908 52025
444 20110 22091 1326/ 50101 80123 80000 9/015=
ZZYY 33632 22091 1300/ 341844 136711 6112/
22219 00104
444 20120 22091 1247/ 50101 80010 80002 9////=
