####018000633####
SSVX02 KARS 211624
ZZYY 55596 21091 1410/ 541324 135706 6111/
11119 30037 40037 52013
22219 00119
444 20110 21091 1542/ 50101 80090 80000 9/015=
ZZYY 71641 21091 1420/ 548884 145878 6111/
22219 00083
444 20110 21091 1311/ 50101 8//// 80022 9////=
ZZYY 54935 21091 1400/ 541437 136314 6111/
11119 30042 40042 52013
22219 00107
444 20110 21091 1308/ 50101 80080 80000 9/015=
ZZYY 34545 21091 1510/ 548560 143165 6111/
11119 40166 57004
22219 00083
444 20110 21091 1542/ 50101 80010 80011 9////=
ZZYY 34905 21091 1500/ 551055 149518 6111/
22219 00066
444 20110 21091 1542/ 50101 80010 80005 9////=
####018000513####
SSVX02 LFVW 211623
ZZYY 33707 21091 1500/ 534124 008167 6112/
11119 40247 57017
22219 00150
444 20120 21091 1407/ 50101 8//// 80052 9/015=
ZZYY 41725 21091 1607/ 732272 054356 6111/
22219 00290
33311 88872 20000 32903 43673
444 2011/ 21091 1605/ 50101 9/015=
ZZYY 13982 21091 1605/ 723991 043786 6112/
22219 00274
33311 88872 20000 32741 43750
444 2012/ 21091 1602/ 50101 9/015=
ZZYY 22689 21091 1613/ 735808 177719 6113/
22219 00240
444 20130 21091 1610/ 50101 80114 80007 9/015=
####018000483####
SSVX13 LFVW 211623
ZZYY 15955 21091 1520/ 503689 017986 6111/
11119 40126
22219 00252
33311 88872 20000 32524 43624
444 20110 21091 1530/ 50101 80118 80011 9/015=
ZZYY 15955 21091 1220/ 503683 017972 6113/
11119 40157
22219 00251
33311 88872 20000 32513 43624
444 20130 21091 1415/ 50101 80118 80010 9/015=
ZZYY 15954 21091 1400/ 500564 045304 6111/
11119 40136
22219 00272
33311 88872 20000 32718 43581
444 20110 21091 1343/ 50101 80120 80003 9/015=
####018009291####
SSVX11 LFVW 211623
ZZYY 52084 21091 04004 105020 155966 6113/
11119 00209 10276 29087 40082
22219 00297
33311 88872 20000 32970 20002 32970 43362 20025 32937 43369
20050 32936 43369 20075 32900 43414 20100 32732 43476
20125 32429 43511 20150 32110 43487 20200 31385 43456
20250 31030 43461 20300 30946 43464 20500 30767 43457 20750 30594
444 20130 21091 0403/ 522// 60381=
ZZYY 52084 21091 11004 105022 155967 6112/
11119 00307 10279 29085 40110
22219 00295
33311 88872 20000 32952 20002 32952 43366 20025 32939 43365
20050 32942 43366 20075 32904 43410 20100 32693 43484
20125 32480 43513 20150 32187 43497 20200 31222 43456
20250 31010 43463 20300 30944 43463 20500 30785 43458 20750 30575
444 20120 21091 1115/ 522// 60381=
ZZYY 52084 21091 09004 105018 155955 6111/
11119 00407 10277 29089 40094
22219 00295
33311 88872 20000 32954 20002 32954 43367 20025 32942 43369
20050 32940 43369 20075 32906 43411 20100 32727 43476
20125 32504 43509 20150 32177 43495 20200 31164 43456
20250 31003 43462 20300 30933 43464 20500 30761 43458 20750 30574
444 20110 21091 0934/ 522// 60381=
ZZYY 52084 21091 07004 105021 155967 6113/
11119 03609 10278 29090 40083
22219 00297
33311 88872 20000 32971 20002 32971 43367 20025 32940 43369
20050 32942 43370 20075 32917 43402 20100 32749 43470
20125 32489 43510 20150 32135 43489 20200 31134 43456
20250 30987 43462 20300 30915 43463 20500 30750 43457 20750 30581
444 20130 21091 0703/ 522// 60381=
ZZYY 52084 21091 03004 105023 155964 6113/
11119 00309 10281 29087 40088
22219 00299
33311 88872 20000 32985 20002 32985 43363 20025 32937 43368
20050 32934 43367 20075 32904 43411 20100 32721 43477
20125 32429 43511 20150 32110 43487 20200 31420 43455
20250 31038 43462 20300 30951 43463 20500 30765 43457 20750 30589
444 20130 21091 0223/ 522// 60381=
ZZYY 52084 21091 05004 105018 155962 6111/
11119 00410 10278 29087 40081
22219 00296
33311 88872 20000 32961 20002 32961 43362 20025 32937 43369
20050 32943 43379 20075 32890 43420 20100 32665 43491
20125 32423 43512 20150 32101 43486 20200 31304 43458
20250 31014 43463 20300 30934 43464 20500 30780 43458 20750 30601
444 20110 21091 0519/ 522// 60381=
ZZYY 52082 21091 11004 101954 156001 6112/
11119 00104 29087 40106
22219 00298
33311 88872 20000 32978 20002 32978 20025 32961 43486
20050 32960 43509 20075 32940 43520 20100 32810 43542
20125 32715 43537 20150 32545 43531 20200 31538 43461
20250 31035 43474 20300 30983 43470 20500 30783 43458
20750 30563 43452
444 20120 21091 1113/ 522// 60381=
ZZYY 52082 21091 07004 101953 155997 6113/
11119 03603 29080 40079
22219 00297
33311 88872 20000 32970 20002 32970 20025 32963 43478
20050 32960 43509 20075 32944 43517 20100 32820 43542
20125 32745 43539 20150 32600 43533 20200 31540 43464
20250 31036 43474 20300 30985 43470 20500 30819 43459
20750 30568 43453
444 20130 21091 0702/ 522// 60381=
ZZYY 52082 21091 03004 101954 155999 6113/
11119 00102 29079 40086
22219 00297
33311 88872 20000 32969 20002 32969 20025 32961 43463
20050 32960 43509 20075 32911 43523 20100 32795 43541
20125 32667 43535 20150 32429 43528 20200 31506 43462
20250 31041 43474 20300 31001 43471 20500 30832 43460
20750 30574 43453
444 20130 21091 0222/ 522// 60381=
ZZYY 52082 21091 05004 101953 155993 6112/
11119 03302 29080 40075
22219 00300
33311 88872 20000 32996 20002 32996 20025 32962 43473
20050 32959 43511 20075 32918 43524 20100 32805 43540
20125 32725 43538 20150 32580 43534 20200 31591 43470
20250 31041 43474 20300 30998 43472 20500 30813 43459
20750 30568 43453
444 20120 21091 0517/ 522// 60381=
ZZYY 52086 21091 0700/ 304968 156017 6113/
11119 10266 29079 40084
22219 00295
33311 88872 20000 32948 20002 32948 43453 20025 32962
20050 32962 43490 20075 32963 20100 32937 43545 20125 32865
20150 32801 43568 20200 32371 43592 20250 31527 43522
20300 31024 43477 20500 30765 43459 20750 30572 43454=
ZZYY 52086 21091 0300/ 304969 156015 6113/
11119 10262 29088 40089
22219 00297
33311 88872 20000 32971 20002 32971 43475 20025 32961
20050 32963 43491 20075 32964 20100 32914 43550 20125 32839
20150 32761 43569 20200 32086 43582 20250 31462 43516
20300 30973 43473 20500 30785 43460 20750 30576 43455
444 20130 21091 0336/ 522//=
ZZYY 52086 21091 0500/ 304962 156016 6112/
11119 10261 29087 40079
22219 00295
33311 88872 20000 32946 20002 32946 43421 20025 32963
20050 32962 43491 20075 32963 20100 32947 43535 20125 32878
20150 32802 43567 20200 32208 43583 20250 31461 43515
20300 30968 43472 20500 30777 43460 20750 30573 43454
444 20120 21091 0515/ 522//=
ZZYY 52088 21091 04004 302014 155981 6113/
11119 02105 10281 29085 40079
22219 00298
33311 88872 20000 32975 20002 32975 43522 20025 32940 43523
20050 32939 43523 20075 32939 43527 20100 32877 43542
20125 32814 43557 20150 32650 43570 20200 31871 43566
20250 31104 43483 20300 31014 43474 20500 30830 43461
20750 30576 43452
444 20130 21091 0401/ 522// 60381=
ZZYY 52088 21091 11004 302011 155982 6111/
11119 02006 10279 29083 40105
22219 00295
33311 88872 20000 32947 20002 32947 43521 20025 32944 43524
20050 32940 43524 20075 32939 43528 20100 32878 43542
20125 32814 43560 20150 32683 43572 20200 31519 43522
20250 31016 43473 20300 31001 43473 20500 30752 43457
20750 30587 43451
444 20110 21091 1112/ 522// 60381=
ZZYY 52088 21091 07004 302013 155984 6113/
11119 02109 10283 29083 40081
22219 00296
33311 88872 20000 32962 20002 32962 43520 20025 32942 43523
20050 32941 43524 20075 32939 43527 20100 32895 43538
20125 32831 43552 20150 32803 43569 20200 32068 43585
20250 31095 43482 20300 31014 43473 20500 30771 43457
20750 30548 43453=
ZZYY 52085 21091 0800/ 300018 155950 6111/
11119 10287 29074 40084
22219 00303
33311 88872 20000 33034 20002 33034 43494 20025 32923 43515
20050 32915 43525 20075 32846 43542 20100 32787 43552
20125 32753 43560 20150 32465 43567 20200 31943 43523
20250 31363 43506 20300 31114 43482 20500 30747 43455
20750 30562 43454
444 20110 21091 0801/ 522//=
ZZYY 52085 21091 1000/ 300022 155956 6111/
11119 10287 29076 40098
22219 00298
33311 88872 20000 32981 20002 32981 43493 20025 32923 43519
20050 32883 43534 20075 32837 43543 20100 32764 43549
20125 32715 43562 20150 32380 43554 20200 31889 43534
20250 31390 43510 20300 31119 43481 20500 30751 43457
20750 30558 43454
444 20110 21091 1002/ 522//=
ZZYY 52085 21091 0600/ 300020 155954 6113/
11119 10291 29074 40075
22219 00304
33311 88872 20000 33038 20002 33038 43496 20025 32925 43513
20050 32920 43522 20075 32851 43542 20100 32807 43555
20125 32754 43559 20150 32509 43570 20200 31788 43532
20250 31296 43498 20300 31115 43482 20500 30765 43457
20750 30577 43455
444 20130 21091 0522/ 522//=
ZZYY 52085 21091 0400/ 300021 155952 6113/
11119 10290 29074 40079
22219 00299
33311 88872 20000 32993 20002 32993 43502 20025 32923 43517
20050 32902 43530 20075 32844 43542 20100 32780 43551
20125 32751 43560 20150 32501 43574 20200 31774 43531
20250 31268 43497 20300 31108 43481 20500 30754 43456
20750 30571 43454=
ZZYY 52085 21091 1100/ 300017 155953 6112/
11119 10287 29076 40103
22219 00295
33311 88872 20000 32947 20002 32947 43490 20025 32923 43516
20050 32892 43533 20075 32840 43543 20100 32776 43550
20125 32754 43560 20150 32498 43574 20200 31828 43541
20250 31321 43501 20300 31116 43481 20500 30760 43458
20750 30561 43454
444 20120 21091 1113/ 522//=
ZZYY 52085 21091 1300/ 300012 155957 6111/
11119 10276 29085 40106
22219 00295
33311 88872 20000 32950 20125 32754 43558 20150 32567 43573
20200 31873 43529 20250 31306 43500 20500 30754 43456
444 20110 21091 1326/ 522//=
ZZYY 52083 21091 1300/ 107961 156034 6112/
33311 88872 20002 32969 43375 20025 32970 43387 20050 32952 43420
20075 32915 43456 20100 32764 43489 20125 32400 43516
20150 32028 43492 20200 31332 43450 20250 31080 43456
20300 30954 43460 20500 30755 43455 20750 30572 43453
444 20120 21091 1439/ 522//=
ZZYY 52083 21091 09004 107978 156032 6111/
11119 00606 10280 29081 40099
22219 00297
33311 88872 20000 32970 20002 32970 43376 20025 32972 43387
20050 32945 43425 20075 32868 43465 20100 32610 43510
20125 32337 43520 20150 31997 43494 20200 31324 43452
20250 31031 43455 20300 30950 43461 20500 30775 43457
20750 30579 43454
444 20110 21091 0825/ 522// 60381=
ZZYY 52083 21091 07004 107967 156034 6113/
11119 00506 10275 29082 40081
22219 00297
33311 88872 20000 32971 20002 32971 43376 20025 32972 43387
20050 32946 43423 20075 32854 43468 20100 32566 43511
20125 32210 43508 20150 31865 43484 20200 31227 43449
20250 31051 43454 20300 30952 43461 20500 30781 43457
20750 30582 43454
444 20130 21091 0705/ 522// 60381=
ZZYY 52083 21091 05004 107957 156034 6112/
11119 01702 10267 29087 40084
22219 00297
33311 88872 20000 32971 20002 32971 43377 20025 32973 43388
20050 32952 43417 20075 32913 43455 20100 32725 43493
20125 32364 43518 20150 32013 43497 20200 31323 43450
20250 31070 43455 20300 30954 43460 20500 30773 43457
20750 30575 43455
444 20120 21091 0518/ 522// 60381=
####018000125####
SSVX02 CWAO 211615
ZZYY 47531 21091 1615/ 784417 064764 6113/ 11131 10000 444 20130 21091 1615/ 50701 80138 80001 9////=
####018000125####
SSVX02 CWAO 211615
ZZYY 47532 21091 1615/ 782989 062222 6113/ 11119 11055 444 20130 21091 1615/ 50701 80138 80001 9////=
####018000128####
SSVX02 CWAO 211615
ZZYY 47531 21091 1615/ 784417 064764 6113/ 11131 10000 444 20130 21091 1615/ 50701 80138 80001 9////=

####018000128####
SSVX02 CWAO 211615
ZZYY 47532 21091 1615/ 782989 062222 6113/ 11119 11055 444 20130 21091 1615/ 50701 80138 80001 9////=

####018000125####
SSVX02 CWAO 211615
ZZYY 47533 21091 1615/ 782987 062191 6113/ 22291 01005 444 20130 21091 1615/ 50701 80138 80001 9////=
####018000125####
SSVX02 CWAO 211615
ZZYY 47537 21091 1615/ 784417 064827 6113/ 22291 00003 444 20130 21091 1615/ 50701 80138 80001 9////=
####018000128####
SSVX02 CWAO 211615
ZZYY 47533 21091 1615/ 782987 062191 6113/ 22291 01005 444 20130 21091 1615/ 50701 80138 80001 9////=

####018000128####
SSVX02 CWAO 211615
ZZYY 47537 21091 1615/ 784417 064827 6113/ 22291 00003 444 20130 21091 1615/ 50701 80138 80001 9////=

####018009427####
SSVX02 KARS 211626
ZZYY 53604 21091 1612/ 133261 150951 6112/
22219 00276
444 20120 21091 1606/ 50101 80132 80001 9/015=
ZZYY 21908 21091 1510/ 130785 152005 6112/
11119 30157 40157 52248
22219 00270
444 20120 21091 1452/ 50101 80100 80000 9/015=
ZZYY 32679 21091 1610/ 128185 158744 6112/
22219 00275
444 20120 21091 1433/ 50101 80102 80001 9/015=
ZZYY 21576 21091 1550/ 141940 150985 6113/
11119 30050 40050 52230
22219 00209
444 20130 21091 1605/ 50101 80110 80020 9/015=
ZZYY 52919 21091 1612/ 121726 149222 6113/
22219 00280
444 20130 21091 1457/ 50101 80119 80025 9/015=
ZZYY 52804 21091 1613/ 117071 157387 6112/
22219 00290
444 20120 21091 1441/ 50101 80115 80004 9/015=
ZZYY 14940 21091 1613/ 138495 149077 6112/
22219 00248
444 20120 21091 1452/ 50101 8//// 80099 9/015=
ZZYY 52841 21091 1611/ 119368 158115 6111/
22219 00287
444 20110 21091 1435/ 50101 80146 80014 9/015=
ZZYY 52920 21091 1613/ 121131 151020 6111/
22219 00282
444 20110 21091 1456/ 50101 80121 80024 9/015=
ZZYY 21915 21091 1610/ 137416 146641 6112/
22219 00261
444 20120 20091 2224/ 50101 80000 80000 9/015=
ZZYY 52827 21091 1614/ 121996 161658 6111/
22219 00284
444 20110 21091 1611/ 50101 80144 80004 9/015=
ZZYY 52617 21091 1613/ 120773 157221 6112/
22219 00280
444 20120 21091 1456/ 50101 80123 80000 9/015=
ZZYY 51955 21091 1609/ 129842 179878 6113/
444 20130 21091 1612/ 50101 80148 9/015=
ZZYY 21524 21091 1611/ 140124 148653 6112/
22219 00224
444 20120 21091 1452/ 50101 80120 80059 9/015=
ZZYY 51957 21091 1614/ 126646 133857 6111/
22219 00272
444 20110 21091 1300/ 50101 80119 80255 9/015=
ZZYY 21624 21091 1340/ 135972 154475 6111/
11119 30164 40164 52252
22219 00257
444 20110 21091 1427/ 50101 80100 80005 9/015=
ZZYY 32619 21091 1613/ 135547 153668 6112/
22219 00274
444 20120 21091 1605/ 50101 80049 80082 9////=
ZZYY 21616 21091 1614/ 138120 145287 6111/
22219 00235
444 20110 21091 1123/ 50101 80120 80049 9/015=
ZZYY 21537 21091 1612/ 141744 153521 6112/
22219 00223
444 20120 21091 1451/ 50101 80120 80013 9/015=
ZZYY 21929 21091 1608/ 139819 149939 6112/
22219 00241
444 20120 21091 1606/ 50101 80110 9/015=
ZZYY 21926 21091 1613/ 134173 159526 6111/
22219 00271
444 20110 21091 1606/ 50101 80110 80009 9/015=
ZZYY 52836 21091 1613/ 117647 143058 6111/
22219 00290
444 20110 21091 1457/ 50101 80126 80002 9/015=
ZZYY 53524 21091 1613/ 128331 134155 6112/
22219 00278
444 20120 21091 1301/ 50101 80092 80007 9/015=
ZZYY 52594 21091 1613/ 130481 151540 6112/
22219 00274
444 20120 21091 1611/ 50101 80126 80003 9/015=
ZZYY 21973 21091 1610/ 129759 152605 6112/
11119 30166 40166 57010
22219 00275
444 20120 21091 1607/ 50101 80130 80006 9/015=
ZZYY 21973 21091 1510/ 129737 152608 6111/
11119 30170 40170 57008
22219 00275
444 20110 21091 1456/ 50101 80130 80006 9/015=
ZZYY 52833 21091 1500/ 117446 135726 6113/
11119 30100 40100 52254
22219 00293
444 20130 21091 1259/ 50101 80120 80009 9/015=
ZZYY 21986 21091 1530/ 735941 167590 6112/
11119 40128 57020
22219 00229
444 20120 21091 1451/ 50101 80010 80000 9////=
ZZYY 21535 21091 1330/ 142531 145426 6111/
11119 30076 40076 57036
22219 00184
444 20110 21091 1451/ 50101 80120 80063 9/015=
ZZYY 53594 21091 1530/ 129728 134630 6112/
11119 30024 40024
22219 00267
444 20120 21091 1302/ 50101 80110 80100 9/015=
ZZYY 21912 21091 1614/ 127971 176081 6113/
22219 00276
444 20130 21091 1612/ 50101 80148 80006 9/015=
ZZYY 51909 21091 1614/ 136485 151353 6113/
22219 00272
444 20130 21091 1607/ 50101 80046 80000 9////=
ZZYY 14946 21091 1613/ 132292 170884 6112/
444 20120 21091 1611/ 50101 9/015=
ZZYY 53525 21091 1612/ 136816 149727 6111/
22219 00260
444 20110 21091 1607/ 50101 80136 80002 9/015=
ZZYY 21622 21091 1550/ 132205 137047 6111/
11119 39976 49976 57253
22219 00259
444 20110 21091 1303/ 50101 80100 80000 9/015=
ZZYY 21622 21091 1450/ 132205 137047 6111/
11119 39977 49977 57250
22219 00259
444 20110 21091 1303/ 50101 80100 80000 9/015=
ZZYY 21892 21091 1420/ 119286 135687 6112/
11119 30098 40098 52003
22219 00291
444 20120 21091 1258/ 50101 8//// 80000 9/015=
ZZYY 21855 21091 1612/ 141553 150493 6111/
22219 00211
444 20110 21091 1450/ 50101 80110 80055 9/015=
ZZYY 51859 21091 1613/ 129039 151884 6111/
22219 00275
444 20110 21091 1606/ 50101 80460 80005 9/015=
ZZYY 21964 21091 1520/ 134935 174823 6113/
11119 30206 40206 57005
22219 00251
444 20130 21091 1451/ 50101 80009 80000 9////=
ZZYY 21948 21091 1612/ 130284 152712 6113/
22219 00275
444 20130 21091 1122/ 50101 80110 80040 9/015=
ZZYY 22572 21091 1614/ 137142 155201 6112/
22219 00254
444 20120 21091 1606/ 50101 80010 80056 9////=
ZZYY 21895 21091 1614/ 135875 148770 6113/
22219 00264
444 20130 21091 1607/ 50101 80120 80029 9/015=
ZZYY 21890 21091 1610/ 136413 149854 6111/
22219 00255
444 20110 21091 1451/ 50101 80120 80070 9/015=
ZZYY 52916 21091 1613/ 127678 130631 6112/
22219 00256
444 20120 21091 1302/ 50101 80107 80013 9/015=
ZZYY 22579 21091 1612/ 129664 154033 6111/
22219 00274
444 20110 21091 1453/ 50101 80007 80023 9/015=
ZZYY 21577 21091 1613/ 137731 149976 6111/
22219 00275
444 20110 21091 1452/ 50101 80120 80093 9/015=
ZZYY 51864 21091 1612/ 133404 146710 6112/
22219 00276
444 20120 21091 1607/ 50101 80117 80012 9/015=
ZZYY 51860 21091 1614/ 116066 156061 6112/
22219 00289
444 20120 21091 1457/ 50101 80117 80006 9/015=
ZZYY 53910 21091 1614/ 137850 163089 6111/
22219 00263
444 20110 21091 1605/ 50101 80136 80002 9/015=
ZZYY 22634 21091 1613/ 128807 149245 6113/
22219 00278
444 20130 21091 1453/ 50101 80048 80000 9////=
ZZYY 51861 21091 1611/ 134607 143663 6111/
22219 00277
444 20110 21091 1452/ 50101 80005 80001 9////=
ZZYY 52914 21091 1614/ 134876 142915 6112/
22219 00276
444 20120 21091 1122/ 50101 80071 80005 9/015=
ZZYY 21536 21091 1520/ 148678 158052 6113/
11119 30183 40183 52017
22219 00119
444 20130 21091 1451/ 50101 80120 80057 9/015=
ZZYY 21526 21091 1600/ 140575 142350 6112/
11119 39835 49835 52114
22219 00200
444 20120 21091 1456/ 50101 80120 80023 9/015=
ZZYY 21526 21091 1500/ 140575 142350 6112/
11119 39894 49894 52134
22219 00201
444 20120 21091 1456/ 50101 80120 80030 9/015=
ZZYY 22610 21091 1614/ 127395 152766 6112/
22219 00274
444 20120 21091 1457/ 50101 80009 80001 9////=
ZZYY 21625 21091 1614/ 135748 146802 6111/
22219 00253
444 20110 21091 1452/ 50101 80120 80058 9/015=
ZZYY 21923 21091 1613/ 139756 154637 6113/
22219 00227
444 20130 21091 1603/ 50101 80120 80036 9/015=
ZZYY 21579 21091 1530/ 138305 159040 6112/
11119 30184 40184 57007
22219 00235
444 20120 21091 1450/ 50101 80120 80046 9/015=
ZZYY 51829 21091 1613/ 127220 144273 6111/
22219 00274
444 20110 21091 1456/ 50101 80119 80010 9/015=
ZZYY 52838 21091 1614/ 126569 143329 6111/
22219 00277
444 20110 21091 1456/ 50101 80121 80011 9/015=
ZZYY 21901 21091 1613/ 126991 159465 6111/
22219 00277
444 20110 21091 1607/ 50101 80123 80006 9/015=
ZZYY 52615 21091 1614/ 131429 151593 6113/
22219 00274
444 20130 21091 1607/ 50101 80121 80025 9/015=
ZZYY 51668 21091 1613/ 122940 148092 6111/
444 20110 21091 1011/ 50101 80121 80020 9/015=
ZZYY 52591 21091 1613/ 122474 148263 6112/
22219 00280
444 20120 21091 1011/ 50101 80121 80009 9/015=
ZZYY 32667 21091 1613/ 127617 158247 6111/
22219 00278
444 20110 21091 1452/ 50101 80049 80000 9////=
ZZYY 64936 21091 1620/ 176057 007137 6112/
22219 00072
33311 88872 20000 30720 43511
444 20120 21091 1548/ 50101 80100 80100 9/015=
ZZYY 48659 21091 1600/ 788161 158266 6112/
11119 30098 40098 57005
22219 01100
444 20120 21091 1557/ 50101 80145 80001 9/015=
ZZYY 44930 21091 1619/ 765139 001397 6112/
444 20120 21091 1545/ 50101 8//// 80099 9/015=
ZZYY 44913 21091 1600/ 758834 016726 6111/
11119 39897 49897 52016
22219 00122
444 20110 21091 1541/ 50101 80100 80000 9/015=
ZZYY 44562 21091 1600/ 757685 008251 6111/
22219 00130
444 20110 21091 1545/ 50101 80110 80000 9/015=
ZZYY 64930 21091 1600/ 776457 000532 6112/
22219 00047
33311 88872 20000 30470 43490
444 20120 21091 1547/ 50101 80011 80100 9////=
ZZYY 48673 21091 1621/ 776622 124025 6113/
444 500// 9/000=
ZZYY 63964 21091 1621/ 173742 023059 6112/
444 20120 21091 1547/ 50101 80009 80014 9/015=
ZZYY 63951 21091 1619/ 765638 001323 6112/
22219 00104
444 20120 21091 1546/ 50101 80008 80010 9/015=
ZZYY 63948 21091 1622/ 175355 035638 6111/
22219 00056
444 50101 80008 80007 9/015=
ZZYY 63577 21091 1621/ 175226 067759 6113/
22219 00063
444 20130 21091 1507/ 50101 80009 80004 9/015=
ZZYY 63584 21091 1622/ 777773 002037 6111/
22219 00044
444 20110 21091 1620/ 50101 80007 80008 9/015=
ZZYY 64932 21091 1620/ 770664 013641 6111/
33311 88872 20000 43478
444 50101 80011 80100 9////=
ZZYY 63569 21091 1600/ 175099 002880 6112/
22219 00059
33311 88872 20000 30590 42048
444 20120 21091 1507/ 50101 80080 80100 9/015=
ZZYY 63966 21091 1620/ 171474 015302 6112/
22219 00104
444 20120 21091 1547/ 50101 80009 80006 9/015=
ZZYY 44923 21091 1620/ 752604 028271 6111/
11119 30117 40117 54000
22219 00124
444 20110 21091 1606/ 50101 80130 80001 9/015=
####018000529####
SSVX06 KARS 211626
ZZYY 47558 21091 1622/ 773755 081673 6112/
444 20120 21091 1620/ 500// 9/000=
ZZYY 48506 21091 1623/ 779546 119123 6112/
11119 40052
444 20120 21091 1553/ 500//=
ZZYY 47554 21091 1623/ 774312 111671 6113/
444 20130 21091 1620/ 500// 9/000=
ZZYY 48505 21091 1622/ 780183 127773 6113/
11119 40034
444 20130 21091 1536/ 500//=
ZZYY 47553 21091 1623/ 779338 103381 6111/
444 20110 21091 1553/ 500// 9/000=
ZZYY 48713 21091 1623/ 175305 165342 6113/
444 20130 21091 1558/ 500// 9/000=
####018000165####
SSVX08 KARS 211626
ZZYY 28401 20091 1200/ 132409 144532 6112/
33311 88872 20001 32750 43316 20040 32403 20060 31218 20080 32332
444 20120 20091 1142/ 521//=
####018000123####
SSVX12 KARS 211626
ZZYY 48512 21091 1600/ 783922 154617 6113/
11119 11143 49998
444 20130 21091 1557/ 504// 80014=
####018000177####
SSVX07 KARS 211626
ZZYY 48536 21091 1620/ 173102 153579 6111/
11119 11008 40081
444 20110 21091 1601/=
ZZYY 48534 21091 1620/ 783367 046247 6112/
11119 11100 40174=
####018000117####
SSVX07 LFVW 211627
ZZYY 48548 21091 1620/ 774309 127468 6113/
11119 11013 39962 49962
444 20130 21091 1559/=
####018000807####
SSVX11 LFVW 211627
ZZYY 21210 21091 03004 138115 146401 6112/
11119 01917 10265 29087 40053
22219 00254
444 20120 21091 0232/ 522// 60371=
ZZYY 21210 21091 1500/ 138112 146392 6111/
22219 00251
444 20110 21091 1454/ 522//=
ZZYY 21210 21091 09004 138101 146388 6111/
11119 01619 10260 29089 40031
22219 00252
444 20110 21091 0834/ 522// 60371=
ZZYY 21210 21091 11004 138114 146405 6111/
11119 01722 10259 29089 40016
22219 00251
444 20110 21091 1124/ 522// 60371=
ZZYY 52083 21091 1200/ 107967 156035 6112/
33311 88872 20002 32970 43375 20025 32971 43386 20050 32955 43416
20075 32918 43454 20100 32757 43490 20125 32400 43515
20150 32070 43495 20200 31361 43450 20250 31069 43455
20300 30951 43461 20500 30763 43456 20750 30569 43454
444 20120 21091 1115/ 522//=
####018000111####
SSVX02 LFVW 211627
ZZYY 22689 21091 1611/ 735808 177719 6113/
22219 00240
444 50101 80114 80007 9/015=
