####018000146####
SSVX13 LFPW 092100
ZZYY 44609 09070 2100/ 750131 019567 6110/ 11119 40150 52008 22219
 00159 444 20100 09070 2100/ 50101 80129 80061 9/015=
####018000134####
SSVX13 LFPW 092100
ZZYY 44746 09070 2100/ 751975 034191 6110/ 11119 40169 54000 444
 20100 09070 2000/ 50101 80138 80000 9/015=
####018000146####
SSVX13 LFPW 092100
ZZYY 62519 09070 2100/ 761933 029121 6110/ 11119 40070 52010 22219
 00105 444 20100 09070 2000/ 50101 80139 80060 9/015=
####018000146####
SSVX13 LFPW 092100
ZZYY 62511 09070 2100/ 721432 025616 6110/ 11119 40171 52008 22219
 00248 444 20100 09070 2100/ 50101 80108 80000 9/015=
####018003559####
SSVX02 KARS 092054
ZZYY 22634 09070 2043/ 132026 146101 6112/
22219 00252
444 50101 80055 80060 9////=
ZZYY 21920 09070 2046/ 123764 139387 6111/
22219 00289
444 20110 09070 2029/ 50101 80008 80002 9/015=
ZZYY 51820 09070 2042/ 130892 150570 6112/
444 20120 09070 2029/ 50101 9////=
ZZYY 51910 09070 2049/ 126336 134565 6112/
22219 00288
444 20120 09070 2044/ 50101 80008 80006 9////=
ZZYY 21947 09070 2041/ 143642 137744 6112/
22219 00185
444 20120 09070 1901/ 50101 80096 80040 9/015=
ZZYY 22715 09070 2042/ 133409 151440 6111/
22219 00238
444 20110 09070 2028/ 50101 80096 80026 9/015=
ZZYY 52843 09070 2047/ 117568 131882 6113/
22219 00370
444 20130 09070 1910/ 50101 80055 80029 9/015=
ZZYY 52594 09070 2049/ 121459 137186 6112/
22219 00298
444 20120 09070 2045/ 50101 80109 80000 9/015=
ZZYY 51942 09070 2046/ 119585 128469 6111/
22219 00305
444 20110 09070 1545/ 50101 80005 80015 9////=
ZZYY 51774 09070 2044/ 129041 152358 6112/
444 20120 09070 2029/ 50101 9////=
ZZYY 52592 09070 2043/ 117046 141355 6113/
22219 00300
444 20130 09070 2030/ 50101 9////=
ZZYY 51517 09070 2047/ 123040 136473 6112/
22219 00294
444 20120 09070 2045/ 50101 80011 80020 9////=
ZZYY 52611 09070 2042/ 124463 144148 6111/
444 20110 09070 2030/ 50101 8//// 80058 9////=
ZZYY 51681 09070 2049/ 125707 131817 6113/
22219 00286
444 20130 09070 2045/ 50101 80012 80006 9////=
ZZYY 51679 09070 2047/ 120133 133197 6112/
22219 00302
444 20120 09070 2045/ 50101 80012 80006 9////=
ZZYY 52915 09070 2048/ 115022 131389 6111/
22219 00305
444 20110 09070 2030/ 50101 80125 80027 9/015=
ZZYY 52916 09070 2048/ 121771 139765 6111/
22219 00297
444 20110 09070 2032/ 50101 80125 80032 9/015=
ZZYY 52911 09070 2048/ 118557 130363 6111/
22219 00304
444 20110 09070 2045/ 50101 80123 80000 9/015=
ZZYY 52596 09070 2046/ 118237 137869 6111/
22219 00302
444 20110 09070 2029/ 50101 80127 80024 9/015=
ZZYY 52597 09070 2048/ 114561 136100 6112/
22219 00300
444 20120 09070 2031/ 50101 80125 80032 9/015=
ZZYY 52676 09070 2048/ 118102 141226 6111/
444 20110 09070 2029/ 50101 80121 80026 9/015=
ZZYY 52667 09070 2040/ 136484 150612 6111/
22219 00209
444 50101 8//// 80000 9////=
ZZYY 52809 09070 2048/ 116478 134845 6111/
22219 00304
444 20110 09070 2030/ 50101 80125 80027 9/015=
ZZYY 52912 09070 2047/ 119574 139325 6113/
22219 00301
444 20130 09070 2030/ 50101 80127 80032 9/015=
ZZYY 52664 09070 2049/ 117599 134181 6111/
22219 00303
444 20110 09070 2030/ 50101 80127 80028 9/015=
ZZYY 21994 09070 2030/ 131032 149673 6111/
11119 30196 40196 57247
22219 00260
444 50101 80100 80006 9/015=
ZZYY 52679 09070 2046/ 124530 145831 6112/
22219 00284
444 20120 09070 2030/ 50101 80010 80000 9////=
ZZYY 52849 09070 2047/ 123277 129647 6111/
22219 00291
444 20110 09070 2045/ 50101 80012 80000 9////=
ZZYY 46538 09070 1920/ 131434 135446 6113/
11119 30106 40106 54000
444 20130 09070 1905/ 50101 8//// 80000 9/015=
ZZYY 52665 09070 2048/ 105658 129016 6113/
22219 00306
444 20130 09070 1913/ 50101 80011 80000 9////=
ZZYY 52833 09070 2049/ 117385 141509 6111/
22219 00297
444 20110 09070 2046/ 50101 80011 80007 9/015=
ZZYY 52839 09070 2047/ 115957 134701 6111/
22219 00303
444 20110 09070 1736/ 50101 80010 80099 9/015=
ZZYY 22718 09070 2048/ 123567 137469 6111/
22219 00296
444 20110 09070 2044/ 50101 80094 80099 9/015=
ZZYY 51727 09070 2040/ 130657 147443 6112/
444 20120 09070 2029/ 50101 9////=
####018000399####
SSVX11 LFVW 092054
ZZYY 52075 09070 09004 107933 130066 6113/
11119 02406 10337 29063 40082
22219 00308
33311 88872 20000 33078 20002 33078 43410 20025 33034 43423
20050 32939 43447 20075 32614 43478 20100 32319 43486
20125 31988 43482 20150 31698 43466 20200 31214 43445
20250 30989 43442 20300 30849 43445 20500 30662 43453
20750 30560 43452
444 20130 09070 0932/ 522// 60381=
####018001121####
SSVX02 LFVW 092054
ZZYY 56938 09070 1830/ 331056 054438 6112/
11119 40278 57004
22219 00187
444 20120 09070 1806/ 50101 80110 80000 9/015=
ZZYY 21732 09070 2045/ 143771 146890 6111/
22219 00132
444 20110 09070 2041/ 50101 80016 80010 9/015=
ZZYY 21735 09070 2043/ 137053 136725 6112/
22219 00221
444 20120 09070 1730/ 50101 80112 80000 9/015=
ZZYY 22690 09070 2044/ 136412 135887 6113/
22219 00235
444 20130 09070 2042/ 50101 80146 80006 9/015=
ZZYY 22689 09070 2046/ 137834 131852 6113/
22219 00232
444 20130 09070 2043/ 50101 80146 80005 9/015=
ZZYY 21738 09070 2046/ 134677 129479 6112/
22219 00215
444 20120 09070 1905/ 50101 80138 80001 9/015=
ZZYY 21703 09070 2045/ 137550 134910 6112/
22219 00274
444 20120 09070 2043/ 50101 80144 80006 9/015=
ZZYY 22688 09070 2044/ 138745 131644 6112/
22219 00229
444 20120 09070 2041/ 50101 80146 80008 9/015=
ZZYY 21520 09070 2045/ 138295 132245 6112/
22219 00274
444 20120 09070 2042/ 50101 80144 80005 9/015=
ZZYY 21701 09070 2042/ 138300 135299 6112/
22219 00274
444 20120 09070 1721/ 50101 80144 80008 9/015=
####018000146####
SSVX13 LFPW 092100
ZZYY 44617 09070 2100/ 742757 020831 6110/ 11119 40171 52001 22219
 00198 444 20100 09070 2100/ 50101 80108 80006 9/015=
####018000146####
SSVX13 LFPW 092100
ZZYY 13976 09070 2100/ 723224 041101 6110/ 11119 40204 57002 22219
 00265 444 20100 09070 2100/ 50101 80108 80008 9/015=
