####018004531####
SSVX02 KARS 220750
ZZYY 53581 22091 0650/ 114886 127146 6112/
11119 30067 40067 52236
22219 00316
444 20120 22091 0648/ 50101 80110 80011 9/015=
ZZYY 51964 22091 0659/ 124940 122208 6111/
22219 00276
444 20110 22091 0651/ 50101 80121 80011 9/015=
ZZYY 41914 22091 0552/ 739260 036321 6113/
444 20130 22091 0542/ 50101 80116 80014 9/015=
ZZYY 53523 22091 0657/ 120912 120266 6113/
22219 00287
444 20130 22091 0536/ 50101 80120 80255 9/015=
ZZYY 22574 22091 0701/ 127527 130084 6112/
22219 00266
444 20120 22091 0647/ 50101 80009 80000 9////=
ZZYY 41903 22091 0554/ 736586 040751 6112/
22219 00246
444 20120 22091 0540/ 50101 80076 80003 9/015=
ZZYY 44886 22091 0556/ 728967 036932 6113/
22219 00267
444 20130 22091 0548/ 50101 80074 80002 9/015=
ZZYY 62909 22091 0552/ 730604 026697 6113/
444 20130 22091 0544/ 50101 80108 80003 9/015=
ZZYY 44894 22091 0552/ 742185 033345 6113/
444 20130 22091 0539/ 50101 80078 80005 9/015=
ZZYY 44945 22091 0555/ 732359 035635 6111/
444 20110 22091 0542/ 50101 80054 80011 9/015=
ZZYY 44919 22091 0555/ 733615 056746 6113/
22219 00278
444 20130 22091 0546/ 50101 80116 80012 9/015=
ZZYY 62930 22091 0555/ 726616 031409 6113/
22219 00261
444 20130 22091 0544/ 50101 80084 80015 9/015=
ZZYY 31781 22091 0558/ 721091 068793 6111/
22219 00285
444 20110 22091 0549/ 50101 80120 80021 9/015=
ZZYY 53517 22091 0659/ 117642 129617 6112/
22219 00312
444 20120 22091 0648/ 50101 80094 80006 9/015=
ZZYY 43537 22091 0554/ 738421 066016 6112/
22219 00262
444 20120 22091 0544/ 50101 80122 80016 9/015=
ZZYY 42547 22091 0553/ 738468 037144 6113/
22219 00237
444 20130 22091 0540/ 50101 80094 80001 9/015=
ZZYY 53597 22091 0655/ 114692 121726 6112/
22219 00300
444 20120 22091 0649/ 50101 80094 80002 9/015=
ZZYY 41943 22091 0555/ 732466 065296 6113/
22219 00274
444 20130 22091 0544/ 50101 80144 80003 9/015=
ZZYY 42508 22091 0555/ 735877 049429 6112/
22219 00272
444 20120 22091 0541/ 50101 80126 80002 9/015=
ZZYY 14928 22091 0654/ 105988 087848 6112/
22219 00285
444 20120 22091 0712/ 50101 80093 80007 9/015=
ZZYY 53908 22091 0655/ 120646 129719 6111/
22219 00290
444 20110 22091 0645/ 50101 80138 80003 9/015=
ZZYY 41997 22091 0554/ 744055 040053 6111/
444 20110 22091 0540/ 50101 80094 80042 9/015=
ZZYY 13929 22091 0554/ 720806 029447 6111/
22219 00256
444 20110 22091 0541/ 50101 80124 80180 9/015=
ZZYY 22583 22091 0659/ 119434 128916 6111/
22219 00293
444 20110 22091 0651/ 50101 80140 80002 9/015=
ZZYY 13942 22091 0556/ 720176 057529 6111/
22219 00281
444 20110 22091 0054/ 50101 80048 80099 9/015=
ZZYY 52614 22091 0658/ 120220 124262 6113/
22219 00291
444 20130 22091 0534/ 50101 80006 80011 9////=
ZZYY 31527 22091 0553/ 732829 075141 6111/
444 20110 22091 0546/ 50101 9////=
ZZYY 52916 22091 0656/ 127726 131050 6111/
22219 00259
444 20110 22091 0646/ 50101 80103 80012 9/015=
ZZYY 41570 22091 0555/ 726956 075098 6112/
22219 00285
444 20120 22091 0548/ 50101 80140 80003 9/015=
ZZYY 41606 22091 0555/ 735307 041591 6112/
22219 00263
444 20120 22091 0542/ 50101 80037 80005 9/015=
ZZYY 44914 22091 0556/ 734982 044206 6111/
22219 00266
444 20110 22091 0608/ 50101 80051 80007 9/015=
ZZYY 53518 22091 0656/ 121003 114030 6111/
22219 00286
444 20110 22091 0649/ 50101 80138 80003 9/015=
ZZYY 41932 22091 0557/ 732151 055529 6113/
22219 00286
444 20130 22091 0543/ 50101 80050 80000 9/015=
ZZYY 31982 22091 0555/ 731176 067172 6113/
22219 00264
444 20130 22091 0544/ 50101 80051 80067 9/015=
ZZYY 63579 22091 0736/ 169036 046917 6113/
22219 00085
444 50101 80007 80007 9////=
ZZYY 63964 22091 0736/ 173805 023035 6113/
444 20130 22091 0717/ 50101 80009 80015 9/015=
ZZYY 63951 22091 0737/ 765678 001336 6112/
22219 00106
444 20120 22091 0718/ 50101 80008 80011 9/015=
ZZYY 63948 22091 0738/ 175393 035545 6113/
22219 00056
444 20130 22091 0736/ 50101 80008 80006 9/015=
ZZYY 44930 22091 0741/ 765421 001697 6112/
444 20120 22091 0719/ 50101 80092 80099 9/015=
ZZYY 63577 22091 0735/ 175077 067602 6112/
22219 00062
444 50101 80007 80004 9/015=
ZZYY 63583 22091 0738/ 172553 046779 6113/
22219 00081
444 20130 22091 0736/ 50101 80008 80012 9/015=
ZZYY 63584 22091 0737/ 777824 002167 6112/
22219 00043
444 20120 22091 0719/ 50101 80007 80009 9/015=
ZZYY 63966 22091 0735/ 171491 015170 6112/
22219 00103
444 20120 22091 0718/ 50101 80008 80007 9/015=
####018001767####
SSVX08 KARS 220750
ZZYY 31002 21091 1200/ 704144 037954 6112/
33311 88872 20001 32826 43567 20020 32824 43578 20040 32823 43578
20060 32821 20080 32756 20100 32712 20120 32363 43634 20140 31857
20180 31250 20300 31019 20500 30761
444 20120 21091 1051/ 521//=
ZZYY 31002 22091 05004 704149 037951 6113/
11119 01513 10271 29081
22219 00282
444 20130 22091 0439/ 521// 60401=
ZZYY 13009 21091 1200/ 707944 038027 6111/
33311 88872 20001 32883 43440 20020 32887 43467 20060 32548
20080 32290 20100 31837 20120 31536 43564 20140 31373 20180 31169
20300 30994 20500 30794
444 20110 21091 1201/ 521//=
ZZYY 13001 21091 1200/ 711482 022977 6111/
33311 88872 20001 32883 43513 20020 32823 43556 20040 32122 43592
20060 31725 43575 20080 31544 20100 31440 20120 31360 20140 31326
20180 31282 20300 31133 20500 30955
444 20110 21091 1155/ 521//=
ZZYY 13001 22091 05004 711497 023001 6111/
11119 01701 10276 29082 40117
22219 00287
444 20110 22091 0438/ 521// 60401=
ZZYY 13002 21091 1200/ 720460 023120 6111/
33311 88872 20001 32497 43644 20020 32494 43644 20040 31995 43539
20060 31761 43572 20080 31715 20100 31663 20120 31617 20140 31582
20180 31537 20300 31407 20500 31195
444 20110 21091 1155/ 521//=
ZZYY 31001 21091 1200/ 700011 035008 6112/
33311 88872 20001 32663 43591 20020 32661 43591 20040 32655 43595
20060 32633 20080 32563 20100 32355 20120 32117 43623 20140 31894
20180 31462 20300 31140 20500 30729
444 20120 21091 1053/ 521//=
ZZYY 23007 21091 12004 108020 088998 6111/
11119 02216 10286 29081
33311 88872 20020 32851 43431 20040 32851 43438 20060 32854 43455
20080 32751 20100 32409 20120 32154 20140 31855 20180 31475
20300 31185 20500 31000
444 20110 21091 1207/ 521// 60401=
####018000097####
SSVX06 KARS 220750
ZZYY 48506 22091 0738/ 779564 119124 6112/
444 20120 22091 0718/ 500//=
####018000149####
SSVX13 KARS 220750
ZZYY 23926 22091 0600/ 114528 090560 6111/
11119 40068 52246
22219 00285
444 2011/ 22091 0656/ 50101 80120 80002 9/015=
####018002071####
SSVX02 KARS 220752
ZZYY 32736 22091 0742/ 514198 094994 6113/
444 20130 22091 0626/ 50101 80114 80000 9/015=
ZZYY 32705 22091 0742/ 515674 091679 6112/
22219 00195
444 20120 22091 0624/ 50101 80114 80042 9/015=
ZZYY 32526 22091 0742/ 515078 094954 6112/
22219 00201
444 20120 22091 0631/ 50101 80570 80099 9/015=
ZZYY 55592 22091 0700/ 525891 080502 6111/
444 20110 22091 0626/ 50101 80010 80000 9////=
ZZYY 41961 22091 0710/ 728188 069669 6112/
11119 30196 40196 57012
22219 00280
444 20120 22091 0726/ 50101 80138 80004 9/015=
ZZYY 41969 22091 0700/ 731900 073383 6111/
11119 30213 40213 57008
22219 00280
444 20110 22091 0724/ 50101 80138 80007 9/015=
ZZYY 41956 22091 0738/ 730668 064196 6113/
444 20130 22091 0726/ 50101 9/015=
ZZYY 13636 22091 0741/ 723647 063560 6112/
22219 00284
444 20120 22091 0726/ 50101 80105 80009 9/015=
ZZYY 31527 22091 0738/ 732824 075153 6113/
444 20130 22091 0725/ 50101 9////=
ZZYY 41686 22091 0740/ 719406 067986 6112/
22219 00288
444 20120 22091 0729/ 50101 80108 80000 9/015=
ZZYY 15637 22091 0739/ 709772 058590 6112/
22219 00295
444 20120 22091 0731/ 50101 80126 80002 9/015=
ZZYY 41570 22091 0739/ 726918 075085 6113/
22219 00285
444 20130 22091 0725/ 50101 80140 80002 9/015=
ZZYY 41955 22091 0740/ 729498 077549 6112/
11119 30178 40178
22219 00289
444 20120 22091 0725/ 50101 80110 80100 9/015=
ZZYY 41979 22091 0710/ 729946 060305 6113/
11119 30239 40239 57010
22219 00281
444 20130 22091 0724/ 50101 80110 80049 9/015=
ZZYY 32702 22091 0740/ 515847 081683 6112/
22219 00168
444 20120 22091 0624/ 50101 80114 80011 9/015=
ZZYY 31781 22091 0735/ 721085 068804 6113/
22219 00284
444 20130 22091 0729/ 50101 80120 9/015=
ZZYY 51620 22091 0740/ 707604 096821 6112/
22219 00276
444 20120 22091 0413/ 50101 80115 80008 9/015=
ZZYY 13599 22091 0740/ 721853 066759 6113/
22219 00285
444 20130 22091 0730/ 50101 80109 80007 9/015=
ZZYY 31775 22091 0739/ 726231 062774 6113/
444 20130 22091 0725/ 50101 80052 80099 9/015=
####018001707####
SSVX08 KARS 220752
ZZYY 32321 21091 12004 700216 095433 6112/
11119 01410 10200 29083
22219 00209
33311 88872 20000 32085 20001 32104 43458
444 20120 21091 1356/ 521// 60401=
ZZYY 32321 21091 12004 700216 095433 6112/
11119 01410 10200 29083
22219 00209
33311 88872 20000 32085 20001 32104 43458
444 20120 21091 1356/ 521// 60401=
ZZYY 32320 21091 1200/ 702114 095415 6112/
33311 88870 20040 32166 20060 31734 20080 31545 20100 31458
20120 31400 20140 31376 20180 31328 20300 31088 20500 30798
444 20120 21091 1356/ 521//=
ZZYY 32320 21091 1200/ 702114 095415 6112/
33311 88870 20040 32166 20060 31734 20080 31545 20100 31458
20120 31400 20140 31376 20180 31328 20300 31088 20500 30798
444 20120 21091 1356/ 521//=
ZZYY 32305 21091 1200/ 508016 095280 6111/
33311 88872 20001 32282 43528
444 20110 21091 1417/ 521//=
ZZYY 43301 21091 12004 707985 094895 6111/
11119 02014 10269 29083
22219 00277
33311 88872 20000 32769 20001 32772 43298 20020 32632 20040 31659
20060 31405 20080 31335 20100 31304 20120 31291 20140 31271
20180 31222 20300 31086 20500 30803
444 20110 21091 1354/ 521// 60401=
ZZYY 32304 21091 12004 505096 095074 6111/
11119 01212 10217 29079
22219 00220
33311 88872 20000 32199 20001 32206 43513 20020 32202 20040 32196
20060 31965 20080 31523 20100 31441 20120 31397 20140 31361
20180 31315 20300 31201 20500 30822
444 20110 21091 1238/ 521// 60401=
ZZYY 32303 21091 12004 704944 094997 6111/
11119 02106 10250 29071
22219 00271
33311 88872 20000 32715 20001 32733 43304 20040 32531 20060 32091
20080 31826 20100 31567 20120 31434 20140 31397 20180 31338
20300 31149
444 20110 21091 1355/ 521// 60401=
