####018000125####
SSVX02 CWAO 211545
ZZYY 47537 21091 1545/ 784417 064829 6113/ 22291 00003 444 20130 21091 1545/ 50701 80138 80001 9////=
####018000125####
SSVX02 CWAO 211545
ZZYY 47532 21091 1545/ 782988 062225 6113/ 11119 11056 444 20130 21091 1545/ 50701 80138 80001 9////=
####018000125####
SSVX02 CWAO 211545
ZZYY 47531 21091 1545/ 784417 064765 6113/ 11131 10000 444 20130 21091 1545/ 50701 80138 80001 9////=
####018000125####
SSVX02 CWAO 211545
ZZYY 47533 21091 1545/ 782987 062194 6113/ 22291 01005 444 20130 21091 1545/ 50701 80138 80001 9////=
####018000128####
SSVX02 CWAO 211545
ZZYY 47537 21091 1545/ 784417 064829 6113/ 22291 00003 444 20130 21091 1545/ 50701 80138 80001 9////=

####018000128####
SSVX02 CWAO 211545
ZZYY 47532 21091 1545/ 782988 062225 6113/ 11119 11056 444 20130 21091 1545/ 50701 80138 80001 9////=

####018000128####
SSVX02 CWAO 211545
ZZYY 47533 21091 1545/ 782987 062194 6113/ 22291 01005 444 20130 21091 1545/ 50701 80138 80001 9////=

####018000128####
SSVX02 CWAO 211545
ZZYY 47531 21091 1545/ 784417 064765 6113/ 11131 10000 444 20130 21091 1545/ 50701 80138 80001 9////=

####018000277####
SSVX13 KARS 211556
ZZYY 13585 21091 1300/ 706085 019153 6112/
11119 40135 57009
22219 00280
444 20120 21091 1424/ 50101 80129 80000 9/015=
ZZYY 13585 21091 1400/ 706085 019153 6112/
11119 40129 57017
22219 00280
444 20120 21091 1424/ 50101 80129 80000 9/015=
####018000103####
SSVX06 KARS 211556
ZZYY 47558 21091 1547/ 773760 081718 6111/
444 20110 21091 1517/ 500// 9/000=
####018003827####
SSVX08 KARS 211556
ZZYY 13001 20091 1200/ 711490 022997 6112/
33311 88872 20001 32869 43510 20020 32829 43543 20040 32165 43596
20060 31710 43573 20080 31509 20100 31412 20120 31349 20140 31312
20180 31262 20300 31133 20500 30965
444 20120 20091 1112/ 521//=
ZZYY 13001 21091 15004 711490 023004 6111/
11119 01408 10284 29083 40118
22219 00292
444 20110 21091 1537/ 521// 60401=
ZZYY 31007 20091 1200/ 700020 023002 6112/
33311 88872 20001 32587 43591 20020 32579 43593 20040 32521 43596
20080 32335 20100 32033 20120 31760 20140 31528 20180 31391
20300 31187 20500 30742
444 20120 20091 1044/ 521//=
ZZYY 31007 21091 15004 700021 023016 6112/
11119 01412 10256 29084 40122
22219 00260
444 20120 21091 1535/ 521// 60401=
ZZYY 15006 20091 1200/ 506038 010002 6111/
33311 88872 20001 32442 43619 20020 32429 43619 20040 32429 43624
20080 31958 20100 31643 20120 31387 20140 31251 20180 31085
20300 30923
444 20110 20091 1044/ 521//=
ZZYY 15002 20091 1200/ 700013 009867 6112/
33311 88872 20001 32424 20020 32394 43578 20040 32346 43579
20060 32135 43585 20080 31923 20100 31693 20120 31534 20140 31500
20180 31413 20300 31075 20500 30742
444 20120 20091 1043/ 521//=
ZZYY 15002 21091 15004 700015 009861 6111/
11119 01611 10244 29093
22219 00244
444 20110 21091 1350/ 521// 60401=
ZZYY 31005 20091 1200/ 518872 034684 6111/
33311 88872 20001 32367 20060 32363 43723 20100 32362 20120 32363
20140 32334 20180 32043 20300 31447
444 20110 20091 1119/ 521//=
ZZYY 13002 20091 1200/ 720454 023122 6112/
33311 88872 20001 32485 43642 20020 32484 43642 20040 31964 43529
20060 31772 43572 20080 31725 20100 31675 20120 31629 20140 31592
20180 31558 20300 31429 20500 31192
444 20120 20091 1111/ 521//=
ZZYY 13002 20091 1200/ 720454 023122 6112/
33311 88872 20001 32485 43642 20020 32484 43642 20040 31964 43529
20060 31772 43572 20080 31725 20100 31675 20120 31629 20140 31592
20180 31558 20300 31429 20500 31192
444 20120 20091 1111/ 521//=
ZZYY 13002 21091 15004 720463 023122 6112/
11119 00613 10251 29084
22219 00251
444 20120 21091 1423/ 521// 60401=
ZZYY 13010 20091 12004 500011 000001 6111/
11119 01906 10253 29078
22219 00263
33311 88872 20000 32631 20001 32612 20020 32604 43539
20040 32366 43563 20060 31885 20080 31716 20100 31621
20120 31536 43559 20140 31509 20180 31486 20300 31042 20500 30760
444 20110 20091 1245/ 521// 60001=
ZZYY 31006 20091 1200/ 704041 022993 6111/
33311 88872 20001 32781 43457 20020 32777 43490 20040 32783 43504
20060 32703 43569 20080 32398 20100 31922 20120 31669 20140 31579
20180 31418 20300 31166
444 20110 20091 1114/ 521//=
ZZYY 31006 21091 15004 704035 022995 6112/
11119 01811 10270 29082
22219 00282
444 20120 21091 1535/ 521// 60401=
ZZYY 31004 20091 1200/ 513518 032607 6111/
33311 88872 20020 32538 43685 20040 32538 43699 20060 32535
20080 32536 20100 32542 20120 32558 43723 20140 32501 20180 32206
20300 31344 20500 30719
444 20110 20091 1119/ 521//=
ZZYY 15001 20091 1200/ 509918 009981 6112/
33311 88872 20001 32341 43644 20020 32340 43644 20040 32340 43644
20060 32341 43644 20080 32330 20100 32088 20120 31803 20140 31574
20180 31297 20300 30956 20500 30733
444 20120 20091 1046/ 521//=
ZZYY 15001 21091 15004 509914 009975 6112/
11119 01212 10230 29085 40147
22219 00236
444 20120 21091 1347/ 521// 60401=
ZZYY 41139 20091 12004 720015 037851 6111/
11119 00816 10266 29079 40181
22219 00266
33311 88872 20000 32656 20001 32660 20020 32658 43702
20060 32543 43727 20100 32344 20120 32290 20140 32226 20180 32032
20300 31581 20500 31203
444 20110 20091 1219/ 521// 60401=
ZZYY 41139 21091 15004 720017 037861 6111/
11119 00717 10264 29079 40187
22219 00266
444 20110 21091 1542/ 521// 60401=
####018014909####
SSVX02 KARS 211556
ZZYY 41558 21091 1530/ 729554 053253 6113/
11119 40251 57003
22219 00291
444 20130 21091 1337/ 50101 80008 80000 9////=
ZZYY 41558 21091 1430/ 729554 053253 6113/
444 20130 21091 1337/ 50101 9////=
ZZYY 41719 21091 1510/ 733249 055066 6112/
11119 40260 52001
22219 00298
444 20120 21091 1542/ 50101 80009 80000 9////=
ZZYY 42538 21091 1542/ 733567 053897 6111/
22219 00293
444 50101 80100 80001 9////=
ZZYY 41915 21091 1440/ 734533 056868 6111/
11119 30262 40262 52009
22219 00276
444 20110 21091 1400/ 50101 80110 80000 9/015=
ZZYY 41915 21091 1530/ 734538 056865 6112/
11119 30261 40261 52002
22219 00277
444 20120 21091 1544/ 50101 80110 80000 9/015=
ZZYY 13904 21091 1543/ 717143 019509 6112/
22219 00284
444 20120 21091 1427/ 50101 80128 80001 9/015=
ZZYY 13904 21091 1540/ 717151 019489 6111/
22219 00282
444 20110 21091 1541/ 50101 80128 80001 9/015=
ZZYY 41912 21091 1510/ 734986 056786 6111/
11119 30260 40260 52004
22219 00274
444 20110 21091 1544/ 50101 80110 80063 9/015=
ZZYY 13624 21091 1543/ 711874 029752 6111/
22219 00288
444 20110 21091 1426/ 50101 80134 80001 9/015=
ZZYY 13570 21091 1500/ 737720 030864 6112/
11119 30244 40244 57012
22219 00237
444 20120 21091 1430/ 50101 80120 80073 9/015=
ZZYY 42547 21091 1548/ 738427 037184 6112/
22219 00238
444 20120 21091 1544/ 50101 80094 80002 9/015=
ZZYY 44514 21091 1548/ 749267 022101 6111/
22219 00149
444 20110 21091 1544/ 50101 80142 80001 9/015=
ZZYY 62724 21091 1450/ 739442 026502 6112/
11119 30257 40257 57007
22219 00226
444 20120 21091 1430/ 50101 80120 80040 9/015=
ZZYY 44513 21091 1549/ 750890 033839 6111/
22219 00131
444 20110 21091 1544/ 50101 80142 80008 9/015=
ZZYY 44516 21091 1549/ 749045 026279 6113/
22219 00153
444 20130 21091 1544/ 50101 80140 80035 9/015=
ZZYY 13907 21091 1520/ 726927 036148 6112/
11119 30225 40225 57011
22219 00268
444 20120 21091 1542/ 50101 80110 80000 9/015=
ZZYY 41561 21091 1530/ 727067 056008 6111/
11119 30232 40232 54000
22219 00281
444 20110 21091 1342/ 50101 80110 80014 9/015=
ZZYY 44518 21091 1549/ 743123 022883 6112/
22219 00202
444 20120 21091 1545/ 50101 80142 80002 9/015=
ZZYY 13567 21091 1540/ 727886 053637 6112/
11119 30238 40238 57004
22219 00282
444 20120 21091 1329/ 50101 80100 80000 9////=
ZZYY 41938 21091 1540/ 739388 036050 6112/
11119 30230 40230 57012
22219 00237
444 20120 21091 1544/ 50101 80100 80000 9////=
ZZYY 41938 21091 1440/ 739387 036059 6113/
11119 30237 40237 57005
22219 00237
444 20130 21091 1430/ 50101 80100 80000 9////=
ZZYY 44519 21091 1548/ 750798 019577 6111/
22219 00146
444 20110 21091 1544/ 50101 80140 80003 9/015=
ZZYY 13569 21091 1540/ 728656 043529 6111/
11119 30239 40239 57006
22219 00281
444 20110 21091 1543/ 50101 80100 80000 9////=
ZZYY 13569 21091 1440/ 728656 043529 6111/
11119 30242 40242 57001
22219 00281
444 20110 21091 1543/ 50101 80100 80000 9////=
ZZYY 44880 21091 1440/ 726112 035910 6111/
11119 30222 40222 57010
22219 00264
444 20110 21091 1428/ 50101 80110 80005 9/015=
ZZYY 44880 21091 1340/ 726120 035900 6112/
11119 30227 40227 57001
22219 00264
444 20120 21091 1335/ 50101 80110 80004 9/015=
ZZYY 44900 21091 1500/ 731260 010438 6112/
11119 30192 40192 57013
444 20120 21091 1428/ 50101 80120 80016 9/015=
ZZYY 41972 21091 1530/ 737569 060334 6112/
11119 30265 40265
22219 00264
444 20120 21091 1359/ 50101 80120 80100 9/015=
ZZYY 62935 21091 1450/ 735232 030589 6113/
11119 30224 40224
22219 00251
444 20130 21091 1429/ 50101 80100 80100 9/015=
ZZYY 41572 21091 1350/ 726178 048951 6112/
11119 30240 40240 52011
22219 00280
444 20120 21091 1335/ 50101 80110 80037 9/015=
ZZYY 41572 21091 1440/ 726184 048948 6112/
11119 30237 40237 52001
22219 00280
444 20120 21091 1543/ 50101 80110 80037 9/015=
ZZYY 44927 21091 1350/ 751722 043094 6111/
11119 30036 40036 57032
22219 00111
444 20110 21091 1338/ 50101 80138 80002 9/015=
ZZYY 44927 21091 1450/ 751715 043122 6113/
11119 30027 40027 57032
22219 00108
444 20130 21091 1545/ 50101 80138 80003 9/015=
ZZYY 41555 21091 1500/ 734614 024556 6112/
11119 30231 40231
22219 00256
444 20120 21091 1430/ 50101 80100 80000 9/015=
ZZYY 42508 21091 1548/ 735822 049345 6111/
22219 00274
444 20110 21091 1543/ 50101 80126 80002 9/015=
ZZYY 13934 21091 1545/ 721801 028511 6112/
22219 00258
444 20120 21091 1542/ 50101 80124 80180 9/015=
ZZYY 44554 21091 1548/ 733811 038107 6113/
444 20130 21091 1544/ 50101 80098 80099 9/015=
ZZYY 41997 21091 1549/ 744069 040290 6113/
444 20130 21091 1545/ 50101 80094 80025 9/015=
ZZYY 41575 21091 1440/ 728749 050787 6113/
11119 30253 40253 52005
22219 00280
444 20130 21091 1337/ 50101 80110 80045 9/015=
ZZYY 13910 21091 1541/ 718411 018864 6113/
22219 00286
444 20130 21091 1424/ 50101 80060 80255 9/015=
ZZYY 13517 21091 1540/ 734943 017389 6112/
11119 30233 40233 57012
22219 00236
444 20120 21091 1542/ 50101 80120 80063 9/015=
ZZYY 13517 21091 1440/ 734944 017383 6112/
11119 30248 40248 52003
22219 00236
444 20120 21091 1430/ 50101 80120 80052 9/015=
ZZYY 41935 21091 1530/ 728691 033550 6111/
11119 30215 40215 57020
22219 00266
444 20110 21091 1543/ 50101 80110 80000 9/015=
ZZYY 41935 21091 1430/ 728694 033550 6112/
11119 30229 40229 57016
22219 00265
444 20120 21091 1428/ 50101 80110 80000 9/015=
ZZYY 13928 21091 1545/ 723531 034580 6112/
22219 00262
444 20120 21091 1542/ 50101 80124 80180 9/015=
ZZYY 13929 21091 1545/ 720825 029460 6111/
22219 00257
444 20110 21091 1542/ 50101 80122 80180 9/015=
ZZYY 41942 21091 1450/ 737616 046533 6112/
11119 30255 40255 52005
22219 00242
444 20120 21091 1431/ 50101 80120 80009 9/015=
ZZYY 41623 21091 1520/ 727522 053554 6112/
11119 30237 40237 52002
22219 00283
444 20120 21091 1329/ 50101 80120 80037 9/015=
ZZYY 62729 21091 1542/ 739782 026326 6112/
22219 00220
444 20120 21091 1430/ 50101 80116 80017 9/015=
ZZYY 62729 21091 1550/ 739782 026326 6112/
22219 00220
444 20120 21091 1430/ 50101 80116 80017 9/015=
ZZYY 13912 21091 1430/ 725445 031422 6112/
11119 30209 40209 57011
22219 00260
444 20120 21091 1428/ 50101 80110 80037 9/015=
ZZYY 13912 21091 1530/ 725445 031422 6112/
11119 30204 40204 57015
22219 00260
444 20120 21091 1428/ 50101 80110 80035 9/015=
ZZYY 41608 21091 1510/ 741401 035505 6113/
11119 30223 40223 57016
22219 00225
444 20130 21091 1544/ 50101 80110 80014 9/015=
ZZYY 44522 21091 1546/ 742396 044058 6112/
22219 00232
444 20120 21091 1542/ 50101 80118 80027 9/015=
ZZYY 44522 21091 1550/ 742395 044057 6112/
22219 00232
444 20120 21091 1542/ 50101 80118 80027 9/015=
ZZYY 41914 21091 1548/ 739308 036317 6112/
22219 00239
444 20120 21091 1544/ 50101 80116 80013 9/015=
ZZYY 44943 21091 1450/ 737578 053937 6111/
11119 30263 40263 52003
22219 00268
444 20110 21091 1430/ 50101 80100 80012 9/015=
ZZYY 44899 21091 1544/ 729508 044899 6113/
22219 00280
444 20130 21091 1335/ 50101 80118 80011 9/015=
ZZYY 62726 21091 1547/ 736210 019016 6112/
22219 00233
444 20120 21091 1542/ 50101 80120 80013 9/015=
ZZYY 44924 21091 1548/ 748642 034139 6111/
22219 00155
444 20110 21091 1543/ 50101 80102 9/015=
ZZYY 13623 21091 1543/ 722683 048858 6112/
22219 00280
444 20120 21091 1337/ 50101 80049 80099 9/015=
ZZYY 41565 21091 1440/ 729212 051039 6113/
11119 30256 40256 52005
22219 00281
444 20130 21091 1329/ 50101 80120 80006 9/015=
ZZYY 41565 21091 1540/ 729220 051055 6113/
11119 30253 40253 57003
22219 00283
444 20130 21091 1543/ 50101 80120 80005 9/015=
ZZYY 44844 21091 1500/ 742312 036619 6113/
11119 30202 40202 57024
22219 00212
444 20130 21091 1429/ 50101 80120 80029 9/015=
ZZYY 41903 21091 1548/ 736688 040762 6112/
22219 00249
444 20120 21091 1544/ 50101 80076 80003 9/015=
ZZYY 41903 21091 1550/ 736688 040762 6112/
22219 00249
444 20120 21091 1544/ 50101 80074 80003 9/015=
ZZYY 13970 21091 1530/ 721697 034476 6112/
11119 30192 40192 57014
22219 00260
444 20120 21091 1427/ 50101 80100 80008 9/015=
ZZYY 13970 21091 1430/ 721697 034476 6112/
11119 30196 40196 57010
22219 00260
444 20120 21091 1427/ 50101 80090 80009 9/015=
ZZYY 41983 21091 1549/ 741034 038965 6113/
22219 00231
444 20130 21091 1543/ 50101 80078 80016 9/015=
ZZYY 62722 21091 1450/ 738492 024540 6112/
11119 30252 40252 57010
22219 00229
444 20120 21091 1429/ 50101 80110 80033 9/015=
ZZYY 44886 21091 1548/ 729061 036962 6111/
22219 00271
444 20110 21091 1544/ 50101 80074 80005 9/015=
ZZYY 62909 21091 1547/ 730616 026700 6111/
22219 00261
444 20110 21091 1543/ 50101 80108 80002 9/015=
ZZYY 41606 21091 1549/ 735392 041608 6112/
22219 00266
444 20120 21091 1543/ 50101 80037 80005 9/015=
ZZYY 44914 21091 1549/ 735052 044385 6112/
22219 00273
444 20120 21091 1544/ 50101 80051 80007 9/015=
ZZYY 44921 21091 1545/ 738141 030201 6111/
22219 00242
444 50101 80078 80001 9/015=
ZZYY 62936 21091 1543/ 728434 040257 6113/
444 50101 80066 80002 9/015=
ZZYY 41590 21091 1540/ 745926 033477 6112/
11119 30183 40183 57028
444 20120 21091 1545/ 50101 80120 80032 9/015=
ZZYY 41590 21091 1440/ 745915 033453 6112/
11119 30195 40195 57031
444 20120 21091 1430/ 50101 80120 80021 9/015=
ZZYY 44898 21091 1546/ 731646 029642 6112/
22219 00267
444 20120 21091 1151/ 50101 80084 80002 9/015=
ZZYY 62723 21091 1548/ 740043 030212 6112/
22219 00223
444 20120 21091 1543/ 50101 80079 80006 9/015=
ZZYY 62723 21091 1550/ 740043 030212 6112/
22219 00223
444 20120 21091 1543/ 50101 80069 80006 9/015=
ZZYY 13903 21091 1545/ 724269 027826 6112/
22219 00254
444 20120 21091 1542/ 50101 80130 80100 9/015=
ZZYY 41613 21091 1540/ 748129 026648 6112/
11119 30235 40235 57011
22219 00153
444 20120 21091 1544/ 50101 80120 80002 9/015=
ZZYY 44894 21091 1547/ 742222 033385 6113/
22219 00209
444 20130 21091 1543/ 50101 80078 80003 9/015=
ZZYY 62934 21091 1544/ 729556 027491 6111/
22219 00259
444 20110 21091 0601/ 50101 80060 80013 9/015=
ZZYY 13590 21091 1544/ 725741 031321 6111/
22219 00262
444 20110 21091 1428/ 50101 80130 80100 9/015=
ZZYY 44915 21091 1545/ 736109 054830 6111/
444 20110 21091 1328/ 50101 80118 80013 9/015=
ZZYY 13600 21091 1500/ 733457 025844 6113/
11119 30234 40234 57001
22219 00249
444 20130 21091 1429/ 50101 80110 80011 9/015=
ZZYY 62727 21091 1546/ 741557 019717 6113/
22219 00209
444 20130 21091 1543/ 50101 80118 80019 9/015=
ZZYY 44945 21091 1544/ 732391 035625 6112/
444 20120 21091 1428/ 50101 80054 80011 9/015=
ZZYY 44919 21091 1547/ 733862 056827 6111/
22219 00279
444 20110 21091 1544/ 50101 80118 80013 9/015=
ZZYY 44939 21091 1549/ 737255 037819 6111/
22219 00247
444 20110 21091 1544/ 50101 80052 80003 9/015=
ZZYY 44929 21091 1544/ 726685 031465 6112/
22219 00269
444 20120 21091 1152/ 50101 80072 80010 9/015=
ZZYY 41998 21091 1544/ 745883 041932 6112/
444 50101 80068 80023 9/015=
ZZYY 62930 21091 1545/ 726662 031331 6111/
22219 00267
444 20110 21091 1542/ 50101 80084 80014 9/015=
ZZYY 13635 21091 1510/ 723464 032563 6112/
11119 30198 40198 57014
22219 00259
444 20120 21091 1428/ 50101 80120 80000 9/015=
ZZYY 13956 21091 1500/ 728676 015840 6111/
11119 30193 40193 57015
22219 00238
444 20110 21091 1428/ 50101 80120 80005 9/015=
ZZYY 41610 21091 1544/ 731711 056578 6112/
22219 00290
444 20120 21091 1342/ 50101 80094 80001 9/015=
ZZYY 44905 21091 1520/ 736288 058113 6111/
11119 30255 40255 52008
22219 00273
444 20110 21091 1400/ 50101 8//// 80000 9/015=
ZZYY 13589 21091 1544/ 728682 014009 6113/
22219 00267
444 20130 21091 1427/ 50101 80110 80000 9/015=
ZZYY 44883 21091 1539/ 728798 037693 6111/
444 20110 21091 1151/ 50101 8//// 80013 9/015=
ZZYY 62905 21091 1510/ 736739 053920 6112/
11119 30268 40268 52002
22219 00271
444 20120 21091 1545/ 50101 8//// 80000 9/015=
ZZYY 44881 21091 1549/ 736302 033075 6112/
22219 00252
444 20120 21091 1544/ 50101 80074 80003 9/015=
ZZYY 13548 21091 1540/ 705649 021232 6112/
444 20120 21091 1424/ 500// 9/001=
ZZYY 13548 21091 1530/ 705639 021221 6111/
22219 00280
444 20110 21091 1539/ 500// 80010 9/001=
ZZYY 41932 21091 1544/ 732163 055421 6112/
22219 00289
444 20120 21091 1341/ 50101 80050 80000 9/015=
ZZYY 41957 21091 1510/ 733304 028500 6112/
11119 30218 40218 57009
22219 00258
444 20120 21091 1542/ 50101 80110 80035 9/015=
ZZYY 42536 21091 1545/ 735390 057312 6111/
22219 00272
444 20110 21091 1341/ 50101 80118 80001 9/015=
ZZYY 41603 21091 1450/ 730424 040023 6112/
11119 30243 40243 57002
22219 00276
444 20120 21091 1428/ 50101 80110 80035 9/015=
ZZYY 42518 21091 1542/ 728813 039081 6111/
22219 00280
444 20110 21091 1428/ 50101 80118 80001 9/015=
ZZYY 44505 21091 1540/ 745740 046290 6112/
22219 00126
444 20120 21091 1544/ 50101 9/050=
ZZYY 15945 21091 1535/ 505746 017579 6113/
22219 00252
444 20130 21091 1409/ 50101 80084 80009 9/015=
ZZYY 13518 21091 1540/ 706676 013322 6113/
22219 00276
444 50101 80134 80001 9/015=
ZZYY 15924 21091 1500/ 517005 016619 6111/
11119 30190 40190 57021
22219 00219
444 20110 21091 1410/ 50101 80140 80011 9/015=
ZZYY 15943 21091 1536/ 504479 017701 6113/
22219 00251
444 20130 21091 1409/ 50101 80090 80255 9/015=
ZZYY 41573 21091 1520/ 727541 037962 6112/
11119 30232 40232 57007
22219 00274
444 20120 21091 1543/ 50101 80120 80000 9/015=
ZZYY 31984 21091 1520/ 701370 029251 6112/
11119 30123 40123
22219 00277
444 20120 21091 1535/ 50101 80110 80100 9/015=
ZZYY 15641 21091 1537/ 501898 031589 6112/
22219 00264
444 20120 21091 1419/ 50101 80124 80180 9/015=
ZZYY 15677 21091 1534/ 514625 024218 6111/
22219 00240
444 20110 21091 1409/ 50101 80128 80001 9/015=
ZZYY 13959 21091 1538/ 714410 016972 6112/
444 20120 21091 0422/ 50101 80150 80001 9/015=
ZZYY 13926 21091 1540/ 706158 023250 6112/
22219 00282
444 50101 80109 80003 9/015=
ZZYY 13967 21091 1500/ 724830 033501 6112/
11119 30211 40211 57013
22219 00264
444 20120 21091 1427/ 50101 80110 80039 9/015=
ZZYY 13520 21091 1450/ 732359 028695 6112/
11119 30217 40217 57004
22219 00254
444 20120 21091 1430/ 50101 80120 80007 9/015=
ZZYY 15675 21091 1534/ 514617 025394 6111/
22219 00242
444 20110 21091 1409/ 50101 80128 80003 9/015=
ZZYY 15646 21091 1536/ 501882 031584 6113/
22219 00266
444 20130 21091 1157/ 50101 80122 80180 9/015=
ZZYY 62725 21091 1549/ 742311 020343 6113/
22219 00205
444 20130 21091 1543/ 50101 80118 80015 9/015=
ZZYY 13943 21091 1540/ 708036 029996 6111/
22219 00283
444 50101 80085 80255 9/015=
####018001609####
SSVX02 KARS 211556 RRA
ZZYY 13960 21091 1541/ 713777 017357 6112/
22219 00297
444 50101 80148 80010 9/015=
ZZYY 13945 21091 1540/ 714808 018205 6112/
22219 00298
444 20120 21091 1426/ 50101 80146 80010 9/015=
ZZYY 15906 21091 1536/ 507581 011978 6113/
22219 00241
444 20130 21091 1408/ 50101 80082 80012 9/015=
ZZYY 13961 21091 1535/ 714740 017385 6113/
22219 00344
444 20130 21091 1421/ 50101 80144 80001 9/015=
ZZYY 15605 21091 1537/ 503681 034948 6112/
22219 00265
444 20120 21091 1157/ 50101 80088 80011 9/015=
ZZYY 31993 21091 1535/ 505827 031931 6113/
22219 00266
444 20130 21091 1051/ 50101 80122 80014 9/015=
ZZYY 31998 21091 1536/ 506282 033349 6113/
22219 00264
444 20130 21091 1159/ 50101 80122 80020 9/015=
ZZYY 41978 21091 1410/ 710351 046334 6112/
11119 30128 40128 52006
444 20120 21091 1339/ 50101 80120 80037 9/015=
ZZYY 41569 21091 1510/ 720270 050439 6112/
11119 30186 40186 57002
22219 00281
444 20120 21091 1337/ 50101 80110 80009 9/015=
ZZYY 15923 21091 1500/ 514833 021474 6111/
11119 30176 40176 57026
22219 00236
444 20110 21091 1407/ 50101 80120 80013 9/015=
ZZYY 31711 21091 1536/ 507452 034237 6112/
22219 00260
444 20120 21091 1159/ 50101 80120 80018 9/015=
ZZYY 31786 21091 1536/ 503369 034113 6113/
22219 00266
444 20130 21091 1204/ 50101 80124 80018 9/015=
ZZYY 15602 21091 1536/ 502568 027376 6112/
22219 00265
444 20120 21091 1418/ 50101 80082 80009 9/015=
ZZYY 41607 21091 1500/ 717671 041695 6111/
11119 30166 40166 57005
22219 00272
444 20110 21091 1541/ 50101 80120 80035 9/015=
####018000173####
SSVX07 LFVW 211554
ZZYY 25518 21091 1600/ 785114 027521 6113/
444 20130 21091 1533/ 504//=
ZZYY 25517 21091 1600/ 785596 050764 6113/
444 20130 21091 1511/ 504//=
####018001789####
SSVX02 LFVW 211554
ZZYY 41725 21091 1541/ 732254 054341 6111/
22219 00290
33311 88872 20000 32899 43672
444 2011/ 21091 1336/ 50101 9/015=
ZZYY 13982 21091 1543/ 724002 043777 6111/
22219 00274
33311 88872 20000 32741 43750
444 2011/ 21091 1425/ 50101 9/015=
ZZYY 62777 21091 1530/ 745821 002894 6113/
22219 00193
444 20130 21091 1545/ 50101 80122 80087 9/015=
ZZYY 62777 21091 1500/ 745819 002893 6113/
22219 00193
444 20130 21091 1515/ 50101 80122 80098 9/015=
ZZYY 62776 21091 1530/ 745050 002888 6113/
22219 00202
444 20130 21091 1542/ 50101 80115 80038 9/015=
ZZYY 62776 21091 1500/ 745050 002886 6113/
22219 00202
444 20130 21091 1512/ 50101 80115 80037 9/015=
ZZYY 62775 21091 1530/ 743835 002118 6113/
22219 00218
444 20130 21091 1545/ 50101 80116 80046 9/015=
ZZYY 62775 21091 1500/ 743837 002114 6113/
22219 00219
444 20130 21091 1515/ 50101 80116 80048 9/015=
ZZYY 61793 21091 1530/ 140576 001599 6113/
22219 00248
444 20130 21091 1545/ 50101 80110 80021 9/050=
ZZYY 61793 21091 1500/ 140577 001600 6113/
22219 00248
444 20130 21091 1515/ 50101 80110 80021 9/050=
ZZYY 62774 21091 1530/ 745973 004608 6113/
22219 00197
444 20130 21091 1546/ 50101 80115 80044 9/050=
ZZYY 62774 21091 1500/ 745975 004607 6113/
22219 00197
444 20130 21091 1516/ 50101 80115 80044 9/050=
ZZYY 62772 21091 1530/ 743934 001840 6113/
22219 00219
444 20130 21091 1546/ 50101 80115 80051 9/050=
ZZYY 62772 21091 1500/ 743934 001840 6113/
22219 00219
444 20130 21091 1516/ 50101 80115 80049 9/050=
ZZYY 61850 21091 1530/ 138141 003340 6113/
22219 00255
444 20130 21091 1546/ 50101 80087 80014 9/015=
ZZYY 61850 21091 1500/ 138136 003344 6113/
22219 00255
444 20130 21091 1516/ 50101 80087 80014 9/015=
####018000146####
SSVX13 LFPW 211600
ZZYY 64611 21091 1600/ 763306 025745 6110/ 11119 49922 52022 22219
 00109 444 20100 21091 1600/ 50101 80131 80000 9/015=
####018000939####
SSVX02 KARS 211558
ZZYY 44930 21091 1506/ 765126 001402 6112/
444 20120 21091 1509/ 50101 80092 80099 9/015=
ZZYY 48673 21091 1505/ 776623 124012 6112/
444 20120 21091 1501/ 500// 9/000=
ZZYY 63579 21091 1503/ 168990 047042 6112/
22219 00085
444 20120 21091 1501/ 50101 80005 80004 9////=
ZZYY 63964 21091 1504/ 173738 023065 6112/
444 20120 21091 1507/ 50101 80007 80018 9/015=
ZZYY 63951 21091 1504/ 765639 001326 6112/
22219 00106
444 20120 21091 1459/ 50101 80007 80033 9/015=
ZZYY 63948 21091 1505/ 175346 035635 6112/
22219 00056
444 20120 21091 1506/ 50101 80007 80005 9/015=
ZZYY 63583 21091 1503/ 172493 046810 6112/
22219 00081
444 20120 21091 1506/ 50101 80009 80005 9/015=
ZZYY 63584 21091 1504/ 777771 002011 6111/
22219 00044
444 20110 21091 1507/ 50101 80008 80012 9/015=
ZZYY 63966 21091 1503/ 171469 015268 6113/
22219 00104
444 20130 21091 1458/ 50101 80008 80005 9/015=
####018000433####
SSVX06 KARS 211558
ZZYY 47558 21091 1505/ 773755 081734 6111/
444 20110 21091 1503/ 500// 9/000=
ZZYY 48506 21091 1506/ 779543 119166 6111/
11119 40046
444 20110 21091 1501/ 500//=
ZZYY 47554 21091 1505/ 774309 111654 6113/
444 20130 21091 1517/ 500// 9/000=
ZZYY 48505 21091 1504/ 780179 127730 6111/
444 20110 21091 1500/ 500//=
ZZYY 47553 21091 1506/ 779349 103395 6111/
444 20110 21091 1503/ 500// 9/000=
####018000791####
SSVX13 LFVW 211556
ZZYY 13575 21091 1430/ 703555 027639 6111/
11119 40130
22219 00282
33311 88872 20000 32817 43523
444 20110 21091 1417/ 50101 80118 80010 9/015=
ZZYY 13575 21091 1330/ 703555 027639 6111/
11119 40139
22219 00281
33311 88872 20000 32811 43523
444 20110 21091 1417/ 50101 80118 80008 9/015=
ZZYY 13575 21091 1530/ 703551 027632 6112/
11119 40121
22219 00282
33311 88872 20000 32818 43523
444 20120 21091 1535/ 50101 80118 80014 9/015=
ZZYY 15955 21091 1420/ 503683 017972 6113/
11119 40135
22219 00252
33311 88872 20000 32522 43624
444 20130 21091 1415/ 50101 80118 80011 9/015=
ZZYY 15955 21091 1120/ 503674 017943 6111/
11119 40160
22219 00250
33311 88872 20000 32503 43623
444 20110 21091 1022/ 50101 80118 80011 9/015=
