####018004029####
SSVX08 KARS 212049
ZZYY 32323 20091 1200/ 700044 109918 6111/
33311 88872 20001 32150 43466 20020 31886 43478 20040 31651 43488
20060 31556 43496 20080 31463 20100 31438 20120 31403 20140 31369
20180 31290 20300 31156 20500 30815
444 20110 20091 1320/ 521//=
ZZYY 32323 21091 20004 700040 109918 6111/
11119 01110 10211 29095 40115
22219 00214
444 20110 21091 1923/ 521// 60401=
ZZYY 32319 20091 1200/ 507985 110073 6111/
33311 88872 20001 32375 43509 20020 32370 20040 32367 20060 32366
20080 32334 20100 31910 20120 31534 20140 31424 20180 31338
20300 31163 20500 30856
444 20110 20091 1322/ 521//=
ZZYY 32319 21091 20004 507989 110076 6112/
11119 01116 10242 29074
22219 00243
444 20120 21091 2034/ 521// 60401=
ZZYY 32305 20091 12004 508023 095271 6111/
11119 01212 10211 29075
22219 00228
33311 88872 20000 32276 20001 32282 43527
444 20110 20091 1230/ 521// 60401=
ZZYY 32305 21091 20004 508021 095270 6112/
11119 01215 10216 29074
22219 00229
444 20120 21091 2033/ 521// 60401=
ZZYY 43301 20091 12004 707993 094888 6111/
11119 02117 10270 29086
22219 00276
33311 88872 20000 32764 20001 32767 43282 20020 32640 20040 31702
20060 31416 20080 31339 20100 31318 20120 31302 20140 31274
20180 31231 20300 31091 20500 30817
444 20110 20091 1257/ 521// 60401=
ZZYY 43301 21091 20004 707983 094901 6112/
11119 02409 10273 29077
22219 00279
444 20120 21091 1927/ 521// 60401=
ZZYY 32317 20091 1200/ 502008 110318 6112/
33311 88872 20001 32233 43478 20020 32170 20040 32045 20060 31985
20080 31525 20100 31343 20120 31325 20140 31313 20180 31284
20300 31179 20500 30851
444 20120 20091 1320/ 521//=
ZZYY 32321 20091 12004 700219 095423 6111/
11119 01711 10210 29079
22219 00215
33311 88872 20000 32154 20001 32167 43441
444 20110 20091 1259/ 521// 60401=
ZZYY 32304 20091 12004 505074 095073 6112/
11119 01508 10222 29070
22219 00220
33311 88872 20000 32204 20001 32212 43516 20020 32205 20040 32192
20060 31737 20080 31481 20100 31426 20120 31384 20140 31350
20180 31306 20300 31206 20500 30842
444 20120 20091 1301/ 521// 60401=
ZZYY 32304 21091 20004 505075 095073 6111/
11119 01413 10221 29079
22219 00221
444 20110 21091 2033/ 521// 60401=
ZZYY 32318 20091 1200/ 504978 110000 6111/
33311 88872 20001 32411 43521 20040 32403 20060 32365 20080 31737
20100 31484 20120 31411 20140 31354 20180 31301 20300 31171
20500 30862
444 20110 20091 1011/ 521//=
ZZYY 32318 21091 20004 504986 110003 6111/
11119 01218 10237 29071
22219 00241
444 20110 21091 1557/ 521// 60401=
ZZYY 32303 20091 12004 704915 094990 6111/
11119 01814 10254 29081
22219 00273
33311 88872 20000 32728 20001 32732 43299 20040 32490 20060 32010
20080 31794 20100 31556 20120 31414 20140 31376 20180 31327
20300 31141
444 20110 20091 1257/ 521// 60401=
ZZYY 32303 21091 20004 704935 095002 6112/
11119 02007 10258 29072
22219 00276
444 20120 21091 1923/ 521// 60401=
ZZYY 32320 20091 12004 702113 095420 6111/
11119 01812 10230 29073
33311 88870 20040 31959 20060 31709 20080 31563 20100 31467
20120 31408 20140 31383 20180 31324 20300 31089 20500 30807
444 20110 20091 0956/ 521// 60401=
ZZYY 32320 21091 20004 702108 095414 6111/
11119 01712 10227 29076
444 20110 21091 1923/ 521// 60401=
ZZYY 32315 20091 1200/ 705008 110064 6111/
33311 88872 20001 32693 43398 20020 32693 20040 32694 20060 32701
20080 32673 20100 31954 20120 31416 20140 31302 20180 31167
20300 31037 20500 30804
444 20110 20091 1318/ 521//=
ZZYY 32315 21091 20004 705003 110055 6111/
11119 01616 10248 29081
22219 00269
444 20110 21091 1925/ 521// 60401=
ZZYY 32316 20091 1200/ 702047 110043 6111/
33311 88872 20001 32496 43391 20040 32190 20060 31660 20080 31447
20100 31373 20120 31347 20140 31338 20180 31318 20300 31147
20500 30829
444 20110 20091 1319/ 521//=
ZZYY 32316 21091 20004 702045 110045 6112/
11119 01215 10214 29084
22219 00220
444 20120 21091 1556/ 521// 60401=
####018011007####
SSVX02 KARS 212049
ZZYY 51513 21091 2037/ 708923 107080 6112/
22219 00276
444 20120 21091 1921/ 50101 80115 80022 9/015=
ZZYY 32533 21091 2032/ 514586 110401 6111/
22219 00233
444 50101 80121 80010 9/015=
ZZYY 32739 21091 2038/ 518294 095519 6113/
22219 00201
444 20130 21091 2033/ 50101 80120 80025 9/015=
ZZYY 32912 21091 2038/ 517041 090755 6113/
22219 00192
444 20130 21091 2033/ 50101 80120 80113 9/015=
ZZYY 32695 21091 2034/ 523583 106049 6111/
22219 00207
444 20110 21091 2031/ 50101 80094 80061 9/015=
ZZYY 32548 21091 2034/ 516623 096240 6112/
22219 00206
444 50101 80120 80045 9/015=
ZZYY 32917 21091 2036/ 519590 090218 6111/
22219 00191
444 20110 21091 1918/ 50101 80120 80104 9/015=
ZZYY 32528 21091 2038/ 518495 088395 6111/
22219 00186
444 20110 21091 2032/ 50101 80120 80088 9/015=
ZZYY 32923 21091 2000/ 506139 117303 6111/
11119 30133 40133 57015
22219 00240
444 20110 21091 1849/ 50101 80120 80100 9/015=
ZZYY 32923 21091 1900/ 506139 117303 6111/
11119 30140 40140 57005
22219 00240
444 20110 21091 1849/ 50101 80120 80100 9/015=
ZZYY 32916 21091 1950/ 506803 107700 6111/
11119 30132 40132 57020
22219 00241
444 20110 21091 2032/ 50101 80120 80085 9/015=
ZZYY 32916 21091 1900/ 506803 107700 6111/
11119 30138 40138 57014
22219 00241
444 20110 21091 2032/ 50101 80120 80068 9/015=
ZZYY 51958 21091 2038/ 706937 113797 6112/
22219 00274
444 20120 21091 1922/ 50101 80077 80015 9/015=
ZZYY 32734 21091 1840/ 504164 111283 6113/
11119 30127 40127 57008
22219 00230
444 20130 21091 1708/ 50101 80120 80095 9/015=
ZZYY 32734 21091 1740/ 504164 111283 6113/
11119 30133 40133 52003
22219 00230
444 20130 21091 1708/ 50101 80120 80096 9/015=
ZZYY 54929 21091 1730/ 525124 109036 6112/
11119 30179 40179 52013
22219 00211
444 20120 21091 1711/ 50101 8//// 80000 9////=
ZZYY 54929 21091 1830/ 525124 109036 6112/
11119 30177 40177 52002
22219 00211
444 20120 21091 1711/ 50101 8//// 80000 9////=
ZZYY 32626 21091 2038/ 517597 090229 6111/
22219 00188
444 20110 21091 2032/ 50101 80116 80105 9/015=
ZZYY 54923 21091 2010/ 530876 105478 6111/
11119 30108 40108 57017
22219 00183
444 20110 21091 2032/ 50101 8//// 80000 9////=
ZZYY 32624 21091 2038/ 511338 100704 6112/
22219 00223
444 20120 21091 2032/ 50101 80116 80180 9/015=
ZZYY 32803 21091 2030/ 524039 116600 6112/
22219 00221
444 20120 21091 1711/ 50101 80102 80003 9/015=
ZZYY 54912 21091 2020/ 523964 098929 6112/
11119 30191 40191 57006
22219 00200
444 20120 21091 2032/ 50101 8//// 80000 9////=
ZZYY 32683 21091 2038/ 518756 095817 6113/
22219 00199
444 20130 21091 2032/ 50101 80116 80040 9/015=
ZZYY 54926 21091 1950/ 529959 103059 6111/
11119 30152 40152 57013
22219 00191
444 20110 21091 1916/ 50101 8//// 80000 9////=
ZZYY 32549 21091 2038/ 518896 094013 6112/
22219 00196
444 20120 21091 2033/ 50101 80114 80180 9/015=
ZZYY 32538 21091 2038/ 522558 092271 6112/
22219 00188
444 20120 21091 2032/ 50101 80116 80073 9/015=
ZZYY 55957 21091 2010/ 536816 108532 6112/
11119 49936 57026
22219 00142
444 20120 21091 1713/ 50101 80010 80000 9////=
ZZYY 55954 21091 1930/ 533832 100324 6111/
11119 40124 57013
22219 00155
444 20110 21091 1916/ 50101 80010 80000 9////=
ZZYY 55954 21091 2030/ 533832 100324 6111/
11119 40116 57018
22219 00155
444 20110 21091 1916/ 50101 80010 80000 9////=
ZZYY 16591 21091 1930/ 524629 104164 6111/
11119 30190 40190 52001
22219 00207
444 20110 21091 1916/ 50101 8//// 80062 9////=
ZZYY 16591 21091 2030/ 524640 104163 6112/
11119 30182 40182 57009
22219 00207
444 20120 21091 2031/ 50101 8//// 80035 9////=
ZZYY 55959 21091 1940/ 529362 095313 6112/
11119 40204 57007
22219 00189
444 20120 21091 1917/ 50101 80010 80000 9////=
ZZYY 55953 21091 1950/ 536617 099321 6113/
11119 40092 57012
22219 00143
444 20130 21091 1915/ 50101 80009 80000 9////=
ZZYY 34542 21091 2020/ 520470 102565 6111/
11119 30239 40239
22219 00210
444 20110 21091 2033/ 50101 80130 80002 9/015=
ZZYY 32915 21091 2030/ 503788 105382 6112/
11119 30111 40111 57027
22219 00230
444 20120 21091 2034/ 50101 80130 80100 9/015=
ZZYY 32805 21091 2033/ 532739 101857 6111/
22219 00169
444 20110 21091 1915/ 50101 80104 80067 9/015=
ZZYY 32815 21091 1940/ 518096 116206 6112/
11119 30174 40174 57013
22219 00235
444 20120 21091 1709/ 50101 80120 80049 9/015=
ZZYY 32815 21091 1740/ 518096 116206 6112/
11119 30186 40186 52013
22219 00234
444 20120 21091 1709/ 50101 80120 80054 9/015=
ZZYY 55609 21091 1940/ 528836 089712 6112/
22219 00173
444 20120 21091 1916/ 50101 80010 80000 9////=
ZZYY 55600 21091 1950/ 534969 089828 6112/
11119 40190 57002
22219 00146
444 20120 21091 1916/ 50101 80010 80000 9////=
ZZYY 32736 21091 2038/ 514209 094847 6113/
444 20130 21091 2032/ 50101 80114 80000 9/015=
ZZYY 32731 21091 2035/ 516021 082345 6112/
22219 00167
444 20120 21091 2033/ 50101 80114 80123 9/015=
ZZYY 55802 21091 2030/ 528593 109185 6112/
11119 30115 40115 57010
22219 00198
444 20120 21091 1712/ 50101 8//// 80100 9////=
ZZYY 55802 21091 1930/ 528593 109185 6112/
11119 30121 40121 57005
22219 00198
444 20120 21091 1712/ 50101 8//// 80100 9////=
ZZYY 32708 21091 2037/ 515979 087184 6112/
22219 00180
444 20120 21091 2033/ 50101 80114 80180 9/015=
ZZYY 54558 21091 1940/ 529037 080507 6111/
11119 30208 40208 57016
22219 00160
444 20110 21091 1916/ 50101 80100 80060 9/015=
ZZYY 32705 21091 2038/ 515657 091640 6112/
22219 00196
444 20120 21091 2033/ 50101 80114 80041 9/015=
ZZYY 55625 21091 1940/ 527347 091746 6113/
11119 30214 40214 57010
22219 00183
444 20130 21091 1917/ 50101 8//// 80000 9/015=
ZZYY 32704 21091 2038/ 522306 083528 6112/
22219 00170
444 20120 21091 2033/ 50101 80114 80079 9/015=
ZZYY 32702 21091 2038/ 515831 081598 6112/
22219 00171
444 20120 21091 2033/ 50101 80114 80008 9/015=
ZZYY 32526 21091 2038/ 515047 094897 6113/
22219 00202
444 20130 21091 2032/ 50101 80570 80099 9/015=
ZZYY 16949 21091 2030/ 536037 107604 6113/
11119 39958 49958 57020
22219 00139
444 20130 21091 1712/ 50101 8//// 80019 9////=
ZZYY 16949 21091 1930/ 536037 107604 6113/
11119 39967 49967 57015
22219 00139
444 20130 21091 1712/ 50101 8//// 80019 9////=
ZZYY 51620 21091 2038/ 707669 096959 6112/
22219 00278
444 20120 21091 1921/ 50101 80115 80008 9/015=
ZZYY 54947 21091 2000/ 536074 087354 6112/
11119 40178 52002
22219 00142
444 20120 21091 1916/ 50101 80010 80000 9////=
ZZYY 55952 21091 2030/ 538811 116279 6112/
444 20120 21091 1713/ 50101 80090 80011 9/015=
ZZYY 55927 21091 1940/ 540145 107075 6111/
11119 39906 49906 57041
22219 00114
444 20110 21091 1914/ 50101 80100 80017 9/015=
ZZYY 16607 21091 2000/ 537250 096379 6112/
22219 00132
444 20120 21091 1915/ 50101 80010 80005 9////=
ZZYY 55626 21091 2030/ 536819 082067 6111/
11119 30169 40169 57005
22219 00131
444 20110 21091 1915/ 50101 80100 80007 9/015=
ZZYY 55626 21091 1930/ 536819 082067 6111/
11119 30168 40168 57010
22219 00131
444 20110 21091 1915/ 50101 80100 80006 9/015=
ZZYY 16579 21091 1940/ 528804 093255 6113/
11119 30204 40204 57008
22219 00198
444 20130 21091 1916/ 50101 8//// 80000 9////=
ZZYY 16579 21091 1740/ 528792 093264 6111/
11119 30211 40211 57004
22219 00195
444 20110 21091 1713/ 50101 8//// 80000 9////=
ZZYY 55592 21091 2000/ 525974 080467 6111/
444 20110 21091 2033/ 50101 80010 80000 9////=
ZZYY 55569 21091 2010/ 533066 098911 6112/
22219 00161
444 20120 21091 2030/ 50101 80009 80000 9////=
ZZYY 55949 21091 2000/ 527333 111049 6111/
11119 30133 40133 57009
22219 00204
444 20110 21091 2031/ 50101 8//// 80081 9////=
ZZYY 32676 21091 1950/ 500951 115295 6113/
11119 30115 40115 57018
22219 00223
444 20130 21091 1551/ 50101 80120 80062 9/015=
ZZYY 55622 21091 2010/ 525239 117136 6112/
444 20120 21091 1712/ 50101 9////=
ZZYY 55622 21091 1910/ 525239 117136 6112/
11119 30153 40153 52007
22219 00211
444 20120 21091 1712/ 50101 8//// 80035 9////=
ZZYY 55932 21091 1950/ 527222 080801 6111/
11119 40204 57016
22219 00166
444 20110 21091 1916/ 50101 80010 80006 9////=
ZZYY 55931 21091 1940/ 530567 088160 6112/
22219 00190
444 20120 21091 1917/ 50101 80010 80005 9////=
ZZYY 51670 21091 2036/ 710191 106651 6112/
444 20120 21091 1922/ 50101 80111 80005 9/015=
ZZYY 32730 21091 2000/ 509727 119096 6111/
22219 00248
444 20110 21091 1851/ 50101 80140 80001 9/015=
ZZYY 54547 21091 1950/ 540704 116051 6113/
22219 00106
444 20130 21091 1714/ 50101 80010 80005 9////=
ZZYY 33972 21091 1940/ 341154 054180 6112/
444 20120 21091 2021/ 50101 80009 80000 9////=
ZZYY 33886 21091 1950/ 350649 027353 6113/
11119 30017 40017
22219 00035
444 20130 21091 1934/ 50101 80090 80100 9/015=
ZZYY 33656 21091 2010/ 348164 029885 6111/
11119 30060 40060
22219 00076
444 20110 21091 2029/ 50101 80110 80100 9/015=
ZZYY 33595 21091 2010/ 341071 043865 6112/
11119 30312 40312
22219 00125
444 20120 21091 2028/ 50101 80090 80100 9/015=
ZZYY 33883 21091 2020/ 349114 032110 6111/
11119 30028 40028
22219 00020
444 20110 21091 2031/ 50101 80100 80100 9/015=
ZZYY 16604 21091 2030/ 356336 034757 6112/
22219 01001
444 20120 21091 2031/ 50101 80009 80000 9////=
ZZYY 33573 21091 2010/ 349970 025428 6112/
11119 30000 40000 52004
22219 00012
444 20120 21091 2032/ 50101 80130 80001 9/015=
ZZYY 14918 21091 2010/ 333345 046597 6113/
11119 30231 40231 52009
22219 00182
444 20130 21091 2022/ 50101 80123 80006 9/015=
ZZYY 33568 21091 2030/ 344155 075852 6112/
22219 00104
444 20120 21091 2020/ 50101 80090 80100 9/015=
ZZYY 17520 21091 2031/ 336008 045530 6111/
22219 00162
444 20110 21091 2022/ 50101 80094 80000 9////=
ZZYY 33951 21091 2030/ 338961 087159 6112/
22219 00116
444 20120 21091 2020/ 50101 80072 80009 9/015=
ZZYY 14926 21091 2000/ 332109 054353 6113/
11119 30224 40224 52007
444 20130 21091 2021/ 50101 8//// 80000 9/015=
ZZYY 33690 21091 2027/ 342350 099580 6112/
22219 00108
444 20120 21091 1840/ 50101 80074 80135 9/015=
ZZYY 33571 21091 1840/ 328437 043046 6113/
11119 30235 40235 52018
22219 00231
444 20130 21091 1820/ 50101 8//// 80100 9////=
ZZYY 33687 21091 2030/ 333697 061781 6112/
22219 00151
444 20120 21091 2019/ 50101 80070 80000 9/015=
ZZYY 33692 21091 2030/ 341216 091005 6112/
22219 00108
444 20120 21091 2020/ 50101 80074 80072 9/015=
ZZYY 33557 21091 1940/ 335820 046396 6112/
11119 30248 40248 52020
22219 00156
444 20120 21091 2021/ 50101 80110 80003 9/015=
ZZYY 23678 21091 2030/ 340014 089056 6112/
22219 00113
444 20120 21091 2021/ 50101 80049 80099 9////=
ZZYY 33881 21091 2030/ 348512 085239 6112/
11119 30001 40001 57021
22219 00060
444 20120 21091 2021/ 50101 80110 80074 9/015=
####018000149####
SSVX13 KARS 212049
ZZYY 71665 21091 2030/ 353459 001778 6113/
11119 39815 49815
22219 01005
444 20130 21091 1934/ 50101 80110 80100 9/015=
####018000257####
SSVX02 LFVW 212052
ZZYY 56946 21091 1930/ 538772 108955 6113/
11119 49874 57032
22219 00119
444 20130 21091 1713/ 50101 80090 80000 9/015=
ZZYY 22689 21091 2025/ 735808 177709 6111/
22219 00239
444 20110 21091 2023/ 50101 80114 80007 9/015=
####018000531####
SSVX13 LFVW 212052
ZZYY 56547 21091 2020/ 533204 091919 6112/
22219 00155
444 20120 21091 1916/ 50101 80100 80000 9/015=
ZZYY 56506 21091 1900/ 554230 131611 6112/
11119 30132 40132 57008
22219 00065
444 20120 21091 1858/ 50101 80060 80006 9/015=
ZZYY 56506 21091 1800/ 554229 131632 6112/
11119 30135 40135 57005
22219 00064
444 20120 21091 1753/ 50101 80060 80006 9/015=
ZZYY 56511 21091 1840/ 544692 129546 6112/
11119 30034 40034 52011
22219 00083
444 20120 21091 1857/ 50101 80100 80000 9/015=
####018002301####
SSVX02 KARS 212051 RRA
ZZYY 33995 21091 1900/ 544832 040438 6113/
11119 40059 52223
22219 00084
444 2013/ 21091 1728/ 50101 80103 80000 9/015=
ZZYY 54547 21091 1850/ 540704 116051 6113/
22219 00107
444 20130 21091 1714/ 50101 80010 80005 9////=
ZZYY 56604 21091 1950/ 547504 106164 6112/
11119 39915 49915 57017
22219 00071
444 20120 21091 2029/ 50101 80110 80009 9/015=
ZZYY 31901 21091 2034/ 501740 044656 6112/
22219 00313
444 20120 21091 1737/ 50101 80118 80001 9/015=
ZZYY 13636 21091 2034/ 723633 063585 6112/
22219 00285
444 20120 21091 1857/ 50101 80099 80008 9/015=
ZZYY 41561 21091 2030/ 727072 056028 6112/
11119 30220 40220 57001
22219 00281
444 20120 21091 1857/ 50101 80110 80012 9/015=
ZZYY 15637 21091 2034/ 709273 058455 6111/
22219 00303
444 20110 21091 1850/ 50101 80126 80001 9/015=
ZZYY 13568 21091 2010/ 725249 052292 6111/
11119 30217 40217 54000
22219 00281
444 20110 21091 1904/ 50101 80100 80000 9////=
ZZYY 13568 21091 1910/ 725249 052292 6111/
11119 30213 40213 57009
22219 00282
444 20110 21091 1904/ 50101 80100 80000 9////=
ZZYY 41978 21091 1910/ 710288 046354 6111/
11119 30097 40097 57014
444 20110 21091 1856/ 50101 80120 80038 9/015=
ZZYY 41569 21091 2010/ 720281 050428 6111/
11119 30174 40174 57004
22219 00281
444 20110 21091 1858/ 50101 80110 80007 9/015=
ZZYY 41569 21091 1910/ 720281 050428 6111/
11119 30173 40173 57008
22219 00282
444 20110 21091 1858/ 50101 80110 80008 9/015=
ZZYY 41593 21091 1920/ 726462 063440 6113/
11119 30202 40202 57009
22219 00275
444 20130 21091 1857/ 50101 80120 80035 9/015=
ZZYY 13527 21091 2020/ 712779 051639 6112/
11119 30119 40119
22219 00288
444 20120 21091 1737/ 50101 80070 80000 9/015=
ZZYY 41623 21091 2020/ 727549 053567 6112/
11119 30229 40229 52003
22219 00284
444 20120 21091 1857/ 50101 80120 80035 9/015=
ZZYY 41623 21091 1920/ 727549 053567 6112/
11119 30223 40223 57008
22219 00284
444 20120 21091 1857/ 50101 80120 80034 9/015=
ZZYY 41954 21091 2030/ 728651 078457 6112/
11119 30172 40172
22219 00283
444 20120 21091 1857/ 50101 80110 80027 9/015=
ZZYY 41607 21091 1900/ 717671 041695 6112/
11119 30151 40151 57010
22219 00272
444 20120 21091 1716/ 50101 80120 80037 9/015=
####018014911####
SSVX02 KARS 212051
ZZYY 51780 21091 2031/ 512527 161386 6113/
22219 00274
444 20130 21091 1910/ 50101 80115 80012 9/015=
ZZYY 46564 21091 2000/ 747390 168475 6113/
11119 30071 40071 52011
22219 00110
444 20130 21091 1845/ 50101 80130 80070 9/015=
ZZYY 32615 21091 2027/ 708819 143788 6113/
22219 00275
444 50101 80005 80019 9/015=
ZZYY 32675 21091 2030/ 703801 138548 6112/
22219 00263
444 20120 21091 1843/ 50101 80120 80103 9/015=
ZZYY 46903 21091 2025/ 730524 134502 6112/
22219 00216
444 20120 21091 1847/ 50101 80138 80000 9/015=
ZZYY 51955 21091 2027/ 129835 179886 6111/
22219 00272
444 20110 21091 2025/ 50101 80148 80008 9/015=
ZZYY 46605 21091 2028/ 730644 176151 6111/
22219 00268
444 20110 21091 2024/ 50101 80142 80006 9/015=
ZZYY 51653 21091 2027/ 718809 135964 6113/
22219 00252
444 20130 21091 1725/ 50101 80122 80022 9/015=
ZZYY 51946 21091 2020/ 525491 165250 6113/
22219 00215
33311 88872 20000 32145 42048
444 20130 21091 1912/ 50101 80070 80008 9/015=
ZZYY 51664 21091 2030/ 712945 172383 6113/
22219 00274
444 20130 21091 2025/ 50101 80111 80119 9/015=
ZZYY 51973 21091 2028/ 733733 163901 6113/
22219 00253
444 20130 21091 2024/ 50101 80117 80039 9/015=
ZZYY 46566 21091 2000/ 726864 149350 6112/
11119 30205 40205 52009
22219 00254
444 20120 21091 2024/ 50101 8//// 80000 9/015=
ZZYY 46566 21091 1900/ 726873 149352 6113/
11119 30202 40202 52010
22219 00253
444 20130 21091 1848/ 50101 8//// 80000 9/015=
ZZYY 46608 21091 2010/ 738779 161452 6111/
11119 30053 40053 57012
22219 00211
444 20110 21091 2023/ 50101 8//// 80100 9/015=
ZZYY 51974 21091 2028/ 736603 164033 6111/
22219 00238
444 20110 21091 2024/ 50101 80119 80013 9/015=
ZZYY 46607 21091 1920/ 728284 146722 6113/
11119 30212 40212
22219 00247
444 20130 21091 1848/ 50101 80100 80000 9/015=
ZZYY 46607 21091 2020/ 728287 146730 6113/
11119 30211 40211
22219 00248
444 20130 21091 2024/ 50101 80100 80000 9/015=
ZZYY 51948 21091 2030/ 502182 178712 6113/
22219 00280
444 20130 21091 1909/ 50101 80119 80008 9/015=
ZZYY 51913 21091 2030/ 515756 173342 6111/
22219 00204
444 20110 21091 1911/ 50101 80115 80010 9/015=
ZZYY 46927 21091 2027/ 733061 145739 6111/
22219 00240
444 20110 21091 2023/ 50101 80138 80002 9/015=
ZZYY 53904 21091 2021/ 142133 171765 6112/
22219 00190
444 20120 21091 2031/ 50101 80132 80007 9/015=
ZZYY 46540 21091 1940/ 742497 144630 6111/
11119 30114 40114 52011
22219 00184
444 20110 21091 1903/ 50101 80123 80009 9/015=
ZZYY 51669 21091 2030/ 511814 174766 6112/
22219 00279
444 20120 21091 1911/ 50101 80105 80127 9/015=
ZZYY 51930 21091 2029/ 727733 176922 6111/
22219 00270
444 20110 21091 2032/ 50101 80115 80017 9/015=
ZZYY 52801 21091 2010/ 728485 154682 6113/
11119 30211 40211 52009
22219 00262
444 20130 21091 2024/ 50101 80009 80000 9////=
ZZYY 52801 21091 1910/ 728478 154683 6113/
11119 30209 40209 52011
22219 00259
444 20130 21091 1847/ 50101 80009 80000 9////=
ZZYY 43522 21091 2029/ 126003 177277 6112/
22219 00283
444 20120 21091 2024/ 50101 80076 80003 9/015=
ZZYY 43540 21091 2025/ 715450 133107 6112/
22219 00263
444 20120 21091 1841/ 50101 80096 80014 9/015=
ZZYY 51931 21091 2029/ 729336 161325 6112/
22219 00265
444 20120 21091 2024/ 50101 80068 80010 9/015=
ZZYY 51932 21091 2028/ 723668 163179 6111/
22219 00271
444 20110 21091 2024/ 50101 80086 80025 9/015=
ZZYY 51617 21091 2031/ 710087 173419 6112/
22219 00281
444 20120 21091 2026/ 50101 80045 80000 9/015=
ZZYY 21543 21091 2000/ 734510 151632 6112/
11119 40175 52013
22219 00245
444 20120 21091 2024/ 50101 80010 80000 9////=
ZZYY 21543 21091 1900/ 734497 151606 6111/
11119 40170 52012
22219 00245
444 20110 21091 1905/ 50101 80010 80000 9////=
ZZYY 21910 21091 2026/ 128732 173961 6112/
22219 00279
444 20120 21091 1612/ 50101 80122 80008 9/015=
ZZYY 21912 21091 2027/ 127956 176065 6111/
22219 00275
444 20110 21091 1855/ 50101 80148 80006 9/015=
ZZYY 51627 21091 2031/ 517805 169394 6112/
22219 00273
444 20120 21091 1912/ 50101 80113 80000 9/015=
ZZYY 51641 21091 2028/ 732626 172630 6113/
22219 00263
444 20130 21091 2023/ 50101 80117 80061 9/015=
ZZYY 22576 21091 2026/ 732655 140289 6112/
22219 00240
444 20120 21091 2022/ 50101 80010 80000 9/015=
ZZYY 14942 21091 2031/ 726845 165738 6112/
22219 00271
444 20120 21091 2026/ 50101 8//// 80000 9/015=
ZZYY 46926 21091 2029/ 724966 143016 6112/
22219 00241
444 20120 21091 2024/ 50101 80138 80001 9/015=
ZZYY 14946 21091 2023/ 132311 170907 6112/
22219 00271
444 20120 21091 2032/ 50101 8//// 80000 9/015=
ZZYY 43525 21091 2030/ 715165 159041 6111/
22219 00266
444 20110 21091 2025/ 50101 80088 80013 9/015=
ZZYY 22919 21091 2024/ 131751 170452 6112/
22219 00276
444 20120 21091 2032/ 50101 80009 80000 9/015=
ZZYY 14945 21091 2027/ 739424 158946 6111/
22219 00197
444 20110 21091 2023/ 50101 8//// 80027 9/015=
ZZYY 51663 21091 2030/ 512153 170375 6111/
22219 00276
444 20110 21091 1910/ 50101 80111 80007 9/015=
ZZYY 43529 21091 2027/ 717047 172213 6113/
22219 00272
444 20130 21091 2025/ 50101 80082 80002 9/015=
ZZYY 51647 21091 2028/ 710717 150908 6112/
22219 00273
444 20120 21091 2024/ 50101 80107 80006 9/015=
ZZYY 43518 21091 2027/ 728845 169808 6113/
22219 00270
444 20130 21091 2023/ 50101 80074 80003 9/015=
ZZYY 51892 21091 2030/ 710137 179073 6112/
22219 00282
444 20120 21091 2027/ 50101 80105 80005 9/015=
ZZYY 52618 21091 2030/ 709450 175760 6112/
22219 00280
444 20120 21091 2026/ 50101 80117 80003 9/015=
ZZYY 32725 21091 2030/ 513072 167666 6112/
22219 00276
444 20120 21091 1910/ 50101 80121 80003 9/015=
ZZYY 22536 21091 2027/ 131778 176435 6111/
22219 00269
444 20110 21091 2024/ 50101 80010 80001 9////=
ZZYY 21541 21091 2020/ 714628 167986 6112/
11119 30143 40143 52014
22219 00270
444 20120 21091 2025/ 50101 80010 80000 9////=
ZZYY 21541 21091 1920/ 714624 167953 6112/
11119 30142 40142 52021
22219 00270
444 20120 21091 1859/ 50101 80010 80000 9////=
ZZYY 21964 21091 2020/ 134946 174803 6111/
11119 30232 40232 52021
22219 00252
444 20110 21091 1854/ 50101 80009 80000 9////=
ZZYY 22910 21091 2027/ 740301 151683 6112/
22219 00200
444 50101 80009 80015 9////=
ZZYY 46762 21091 2027/ 720350 136205 6111/
22219 00232
444 20110 21091 2023/ 50101 80000 80022 9/015=
ZZYY 22927 21091 2026/ 741396 152332 6112/
22219 00175
444 50101 80009 80099 9////=
ZZYY 46909 21091 2031/ 719897 175885 6113/
444 20130 21091 2025/ 50101 80112 80000 9/015=
ZZYY 46768 21091 2027/ 718082 139763 6111/
22219 00245
444 20110 21091 2024/ 50101 80072 80034 9/015=
ZZYY 51652 21091 2030/ 705021 169407 6112/
22219 00274
444 20120 21091 2026/ 50101 80123 80020 9/015=
ZZYY 46767 21091 2030/ 715905 168466 6112/
22219 00273
444 20120 21091 2025/ 50101 80076 80031 9/015=
ZZYY 51900 21091 2031/ 702309 138859 6111/
22219 00261
444 20110 21091 1843/ 50101 80120 80008 9/015=
ZZYY 51788 21091 2030/ 709444 149667 6112/
22219 00276
444 20120 21091 2025/ 50101 80088 80000 9/015=
ZZYY 51771 21091 2030/ 504281 163594 6111/
22219 00273
444 20110 21091 2027/ 50101 80119 80011 9/015=
ZZYY 32684 21091 2031/ 518570 158551 6112/
22219 00261
444 20120 21091 1911/ 50101 80104 80021 9/015=
ZZYY 46764 21091 2029/ 720808 177243 6113/
22219 00278
444 20130 21091 2025/ 50101 80072 80018 9/015=
ZZYY 46766 21091 2029/ 723279 152240 6113/
22219 00253
444 20130 21091 2025/ 50101 80082 80025 9/015=
ZZYY 51657 21091 2028/ 506814 179040 6112/
22219 00281
444 20120 21091 1910/ 50101 80117 9/015=
ZZYY 46516 21091 2026/ 735427 140082 6111/
22219 00233
444 20110 21091 2023/ 50101 80094 80058 9////=
ZZYY 46904 21091 2029/ 719367 140170 6111/
22219 00245
444 20110 21091 2025/ 50101 80072 80078 9/015=
ZZYY 51628 21091 2027/ 127637 179804 6112/
22219 00273
444 20120 21091 2023/ 50101 80090 80020 9/015=
ZZYY 46567 21091 2028/ 720170 163502 6111/
22219 00272
444 20110 21091 2025/ 50101 80078 80033 9/015=
ZZYY 22635 21091 2028/ 722054 139630 6112/
444 20120 21091 2023/ 50101 80009 80042 9/015=
ZZYY 52667 21091 2025/ 741530 154777 6111/
22219 00172
444 20110 21091 2026/ 50101 8//// 80006 9////=
ZZYY 22578 21091 2026/ 131503 173323 6111/
22219 00271
444 20110 21091 2024/ 50101 80010 80000 9/015=
ZZYY 22616 21091 2029/ 732202 154480 6112/
22219 00258
444 20120 21091 2024/ 50101 80045 80000 9/015=
ZZYY 51526 21091 2031/ 507462 164047 6112/
22219 00276
444 20120 21091 1909/ 50101 80121 80014 9/015=
ZZYY 52901 21091 2024/ 132615 169981 6111/
22219 00268
444 20110 21091 1854/ 50101 80010 80089 9/015=
ZZYY 51643 21091 2030/ 508513 152870 6112/
22219 00272
444 20120 21091 1909/ 50101 80117 80010 9/015=
ZZYY 51624 21091 2030/ 516173 174314 6111/
22219 00273
444 20110 21091 1911/ 50101 80087 80017 9/015=
ZZYY 21617 21091 2021/ 133536 172553 6112/
22219 00260
444 20120 21091 2031/ 50101 80110 80047 9/015=
ZZYY 32719 21091 2031/ 510536 167199 6112/
444 20120 21091 1911/ 50101 80540 80087 9/015=
ZZYY 51855 21091 2025/ 133208 175471 6112/
22219 00259
444 20120 21091 1854/ 50101 80111 80007 9/015=
ZZYY 22593 21091 2025/ 739588 154290 6111/
22219 00205
444 20110 21091 2022/ 50101 80007 80099 9/015=
ZZYY 51907 21091 2031/ 504182 159665 6111/
22219 00271
444 20110 21091 2027/ 50101 80119 80024 9/015=
ZZYY 51770 21091 2030/ 710437 143574 6111/
22219 00273
444 20110 21091 2026/ 50101 80119 80039 9/015=
ZZYY 46905 21091 2029/ 710167 152917 6113/
22219 00276
444 20130 21091 2026/ 50101 80084 80026 9/015=
ZZYY 51918 21091 2030/ 504589 170756 6112/
22219 00276
444 20120 21091 1908/ 50101 80121 80005 9/015=
ZZYY 46906 21091 2030/ 712505 149511 6112/
22219 00270
444 20120 21091 2025/ 50101 80076 80030 9/015=
ZZYY 51639 21091 2030/ 504893 174711 6111/
444 20110 21091 2028/ 50101 80117 80255 9/015=
ZZYY 51781 21091 2029/ 505218 169640 6111/
22219 00276
444 20110 21091 1909/ 50101 80121 80043 9/015=
ZZYY 51873 21091 2031/ 507944 161909 6111/
22219 00276
444 20110 21091 2028/ 50101 80119 80024 9/015=
ZZYY 51671 21091 2031/ 306121 173446 6112/
22219 00287
444 20120 21091 1909/ 50101 80121 80025 9/015=
ZZYY 32713 21091 2031/ 305951 174868 6113/
22219 00285
444 20130 21091 1910/ 50101 80550 80096 9/015=
ZZYY 46917 21091 1930/ 737835 144371 6111/
11119 30151 40151 52020
22219 00224
444 20110 21091 1904/ 50101 80050 80063 9/015=
ZZYY 51613 21091 2031/ 709351 141513 6112/
444 20120 21091 2026/ 50101 80113 80073 9/015=
ZZYY 51870 21091 2031/ 304352 173524 6112/
444 20120 21091 1908/ 50101 80111 80013 9/015=
ZZYY 51739 21091 2030/ 714570 153705 6112/
22219 00268
444 20120 21091 2025/ 50101 80111 80009 9/015=
ZZYY 31538 21091 2028/ 534480 051344 6111/
22219 00183
444 20110 21091 2025/ 50101 80071 80017 9/015=
ZZYY 32695 21091 2030/ 523587 106048 6112/
22219 00207
444 20120 21091 2031/ 50101 80094 80061 9/015=
ZZYY 56563 21091 1950/ 558735 069184 6111/
11119 30175 40175 57014
22219 00048
444 20110 21091 2023/ 50101 80100 80000 9/015=
ZZYY 55934 21091 1950/ 557622 114688 6112/
22219 00041
444 20120 21091 1907/ 50101 8//// 80000 9////=
ZZYY 32538 21091 2031/ 522558 092271 6113/
22219 00188
444 20130 21091 2032/ 50101 80116 80070 9/015=
ZZYY 71606 21091 1940/ 556958 118140 6112/
22219 00030
444 20120 21091 1754/ 50101 80010 80000 9////=
ZZYY 71606 21091 1840/ 556958 118140 6112/
22219 00031
444 20120 21091 1754/ 50101 80010 80000 9////=
ZZYY 71568 21091 2000/ 560062 116302 6111/
11119 40123 57012
22219 00015
444 20110 21091 1754/ 50101 80009 80000 9////=
ZZYY 55957 21091 1910/ 536838 108537 6111/
11119 49945 57016
22219 00142
444 20110 21091 2029/ 50101 80010 80000 9////=
ZZYY 33672 21091 2000/ 543066 044406 6112/
11119 30057 40057
22219 00087
444 20120 21091 1907/ 50101 80110 80100 9/015=
ZZYY 34542 21091 1720/ 520469 102553 6111/
11119 30239 40239
22219 00209
444 20110 21091 1601/ 50101 80130 80002 9/015=
ZZYY 33510 21091 1930/ 548978 054021 6113/
11119 30064 40064
22219 00051
444 20130 21091 1907/ 50101 80110 80100 9/015=
ZZYY 71611 21091 2000/ 558405 121793 6112/
11119 40105 57013
22219 00009
444 20120 21091 1754/ 50101 80010 80000 9////=
ZZYY 71611 21091 1800/ 558405 121793 6112/
11119 40118 52001
22219 00009
444 20120 21091 1754/ 50101 80010 80000 9////=
ZZYY 55910 21091 2010/ 553455 112069 6111/
11119 39938 49938 52002
22219 00052
444 20110 21091 1909/ 50101 80100 80000 9/015=
ZZYY 16587 21091 1950/ 548524 055209 6111/
22219 00037
444 20110 21091 2023/ 50101 80100 80000 9/015=
ZZYY 71703 21091 2023/ 550197 044978 6112/
22219 00026
444 20120 21091 1908/ 50101 80118 80122 9/015=
ZZYY 55638 21091 1740/ 540057 112881 6112/
11119 39781 49781 57024
22219 00109
444 20120 21091 1712/ 50101 80100 80016 9/015=
ZZYY 71635 21091 2022/ 548353 043228 6111/
22219 00047
444 20110 21091 1908/ 50101 80116 80122 9/015=
ZZYY 32520 21091 2031/ 519201 076691 6111/
22219 00167
444 20110 21091 1527/ 50101 80118 80145 9/015=
ZZYY 71701 21091 2021/ 551929 043438 6112/
22219 00013
444 20120 21091 1908/ 50101 80114 80106 9/015=
ZZYY 71671 21091 1940/ 553165 038957 6112/
11119 39900 49900
22219 00004
444 20120 21091 1908/ 50101 80110 80000 9/015=
ZZYY 55802 21091 1830/ 528593 109185 6112/
11119 30125 40125 57001
22219 00198
444 20120 21091 1712/ 50101 8//// 80100 9////=
ZZYY 55802 21091 1730/ 528593 109185 6112/
11119 30125 40125 57001
22219 00198
444 20120 21091 1712/ 50101 8//// 80100 9////=
ZZYY 56561 21091 1950/ 556444 076713 6111/
11119 30264 40264 57005
22219 00046
444 20110 21091 2023/ 50101 8//// 80008 9/015=
ZZYY 71709 21091 2022/ 548656 040527 6111/
22219 00021
444 20110 21091 1907/ 50101 80116 80151 9/015=
ZZYY 71573 21091 2021/ 553986 042802 6113/
22219 00010
444 20130 21091 1907/ 50101 80116 80104 9/015=
ZZYY 33533 21091 2000/ 549467 046846 6111/
11119 39987 49987
444 20110 21091 1846/ 50101 80110 80100 9/015=
ZZYY 33909 21091 2000/ 543399 042807 6112/
11119 30069 40069 57022
22219 00080
444 20120 21091 1908/ 50101 80110 80045 9/015=
ZZYY 55950 21091 1940/ 551426 044898 6112/
11119 39951 49951 52004
444 20120 21091 1906/ 50101 80100 80006 9/015=
ZZYY 55570 21091 1900/ 538496 116703 6112/
22219 00131
444 20120 21091 1712/ 50101 80010 80002 9////=
ZZYY 55570 21091 1750/ 538496 116703 6112/
22219 00131
444 20120 21091 1712/ 50101 80010 80002 9////=
ZZYY 16522 21091 1950/ 543523 102736 6112/
11119 49961 57023
22219 00090
444 20120 21091 1914/ 50101 80010 80021 9////=
####018003781####
SSVX08 KARS 212051
ZZYY 52315 20091 1200/ 707983 179855 6112/
33311 88872 20001 32879 43419 20025 32881 20050 32882 20075 32850
20100 32778 20125 32301 20150 31789 20200 31200 20250 31089
20500 30830
444 20120 20091 0953/ 521//=
ZZYY 52315 21091 20004 707973 179857 6112/
11119 01007 10279 29075
22219 00288
444 20120 21091 1859/ 521// 60401=
ZZYY 51304 20091 1200/ 504993 170026 6112/
33311 88872 20001 32779 43543 20025 32778 20050 32777 20125 32682
20150 32522 20200 31890 20250 31354 20300 31117 20500 30821
444 20120 20091 1154/ 521//=
ZZYY 52313 20091 1200/ 305842 176732 6111/
33311 88872 20001 32842 43557 20025 32842 20050 32840 20075 32840
20100 32840 20125 32841 20150 32819 20200 32245 20250 31633
20300 31240 20500 30805
444 20110 20091 1311/ 521//=
ZZYY 52316 20091 1200/ 507987 179856 6111/
33311 88870 20025 32854 20050 32852 20075 32851 20100 32851
20125 32843 20150 32763 20200 32318 20300 31459 20500 30799
444 20110 20091 1336/ 521//=
ZZYY 52311 20091 1200/ 700046 179922 6112/
33311 88872 20001 32771 43536 20025 32770 20050 32763 20075 32744
20100 32624 20125 32282 20150 31949 20200 31453 20250 31295
20500 30799
444 20120 20091 1310/ 521//=
ZZYY 51010 20091 1200/ 500027 170065 6112/
33311 88872 20001 32716 43522 20025 32712 43524 20050 32698 43525
20125 32119 20150 31786 20200 31400 20250 31250 20300 31150
20500 30826
444 20120 20091 1154/ 521//=
ZZYY 51010 21091 20004 500031 170058 6111/
11119 01011 10268 29083 40121
22219 00266
444 20110 21091 2027/ 521// 60401=
ZZYY 51309 20091 1200/ 708015 170037 6112/
33311 88872 20001 32838 43427 20050 32840 20075 32792 20100 32483
20150 31555 20200 31164 20250 31078 20300 31017 20500 30834
444 20120 20091 1151/ 521//=
ZZYY 51309 21091 20004 708007 170048 6112/
11119 01607 10266 29086
22219 00284
444 20120 21091 2028/ 521// 60401=
ZZYY 52312 20091 1200/ 501971 179922 6111/
33311 88872 20001 32822 43544 20025 32821 20050 32820 20075 32819
20100 32820 20125 32753 20150 32247 20200 31306 20250 31140
20300 31082 20500 30776
444 20110 20091 1310/ 521//=
ZZYY 52312 21091 20004 501978 179921 6111/
11119 01212 10280 29083
22219 00282
444 20110 21091 1903/ 521// 60401=
ZZYY 51310 20091 12004 508018 170061 6112/
11119 01213 10277 29078
22219 00281
33311 88872 20000 32808 20001 32811 43556 20025 32810 20050 32809
20075 32809 20100 32809 20125 32797 20150 32668 20200 32234
444 20120 20091 1156/ 521// 60401=
ZZYY 51303 20091 1200/ 705052 170014 6111/
33311 88872 20001 32775 43524 20025 32775 20050 32775 20075 32774
20100 32768 20200 31564 20250 31106 20300 31014 20500 30852
444 20110 20091 1150/ 521//=
ZZYY 51303 21091 2000/ 705018 169979 6111/
11119 10268 29080
22219 00275
444 20110 21091 2027/ 521//=
ZZYY 52310 20091 1200/ 702018 179831 6111/
33311 88872 20001 32793 43516 20050 32790 20075 32789 20100 32786
20125 32734 20150 32211 20200 31235 20250 31142 20300 31092
20500 30823
444 20110 20091 1310/ 521//=
ZZYY 52310 21091 20004 702031 179870 6111/
11119 01015 10282 29079
22219 00280
444 20110 21091 2027/ 521// 60401=
ZZYY 51305 20091 1200/ 702036 170053 6112/
33311 88872 20001 32723 43510 20025 32724 20050 32717 20075 32714
20100 32693 20125 32444 20150 31809 20200 31163 20250 31143
20300 31117
444 20120 20091 1153/ 521//=
ZZYY 51305 21091 2000/ 702040 170064 6111/
11119 10270 29084
22219 00270
444 20110 21091 1902/ 521//=
ZZYY 51306 20091 1200/ 502155 170031 6111/
33311 88872 20001 32772 43556 20025 32770 20050 32769 20100 32768
20125 32586 20150 32113 20250 31103 20500 30838
444 20110 20091 1152/ 521//=
ZZYY 52309 21091 2000/ 705019 179932 6111/
11119 10263 29089
444 20110 21091 2027/ 521//=
####018000277####
SSVX13 KARS 212051
ZZYY 71653 21091 2010/ 556889 031890 6112/
11119 39967 49967
22219 01012
444 20120 21091 1907/ 50101 80110 80100 9/015=
ZZYY 13587 21091 1900/ 709985 047971 6111/
11119 40104 57017
22219 00294
444 20110 21091 1855/ 50101 80127 80063 9/015=
