####018000146####
SSVX13 LFPW 220857
ZZYY 64517 22091 0857/ 763001 010339 6113/ 11119 49949 52023 22219
 00101 444 20130 22091 0855/ 50101 80132 80003 9/015=
####018000146####
SSVX13 LFPW 220857
ZZYY 17930 22091 0857/ 549060 013820 6113/ 11119 40139 52010 22219
 00036 444 20130 22091 0855/ 50101 80136 80010 9/015=
####018000146####
SSVX13 LFPW 220857
ZZYY 17932 22091 0857/ 545136 018245 6113/ 11119 40148 57017 22219
 00081 444 20130 22091 0855/ 50101 80140 80010 9/015=
####018000146####
SSVX13 LFPW 220857
ZZYY 17929 22091 0857/ 547221 055249 6113/ 11119 40208 52023 22219
 00060 444 20130 22091 0855/ 50101 80140 80003 9/015=
####018001433####
SSVX11 LFVW 220903
ZZYY 53056 21091 2100/ 305041 095059 6112/
11119 10264 29083
22219 00270
33311 88872 20000 32703 20001 32703 43407 20011 32704 43412
20021 32704 43419 20040 32703 43421 20081 32262 20100 31876 43496
20120 31484 20140 31282 20200 31212 20301 31095 20501 30938
444 20120 21091 2126/ 522//=
ZZYY 53056 22091 0700/ 305035 095068 6111/
11119 10268 29083
22219 00272
33311 88872 20000 32717 20001 32717 43404 20011 32711 43409
20021 32703 43418 20040 32702 43417 20081 32332 20100 31893 43490
20120 31477 20140 31269 20200 31196 20301 31079 20501 30944
444 20110 22091 0648/ 522//=
ZZYY 53056 22091 0100/ 305045 095054 6112/
11119 10265 29082
22219 00270
33311 88872 20000 32701 20001 32701 43406 20011 32701 43412
20021 32702 43422 20040 32698 43421 20081 32080 20100 31855 43502
20120 31418 20140 31252 20200 31191 20300 31087 20500 30940
444 20120 22091 0026/ 522//=
ZZYY 53056 22091 0300/ 305041 095063 6113/
11119 10268 29082
22219 00270
33311 88872 20000 32703 20001 32703 43406 20011 32702 43411
20021 32701 43421 20040 32701 43422 20081 32137 20100 31833 43495
20119 31448 20140 31277 20200 31206 20300 31098 20500 30946
444 20130 22091 0319/ 522//=
ZZYY 53056 22091 0800/ 305041 095059 6112/
11119 10269 29083
22219 00272
33311 88872 20000 32721 20081 32542 20100 31941 43474 20120 31512
20140 31274 20200 31192
444 20120 22091 0831/ 522//=
####018000146####
SSVX13 LFPW 220857
ZZYY 17934 22091 0857/ 348009 014000 6113/ 11119 49997 52016 22219
 00054 444 20130 22091 0855/ 50101 80140 80005 9/015=
####018001093####
SSVX13 LFVW 220903
ZZYY 23998 22091 0730/ 314713 057724 6111/
11119 30187 40187 57007
22219 00250
444 20110 22091 0853/ 50101 80100 80008 9/015=
ZZYY 23998 22091 0830/ 314713 057724 6111/
11119 30179 40179 57017
22219 00251
444 20110 22091 0853/ 50101 80100 80008 9/015=
ZZYY 23997 22091 0820/ 312086 064583 6112/
11119 30150 40150 57020
22219 00258
444 20120 22091 0854/ 50101 80110 80003 9/015=
ZZYY 23997 22091 0720/ 312086 064583 6112/
11119 30159 40159 57009
22219 00258
444 20120 22091 0854/ 50101 80110 80003 9/015=
ZZYY 23999 22091 0810/ 318177 050798 6111/
11119 30210 40210 57008
22219 00248
444 20110 22091 0853/ 50101 80100 80006 9/015=
ZZYY 23999 22091 0710/ 318164 050810 6112/
11119 30218 40218 52006
22219 00246
444 20120 22091 0643/ 50101 80100 80005 9/015=
ZZYY 56518 22091 0700/ 311647 050770 6112/
11119 30183 40183 52006
22219 00251
444 20120 22091 0636/ 50101 80060 80003 9/015=
ZZYY 56518 22091 0800/ 311618 050725 6112/
11119 30178 40178 57004
22219 00251
444 20120 22091 0855/ 50101 80060 80000 9/015=
####018000387####
SSVX02 LFVW 220903
ZZYY 14962 22091 0851/ 328194 060453 6112/
22219 00206
33311 88872 20000 32056 43348
444 50101 9/015=
ZZYY 14961 22091 0855/ 325641 067403 6111/
22219 00221
33311 88872 20000 32206 43406
444 2011/ 21091 0903/ 50101 9/015=
ZZYY 56957 22091 0854/ 329176 091286 6112/
22219 00183
33311 88872 20000 31827 43495
444 2012/ 22091 0849/ 50101 9/015=
####018000146####
SSVX13 LFPW 220857
ZZYY 64616 22091 0857/ 761284 012110 6113/ 11119 40000 52022 22219
 00118 444 20130 21091 1156/ 50101 80144 80018 9/015=
####018000131####
SSVX02 CWAO 220900
ZZYY 47543 22091 0900/ 784548 110432 6113/ 11119 11042 40108 444 20130 22091 0900/ 50101 89990 80001 9////=
####018000134####
SSVX02 CWAO 220900
ZZYY 47543 22091 0900/ 784548 110432 6113/ 11119 11042 40108 444 20130 22091 0900/ 50101 89990 80001 9////=

####018000146####
SSVX13 LFPW 220900
ZZYY 26553 22091 0900/ 185593 061738 6113/ 11119 40219 57001 22219
 01050 444 20130 22091 0900/ 50101 80144 80003 9/015=
####018000146####
SSVX13 LFPW 220900
ZZYY 41638 22091 0900/ 730868 039532 6113/ 11119 40230 52006 22219
 00273 444 20130 22091 0900/ 50101 80092 80003 9/015=
####018000173####
SSVX13 LFPW 220900
ZZYY 62504 22091 0900/ 739682 021191 6113/ 11119 40222 57002 22219
 00231 33300 88872 20000 43664 444 20130 22091 0900/ 50101 80148
 80063 9/015=
####018000173####
SSVX13 LFPW 220900
ZZYY 62508 22091 0900/ 743518 009971 6113/ 11119 40238 52007 22219
 00191 33300 88872 20000 43589 444 20130 22091 0900/ 50101 80142
 80079 9/015=
####018000146####
SSVX13 LFPW 220900
ZZYY 62534 22091 0900/ 743593 024216 6113/ 11119 40218 57009 22219
 00196 444 20130 22091 0900/ 50101 80140 80015 9/015=
####018000146####
SSVX13 LFPW 220900
ZZYY 63639 22091 0900/ 179741 008102 6113/ 11119 40153 57003 22219
 00063 444 20130 22091 0900/ 50101 80144 80010 9/015=
####018000134####
SSVX13 LFPW 220900
ZZYY 62502 22091 0900/ 741019 012316 6113/ 11119 40228 52005 444
 20130 22091 0900/ 50101 80108 80000 9/015=
####018000146####
SSVX13 LFPW 220857
ZZYY 64516 22091 0857/ 761809 012130 6113/ 11119 49979 52021 22219
 00116 444 20130 22091 0555/ 50101 80132 80006 9/015=
####018000146####
SSVX13 LFPW 220900
ZZYY 62599 22091 0900/ 757968 021656 6113/ 11119 40036 57012 22219
 00119 444 20130 22091 0900/ 50101 80138 80000 9/015=
####018000128####
SSVX13 LFPW 220900
ZZYY 62538 22091 0900/ 743150 016444 6113/ 22219 00190 444 20130
 22091 0900/ 50101 80140 80016 9/015=
####018000146####
SSVX13 LFPW 220900
ZZYY 44601 22091 0900/ 750774 018830 6110/ 11119 40174 57015 22219
 00147 444 20100 22091 0800/ 50101 80128 80005 9/015=
####018000146####
SSVX13 LFPW 220900
ZZYY 26554 22091 0900/ 189395 101667 6113/ 11119 40158 52013 22219
 01050 444 20130 22091 0900/ 50101 80146 80000 9/015=
####018000146####
SSVX13 LFPW 220900
ZZYY 62711 22091 0900/ 753793 033973 6113/ 11119 49982 52010 22219
 00112 444 20130 22091 0900/ 50101 80138 80011 9/015=
####018000146####
SSVX13 LFPW 220900
ZZYY 44624 22091 0900/ 755403 046173 6113/ 11119 40056 52019 22219
 00081 444 20130 22091 0900/ 50101 80144 80006 9/015=
####018000146####
SSVX13 LFPW 220900
ZZYY 62551 22091 0900/ 738314 026383 6113/ 11119 40229 52001 22219
 00228 444 20130 22091 0900/ 50101 80142 80006 9/015=
####018000173####
SSVX13 LFPW 220900
ZZYY 62506 22091 0900/ 743735 005608 6113/ 11119 40224 52008 22219
 00201 33300 88872 20000 43589 444 20130 22091 0900/ 50101 80144
 80052 9/015=
####018000146####
SSVX13 LFPW 220900
ZZYY 62531 22091 0900/ 745740 010864 6113/ 11119 40253 52005 22219
 00177 444 20130 22091 0900/ 50101 80140 80003 9/015=
####018000146####
SSVX13 LFPW 220857
ZZYY 17931 22091 0857/ 344845 049624 6113/ 11119 40171 52011 22219
 00051 444 20130 22091 0852/ 50101 80140 80003 9/015=
####018000146####
SSVX13 LFPW 220900
ZZYY 63638 22091 0900/ 178578 008648 6113/ 11119 40143 52001 22219
 00071 444 20130 22091 0900/ 50101 80142 80016 9/015=
####018000146####
SSVX13 LFPW 220900
ZZYY 62532 22091 0900/ 747867 017365 6113/ 11119 40225 57004 22219
 00169 444 20130 22091 0900/ 50101 80136 80005 9/015=
####018000146####
SSVX13 LFPW 220900
ZZYY 44766 22091 0900/ 746706 028056 6113/ 11119 40128 57008 22219
 00166 444 20130 22091 0900/ 50101 80140 80015 9/015=
####018000146####
SSVX13 LFPW 220900
ZZYY 44771 22091 0900/ 742635 040885 6113/ 11119 40207 52004 22219
 00210 444 20130 22091 0900/ 50101 80140 80003 9/015=
####018000146####
SSVX13 LFPW 220900
ZZYY 44772 22091 0900/ 747075 039977 6113/ 11119 40124 52010 22219
 00176 444 20130 22091 0600/ 50101 80140 80023 9/015=
####018000146####
SSVX13 LFPW 220900
ZZYY 62537 22091 0900/ 742390 033174 6113/ 11119 40178 52004 22219
 00208 444 20130 22091 0900/ 50101 80140 80006 9/015=
####018000146####
SSVX13 LFPW 220900
ZZYY 64613 22091 0900/ 764057 026137 6113/ 11119 49997 52007 22219
 00105 444 20130 22091 0900/ 50101 80146 80006 9/015=
####018000146####
SSVX13 LFPW 220900
ZZYY 44621 22091 0900/ 750360 047742 6113/ 11119 40115 52026 22219
 00098 444 20130 22091 0900/ 50101 80146 80013 9/015=
####018000146####
SSVX13 LFPW 220900
ZZYY 44780 22091 0900/ 741359 032925 6113/ 11119 40188 52001 22219
 00216 444 20130 22091 0900/ 50101 80142 80010 9/015=
####018000146####
SSVX13 LFPW 220900
ZZYY 62552 22091 0900/ 742062 034554 6113/ 11119 40183 52005 22219
 00222 444 20130 22091 0900/ 50101 80142 80015 9/015=
####018000146####
SSVX13 LFPW 220900
ZZYY 41728 22091 0900/ 726338 046681 6113/ 11119 40228 52006 22219
 00277 444 20130 22091 0900/ 50101 80116 80003 9/015=
####018000146####
SSVX13 LFPW 220900
ZZYY 13974 22091 0900/ 735088 027701 6113/ 11119 40233 52008 22219
 00255 444 20130 22091 0900/ 50101 80128 80010 9/015=
####018000146####
SSVX13 LFPW 220900
ZZYY 63637 22091 0900/ 175194 013526 6113/ 11119 40112 57004 22219
 00086 444 20130 22091 0900/ 50101 80140 80010 9/015=
####018000146####
SSVX13 LFPW 220900
ZZYY 62516 22091 0900/ 732527 021012 6113/ 11119 40228 52007 22219
 00242 444 20130 22091 0900/ 50101 80130 80003 9/015=
####018000146####
SSVX13 LFPW 220900
ZZYY 44774 22091 0900/ 745123 033252 6113/ 11119 40135 57002 22219
 00195 444 20130 22091 0900/ 50101 80140 80016 9/015=
####018000146####
SSVX13 LFPW 220900
ZZYY 41730 22091 0900/ 733072 050768 6113/ 11119 40259 52001 22219
 00282 444 20130 22091 0900/ 50101 80126 80003 9/015=
####018000173####
SSVX13 LFPW 220900
ZZYY 62503 22091 0900/ 747876 018543 6113/ 11119 40213 57009 22219
 00166 33300 88872 20000 43566 444 20130 22091 0900/ 50101 80108
 80011 9/015=
####018000146####
SSVX13 LFPW 220900
ZZYY 44779 22091 0900/ 743525 032447 6113/ 11119 40161 57002 22219
 00202 444 20130 22091 0900/ 50101 80140 80021 9/015=
####018000146####
SSVX13 LFPW 220900
ZZYY 62536 22091 0900/ 740415 032237 6113/ 11119 40198 52001 22219
 00231 444 20130 22091 0900/ 50101 80142 80015 9/015=
####018000146####
SSVX13 LFPW 220900
ZZYY 44778 22091 0900/ 743428 041043 6113/ 11119 40200 57001 22219
 00206 444 20130 21091 0900/ 50101 80142 80023 9/015=
####018000146####
SSVX13 LFPW 220857
ZZYY 64623 22091 0857/ 164161 004686 6113/ 11119 49908 52014 22219
 00123 444 20130 22091 0852/ 50101 80098 80005 9/015=
####018000146####
SSVX13 LFPW 220900
ZZYY 44775 22091 0900/ 751347 047681 6113/ 11119 40094 52019 22219
 00116 444 20130 22091 0900/ 50101 80138 80016 9/015=
####018000146####
SSVX13 LFPW 220900
ZZYY 63636 22091 0900/ 175349 008599 6113/ 11119 40108 54000 22219
 00076 444 20130 22091 0900/ 50101 80142 80010 9/015=
####018000146####
SSVX13 LFPW 220900
ZZYY 63640 22091 0900/ 175093 012494 6113/ 11119 40108 57004 22219
 00083 444 20130 22091 0900/ 50101 80142 80008 9/015=
####018000146####
SSVX13 LFPW 220900
ZZYY 62533 22091 0900/ 748779 020302 6113/ 11119 40180 57016 22219
 00166 444 20130 22091 0900/ 50101 80140 80005 9/015=
####018000146####
SSVX13 LFPW 220900
ZZYY 41729 22091 0900/ 730744 039342 6113/ 11119 40232 52008 22219
 00274 444 20130 22091 0900/ 50101 80126 80002 9/015=
####018000146####
SSVX13 LFPW 220900
ZZYY 62535 22091 0900/ 737403 025213 6113/ 11119 40231 52003 22219
 00227 444 20130 22091 0900/ 50101 80138 80013 9/015=
####018000146####
SSVX13 LFPW 220900
ZZYY 64612 22091 0900/ 760917 030767 6113/ 11119 49992 57005 22219
 00103 444 20130 22091 0900/ 50101 80146 80006 9/015=
####018000146####
SSVX13 LFPW 220900
ZZYY 44613 22091 0900/ 742999 048139 6113/ 11119 40236 52007 22219
 00128 444 20130 22091 0900/ 50101 80142 80011 9/015=
####018000146####
SSVX13 LFPW 220900
ZZYY 63635 22091 0900/ 172742 018353 6113/ 11119 40080 57012 22219
 00100 444 20130 22091 0900/ 50101 80144 80003 9/015=
####018000146####
SSVX13 LFPW 220900
ZZYY 44770 22091 0900/ 740775 028589 6113/ 11119 40214 57001 22219
 00218 444 20130 22091 0900/ 50101 80140 80016 9/015=
####018000146####
SSVX13 LFPW 220900
ZZYY 44623 22091 0900/ 757996 036508 6113/ 11119 49983 57001 22219
 00086 444 20130 22091 0900/ 50101 80146 80015 9/015=
####018000146####
SSVX13 LFPW 220901
ZZYY 44769 22091 0901/ 743498 051953 6113/ 11119 40250 52008 22219
 00165 444 20130 22091 0901/ 50101 80140 80016 9/015=
####018000146####
SSVX13 LFPW 220900
ZZYY 62539 22091 0900/ 741064 025149 6113/ 11119 40222 57004 22219
 00214 444 20130 22091 0900/ 50101 80140 80013 9/015=
####018000146####
SSVX13 LFPW 220900
ZZYY 48611 22091 0900/ 783696 167201 6113/ 11119 40046 52019 22219
 01050 444 20130 22091 0900/ 50101 80150 80002 9/015=
####018000146####
SSVX13 LFPW 220900
ZZYY 62514 22091 0900/ 735241 021505 6113/ 11119 40243 52009 22219
 00240 444 20130 22091 0900/ 50101 80136 80003 9/015=
####018000146####
SSVX13 LFPW 220900
ZZYY 44622 22091 0900/ 732613 035187 6113/ 11119 40232 52007 22219
 00262 444 20130 22091 0900/ 50101 80088 80003 9/015=
####018000146####
SSVX13 LFPW 220900
ZZYY 62600 22091 0900/ 756552 031383 6113/ 11119 49989 57011 22219
 00106 444 20130 22091 0900/ 50101 80138 80011 9/015=
####018000173####
SSVX07 LFVW 220905
ZZYY 25518 22091 0900/ 785114 027492 6113/
444 20130 22091 0800/ 504//=
ZZYY 25517 22091 0900/ 785599 050673 6113/
444 20130 22091 0822/ 504//=
####018000149####
SSVX02 LFVW 220905
ZZYY 41725 22091 0856/ 732350 054410 6112/
22219 00284
33311 88872 20000 32842 43683
444 2012/ 22091 0727/ 50101 9/015=
####018000151####
SSVX13 LFVW 220905
ZZYY 17572 22091 0900/ 344538 147371 6110/
11119 40011 57020
22219 00132
444 2020/ 344538 147371 50101 80114 80000 9/015=
####018000111####
SSVX07 KARS 220907
ZZYY 48534 22091 0850/ 783368 046205 6111/
11119 11174 40157
444 20110 22091 0813/=
####018000149####
SSVX13 KARS 220907
ZZYY 71665 22091 0830/ 353322 001990 6112/
11119 39964 49964
22219 01005
444 20120 22091 0707/ 50101 80110 80100 9/015=
####018014859####
SSVX02 KARS 220907
ZZYY 41912 22091 0810/ 734800 056834 6113/
11119 30263 40263 52003
22219 00269
444 20130 22091 0725/ 50101 80110 80063 9/015=
ZZYY 64936 22091 0850/ 176146 007150 6112/
22219 00073
33311 88872 20000 30725 43512
444 20120 22091 0847/ 50101 80100 80100 9/015=
ZZYY 42547 22091 0856/ 738475 037142 6111/
22219 00237
444 20110 22091 0724/ 50101 80094 80002 9/015=
ZZYY 44514 22091 0857/ 749363 022022 6111/
22219 00147
444 20110 22091 0853/ 50101 80142 80001 9/015=
ZZYY 62724 22091 0850/ 739406 026505 6113/
11119 30226 40226 57001
22219 00224
444 20130 22091 0825/ 50101 80120 80027 9/015=
ZZYY 44513 22091 0857/ 750859 033873 6111/
22219 00131
444 20110 22091 0853/ 50101 80142 80009 9/015=
ZZYY 44516 22091 0857/ 749168 026260 6112/
22219 00151
444 20120 22091 0853/ 50101 80138 80038 9/015=
ZZYY 63561 22091 0850/ 775981 000172 6111/
22219 00049
33311 88872 20000 30490 42048
444 50101 80070 80100 9/015=
ZZYY 44932 22091 0855/ 750909 025302 6112/
22219 00141
444 20120 22091 0722/ 50101 80142 80009 9/015=
ZZYY 41909 22091 0840/ 735414 068341 6113/
11119 30240 40240 57001
22219 00272
444 20130 22091 0752/ 50101 80120 80000 9/015=
ZZYY 44518 22091 0857/ 743058 022827 6113/
22219 00199
444 20130 22091 0821/ 50101 80142 80002 9/015=
ZZYY 44885 22091 0820/ 744830 032995 6112/
11119 30174 40174 52008
22219 00188
444 20120 22091 0854/ 50101 80110 80037 9/015=
ZZYY 44517 22091 0856/ 751766 019966 6113/
22219 00137
444 20130 22091 0534/ 50101 80142 80010 9/015=
ZZYY 13567 22091 0740/ 727929 053737 6111/
11119 30232 40232 57005
22219 00281
444 20110 22091 0726/ 50101 80100 80000 9////=
ZZYY 41938 22091 0740/ 739373 035969 6112/
11119 30201 40201 54000
22219 00232
444 20120 22091 0608/ 50101 80100 80000 9////=
ZZYY 41938 22091 0840/ 739373 035969 6112/
11119 30205 40205 52006
22219 00232
444 20120 22091 0608/ 50101 80100 80000 9////=
ZZYY 44519 22091 0855/ 750879 019478 6111/
22219 00146
444 20110 22091 0819/ 50101 80140 80002 9/015=
ZZYY 13569 22091 0840/ 728586 043588 6111/
11119 30224 40224 52003
22219 00278
444 20110 22091 0726/ 50101 80100 80000 9////=
ZZYY 13569 22091 0740/ 728586 043588 6111/
11119 30223 40223 57003
22219 00278
444 20110 22091 0726/ 50101 80100 80000 9////=
ZZYY 62926 22091 0850/ 759935 018019 6113/
22219 00118
444 20130 22091 0853/ 50101 80110 80005 9/015=
ZZYY 44880 22091 0740/ 726030 036022 6111/
11119 30201 40201 57001
22219 00263
444 20110 22091 0615/ 50101 80110 80005 9/015=
ZZYY 41573 22091 0720/ 727459 038023 6113/
11119 30209 40209 57005
22219 00269
444 20130 22091 0543/ 50101 80120 80000 9/015=
ZZYY 41960 22091 0820/ 739494 068664 6113/
11119 30222 40222
22219 00271
444 20130 22091 0751/ 50101 80110 80095 9/015=
ZZYY 41972 22091 0830/ 737604 060430 6113/
11119 30272 40272
22219 00264
444 20130 22091 0751/ 50101 80120 80060 9/015=
ZZYY 41945 22091 0810/ 730980 079333 6113/
11119 30178 40178
22219 00291
444 20130 22091 0752/ 50101 80110 80097 9/015=
ZZYY 41944 22091 0830/ 732642 070947 6112/
11119 30219 40219
22219 00271
444 20120 22091 0752/ 50101 80110 80098 9/015=
ZZYY 62935 22091 0850/ 735130 030599 6112/
11119 30223 40223
22219 00246
444 20120 22091 0825/ 50101 80100 80100 9/015=
ZZYY 44926 22091 0850/ 746971 029471 6111/
11119 30110 40110 57003
22219 00151
444 20110 22091 0853/ 50101 80138 80002 9/015=
ZZYY 41572 22091 0740/ 726125 048895 6113/
11119 30218 40218 57006
22219 00279
444 20130 22091 0726/ 50101 80110 80032 9/015=
ZZYY 41979 22091 0810/ 729946 060305 6113/
11119 30240 40240 57006
22219 00282
444 20130 22091 0724/ 50101 80110 80048 9/015=
ZZYY 41943 22091 0857/ 732473 065279 6113/
22219 00274
444 20130 22091 0752/ 50101 80144 80003 9/015=
ZZYY 41555 22091 0900/ 734620 024388 6112/
11119 30234 40234
22219 00250
444 20120 22091 0825/ 50101 80100 80000 9/015=
ZZYY 41609 22091 0857/ 732041 066695 6112/
22219 00275
444 20120 22091 0752/ 50101 80144 80003 9/015=
ZZYY 41578 22091 0857/ 729816 058769 6112/
22219 00281
444 20120 22091 0612/ 50101 80144 80009 9/015=
ZZYY 44925 22091 0850/ 749109 023342 6112/
11119 30135 40135 57020
22219 00144
444 20120 22091 0848/ 50101 80138 80003 9/015=
ZZYY 42508 22091 0857/ 735886 049458 6112/
22219 00272
444 20120 22091 0724/ 50101 80126 80001 9/015=
ZZYY 44554 22091 0855/ 733784 038120 6112/
444 20120 22091 0541/ 50101 80098 80099 9/015=
ZZYY 41997 22091 0854/ 744043 039985 6112/
444 20120 22091 0723/ 50101 80094 80035 9/015=
ZZYY 44931 22091 0810/ 746283 027350 6112/
11119 30138 40138 57014
22219 00180
444 20120 22091 0853/ 50101 80138 80002 9/015=
ZZYY 41575 22091 0840/ 728757 050830 6113/
11119 30244 40244 52003
22219 00279
444 20130 22091 0617/ 50101 80110 80033 9/015=
ZZYY 41942 22091 0750/ 737238 046445 6112/
11119 30264 40264 52004
22219 00242
444 20120 22091 0723/ 50101 80120 80008 9/015=
ZZYY 41608 22091 0810/ 741331 035385 6112/
11119 30190 40190 52001
22219 00225
444 20120 22091 0854/ 50101 80110 80022 9/015=
ZZYY 44522 22091 0857/ 742431 043853 6112/
22219 00230
444 20120 22091 0608/ 50101 80116 80027 9/015=
ZZYY 62725 22091 0856/ 742288 020422 6113/
22219 00203
444 20130 22091 0824/ 50101 80118 80013 9/015=
ZZYY 44936 22091 0840/ 167653 000563 6113/
11119 39956 49956 57006
22219 00109
444 20130 22091 0814/ 50101 80100 80000 9/015=
ZZYY 41914 22091 0856/ 739260 036325 6113/
22219 00238
444 20130 22091 0608/ 50101 80116 80015 9/015=
ZZYY 44943 22091 0850/ 737821 054101 6111/
11119 30264 40264 52007
22219 00265
444 20110 22091 0752/ 50101 80100 80015 9/015=
ZZYY 44924 22091 0858/ 748615 033964 6111/
22219 00155
444 20110 22091 0723/ 50101 80102 9/015=
ZZYY 41970 22091 0810/ 725610 055813 6112/
11119 30216 40216 57005
22219 00280
444 20120 22091 0725/ 50101 80120 80035 9/015=
ZZYY 31527 22091 0857/ 732826 075155 6113/
22219 00273
444 20130 22091 0751/ 50101 8//// 80001 9////=
ZZYY 44930 22091 0854/ 765441 001694 6111/
444 20110 22091 0852/ 50101 80092 80099 9/015=
ZZYY 41565 22091 0840/ 729292 051096 6112/
11119 30249 40249 52004
22219 00280
444 20120 22091 0725/ 50101 80120 80005 9/015=
ZZYY 41565 22091 0740/ 729292 051096 6112/
11119 30244 40244 57004
22219 00280
444 20120 22091 0725/ 50101 80120 80006 9/015=
ZZYY 41903 22091 0856/ 736581 040766 6113/
22219 00246
444 20130 22091 0724/ 50101 80078 80004 9/015=
ZZYY 41983 22091 0855/ 741060 038895 6112/
22219 00230
444 20120 22091 0724/ 50101 80076 80021 9/015=
ZZYY 41855 22091 0810/ 729658 067091 6112/
11119 30216 40216 57007
22219 00265
444 20120 22091 0752/ 50101 80110 80000 9/015=
ZZYY 44553 22091 0856/ 729726 059895 6111/
22219 00281
444 20110 22091 0756/ 50101 80085 80009 9/015=
ZZYY 41606 22091 0857/ 735305 041595 6111/
22219 00261
444 20110 22091 0724/ 50101 80057 80006 9/015=
ZZYY 44914 22091 0857/ 734970 044184 6112/
22219 00265
444 20120 22091 0725/ 50101 80075 80008 9/015=
ZZYY 41590 22091 0740/ 746050 033478 6111/
11119 30119 40119 57003
444 20110 22091 0853/ 50101 80120 80019 9/015=
ZZYY 41590 22091 0840/ 746050 033478 6111/
11119 30121 40121 54000
444 20110 22091 0853/ 50101 80120 80017 9/015=
ZZYY 62723 22091 0857/ 740026 030230 6111/
22219 00222
444 20110 22091 0854/ 50101 80069 80005 9/015=
ZZYY 41613 22091 0750/ 748348 026375 6112/
11119 30111 40111 57022
22219 00151
444 20120 22091 0853/ 50101 80120 80002 9/015=
ZZYY 44894 22091 0856/ 742164 033346 6112/
22219 00209
444 20120 22091 0854/ 50101 80078 80003 9/015=
ZZYY 44942 22091 0840/ 761032 013230 6112/
11119 30000 40000 52019
22219 00119
444 20120 22091 0851/ 50101 80110 80000 9/015=
ZZYY 44915 22091 0857/ 735986 054981 6113/
22219 00273
444 20130 22091 0725/ 50101 80118 80015 9/015=
ZZYY 62727 22091 0857/ 741569 019714 6112/
22219 00207
444 20120 22091 0825/ 50101 80118 80016 9/015=
ZZYY 44939 22091 0857/ 737231 037887 6111/
22219 00243
444 20110 22091 0724/ 50101 80050 80003 9/015=
ZZYY 41933 22091 0820/ 737107 061906 6112/
11119 30271 40271 57003
22219 00266
444 20120 22091 0750/ 50101 80120 80043 9/015=
ZZYY 41998 22091 0856/ 745784 041766 6111/
444 20110 22091 0853/ 50101 80068 80022 9/015=
ZZYY 41610 22091 0854/ 731648 056634 6113/
22219 00287
444 20130 22091 0727/ 50101 80094 80002 9/015=
ZZYY 63964 22091 0851/ 173816 023024 6111/
444 20110 22091 0823/ 50101 80007 80015 9/015=
ZZYY 63951 22091 0853/ 765679 001352 6111/
22219 00107
444 20110 22091 0851/ 50101 80007 80009 9/015=
ZZYY 63948 22091 0850/ 175393 035548 6112/
22219 00056
444 20120 22091 0823/ 50101 80007 80005 9/015=
ZZYY 44905 22091 0820/ 736379 058175 6112/
11119 30268 40268 52003
22219 00269
444 20120 22091 0752/ 50101 8//// 80000 9/015=
ZZYY 44903 22091 0840/ 737012 062471 6113/
11119 30263 40263 57001
22219 00271
444 20130 22091 0752/ 50101 8//// 80000 9/015=
ZZYY 62905 22091 0810/ 736843 053941 6113/
11119 30253 40253 57001
22219 00268
444 20130 22091 0725/ 50101 8//// 80000 9/015=
ZZYY 44881 22091 0857/ 736338 033160 6111/
22219 00249
444 20110 22091 0830/ 50101 80074 80001 9/015=
ZZYY 41932 22091 0857/ 732153 055538 6112/
22219 00286
444 20120 22091 0727/ 50101 80050 80000 9/015=
ZZYY 63584 22091 0852/ 777830 002178 6113/
22219 00043
444 20130 22091 0822/ 50101 80008 80012 9/015=
ZZYY 31982 22091 0857/ 731217 067159 6112/
22219 00265
444 20120 22091 0753/ 50101 80051 80098 9/015=
ZZYY 31775 22091 0857/ 726231 062774 6113/
444 20130 22091 0725/ 50101 80052 80099 9/015=
ZZYY 63569 22091 0830/ 175125 002897 6113/
22219 00059
33311 88872 20000 30590 42048
444 20130 22091 0812/ 50101 80080 80100 9/015=
ZZYY 42518 22091 0856/ 728756 039116 6112/
22219 00273
444 20120 22091 0612/ 50101 80118 80000 9/015=
ZZYY 44505 22091 0850/ 745716 046319 6112/
22219 00126
444 20120 22091 0723/ 50101 9/050=
ZZYY 44904 22091 0830/ 746853 027801 6111/
11119 30126 40126 57009
22219 00168
444 20110 22091 0821/ 50101 80130 80001 9/015=
ZZYY 63966 22091 0851/ 171485 015192 6113/
22219 00103
444 20130 22091 0810/ 50101 80008 80008 9/015=
ZZYY 43537 22091 0856/ 738441 066025 6113/
22219 00261
444 20130 22091 0751/ 50101 80122 80014 9/015=
ZZYY 41719 22091 0810/ 733386 055027 6113/
11119 40259 54000
22219 00286
444 20130 22091 0727/ 50101 80009 80000 9////=
ZZYY 42538 22091 0856/ 733455 053875 6112/
22219 00284
444 20120 22091 0725/ 50101 80098 80001 9////=
ZZYY 41915 22091 0830/ 734418 057000 6111/
11119 30264 40264 52004
22219 00275
444 20110 22091 0752/ 50101 80110 80000 9/015=
ZZYY 31905 22091 0830/ 534385 011686 6113/
22219 00154
444 20130 22091 0706/ 50101 8//// 80000 9/015=
ZZYY 15501 22091 0800/ 528872 011332 6113/
11119 30267 40267 52015
444 20130 22091 0706/ 50101 80110 80000 9/015=
ZZYY 15904 22091 0830/ 310756 007190 6112/
22219 00206
444 20120 22091 0823/ 50101 80152 80008 9/015=
ZZYY 71630 22091 0700/ 338260 038925 6112/
11119 30285 40285 52010
22219 00135
444 20120 22091 0643/ 50101 80100 80000 9/015=
ZZYY 17657 22091 0820/ 524334 011897 6112/
11119 30250 40250 52016
22219 00200
444 20120 22091 0827/ 50101 8//// 80100 9/015=
ZZYY 17657 22091 0720/ 524340 011887 6112/
11119 30242 40242 52009
22219 00200
444 20120 22091 0705/ 50101 8//// 80100 9/015=
ZZYY 15666 22091 0830/ 314841 008623 6112/
22219 00180
444 20120 22091 0824/ 50101 80152 80012 9/015=
ZZYY 15679 22091 0822/ 308776 006252 6111/
22219 00223
444 50101 80152 80007 9/015=
ZZYY 17509 22091 0750/ 529029 010561 6111/
11119 30260 40260
22219 00188
444 20110 22091 0826/ 50101 80080 80100 9/015=
ZZYY 14921 22091 0740/ 306898 041391 6111/
11119 30163 40163 52011
22219 00263
444 20110 22091 0636/ 50101 80120 80042 9/015=
ZZYY 31921 22091 0830/ 534284 017560 6112/
22219 00165
444 20120 22091 0707/ 50101 80061 80021 9////=
ZZYY 33656 22091 0810/ 348235 030100 6113/
11119 30022 40022
22219 00076
444 20130 22091 0707/ 50101 80110 80100 9/015=
ZZYY 15508 22091 0740/ 332102 013400 6113/
11119 30292 40292 52006
22219 00181
444 20130 21091 1519/ 50101 80050 80000 9/015=
ZZYY 14550 22091 0810/ 332373 036916 6113/
11119 30270 40270
22219 00197
444 20130 22091 0643/ 50101 80110 80100 9/015=
ZZYY 33996 22091 0800/ 344843 005628 6112/
11119 40147 57233
22219 00077
444 2012/ 22091 0708/ 50101 80081 80001 9/015=
ZZYY 33883 22091 0820/ 349132 032290 6112/
11119 30012 40012
22219 00024
444 20120 22091 0710/ 50101 80100 80100 9/015=
ZZYY 33582 22091 0810/ 349463 000315 6111/
11119 30057 40057 52077
22219 00041
444 20110 22091 0717/ 50101 80110 80005 9/015=
ZZYY 33537 22091 0720/ 342021 020351 6112/
11119 30138 40138 57020
22219 00162
444 20120 22091 0706/ 50101 80100 80005 9/015=
ZZYY 33991 22091 0800/ 343661 000740 6111/
11119 40213 57238
22219 00089
444 2011/ 22091 0708/ 50101 80104 80000 9/015=
ZZYY 33555 22091 0820/ 339647 006510 6112/
11119 30243 40243 52032
22219 00121
444 20120 22091 0706/ 50101 80100 80068 9/015=
ZZYY 33555 22091 0720/ 339647 006510 6112/
11119 30236 40236 52036
22219 00121
444 20120 22091 0706/ 50101 80100 80093 9/015=
ZZYY 15927 22091 0730/ 523376 007990 6113/
11119 30250 40250 52018
22219 00196
444 20130 22091 0307/ 50101 80140 80000 9/015=
ZZYY 15505 22091 0730/ 525558 011136 6113/
11119 30247 40247
22219 00196
444 20130 22091 0707/ 50101 80110 80100 9/015=
ZZYY 15505 22091 0830/ 525558 011136 6113/
11119 30254 40254
22219 00196
444 20130 22091 0707/ 50101 80110 80100 9/015=
ZZYY 15618 22091 0828/ 520818 002178 6113/
22219 00189
444 20130 22091 0707/ 50101 80122 80180 9/015=
ZZYY 31519 22091 0820/ 526860 013746 6112/
11119 30227 40227 52017
22219 00193
444 20120 22091 0705/ 50101 80080 80000 9/015=
ZZYY 71642 22091 0820/ 545192 014037 6112/
11119 30199 40199 54000
444 20120 22091 0706/ 50101 80110 80054 9/015=
ZZYY 33907 22091 0800/ 533756 003058 6113/
11119 30295 40295 52017
22219 00153
444 20130 22091 0706/ 50101 8//// 80000 9////=
ZZYY 17653 22091 0730/ 337768 004892 6112/
11119 30264 40264 52005
22219 00128
444 20120 22091 0714/ 50101 80080 80008 9/015=
ZZYY 17653 22091 0830/ 337768 004892 6112/
11119 30270 40270 52006
22219 00128
444 20120 22091 0714/ 50101 80080 80008 9/015=
ZZYY 33592 22091 0830/ 543216 016791 6112/
22219 00086
444 20120 22091 0707/ 50101 80110 80000 9/015=
ZZYY 17658 22091 0820/ 531970 001613 6112/
11119 30321 40321 52018
22219 00171
444 20120 22091 0826/ 50101 80108 80058 9/015=
####018001531####
SSVX08 KARS 220907
ZZYY 13010 21091 12004 300017 000002 6111/
11119 01812 10254 29087
22219 00262
33311 88872 20000 32615 20001 32611 20020 32609 43543
20040 32287 43570 20060 31880 20080 31713 20100 31617
20120 31543 43560 20140 31510 20180 31487 20300 31063 20500 30766
444 20110 21091 1235/ 521// 60001=
ZZYY 13010 22091 08004 300016 000009 6111/
11119 01911 10251 29085
22219 00260
444 20110 22091 0821/ 521// 60001=
ZZYY 15006 21091 1200/ 506040 009994 6112/
33311 88872 20001 32441 43620 20020 32435 43619 20040 32433 43623
20080 32093 20100 31719 20120 31491 20140 31324 20180 31107
20300 30911
444 20120 21091 1025/ 521//=
ZZYY 15006 22091 08004 506047 009995 6111/
11119 01315 10238 29083
22219 00243
444 20110 22091 0418/ 521// 60401=
ZZYY 15002 21091 1200/ 700011 009863 6112/
33311 88872 20001 32424 20020 32402 43578 20040 32216 43583
20060 32046 43605 20080 31848 20100 31616 20120 31506 20140 31467
20180 31402 20300 31065 20500 30733
444 20120 21091 1022/ 521//=
ZZYY 15002 22091 08004 700014 009869 6112/
11119 01411 10239 29092
22219 00241
444 20120 22091 0834/ 521// 60401=
ZZYY 15001 21091 1200/ 509914 009974 6112/
33311 88872 20001 32346 43645 20020 32339 43645 20040 32338 43644
20060 32339 43645 20080 32319 20100 32089 20120 31750 20140 31557
20180 31309 20300 30973 20500 30741
444 20120 21091 1024/ 521//=
ZZYY 15001 22091 08004 509904 009966 6111/
11119 01415 10229 29077 40165
22219 00234
444 20110 22091 0825/ 521// 60401=
####018000365####
SSVX06 KARS 220907
ZZYY 48506 22091 0852/ 779552 119169 6112/
11119 40067
444 20120 22091 0821/ 500//=
ZZYY 48505 22091 0852/ 780199 127735 6111/
11119 40069
444 20110 22091 0813/ 500//=
ZZYY 47553 22091 0851/ 779347 103378 6111/
444 20110 22091 0751/ 500// 9/000=
ZZYY 47558 22091 0852/ 773765 081533 6113/
444 20130 22091 0747/ 500// 9/000=
####018002311####
SSVX02 KARS 220907 RRA
ZZYY 17658 22091 0720/ 531953 001611 6113/
11119 30314 40314 52017
22219 00171
444 20130 22091 0706/ 50101 80108 80057 9/015=
ZZYY 17681 22091 0720/ 523796 002456 6113/
11119 30257 40257 52012
22219 00190
444 20130 22091 0704/ 50101 80110 80000 9/015=
ZZYY 15634 22091 0829/ 529369 017360 6112/
22219 00186
444 20120 22091 0707/ 50101 80096 80000 9/015=
ZZYY 33691 22091 0830/ 527731 002253 6112/
22219 00184
444 20120 22091 0826/ 50101 80070 80000 9/015=
ZZYY 17685 22091 0800/ 331080 001422 6112/
11119 30327 40327 52013
22219 00165
444 20120 22091 0826/ 50101 8//// 80000 9////=
ZZYY 15944 22091 0825/ 302041 002815 6111/
22219 00250
444 20110 22091 0816/ 50101 80152 80006 9/015=
ZZYY 16511 22091 0810/ 341005 025473 6112/
11119 30210 40210 57016
22219 00116
444 20120 22091 0707/ 50101 80110 80000 9/015=
ZZYY 15905 22091 0827/ 312884 008022 6113/
22219 00197
444 20130 22091 0823/ 50101 80152 80008 9/015=
ZZYY 33900 22091 0730/ 319400 000271 6113/
11119 30217 40217 52016
22219 00185
444 20130 22091 0707/ 50101 80110 80011 9/015=
ZZYY 31914 22091 0829/ 534609 016314 6113/
22219 00159
444 20130 22091 0706/ 50101 80061 80022 9/015=
ZZYY 33558 22091 0800/ 328804 007526 6111/
11119 30285 40285 52013
22219 00166
444 20110 22091 0825/ 50101 80110 80010 9/015=
ZZYY 15912 22091 0827/ 303540 003740 6111/
22219 00239
444 20110 22091 0816/ 50101 80152 80008 9/015=
ZZYY 17513 22091 0820/ 535581 012644 6113/
11119 30243 40243 52003
22219 00152
444 20130 22091 0707/ 50101 8//// 80000 9////=
ZZYY 15942 22091 0826/ 305404 004575 6113/
22219 00244
444 20130 22091 0820/ 50101 80152 80006 9/015=
ZZYY 15929 22091 0828/ 306928 005039 6112/
22219 00228
444 20120 22091 0821/ 50101 80138 80010 9/015=
ZZYY 31926 22091 0829/ 533186 006179 6111/
22219 00167
444 20110 22091 0826/ 50101 80008 80027 9////=
ZZYY 31708 22091 0828/ 331434 009838 6113/
22219 00165
444 20130 22091 0707/ 50101 80006 80028 9////=
ZZYY 17672 22091 0810/ 537775 011404 6111/
11119 30257 40257 52006
22219 00123
444 20110 22091 0706/ 50101 80110 80005 9/015=
ZZYY 15620 22091 0810/ 326822 000173 6112/
11119 30278 40278 52015
22219 00179
444 20120 22091 0706/ 50101 80077 80020 9/015=
####018000146####
SSVX13 LFPW 220900
ZZYY 44776 22091 0900/ 742297 031858 6113/ 11119 40179 52005 22219
 00215 444 20130 22091 0900/ 50101 80140 80024 9/015=
####018000146####
SSVX13 LFPW 220900
ZZYY 44777 22091 0900/ 744594 028866 6113/ 11119 40154 57011 22219
 00200 444 20130 22091 0900/ 50101 80140 80018 9/015=
####018000146####
SSVX13 LFPW 220900
ZZYY 25616 22091 0900/ 183798 133913 6113/ 11119 40090 57010 22219
 01050 444 20130 22091 0900/ 50101 80150 80002 9/015=
####018000146####
SSVX13 LFPW 220857
ZZYY 17928 22091 0857/ 352688 050618 6113/ 11119 49909 52060 22219
 00013 444 20130 22091 0852/ 50101 80140 80003 9/015=
####018000277####
SSVX02 LFVW 220907
ZZYY 15966 22091 0827/ 524138 011804 6112/
22219 00199
33311 88872 20000 31989 43562
444 2012/ 22091 0705/ 50101 9/015=
ZZYY 33707 22091 0800/ 534086 008060 6112/
11119 40270 52014
22219 00148
444 20120 22091 0707/ 50101 8//// 80052 9/015=
####018000143####
SSVX12 LFVW 220907
ZZYY 25618 22091 0840/ 181290 103766 6112/
11119 11089 49822 57010
22219 01023
444 20120 22091 0808/ 501// 80140=
####018000140####
SSVB04 RJTD 220900
ZZYY 21595 22091 0900/ 137892 142076
11109 0//// 1//// 2//// 30034 40034 5////
22209 00208 10906 20091 21029=

####018000140####
SSVB05 RJTD 220700
ZZYY 21599 22091 0700/ 133333 142791
11109 0//// 1//// 2//// 30013 40013 5////
22209 00276 10908 20089 21041=

####018000137####
SSVB04 RJTD 220900
ZZYY 21595 22091 0900/ 137892 142076
11109 0//// 1//// 2//// 30034 40034 5////
22209 00208 10906 20091 21029=
####018000137####
SSVB05 RJTD 220700
ZZYY 21599 22091 0700/ 133333 142791
11109 0//// 1//// 2//// 30013 40013 5////
22209 00276 10908 20089 21041=
