####018000155####
SSVX13 LFVW 100323
ZZYY 56506 10070 0100/ 355303 134428 6112/
11119 30042 40042 57008
22219 00031
444 20120 10070 0133/ 50101 80100 80025 9/015=
####018000155####
SSVX13 KARS 100326
ZZYY 21949 10070 0310/ 136909 148345 6112/
11119 30152 40152 52003
22219 00216
444 20120 10070 0303/ 50101 80050 80005 9/015=
####018006487####
SSVX02 KARS 100326
ZZYY 22578 10070 0316/ 130979 171711 6112/
22219 00270
444 20120 10070 0301/ 50101 80011 80003 9/015=
ZZYY 22626 10070 0318/ 128848 169049 6112/
22219 00279
444 20120 10070 0300/ 50101 80011 80000 9////=
ZZYY 21962 10070 0320/ 133970 167059 6112/
444 20120 10070 0302/ 50101 80080 80000 9/015=
ZZYY 21960 10070 0310/ 126267 136814 6112/
11119 30160 40160 52004
22219 00288
444 20120 10070 0301/ 50101 80100 80063 9/015=
ZZYY 21942 10070 0310/ 141472 157146 6111/
11119 30135 40135 52003
22219 00157
444 20110 10070 0304/ 50101 80050 80063 9/015=
ZZYY 21956 10070 0320/ 143287 177281 6111/
11119 30114 40114 57001
22219 00121
444 20110 10070 0305/ 50101 80100 80006 9/015=
ZZYY 21954 10070 0320/ 139846 165074 6112/
444 20120 10070 0304/ 50101 80070 80020 9/015=
ZZYY 21961 10070 0310/ 128967 172009 6112/
22219 00274
444 20120 10070 0300/ 50101 80070 80003 9/015=
ZZYY 21957 10070 0310/ 127608 151230 6111/
11119 30197 40197 57002
22219 00277
444 20110 10070 0301/ 50101 80050 80000 9/015=
ZZYY 21990 10070 0310/ 138469 157951 6112/
11119 30233 40233 52006
22219 00185
444 20120 10070 0304/ 50101 80050 80007 9/015=
ZZYY 21946 10070 0310/ 140255 154666 6112/
11119 30183 40183 57002
22219 00169
444 20120 10070 0303/ 50101 80050 80010 9/015=
ZZYY 22625 10070 0317/ 129595 151460 6111/
22219 00278
444 20110 10070 0301/ 50101 80054 80099 9/015=
ZZYY 51774 10070 0318/ 129100 152318 6112/
22219 00290
444 20120 10070 0302/ 50101 80008 80021 9////=
ZZYY 52593 10070 0316/ 128846 159588 6112/
22219 00301
444 20120 10070 0259/ 50101 80006 80255 9/015=
ZZYY 14945 10070 0317/ 132986 172482 6112/
22219 00252
444 20120 10070 0302/ 50101 8//// 80011 9/015=
ZZYY 52611 10070 0318/ 124492 144126 6113/
22219 00290
444 20130 10070 0302/ 50101 80012 80059 9////=
ZZYY 52612 10070 0316/ 122975 150363 6112/
22219 00287
444 20120 10070 0300/ 50101 80009 80014 9////=
ZZYY 52614 10070 0317/ 120200 147249 6112/
22219 00298
444 20120 10070 0310/ 50101 80009 80012 9////=
ZZYY 52916 10070 0315/ 121784 139770 6112/
22219 00300
444 20120 10070 0300/ 50101 80127 80035 9/015=
ZZYY 52671 10070 0317/ 120777 148018 6111/
22219 00296
444 20110 10070 0310/ 50101 80111 80005 9/015=
ZZYY 51864 10070 0304/ 120917 173382 6111/
444 20110 10070 0257/ 50101 80143 80034 9/015=
ZZYY 52667 10070 0320/ 136598 150835 6112/
22219 00216
444 20120 10070 0302/ 50101 8//// 80015 9////=
ZZYY 22634 10070 0321/ 132117 146182 6111/
22219 00255
444 20110 10070 0316/ 50101 80055 80023 9////=
ZZYY 51861 10070 0319/ 127272 149979 6112/
22219 00289
444 20120 10070 0301/ 50101 80053 80053 9////=
ZZYY 52912 10070 0315/ 119587 139377 6112/
22219 00304
444 20120 10070 0259/ 50101 80125 80034 9/015=
ZZYY 52678 10070 0320/ 134621 160035 6112/
22219 00221
444 20120 10070 0302/ 50101 8//// 80027 9////=
ZZYY 52674 10070 0315/ 120514 143663 6112/
22219 00299
444 20120 10070 0259/ 50101 80109 80038 9/015=
ZZYY 52680 10070 0318/ 126546 150020 6113/
22219 00287
444 20130 10070 0301/ 50101 80091 80006 9/015=
ZZYY 21922 10070 0050/ 128899 144988 6113/
11119 30190 40190 57251
22219 00282
444 20130 09070 2358/ 50101 80110 80006 9/015=
ZZYY 21513 10070 0310/ 130920 153665 6112/
11119 30208 40208 52253
22219 00279
444 20120 10070 0122/ 50101 80080 80000 9/015=
ZZYY 21915 10070 0320/ 129345 150140 6112/
11119 30201 40201 52250
22219 00280
444 20120 10070 0301/ 50101 80110 80006 9/015=
ZZYY 21972 10070 0310/ 129563 157578 6112/
11119 40208 57005
22219 00309
444 20120 10070 0301/ 50101 80010 80000 9////=
ZZYY 51909 10070 0315/ 128762 153856 6111/
22219 00286
444 20110 10070 0122/ 50101 80054 80000 9////=
ZZYY 52679 10070 0316/ 124491 145758 6112/
22219 00288
444 20120 10070 0300/ 50101 80010 80000 9////=
ZZYY 22643 10070 0317/ 138275 167965 6112/
22219 00170
444 50101 80007 80003 9////=
ZZYY 52817 10070 0317/ 137581 168577 6111/
22219 00197
444 20110 10070 0302/ 50101 80010 9/015=
ZZYY 53522 10070 0313/ 134273 144270 6112/
444 20120 10070 0303/ 50101 80009 80005 9/015=
ZZYY 52821 10070 0317/ 136661 148752 6112/
22219 00226
444 20120 09070 2217/ 50101 8//// 80101 9/015=
ZZYY 22579 10070 0313/ 134213 155797 6111/
444 20110 10070 0303/ 50101 80009 9/015=
ZZYY 21920 10070 0316/ 123732 139389 6112/
22219 00295
444 20120 10070 0301/ 50101 80008 80032 9/015=
ZZYY 52829 10070 0304/ 119053 156485 6111/
444 20110 10070 0119/ 50101 80011 80099 9/015=
ZZYY 51626 10070 0317/ 127453 167742 6112/
22219 00302
444 20120 10070 0300/ 50101 80011 80000 9/015=
ZZYY 51820 10070 0320/ 130894 150638 6111/
22219 00270
444 20110 10070 0316/ 50101 80007 80018 9////=
ZZYY 22595 10070 0318/ 139450 161643 6111/
22219 00176
444 20110 10070 0304/ 50101 80010 80099 9/015=
ZZYY 22596 10070 0317/ 135187 174275 6111/
22219 00238
444 20110 10070 0302/ 50101 80008 80099 9/015=
ZZYY 52663 10070 0315/ 122083 153408 6111/
22219 00288
444 20110 10070 0259/ 50101 80134 80007 9/015=
ZZYY 22718 10070 0314/ 123593 137473 6112/
444 20120 10070 0300/ 50101 8//// 80099 9/015=
ZZYY 22593 10070 0321/ 141568 164741 6111/
22219 00121
444 20110 10070 0316/ 50101 80011 80099 9/015=
ZZYY 51727 10070 0317/ 130716 147491 6112/
22219 00264
444 20120 10070 0302/ 50101 8//// 80000 9////=
ZZYY 22694 10070 0315/ 132159 173295 6111/
22219 00257
444 20110 10070 0301/ 50101 80098 80000 9/015=
ZZYY 21947 10070 0317/ 143644 137670 6112/
22219 00184
444 20120 10070 0306/ 50101 80096 80041 9/015=
ZZYY 22715 10070 0318/ 133372 151352 6111/
22219 00248
444 50101 80096 80021 9/015=
ZZYY 22679 10070 0317/ 136862 178686 6112/
22219 00213
444 20120 10070 0259/ 50101 80092 80014 9////=
ZZYY 22681 10070 0315/ 134136 175658 6111/
444 20110 10070 0302/ 50101 8//// 80000 9/015=
ZZYY 22711 10070 0318/ 131226 152187 6111/
22219 00286
444 20110 10070 0303/ 50101 80104 80000 9////=
ZZYY 22533 10070 0317/ 124841 172520 6112/
22219 00284
444 20120 10070 0259/ 50101 80011 80011 9////=
ZZYY 22536 10070 0318/ 126493 153243 6112/
22219 00280
444 20120 10070 0259/ 50101 80011 80000 9////=
ZZYY 22572 10070 0319/ 129281 153196 6111/
22219 00289
444 20110 10070 0301/ 50101 80011 80000 9////=
ZZYY 22702 10070 0317/ 126625 153053 6111/
22219 00278
444 20110 10070 0120/ 50101 80062 80000 9/015=
####018001219####
SSVX02 LFVW 100327
ZZYY 23959 10070 0150/ 105123 062229 6111/
11119 40111 52006
22219 00286
444 20110 10070 0154/ 50101 80090 80000 9/015=
ZZYY 56941 10070 0200/ 548482 142591 6111/
11119 49972 57028
444 20110 10070 0233/ 50101 80100 80000 9/015=
ZZYY 56942 10070 0200/ 546047 137515 6111/
22219 00085
444 20110 10070 0234/ 50101 80100 80000 9/015=
ZZYY 56943 10070 0200/ 550627 123197 6112/
11119 40288 57013
22219 00070
444 20120 10070 0232/ 50101 80100 80000 9/015=
ZZYY 22689 10070 0318/ 137819 131790 6112/
22219 00246
444 50101 80146 80005 9/015=
ZZYY 21703 10070 0318/ 137546 134915 6112/
22219 00280
444 20120 10070 0316/ 50101 80144 80005 9/015=
ZZYY 22688 10070 0318/ 138792 131711 6113/
22219 00256
444 20130 10070 0306/ 50101 80146 80007 9/015=
ZZYY 21520 10070 0318/ 138282 132160 6111/
22219 00298
444 50101 80144 80005 9/015=
ZZYY 21701 10070 0319/ 138414 135362 6112/
22219 00276
444 20120 10070 0305/ 50101 80144 80009 9/015=
ZZYY 21732 10070 0320/ 143728 146917 6112/
22219 00127
444 20120 10070 0316/ 50101 80016 80030 9/015=
ZZYY 21735 10070 0316/ 137054 136724 6112/
22219 00282
444 20120 10070 0303/ 50101 80112 80000 9/015=
####018000143####
SSVX11 LFVW 100327
ZZYY 21210 09070 17004 138126 146396 6112/
11119 01917 10228 29100
22219 00224
444 20120 09070 1720/ 522// 60371=
####018000093####
SSVX07 LFVW 100327
ZZYY 48548 10070 0130/ 780826 106522 6112/
11119 10006 39847 49847=
####018000913####
SSVX13 LFVW 100327
ZZYY 23708 09070 2320/ 117293 061175 6111/
11119 30064 40064 57008
22219 00285
444 20110 09070 2244/ 50101 80100 80003 9/015=
ZZYY 23708 10070 0020/ 117313 061209 6111/
11119 30063 40063 57004
22219 00285
444 20110 10070 0153/ 50101 80100 80003 9/015=
ZZYY 56525 10070 0150/ 331038 034897 6111/
11119 30168 40168 57024
444 20110 10070 0207/ 50101 80090 80100 9/015=
ZZYY 56516 10070 0110/ 526606 115837 6111/
11119 30144 40144 54000
22219 00221
444 20110 09070 2329/ 50101 80080 80000 9/015=
ZZYY 56516 10070 0010/ 526606 115837 6111/
11119 30143 40143 57006
22219 00221
444 20110 09070 2329/ 50101 80080 80000 9/015=
ZZYY 56547 10070 0150/ 543150 138335 6111/
22219 00105
444 20110 10070 0110/ 50101 80100 80000 9/015=
ZZYY 55571 10070 0140/ 547184 143457 6112/
11119 30000 40000 57014
22219 00088
444 20120 10070 0109/ 501// 80008 80100=
