####018000770####
SSWB19 RKSL 092100
ZZYY 22101 09070 21001 13723/ 12602/ 
11109 01202 10196 49981 5//// 
22209 00166 10400 20043 21002= 
ZZYY 22102 09070 21001 13480/ 12577/ 
11109 01401 10244 40087 5//// 
22209 00217 10801 20080 21004= 
ZZYY 22103 09070 21001 13400/ 12750/ 
11109 01002 10213 40091 5//// 
22209 00220 10701 20071 21007= 
ZZYY 22104 09070 21001 13477/ 12890/ 
11109 03500 10235 40094 5//// 
22209 00220 10701 20071 21007= 
ZZYY 22106 09070 21001 13635/ 12978/ 
11109 01802 10217 40092 5//// 
22209 00220 10601 20064 21004= 
ZZYY 22107 09070 21001 13308/ 12603/ 
11109 01505 10256 40082 5//// 
22209 00251 10302 20034 21009= 
ZZYY 22108 09070 21001 13625/ 12575/ 
11109 01603 10249 40084 5//// 
22209 00251 10301 20034 21003= 
####018000769####
SSWB19 RKSL 092100
ZZYY 22101 09070 21001 13723/ 12602/ 
11109 01202 10196 49981 5//// 
22209 00166 10400 20043 21002= 
ZZYY 22102 09070 21001 13480/ 12577/ 
11109 01401 10244 40087 5//// 
22209 00217 10801 20080 21004= 
ZZYY 22103 09070 21001 13400/ 12750/ 
11109 01002 10213 40091 5//// 
22209 00220 10701 20071 21007= 
ZZYY 22104 09070 21001 13477/ 12890/ 
11109 03500 10235 40094 5//// 
22209 00220 10701 20071 21007= 
ZZYY 22106 09070 21001 13635/ 12978/ 
11109 01802 10217 40092 5//// 
22209 00220 10601 20064 21004= 
ZZYY 22107 09070 21001 13308/ 12603/ 
11109 01505 10256 40082 5//// 
22209 00251 10302 20034 21009= 
ZZYY 22108 09070 21001 13625/ 12575/ 
11109 01603 10249 40084 5//// 
22209 00251 10301 20034 21003=
####018000409####
SSVX08 KARS 092125
ZZYY 51306 08070 12004 502160 170017 6111/
11119 00413 10268 29077
22219 00280
33311 88872 20000 32796 20001 32801 43560 20025 32797 20050 32796
20075 32787 20100 32658 20125 32173 20150 31777 20200 31304
20500 30848
444 20110 08070 1237/ 521// 60401=
ZZYY 51306 09070 20004 502167 170013 6111/
11119 00314 10275 29079
22219 00279
444 20110 09070 2045/ 521// 60401=
