####018000143####
SSVX04 KARS 220945
ZZYY 46658 22091 0854/ 753062 153358 6113/
11119 49900 52008
22219 00104
444 20130 22091 0742/ 503// 80158 80019=
####018014599####
SSVX02 KARS 220945
ZZYY 64936 22091 0920/ 176150 007154 6112/
22219 00073
33311 88872 20000 30725 43512
444 20120 22091 0917/ 50101 80100 80100 9/015=
ZZYY 63561 22091 0920/ 775984 000173 6113/
22219 00049
33311 88872 20000 30490 42048
444 50101 80070 80100 9/015=
ZZYY 44930 22091 0925/ 765435 001684 6112/
444 20120 22091 0918/ 50101 80092 80099 9/015=
ZZYY 48656 22091 0850/ 780668 160257 6112/
22219 01023
444 20120 22091 0855/ 50101 80123 80001 9/015=
ZZYY 46561 22091 0800/ 754066 144488 6112/
11119 39942 49942 52020
22219 00112
444 20120 22091 0739/ 50101 80145 80024 9/015=
ZZYY 46561 22091 0900/ 754048 144477 6111/
11119 39946 49946 52018
22219 00112
444 20110 22091 0929/ 50101 80145 80028 9/015=
ZZYY 44831 22091 0900/ 755917 012813 6112/
11119 30127 40127 52016
22219 00132
444 20120 22091 0852/ 50101 80110 80009 9/015=
ZZYY 48673 22091 0933/ 776608 124477 6113/
444 20130 22091 0926/ 500// 9/000=
ZZYY 48673 22091 0518/ 776598 124366 6111/
444 20110 22091 0454/ 500// 9/000=
ZZYY 63579 22091 0925/ 169056 046889 6111/
22219 00085
444 20110 22091 0912/ 50101 80007 80005 9////=
ZZYY 63964 22091 0927/ 173818 023033 6113/
444 20130 22091 0917/ 50101 80007 80015 9/015=
ZZYY 63951 22091 0926/ 765673 001337 6112/
22219 00107
444 20120 22091 0918/ 50101 80007 80009 9/015=
ZZYY 63948 22091 0927/ 175393 035528 6113/
22219 00057
444 20130 22091 0917/ 50101 80007 80005 9/015=
ZZYY 63577 22091 0925/ 175077 067647 6113/
22219 00063
444 20130 22091 0913/ 50101 80007 80005 9/015=
ZZYY 63583 22091 0926/ 172568 046806 6113/
22219 00081
444 20130 22091 0918/ 50101 80009 80011 9/015=
ZZYY 63584 22091 0928/ 777832 002153 6112/
22219 00043
444 20120 22091 0919/ 50101 80008 80012 9/015=
ZZYY 63569 22091 0930/ 175126 002908 6113/
22219 00059
33311 88872 20000 30590 42048
444 20130 22091 0921/ 50101 80080 80100 9/015=
ZZYY 63966 22091 0926/ 171478 015237 6113/
22219 00103
444 20130 22091 0917/ 50101 80008 80008 9/015=
ZZYY 46533 22091 0800/ 753691 147127 6112/
11119 39926 49926 52014
22219 00110
444 20120 22091 0743/ 50101 80145 80058 9/015=
ZZYY 46586 22091 0900/ 755035 146767 6113/
11119 39909 49909 52021
22219 00105
444 20130 22091 0738/ 50101 80153 80025 9/015=
ZZYY 46586 22091 0800/ 755035 146767 6113/
11119 39903 49903 52021
22219 00105
444 20130 22091 0738/ 50101 80153 80022 9/015=
ZZYY 46921 22091 0900/ 752430 137170 6111/
11119 30035 40035 52010
22219 00114
444 20110 22091 0933/ 50101 80100 80000 9/015=
ZZYY 46921 22091 0800/ 752455 137168 6112/
11119 30033 40033 52015
22219 00114
444 20120 22091 0743/ 50101 80100 80000 9/015=
ZZYY 21998 22091 0830/ 744304 145409 6113/
11119 39917 49917 57108
22219 00157
444 20130 22091 0738/ 50101 80100 80000 9/015=
ZZYY 31905 22091 0602/ 534378 011683 6113/
22219 00155
444 20130 22091 0557/ 50101 8//// 80000 9/015=
ZZYY 31784 22091 0520/ 533120 025947 6111/
11119 30202 40202 57011
22219 00167
444 20110 22091 0452/ 50101 80050 80000 9/015=
ZZYY 33992 22091 0500/ 547185 021994 6113/
11119 40116 52231
22219 00045
444 2013/ 22091 0432/ 50101 80083 80000 9/015=
ZZYY 33992 22091 0600/ 547191 021969 6113/
11119 40105 52225
22219 00045
444 2013/ 22091 0601/ 50101 80083 80062 9/015=
ZZYY 52666 22091 0644/ 301468 134767 6113/
22219 00292
444 50101 80120 80202 9/015=
ZZYY 31519 22091 0520/ 526864 013748 6113/
11119 30210 40210 57006
22219 00192
444 20130 22091 0556/ 50101 80080 80000 9/015=
ZZYY 33691 22091 0600/ 527714 002247 6112/
22219 00184
444 20120 22091 0555/ 50101 80070 80045 9/015=
ZZYY 15926 22091 0602/ 526683 031337 6113/
22219 00196
444 20130 22091 0556/ 50101 80092 80050 9/015=
ZZYY 15631 22091 0602/ 527944 040825 6113/
22219 00198
444 20130 22091 0603/ 50101 80102 80020 9/015=
ZZYY 51671 22091 0640/ 306147 173333 6111/
22219 00288
444 20110 22091 0631/ 50101 80119 80026 9/015=
ZZYY 17672 22091 0510/ 537770 011406 6112/
11119 30251 40251 57002
22219 00123
444 20120 22091 0431/ 50101 80110 80006 9/015=
ZZYY 13904 22091 0551/ 717140 019369 6113/
22219 00279
444 20130 22091 0537/ 50101 80128 80001 9/015=
ZZYY 15945 22091 0556/ 505661 017593 6112/
22219 00250
444 20120 22091 0545/ 50101 80084 80011 9/015=
ZZYY 13624 22091 0552/ 711929 029894 6111/
22219 00282
444 20110 22091 0550/ 50101 80132 80001 9/015=
ZZYY 13518 22091 0554/ 706554 013121 6113/
22219 00274
444 20130 22091 0543/ 50101 80134 80002 9/015=
ZZYY 15943 22091 0556/ 504351 017840 6111/
22219 00248
444 20110 22091 0543/ 50101 80090 80255 9/015=
ZZYY 15941 22091 0556/ 516678 032473 6111/
22219 00241
444 20110 22091 0553/ 50101 80128 80002 9/015=
ZZYY 21616 22091 0656/ 137936 145325 6112/
22219 00229
444 20120 22091 0649/ 50101 80120 80042 9/015=
ZZYY 15618 22091 0555/ 520814 002179 6111/
22219 00189
444 20110 22091 0552/ 50101 80124 80180 9/015=
ZZYY 15641 22091 0554/ 501954 031795 6113/
22219 00263
444 20130 22091 0546/ 50101 80124 80180 9/015=
ZZYY 15677 22091 0559/ 514586 024220 6112/
22219 00238
444 20120 22091 0545/ 50101 80128 80001 9/015=
ZZYY 15928 22091 0558/ 513049 029931 6113/
22219 00249
444 20130 22091 0545/ 50101 80126 80001 9/015=
ZZYY 13926 22091 0554/ 706162 023129 6113/
22219 00280
444 20130 22091 0544/ 50101 80109 80003 9/015=
ZZYY 15944 22091 0549/ 302008 002776 6111/
444 20110 22091 0544/ 50101 80152 80008 9/015=
ZZYY 13910 22091 0549/ 718379 018789 6113/
22219 00256
444 20130 22091 0542/ 50101 80044 80255 9/015=
ZZYY 15675 22091 0556/ 514670 025357 6113/
22219 00241
444 20130 22091 0553/ 50101 80128 80002 9/015=
ZZYY 51531 22091 0639/ 307302 154877 6113/
22219 00296
444 20130 22091 0631/ 50101 80115 80004 9/015=
ZZYY 51901 22091 0641/ 312802 159236 6112/
22219 00280
444 20120 22091 0631/ 50101 80115 80005 9/015=
ZZYY 15929 22091 0552/ 306930 005037 6111/
22219 00228
444 20110 22091 0706/ 50101 80138 80008 9/015=
ZZYY 51868 22091 0644/ 120438 167387 6112/
22219 00284
444 20120 22091 0755/ 50101 80109 80007 9/015=
ZZYY 13943 22091 0552/ 708064 029914 6112/
22219 00281
444 20120 22091 0556/ 50101 80085 80255 9/015=
ZZYY 17509 22091 0550/ 529036 010579 6113/
11119 30250 40250
22219 00188
444 20130 22091 0557/ 50101 80080 80100 9/015=
ZZYY 52909 22091 0644/ 114763 139283 6112/
22219 00295
444 50101 80120 80043 9/015=
ZZYY 51861 22091 0654/ 134646 144033 6111/
22219 00276
444 20110 22091 0648/ 50101 80005 80000 9////=
ZZYY 52914 22091 0655/ 134916 143423 6111/
22219 00275
444 20110 22091 0648/ 50101 80051 80005 9/015=
ZZYY 13960 22091 0549/ 713724 017375 6113/
22219 00290
444 20130 22091 0538/ 50101 80148 80010 9/015=
ZZYY 13945 22091 0548/ 714799 018208 6113/
444 20130 22091 0544/ 50101 80146 9/015=
ZZYY 15906 22091 0555/ 507470 012107 6113/
22219 00238
444 20130 22091 0545/ 50101 80082 80016 9/015=
ZZYY 15604 22091 0602/ 525244 031105 6113/
22219 00211
444 20130 22091 0555/ 50101 80119 80014 9/015=
ZZYY 33532 22091 0520/ 548466 021733 6113/
11119 30116 40116
22219 00025
444 20130 22091 0600/ 50101 80100 80100 9/015=
ZZYY 31528 22091 0604/ 532200 032101 6111/
22219 00178
444 20110 22091 0558/ 50101 80340 80002 9/015=
ZZYY 15940 22091 0556/ 523780 036318 6113/
22219 00219
444 50101 80119 80005 9/015=
ZZYY 33660 22091 0540/ 546762 024511 6111/
22219 00043
444 20110 22091 0602/ 50101 80110 80100 9/015=
ZZYY 71703 22091 0610/ 550233 045002 6112/
22219 00026
444 20120 22091 0605/ 50101 80118 80113 9/015=
ZZYY 15605 22091 0553/ 503464 035350 6112/
22219 00264
444 20120 22091 0545/ 50101 80088 80010 9/015=
ZZYY 71635 22091 0609/ 548350 043236 6112/
22219 00046
444 20120 22091 0614/ 50101 80116 80148 9/015=
ZZYY 71701 22091 0610/ 551915 043362 6113/
22219 00012
444 20130 22091 0604/ 50101 80114 80103 9/015=
ZZYY 71696 22091 0607/ 548877 033948 6111/
22219 00038
444 20110 22091 0602/ 50101 80116 80158 9/015=
ZZYY 71709 22091 0606/ 548863 040068 6112/
22219 00021
444 20120 22091 0602/ 50101 80116 80135 9/015=
ZZYY 71573 22091 0607/ 553947 042928 6113/
22219 00008
444 20130 22091 0603/ 50101 80116 80106 9/015=
ZZYY 33993 22091 0600/ 544943 045061 6112/
11119 40003 57242
22219 00086
444 2012/ 22091 0602/ 50101 80082 80009 9/015=
ZZYY 33995 22091 0600/ 544953 040427 6113/
11119 49941 52221
22219 00085
444 2013/ 22091 0601/ 50101 80103 80020 9/015=
ZZYY 15602 22091 0556/ 502546 027418 6113/
22219 00262
444 20130 22091 0544/ 50101 80082 80011 9/015=
ZZYY 33655 22091 0550/ 547572 003553 6111/
11119 30132 40132
22219 00034
444 20110 22091 0535/ 50101 80100 80100 9/015=
ZZYY 33672 22091 0500/ 543048 044439 6112/
11119 39985 49985
22219 00087
444 20120 22091 0455/ 50101 80110 80100 9/015=
ZZYY 33579 22091 0550/ 551460 013454 6111/
11119 30094 40094
22219 00016
444 20110 22091 0605/ 50101 80110 80100 9/015=
ZZYY 52905 22091 0610/ 112314 132499 6112/
11119 30066 40066 52236
22219 00301
444 20120 22091 0640/ 50101 80110 80010 9/015=
ZZYY 52613 22091 0642/ 105682 142706 6111/
22219 00292
444 20110 22091 0503/ 50101 80120 80024 9/015=
ZZYY 52807 22091 0643/ 102040 133784 6112/
22219 00289
444 20120 22091 0636/ 50101 80120 80034 9/015=
ZZYY 31902 22091 0556/ 504260 035807 6111/
22219 00263
444 20110 22091 0557/ 50101 80122 80015 9/015=
ZZYY 31993 22091 0557/ 505891 032067 6112/
22219 00265
444 20120 22091 0601/ 50101 80122 80012 9/015=
ZZYY 31998 22091 0549/ 506163 033481 6112/
22219 00263
444 20120 22091 0441/ 50101 80122 9/015=
ZZYY 15635 22091 0602/ 527989 029112 6113/
22219 00187
444 20130 22091 0556/ 50101 80086 80002 9/015=
ZZYY 31742 22091 0600/ 525890 037694 6113/
22219 00207
444 20130 22091 0308/ 50101 80116 80018 9/015=
ZZYY 15634 22091 0603/ 529353 017358 6113/
22219 00186
444 20130 22091 0555/ 50101 80096 80000 9/015=
ZZYY 31759 22091 0602/ 524306 043710 6112/
22219 00219
444 20120 22091 0603/ 50101 80116 80002 9/015=
ZZYY 15921 22091 0601/ 525791 035203 6113/
22219 00197
444 20130 22091 0556/ 50101 80094 80001 9/015=
ZZYY 51538 22091 0635/ 319177 167879 6112/
22219 00242
444 20120 22091 0631/ 50101 80086 80001 9/015=
ZZYY 33570 22091 0608/ 546740 045243 6112/
22219 00088
444 20120 22091 0614/ 50101 80108 80036 9/015=
ZZYY 33666 22091 0604/ 539811 046780 6112/
22219 00114
444 20120 22091 0600/ 50101 80116 80018 9/015=
ZZYY 33905 22091 0603/ 541369 050787 6111/
22219 00105
444 20110 22091 0601/ 50101 80114 80016 9/015=
ZZYY 33964 22091 0601/ 543987 030166 6111/
22219 00088
444 50101 80114 80006 9/015=
ZZYY 31711 22091 0557/ 507054 034286 6112/
22219 00259
444 20120 22091 0546/ 50101 80122 80016 9/015=
ZZYY 31786 22091 0556/ 503249 034327 6113/
22219 00265
444 20130 22091 0441/ 50101 80124 80015 9/015=
ZZYY 31508 22091 0556/ 514520 034210 6112/
22219 00254
444 20120 22091 0552/ 50101 80120 80012 9/015=
ZZYY 31990 22091 0601/ 523280 039641 6112/
22219 00233
444 20120 22091 0603/ 50101 80098 80002 9/015=
ZZYY 31989 22091 0601/ 525071 041289 6113/
22219 00222
444 20130 22091 0556/ 50101 80120 80013 9/015=
ZZYY 21907 22091 0410/ 119566 133151 6113/
11119 30089 40089 52243
22219 00300
444 20130 22091 0354/ 50101 80100 80005 9/015=
ZZYY 15601 22091 0602/ 522838 026557 6113/
22219 00213
444 20130 22091 0556/ 50101 80049 80025 9/015=
ZZYY 31538 22091 0602/ 534597 051493 6112/
22219 00182
444 20120 22091 0559/ 50101 80085 80018 9/015=
ZZYY 15924 22091 0500/ 516989 016664 6112/
11119 30187 40187 57008
22219 00217
444 20120 22091 0553/ 50101 80140 80017 9/015=
ZZYY 31921 22091 0604/ 534296 017565 6113/
22219 00165
444 20130 22091 0557/ 50101 80043 80017 9////=
ZZYY 21915 22091 0655/ 137416 146641 6112/
444 20120 20091 2224/ 50101 80000 80000 9/015=
ZZYY 31758 22091 0602/ 527871 033313 6112/
22219 00188
444 20120 22091 0556/ 50101 80006 80060 9/015=
ZZYY 15927 22091 0540/ 523379 008000 6113/
11119 30239 40239 52001
22219 00196
444 20130 22091 0554/ 50101 80140 80000 9/015=
ZZYY 15505 22091 0530/ 525559 011141 6112/
11119 30238 40238
22219 00196
444 20120 22091 0555/ 50101 80110 80100 9/015=
ZZYY 33581 22091 0600/ 545757 023162 6112/
11119 30094 40094
22219 00064
444 20120 22091 0603/ 50101 80110 80100 9/015=
ZZYY 71674 22091 0510/ 544297 034692 6112/
11119 39977 49977
22219 00066
444 20120 22091 0457/ 50101 80110 80100 9/015=
ZZYY 53524 22091 0654/ 128291 134147 6111/
22219 00278
444 20110 22091 0645/ 50101 80092 80006 9/015=
ZZYY 71664 22091 0510/ 555245 024860 6112/
11119 39955 49955
22219 00000
444 20120 20091 0512/ 50101 80110 80100 9/015=
ZZYY 33533 22091 0500/ 549420 046813 6113/
11119 30031 40031
444 20130 22091 0454/ 50101 80110 80100 9/015=
ZZYY 71661 22091 0510/ 546750 026916 6111/
11119 30041 40041
22219 00043
444 20110 22091 0456/ 50101 80110 80000 9/015=
ZZYY 31911 22091 0603/ 527460 045059 6112/
22219 00191
444 20120 22091 0604/ 50101 80047 80000 9/015=
ZZYY 31914 22091 0605/ 534613 016323 6113/
22219 00159
444 20130 22091 0558/ 50101 80061 80022 9/015=
ZZYY 31926 22091 0602/ 533170 006166 6112/
22219 00168
444 20120 22091 0557/ 50101 80007 80032 9////=
ZZYY 31537 22091 0603/ 532206 021050 6113/
22219 00158
444 20130 22091 0556/ 50101 80043 80018 9/015=
ZZYY 51829 22091 0653/ 127243 144361 6111/
22219 00274
444 20110 22091 0646/ 50101 80119 9/015=
ZZYY 51972 22091 0640/ 311590 167553 6112/
22219 00289
444 20120 22091 0632/ 50101 80081 80005 9/015=
ZZYY 15923 22091 0500/ 514828 021489 6113/
11119 30177 40177 57012
22219 00232
444 20130 22091 0415/ 50101 80120 80013 9/015=
ZZYY 55593 22091 0830/ 546604 145078 6112/
11119 30128 40128 52012
22219 00085
444 20120 22091 0734/ 50101 80100 80000 9/015=
ZZYY 54901 22091 0810/ 543138 153305 6113/
11119 30118 40118 57010
22219 00103
444 20130 22091 0734/ 50101 80080 80009 9/015=
ZZYY 71640 22091 0900/ 557183 118404 6112/
444 20120 22091 0756/ 50101 9////=
ZZYY 56570 22091 0850/ 558955 129668 6113/
11119 30126 40126 57030
22219 00022
444 20130 22091 0754/ 50101 80100 80006 9/015=
ZZYY 54928 22091 0810/ 542464 153691 6112/
22219 00105
444 20120 22091 0735/ 50101 80110 80010 9/015=
ZZYY 34905 22091 0900/ 550893 149617 6113/
22219 00067
444 20130 22091 0734/ 50101 80010 80004 9////=
####018000671####
SSVX06 KARS 220945
ZZYY 47558 22091 0932/ 773761 081523 6111/
444 20110 22091 0927/ 500// 9/000=
ZZYY 48506 22091 0928/ 779556 119191 6112/
11119 40067=
ZZYY 47554 22091 0934/ 774343 112489 6113/
444 20130 22091 0928/ 500// 9/000=
ZZYY 48505 22091 0934/ 780207 127687 6112/
11119 40070
444 20120 22091 0928/ 500//=
ZZYY 48505 22091 0525/ 780191 127713 6111/
11119 40061
444 20110 22091 0520/ 500//=
ZZYY 47553 22091 0932/ 779341 103385 6113/
444 20130 22091 0927/ 500// 9/000=
ZZYY 48713 22091 0701/ 175332 165643 6112/
444 20120 22091 0611/ 500// 9/000=
ZZYY 48713 22091 0520/ 175328 165626 6113/
444 20130 22091 0518/ 500// 9/000=
####018000149####
SSVX13 KARS 220945
ZZYY 55962 22091 0500/ 337440 168591 6113/
11119 40130 52001
22219 00145
444 20130 22091 0455/ 50101 80108 80011 9/015=
####018002721####
SSVX08 KARS 220945
ZZYY 31003 21091 1200/ 507911 030508 6112/
33311 88872 20001 32627 43624 20020 32633 43620 20040 32632 43620
20060 32632 20080 32625 20100 32454 20120 32157 43639 20140 31927
20300 30967 20500 30724
444 20120 21091 1053/ 521//=
ZZYY 31005 21091 1200/ 518872 034688 6112/
33311 88872 20001 32379 20060 32372 43727 20100 32371 20120 32372
20140 32361 20180 32045 20300 31448
444 20120 21091 1057/ 521//=
ZZYY 31005 22091 05004 518871 034684 6112/
11119 00707 40182
22219 00238
444 20120 22091 0448/ 521// 60401=
ZZYY 31004 21091 1200/ 513525 032608 6112/
33311 88872 20020 32538 43686 20040 32538 43700 20060 32535
20080 32535 20100 32535 20120 32546 43717 20140 32495 20180 32228
20300 31333 20500 30706
444 20120 21091 1035/ 521//=
ZZYY 31004 22091 05004 513519 032608 6112/
11119 01112 10248 29073
444 20120 22091 0446/ 521// 60401=
ZZYY 31002 21091 1200/ 704144 037954 6112/
33311 88872 20001 32826 43567 20020 32824 43578 20040 32823 43578
20060 32821 20080 32756 20100 32712 20120 32363 43634 20140 31857
20180 31250 20300 31019 20500 30761
444 20120 21091 1051/ 521//=
ZZYY 13009 21091 1200/ 707944 038027 6111/
33311 88872 20001 32883 43440 20020 32887 43467 20060 32548
20080 32290 20100 31837 20120 31536 43564 20140 31373 20180 31169
20300 30994 20500 30794
444 20110 21091 1201/ 521//=
ZZYY 13009 22091 05004 707938 038007 6113/
11119 01906 10281 29077
22219 00289
444 20130 22091 0441/ 521// 60401=
ZZYY 31006 21091 1200/ 704038 022985 6112/
33311 88872 20001 32803 43463 20020 32798 43496 20040 32799 43499
20060 32750 43559 20080 32360 20100 31877 20120 31655 20140 31577
20180 31396 20300 31144
444 20120 21091 1051/ 521//=
ZZYY 13001 21091 1200/ 711482 022977 6111/
33311 88872 20001 32883 43513 20020 32823 43556 20040 32122 43592
20060 31725 43575 20080 31544 20100 31440 20120 31360 20140 31326
20180 31282 20300 31133 20500 30955
444 20110 21091 1155/ 521//=
ZZYY 31007 21091 1200/ 700027 023006 6112/
33311 88872 20001 32588 43592 20020 32577 43594 20040 32534 43598
20080 32422 20100 32133 20120 31857 20140 31585 20180 31401
20300 31198 20500 30715
444 20120 21091 1051/ 521//=
ZZYY 31007 22091 05004 700019 023002 6112/
11119 01612 10253 29085 40124
22219 00258
444 20120 22091 0416/ 521// 60401=
ZZYY 31001 21091 1200/ 700011 035008 6112/
33311 88872 20001 32663 43591 20020 32661 43591 20040 32655 43595
20060 32633 20080 32563 20100 32355 20120 32117 43623 20140 31894
20180 31462 20300 31140 20500 30729
444 20120 21091 1053/ 521//=
ZZYY 31001 22091 05004 700007 035002 6111/
11119 01313 10263 29081
22219 00266
444 20110 22091 0443/ 521// 60401=
####018000381####
SSVX07 KARS 220945
ZZYY 48536 22091 0930/ 173307 154315 6112/
11119 11010 40062
444 20120 22091 0841/=
ZZYY 48536 22091 0520/ 173262 154294 6112/
11119 11010 40062
444 20120 22091 0518/=
ZZYY 48534 22091 0930/ 783373 046229 6113/
11119 11175 40154
444 20130 22091 0926/=
ZZYY 48534 22091 0520/ 783371 046199 6112/
11119 11143 40159
444 20120 22091 0524/=
####018000309####
SSVX07 LFVW 220945
ZZYY 48548 22091 0520/ 774303 128087 6113/
11119 11007 39897 49897
444 20130 22091 0454/=
ZZYY 48548 22091 0920/ 774295 128365 6112/
11119 11007 39908 49908
444 20120 22091 0928/=
ZZYY 48548 22091 0930/ 774295 128365 6112/
11119 11007 39908 49908
444 20120 22091 0928/=
####018000143####
SSVX12 LFVW 220945
ZZYY 25619 22091 0900/ 183232 131668 6113/
11119 11095 49790 57001
22219 01046
444 20130 22091 0852/ 501// 80140=
####018000239####
SSVX02 LFVW 220945
ZZYY 54501 22091 0631/ 523142 178771 6112/
22219 00229
33311 88872 20000 32286 43484
444 50101 9/015=
ZZYY 21731 22091 0654/ 145308 140209 6112/
22219 00194
444 20120 22091 0802/ 50101 80138 80006 9/015=
####018000771####
SSVX13 LFVW 220945
ZZYY 13575 22091 0530/ 703442 027604 6112/
11119 40122
22219 00281
33311 88872 20000 32806 43519
444 20120 22091 0440/ 50101 80118 80011 9/015=
ZZYY 56506 22091 0800/ 554245 131376 6111/
11119 30115 40115 57005
22219 00064
444 20110 22091 0755/ 50101 80060 80005 9/015=
ZZYY 15955 22091 0550/ 503682 018068 6112/
11119 40135
22219 00250
33311 88872 20000 32503 43624
444 20120 22091 0417/ 50101 80118 80013 9/015=
ZZYY 15955 22091 0450/ 503682 018068 6112/
11119 40130
22219 00250
33311 88872 20000 32503 43624
444 20120 22091 0417/ 50101 80118 80011 9/015=
ZZYY 15955 22091 0350/ 503682 018068 6112/
11119 40128
22219 00250
33311 88872 20000 32503 43624
444 20120 22091 0417/ 50101 80118 80011 9/015=
####018014737####
SSVX11 LFVW 220945
ZZYY 52078 21091 20004 105036 146951 6112/
11119 02802 10263 29088 40096
22219 00291
33311 88872 20000 32908 20002 32908 43313 20025 32951 43363
20050 32945 43373 20075 32860 43443 20100 32573 43490
20125 32216 43499 20150 31841 43480 20200 31240 43457
20250 31051 43461 20300 30917 43460 20500 30759 43456
20750 30597 43453
444 20120 21091 1939/ 522// 60381=
ZZYY 52078 21091 22004 105044 146964 6111/
11119 03602 10270 29083 40107
22219 00289
33311 88872 20000 32888 20002 32888 43296 20025 32951 43364
20050 32941 43380 20075 32843 43450 20100 32424 43494
20125 32137 43493 20150 31787 43475 20200 31249 43457
20250 31032 43463 20300 30921 43462 20500 30757 43456
20750 30587 43454
444 20110 21091 2211/ 522// 60381=
ZZYY 52078 22091 0400/ 105039 146953 6113/
33311 88872 20002 32994 43331 20025 32952 43362 20050 32952 43365
20075 32888 43438 20100 32709 43477 20125 32386 43500
20150 32062 43486 20200 31299 43456 20250 31057 43461
20300 30925 43462 20500 30782 43458 20750 30610 43454
444 20130 22091 0352/ 522//=
ZZYY 52078 22091 0600/ 105044 146954 6112/
33311 88872 20002 33048 43335 20025 32951 43360 20050 32948 43364
20075 32843 43456 20100 32581 43487 20125 32301 43507
20150 31945 43482 20200 31294 43457 20250 31075 43461
20300 30925 43461 20500 30787 43458 20750 30606 43455
444 20120 22091 0639/ 522//=
ZZYY 52078 22091 0400/ 105039 146953 6113/
33311 88872 20002 32994 43331 20025 32952 43362 20050 32952 43365
20075 32888 43438 20100 32709 43477 20125 32386 43500
20150 32062 43486 20200 31299 43456 20250 31057 43461
20300 30925 43462 20500 30782 43458 20750 30610 43454
444 20130 22091 0352/ 522//=
ZZYY 52078 22091 02004 105043 146947 6111/
11119 00703 10281 29076 40106
22219 00295
33311 88872 20000 32946 20002 32946 43325 20025 32953 43363
20050 32947 43371 20075 32887 43431 20100 32737 43473
20125 32375 43508 20150 32029 43485 20200 31280 43455
20250 31029 43462 20300 30915 43461 20500 30765 43457
20750 30606 43453
444 20110 22091 0213/ 522// 60381=
ZZYY 52078 22091 00004 105042 146947 6112/
11119 03101 10277 29081 40111
22219 00291
33311 88872 20000 32907 20002 32907 43303 20025 32951 43362
20050 32950 43366 20075 32884 43440 20100 32587 43485
20125 32223 43498 20150 31864 43480 20200 31237 43456
20250 31016 43463 20300 30913 43461 20500 30745 43455
20750 30593 43453
444 20120 21091 2351/ 522// 60381=
ZZYY 52078 22091 05004 105038 146949 6113/
11119 00703 29066 40091
22219 00302
33311 88872 20000 33016 20002 33016 43333 20025 32951 43360
20050 32952 43364 20075 32874 43440 20100 32649 43483
20125 32376 43503 20150 32050 43487 20200 31292 43456
20250 31045 43462 20300 30921 43461 20500 30785 43458
20750 30608 43455
444 20130 22091 0506/ 522// 60381=
ZZYY 52079 21091 23004 300023 146996 6112/
11119 01208 40116
22219 00294
33311 88872 20000 32940 20002 32940 43445 20025 32937 43530
20050 32851 43538 20075 32778 43542 20100 32742 43552
20125 32697 43548 20150 32414 43572 20200 31945 43539
20250 31639 43527 20300 31102 43481 20500 30814 43459
20750 30587 43452
444 20120 21091 2242/ 522// 60381=
ZZYY 52079 21091 21004 300025 146990 6112/
11119 01208 40098
22219 00296
33311 88872 20000 32955 20002 32955 43451 20025 32945 43520
20050 32864 43538 20075 32783 43540 20100 32754 43553
20125 32710 43550 20150 32601 43563 20200 31952 43538
20250 31649 43526 20300 31139 43482 20500 30797 43458
20750 30579 43453
444 20120 21091 2102/ 522// 60381=
ZZYY 52079 22091 0500/ 300023 146990 6113/
33311 88872 20125 32705 43550 20150 32511 43567 20200 31955 43538
20250 31652 43526 20500 30781 43457
444 20130 22091 0505/ 522//=
ZZYY 52079 22091 03004 300023 146991 6112/
11119 01008 40097
22219 00296
33311 88872 20000 32964 20002 32964 43410 20025 32908 43538
20050 32845 43538 20075 32778 43541 20100 32759 43553
20125 32709 43550 20150 32500 43569 20200 31951 43539
20250 31643 43528 20300 31101 43482 20500 30793 43458
20750 30587 43451
444 20120 22091 0326/ 522// 60381=
ZZYY 52079 22091 01004 300028 146997 6112/
11119 01009 40109
22219 00294
33311 88872 20000 32937 20002 32937 43414 20025 32931 43530
20050 32854 43539 20075 32778 43542 20100 32750 43553
20125 32701 43549 20150 32387 43565 20200 31936 43540
20250 31632 43528 20300 31095 43481 20500 30806 43459
20750 30588 43453
444 20120 21091 2353/ 522// 60381=
ZZYY 52079 22091 0600/ 300023 146990 6113/
33311 88872 20125 32695 43548 20150 32510 43567 20200 31954 43532
20250 31689 43527 20500 30802 43459
444 20130 22091 0638/ 522//=
ZZYY 21210 21091 19004 138121 146419 6111/
11119 01933 10262 29088 49940
22219 00251
444 20110 21091 1931/ 522// 60371=
ZZYY 21210 22091 0500/ 138096 146395 6111/
22219 00245
444 20110 22091 0516/ 522//=
ZZYY 52084 21091 23004 105022 155965 6112/
11119 00707 10281 29084 40118
22219 00294
33311 88872 20000 32942 20002 32942 43357 20025 32941 43364
20050 32942 43365 20075 32930 43399 20100 32737 43477
20125 32454 43514 20150 32334 43516 20200 31520 43464
20250 31039 43462 20300 30944 43464 20500 30771 43457 20750 30589
444 20120 21091 2239/ 522// 60381=
ZZYY 52084 21091 21004 105022 155966 6113/
11119 00506 10274 29089 40103
22219 00294
33311 88872 20000 32943 20002 32943 43358 20025 32940 43362
20050 32944 43374 20075 32900 43413 20100 32670 43489
20125 32441 43514 20150 32330 43513 20200 31340 43452
20250 31013 43463 20300 30923 43463 20500 30740 43457 20750 30573=
ZZYY 52084 22091 0500/ 105018 155965 6112/
33311 88872 20002 32955 43357 20025 32942 43364 20050 32943 43374
20075 32896 43421 20100 32735 43482 20125 32480 43518
20150 32317 43513 20200 31355 43455 20250 31054 43460
20300 30954 43463 20500 30780 43458 20750 30605
444 20120 22091 0507/ 522//=
ZZYY 52084 22091 03004 105020 155960 6113/
11119 01710 10261 29094 40093
22219 00296
33311 88872 20000 32957 20002 32957 43361 20025 32942 43364
20050 32940 43376 20075 32888 43422 20100 32681 43492
20125 32456 43523 20150 32284 43513 20200 31343 43454
20250 31060 43460 20300 30948 43463 20500 30765 43457 20750 30588
444 20130 22091 0327/ 522// 60381=
ZZYY 52084 22091 01004 105020 155964 6112/
11119 00705 10282 29084 40109
22219 00295
33311 88872 20000 32954 20002 32954 43358 20025 32942 43365
20050 32942 43375 20075 32901 43417 20100 32699 43489
20125 32436 43523 20150 32174 43500 20200 31317 43459
20250 31044 43462 20300 30955 43463 20500 30785 43458 20750 30604
444 20120 21091 2352/ 522// 60381=
ZZYY 52084 22091 0600/ 105022 155966 6113/
33311 88872 20002 32955 43357 20025 32943 43364 20050 32939 43373
20075 32903 43419 20100 32724 43485 20125 32465 43523
20150 32308 43514 20200 31233 43453 20250 31024 43463
20300 30938 43464 20500 30780 43458 20750 30606
444 20130 22091 0639/ 522//=
ZZYY 52082 21091 2300/ 101955 155995 6112/
33311 88872 20002 32940 20025 32965 43476 20050 32960 43511
20075 32943 43518 20100 32834 43542 20125 32734 43538
20150 32528 43529 20200 31695 43468 20250 31031 43473
20300 30982 43471 20500 30775 43458 20750 30569 43453
444 20120 21091 2240/ 522//=
ZZYY 52082 21091 19004 101949 155993 6111/
11119 00503 29094 40098
22219 00293
33311 88872 20000 32929 20002 32929 20025 32964 43481
20050 32959 43509 20075 32948 43516 20100 32824 43542
20125 32711 43538 20150 32525 43531 20200 31539 43465
20250 31047 43469 20300 30996 43472 20500 30823 43459
20750 30571 43453
444 20110 21091 1939/ 522// 60381=
ZZYY 52082 21091 21004 101955 155997 6113/
11119 03501 29092 40111
22219 00289
33311 88872 20000 32893 20002 32893 20025 32962 43485
20050 32959 43511 20075 32917 43525 20100 32829 43542
20125 32743 43540 20150 32566 43532 20200 31514 43462
20250 31038 43473 20300 30987 43471 20500 30797 43459
20750 30570 43453=
ZZYY 52082 22091 05004 101948 155991 6113/
11119 01501 29078 40080
22219 00302
33311 88872 20000 33020 20002 33020 20025 32970 43471
20050 32955 43508 20075 32941 43518 20100 32844 43541
20125 32779 43540 20150 32635 43535 20200 31693 43476
20250 31033 43472 20300 30984 43470 20500 30777 43458
20750 30571 43453
444 20130 22091 0507/ 522// 60381=
ZZYY 52082 22091 01004 101953 155997 6113/
11119 02601 29083 40115
22219 00295
33311 88872 20000 32947 20002 32947 20025 32968 43461
20050 32960 43509 20075 32956 43513 20100 32850 43540
20125 32773 43540 20150 32599 43534 20200 31604 43469
20250 31028 43473 20300 30979 43471 20500 30748 43456
20750 30569 43453
444 20130 21091 2352/ 522// 60381=
ZZYY 52082 22091 06004 101953 155999 6113/
11119 01501 29079 40079
22219 00297
33311 88872 20000 32973 20002 32973 20025 32970 43472
20050 32952 43507 20075 32911 43527 20100 32834 43542
20300 30983 43471 20750 30568 43453
444 20130 22091 0638/ 522// 60381=
ZZYY 52082 22091 00004 101953 155997 6113/
11119 02202 29085 40121
22219 00294
33311 88872 20000 32939 20002 32939 20025 32967 43472
20050 32960 43510 20075 32941 43518 20100 32841 43541
20125 32757 43540 20150 32571 43533 20200 31614 43467
20250 31029 43473 20300 30982 43471 20500 30770 43457
20750 30567 43454
444 20130 21091 2352/ 522// 60381=
ZZYY 52082 22091 02004 101953 155999 6112/
11119 02201 29082 40105
22219 00296
33311 88872 20000 32955 20002 32955 20025 32969 43466
20050 32960 43510 20075 32956 43514 20100 32852 43540
20125 32780 43539 20150 32615 43533 20200 31618 43466
20250 31030 43473 20300 30982 43470 20500 30744 43456
20750 30570 43453
444 20120 22091 0212/ 522// 60381=
ZZYY 52086 21091 2300/ 304964 156013 6112/
11119 10278 29080 40116
22219 00290
33311 88872 20000 32900 20002 32900 43421 20025 32961
20050 32961 43490 20075 32962 20100 32884 43560 20125 32808
20150 32668 43573 20200 32022 43574 20250 31452 43514
20300 31008 43475 20500 30801 43459 20750 30601 43454
444 20120 21091 2242/ 522//=
ZZYY 52086 21091 2100/ 304967 156018 6113/
11119 10267 29084 40106
22219 00290
33311 88872 20000 32896 20002 32896 43428 20025 32961
20050 32961 43490 20075 32931 20100 32874 43564 20125 32828
20150 32708 43572 20200 32157 43586 20250 31498 43519
20300 30988 43474 20500 30801 43459 20750 30597 43455
444 20130 21091 2102/ 522//=
ZZYY 52086 21091 1900/ 304961 156017 6111/
11119 10260 29087 40095
22219 00291
33311 88872 20000 32914 20002 32914 43437 20025 32960
20050 32960 43489 20075 32963 20100 32912 43551 20125 32863
20150 32803 43568 20200 32208 43585 20250 31507 43520
20300 30971 43472 20500 30792 43459 20750 30581 43454
444 20110 21091 1941/ 522//=
ZZYY 52086 22091 0500/ 304964 156014 6113/
11119 10267 29079 40080
22219 00293
33311 88872 20000 32933 20002 32933 43440 20025 32961
20050 32960 43489 20075 32964 20100 32932 43546 20125 32878
20150 32788 43568 20200 32081 43580 20250 31423 43513
20300 30984 43473 20500 30758 43460 20750 30566 43455
444 20130 22091 0505/ 522//=
ZZYY 52086 22091 0300/ 304969 156017 6113/
11119 10256 29087 40095
22219 00293
33311 88872 20000 32927 20002 32927 43444 20025 32961
20050 32960 43489 20075 32963 20100 32926 43547 20125 32854
20150 32732 43570 20200 32051 43577 20250 31388 43509
20300 30982 43473 20500 30786 43459 20750 30578 43455
444 20130 22091 0324/ 522//=
ZZYY 52086 22091 0100/ 304966 156016 6113/
11119 10268 29085 40112
22219 00291
33311 88872 20000 32912 20002 32912 43418 20025 32962
20050 32960 43489 20075 32962 20100 32909 43552 20125 32820
20150 32667 43575 20200 32078 43580 20250 31508 43521
20300 31005 43476 20500 30791 43459 20750 30585 43455
444 20130 21091 2353/ 522//=
ZZYY 52086 22091 0600/ 304968 156015 6113/
11119 10273 29077 40082
22219 00294
33311 88872 20000 32937 20002 32937 43446 20025 32960
20050 32960 43490 20075 32966 20100 32920 43550 20125 32862
20150 32753 43570 20200 32055 43579 20250 31474 43516
20300 30996 43474 20500 30759 43460 20750 30568 43454
444 20130 22091 0636/ 522//=
ZZYY 52088 21091 23004 302009 155981 6112/
11119 03005 10281 29084 40123
22219 00294
33311 88872 20000 32944 20002 32944 43522 20025 32944 43522
20050 32942 43524 20075 32937 43530 20100 32877 43543
20125 32825 43569 20150 32636 43573 20200 31686 43547
20250 31071 43480 20300 31008 43474 20500 30797 43459
20750 30580 43452
444 20120 21091 2241/ 522// 60381=
ZZYY 52088 21091 19004 302008 155975 6111/
11119 01103 10270 29083 40091
22219 00294
33311 88872 20000 32937 20002 32937 43521 20025 32941 43522
20050 32941 43522 20075 32940 43528 20100 32924 43530
20125 32863 43551 20150 32822 43571 20200 32247 43585
20250 31174 43490 20300 31016 43474 20500 30749 43455
20750 30554 43452
444 20110 21091 1939/ 522// 60381=
ZZYY 52088 21091 21004 302011 155982 6113/
11119 00601 10274 29087 40107
22219 00294
33311 88872 20000 32942 20002 32942 43521 20025 32945 43522
20050 32941 43523 20075 32941 43528 20100 32921 43532
20125 32865 43555 20150 32814 43572 20200 31921 43578
20250 31068 43480 20300 31002 43473 20500 30756 43457
20750 30557 43451
444 20130 21091 2101/ 522// 60381=
ZZYY 52088 22091 05004 302011 155982 6113/
11119 03405 10253 29091 40085
22219 00295
33311 88872 20000 32953 20002 32953 43463 20025 32947 43523
20050 32940 43524 20075 32937 43529 20100 32908 43534
20125 32863 43560 20150 32761 43573 20200 32188 43585
20250 31166 43488 20300 31015 43474 20500 30828 43460
20750 30570 43452
444 20130 22091 0506/ 522// 60381=
ZZYY 52088 22091 03004 302013 155984 6113/
11119 02509 10282 29083 40089
22219 00298
33311 88872 20000 32982 20002 32982 43518 20025 32946 43522
20050 32944 43524 20075 32938 43528 20100 32919 43532
20125 32865 43557 20150 32749 43571 20200 31936 43566
20250 31126 43488 20300 31015 43474 20500 30813 43460
20750 30578 43451
444 20130 22091 0325/ 522// 60381=
ZZYY 52088 22091 01004 302013 155982 6113/
11119 02806 10281 29084 40110
22219 00296
33311 88872 20000 32959 20002 32959 43520 20025 32945 43523
20050 32940 43525 20075 32940 43530 20100 32884 43540
20125 32835 43569 20150 32635 43570 20200 31672 43543
20250 31061 43479 20300 31013 43473 20500 30819 43462
20750 30576 43451
444 20130 21091 2352/ 522// 60381=
ZZYY 52085 21091 2000/ 300014 155952 6111/
11119 10262 29088 40100
22219 00291
33311 88872 20000 32913 20002 32913 43472 20025 32925 43505
20050 32911 43526 20075 32845 43543 20100 32758 43548
20125 32672 43564 20150 32298 43538 20200 31804 43529
20250 31364 43506 20300 31106 43481 20500 30758 43456
20750 30567 43454
444 20110 21091 1940/ 522//=
####018004845####
SSVX08 KARS 220947
ZZYY 32305 21091 1200/ 508016 095280 6111/
33311 88872 20001 32282 43528
444 20110 21091 1417/ 521//=
ZZYY 32305 22091 09004 508024 095264 6113/
11119 01017 10217 29070
22219 00228
444 20130 22091 0743/ 521// 60401=
ZZYY 15006 21091 1200/ 506040 009994 6112/
33311 88872 20001 32441 43620 20020 32435 43619 20040 32433 43623
20080 32093 20100 31719 20120 31491 20140 31324 20180 31107
20300 30911
444 20120 21091 1025/ 521//=
ZZYY 15006 22091 04004 506047 009995 6111/
11119 01313 10236 29082
22219 00244
444 20110 22091 0418/ 521// 60401=
ZZYY 15002 21091 1200/ 700011 009863 6112/
33311 88872 20001 32424 20020 32402 43578 20040 32216 43583
20060 32046 43605 20080 31848 20100 31616 20120 31506 20140 31467
20180 31402 20300 31065 20500 30733
444 20120 21091 1022/ 521//=
ZZYY 15002 22091 04004 700012 009865 6111/
11119 01513 10237 29092
22219 00241
444 20110 22091 0408/ 521// 60401=
ZZYY 51309 21091 12004 708009 170036 6111/
11119 00409 10270 29083
22219 00284
33311 88872 20000 32838 20001 32840 43427 20050 32842 20075 32789
20100 32475 20150 31532 20200 31150 20250 31065 20300 31010
20500 30824
444 20110 21091 1142/ 521// 60401=
ZZYY 52004 21091 1200/ 305000 165164 6111/
33311 88872 20001 32917 43556 20025 32913 20075 32907 20100 32903
20125 32893 20150 32744 20200 31985
444 20110 21091 1326/ 521//=
ZZYY 52004 22091 04004 305006 165161 6112/
11119 00810 10289 29074
22219 00294
444 20120 22091 0349/ 521// 60401=
ZZYY 15001 21091 1200/ 509914 009974 6112/
33311 88872 20001 32346 43645 20020 32339 43645 20040 32338 43644
20060 32339 43645 20080 32319 20100 32089 20120 31750 20140 31557
20180 31309 20300 30973 20500 30741
444 20120 21091 1024/ 521//=
ZZYY 15001 22091 04004 509915 009977 6111/
11119 01216 10228 29085 40144
22219 00234
444 20110 22091 0410/ 521// 60401=
ZZYY 52001 21091 1200/ 102028 165011 6111/
33311 88872 20001 32952 43489 20025 32945 20050 32936 20075 32909
20100 32736 20125 32579 20150 32480 20200 31371 20250 31097
20300 31072 20500 30796
444 20110 21091 1325/ 521//=
ZZYY 52001 22091 04004 102021 165000 6111/
11119 01007 10275 29079
22219 00295
444 20110 22091 0351/ 521// 60401=
ZZYY 51306 21091 1200/ 502156 170026 6112/
33311 88872 20001 32772 43556 20025 32769 20050 32767 20100 32764
20125 32593 20150 32106 20250 31117 20500 30826
444 20120 21091 1143/ 521//=
ZZYY 51010 21091 12004 500029 170066 6112/
11119 00912 10265 29083 40103
22219 00268
33311 88872 20000 32682 20001 32687 43520 20025 32676 43522
20050 32660 43524 20125 32094 20150 31819 20200 31471 20250 31267
20300 31166 20500 30831
444 20120 21091 1144/ 521// 60401=
ZZYY 52003 21091 1200/ 105099 165032 6112/
33311 88872 20001 32942 43392 20025 32938 20050 32937 20075 32949
20100 32880 20125 32545 20150 32036 20200 31175 20250 30991
20300 30933 20500 30789
444 20120 21091 1324/ 521//=
ZZYY 52003 22091 04004 105092 165026 6111/
11119 01108 10286 29078
22219 00301
444 20110 22091 0352/ 521// 60401=
ZZYY 52007 21091 1200/ 308026 164771 6112/
33311 88872 20001 32916 43534 20025 32908 20050 32905
444 20120 21091 1328/ 521//=
ZZYY 52007 22091 04004 308029 164789 6111/
11119 00608 10288 29071
22219 00295
444 20110 22091 0345/ 521// 60401=
ZZYY 52002 21091 1200/ 302005 164985 6112/
22219 00290
33311 88872 20000 32903 43553 20500 30781
444 20120 21091 1326/ 521//=
ZZYY 51302 21091 12004 508275 155015 6111/
11119 01216 10269 29076
22219 00272
33311 88872 20000 32721 20001 32725 43551 20025 32722 20050 32720
20075 32720 20100 32719 20125 32700 20150 32565 20200 32136
20250 31622 20300 31204 20500 30805
444 20110 21091 1121/ 521// 60401=
ZZYY 51304 21091 12004 504996 170020 6112/
11119 01213 10276 29076
22219 00277
33311 88872 20000 32772 20001 32777 43543 20025 32775 20050 32774
20125 32674 20150 32508 20200 31866 20250 31307 20300 31059
20500 30810
444 20120 21091 1144/ 521// 60401=
ZZYY 52321 21091 1200/ 100000 164971 6112/
33311 88872 20001 32892 20025 32881 43520 20050 32871 43528
20075 32855 43535 20100 32784 20125 32496 20150 32258 20200 31720
20250 31319 20500 30775
444 20120 21091 1326/ 521//=
ZZYY 52321 22091 04004 100002 164963 6112/
11119 01013 10280 29081 40079
22219 00290
444 20120 22091 0351/ 521// 60401=
ZZYY 51310 21091 1200/ 508023 170059 6111/
33311 88872 20001 32809 43555 20025 32808 20050 32807 20075 32807
20100 32808 20125 32797 20150 32704 20200 32265
444 20110 21091 1145/ 521//=
ZZYY 51303 21091 1200/ 705026 169984 6112/
11119 10248 29088
22219 00275
33311 88872 20000 32745 20001 32755 43518 20025 32754 20050 32754
20075 32753 20100 32751 20200 31609 20250 31113 20300 31009
20500 30845
444 20120 21091 1141/ 521//=
####018000277####
SSVX13 KARS 220947
ZZYY 55645 22091 0300/ 336196 170607 6112/
11119 40122 57009
22219 00150
444 20120 22091 0316/ 50101 80110 80000 9/015=
ZZYY 55961 22091 0400/ 334363 163905 6112/
11119 40178 57012
22219 00158
444 20120 22091 0314/ 50101 80110 80015 9/015=
####018014945####
SSVX02 KARS 220947
ZZYY 31905 22091 0418/ 534362 011681 6112/
22219 00155
444 50101 8//// 80000 9/015=
ZZYY 51780 22091 0457/ 512545 161472 6112/
22219 00276
444 20120 22091 0453/ 50101 80111 80012 9/015=
ZZYY 31753 22091 0320/ 533460 031890 6111/
11119 30135 40135 57012
22219 00155
444 20110 22091 0311/ 50101 80060 80000 9/015=
ZZYY 21524 22091 0516/ 140188 148937 6113/
22219 00215
444 20130 22091 0517/ 50101 80120 80084 9/015=
ZZYY 15508 22091 0340/ 332102 013400 6113/
11119 30269 40269 52005
22219 00177
444 20130 21091 1519/ 50101 80050 80000 9/015=
ZZYY 33996 22091 0400/ 344878 005530 6113/
11119 40113 57228
22219 00075
444 2013/ 22091 0419/ 50101 80081 80001 9/015=
ZZYY 33996 22091 0300/ 344897 005475 6112/
11119 40101 57227
22219 00073
444 2012/ 22091 0245/ 50101 80081 80001 9/015=
ZZYY 33992 22091 0400/ 547185 021998 6113/
11119 40128 52239
22219 00045
444 2013/ 22091 0421/ 50101 80083 80000 9/015=
ZZYY 33991 22091 0400/ 343667 000719 6112/
11119 40183 57231
22219 00088
444 2012/ 22091 0419/ 50101 80104 80000 9/015=
ZZYY 33991 22091 0300/ 343664 000688 6113/
11119 40174 57230
22219 00100
444 2013/ 22091 0251/ 50101 80104 80062 9/015=
ZZYY 21525 22091 0511/ 140834 168267 6112/
22219 00222
444 20120 22091 0512/ 50101 80110 80055 9/015=
ZZYY 21537 22091 0517/ 141810 153926 6111/
22219 00224
444 20110 22091 0518/ 50101 80110 80030 9/015=
ZZYY 51802 22091 0457/ 522726 175171 6111/
22219 00235
444 20110 22091 0450/ 50101 80053 80007 9/015=
ZZYY 21929 22091 0507/ 139918 150218 6112/
22219 00239
444 20120 22091 0222/ 50101 80110 80084 9/015=
ZZYY 22536 22091 0512/ 131675 176462 6112/
22219 00268
444 50101 80010 80001 9////=
ZZYY 46909 22091 0504/ 719910 175966 6112/
444 50101 80112 80000 9/015=
ZZYY 21895 22091 0511/ 136084 149460 6112/
22219 00262
444 50101 80120 80039 9/015=
ZZYY 46767 22091 0505/ 715825 168642 6111/
22219 00274
444 20110 22091 0501/ 50101 80084 80026 9/015=
ZZYY 21890 22091 0513/ 136781 149997 6111/
22219 00254
444 50101 80120 80093 9/015=
ZZYY 46764 22091 0508/ 720771 177304 6113/
22219 00281
444 20130 22091 0502/ 50101 80072 80016 9/015=
ZZYY 51657 22091 0503/ 506842 179170 6112/
22219 00283
444 20120 22091 0452/ 50101 80117 80003 9/015=
ZZYY 22610 22091 0510/ 127558 152669 6111/
22219 00276
444 20110 22091 0505/ 50101 80009 80004 9////=
ZZYY 33691 22091 0421/ 527705 002225 6112/
22219 00184
444 20120 22091 0415/ 50101 80070 80018 9/015=
ZZYY 46908 22091 0508/ 124169 163859 6112/
22219 00283
444 20120 22091 0505/ 50101 80088 80038 9/015=
ZZYY 51671 22091 0502/ 306142 173360 6111/
22219 00289
444 20110 22091 0455/ 50101 80121 80028 9/015=
ZZYY 32679 22091 0510/ 128326 158840 6113/
22219 00273
444 20130 22091 0512/ 50101 80102 80002 9/015=
ZZYY 15945 22091 0413/ 505671 017588 6113/
22219 00250
444 50101 80084 80008 9/015=
ZZYY 52919 22091 0509/ 121750 149259 6113/
22219 00283
444 50101 80119 80022 9/015=
ZZYY 52804 22091 0508/ 117137 157418 6112/
22219 00290
444 20120 22091 0503/ 50101 80115 80004 9/015=
ZZYY 51512 22091 0457/ 319697 176818 6111/
22219 00248
444 20110 22091 0454/ 50101 80115 80029 9/015=
ZZYY 15904 22091 0414/ 310768 007193 6112/
22219 00206
444 20120 22091 0410/ 50101 80152 80008 9/015=
ZZYY 13518 22091 0410/ 706567 013144 6112/
22219 00274
444 20120 22091 0408/ 50101 80134 80000 9/015=
ZZYY 15666 22091 0418/ 314849 008645 6112/
22219 00180
444 20120 22091 0412/ 50101 80152 80013 9/015=
ZZYY 15679 22091 0416/ 308811 006290 6111/
22219 00223
444 20110 22091 0411/ 50101 80152 80007 9/015=
ZZYY 52841 22091 0508/ 119503 158049 6113/
22219 00288
444 20130 22091 0503/ 50101 80146 80010 9/015=
ZZYY 52920 22091 0507/ 121168 151017 6112/
22219 00285
444 20120 22091 0509/ 50101 80121 80024 9/015=
ZZYY 52839 22091 0511/ 123846 161645 6111/
22219 00279
444 50101 80144 80009 9/015=
ZZYY 52827 22091 0505/ 122019 161747 6112/
22219 00284
444 20120 22091 0510/ 50101 80144 80003 9/015=
ZZYY 52617 22091 0507/ 120801 157094 6113/
22219 00280
444 20130 22091 0502/ 50101 80123 80000 9/015=
ZZYY 51955 22091 0331/ 129843 179859 6111/
22219 00277
444 20110 22091 0322/ 50101 80148 80009 9/015=
ZZYY 51955 22091 0508/ 129853 179879 6111/
22219 00276
444 20110 22091 0503/ 50101 80148 80009 9/015=
ZZYY 21894 22091 0516/ 140958 157978 6113/
22219 00208
444 20130 22091 0512/ 50101 80110 80077 9/015=
ZZYY 46605 22091 0508/ 730687 176147 6112/
22219 00273
444 20120 22091 0511/ 50101 80142 80007 9/015=
ZZYY 15943 22091 0411/ 504366 017838 6113/
22219 00248
444 20130 22091 0413/ 50101 80090 80255 9/015=
ZZYY 51664 22091 0506/ 712954 172421 6112/
22219 00276
444 20120 22091 0501/ 50101 80111 80095 9/015=
ZZYY 51727 22091 0501/ 509480 177403 6113/
22219 00285
444 20130 22091 0450/ 50101 80109 80255 9/015=
ZZYY 51973 22091 0508/ 733735 163838 6111/
22219 00254
444 20110 22091 0449/ 50101 80117 80044 9/015=
ZZYY 51974 22091 0510/ 736559 163838 6111/
22219 00238
444 20110 22091 0450/ 50101 80119 80012 9/015=
ZZYY 21616 22091 0514/ 137978 145416 6112/
22219 00228
444 20120 22091 0402/ 50101 80120 80037 9/015=
ZZYY 15618 22091 0420/ 520813 002180 6113/
22219 00189
444 20130 22091 0413/ 50101 80124 80180 9/015=
ZZYY 51648 22091 0502/ 304778 163611 6113/
22219 00295
444 20130 22091 0453/ 50101 80109 80020 9/015=
ZZYY 51948 22091 0503/ 502171 178986 6113/
22219 00282
444 20130 22091 0452/ 50101 80119 80010 9/015=
ZZYY 15677 22091 0414/ 514579 024229 6112/
22219 00238
444 50101 80128 80000 9/015=
ZZYY 51913 22091 0459/ 515754 173345 6113/
22219 00243
444 20130 22091 0453/ 50101 80115 80013 9/015=
ZZYY 51669 22091 0501/ 511838 174856 6113/
22219 00282
444 20130 22091 0454/ 50101 80105 80007 9/015=
ZZYY 51816 22091 0507/ 727632 170079 6111/
22219 00277
444 20110 22091 0503/ 50101 80078 80023 9/015=
ZZYY 51930 22091 0508/ 727673 176907 6112/
22219 00273
444 20120 22091 0503/ 50101 80115 80018 9/015=
ZZYY 15944 22091 0410/ 301989 002764 6112/
22219 00250
444 20120 22091 0408/ 50101 80152 80007 9/015=
ZZYY 51617 22091 0505/ 710034 173558 6112/
22219 00282
444 20120 22091 0500/ 50101 80045 80000 9/015=
ZZYY 15905 22091 0417/ 312879 008041 6113/
22219 00197
444 20130 22091 0411/ 50101 80152 80009 9/015=
ZZYY 21910 22091 0331/ 128809 173992 6113/
22219 00282
444 20130 22091 0332/ 50101 80122 80007 9/015=
ZZYY 21910 22091 0511/ 128809 173992 6113/
22219 00281
444 20130 22091 0332/ 50101 80122 80008 9/015=
ZZYY 51627 22091 0458/ 517842 169352 6113/
22219 00272
444 20130 22091 0452/ 50101 80113 80000 9/015=
ZZYY 21912 22091 0508/ 127958 175999 6111/
22219 00277
444 20110 22091 0503/ 50101 80148 80005 9/015=
ZZYY 52601 22091 0509/ 120246 157791 6112/
22219 00285
444 20120 22091 0503/ 50101 80115 80011 9/015=
ZZYY 51641 22091 0510/ 732650 172501 6112/
22219 00264
444 50101 80117 80065 9/015=
ZZYY 51531 22091 0500/ 307297 154859 6113/
22219 00298
444 50101 80115 80004 9/015=
ZZYY 51901 22091 0459/ 312803 159239 6113/
22219 00281
444 20130 22091 0500/ 50101 80115 80004 9/015=
ZZYY 15912 22091 0414/ 303576 003735 6112/
22219 00240
444 20120 22091 0409/ 50101 80152 80006 9/015=
ZZYY 14942 22091 0331/ 726816 165743 6111/
22219 00278
444 20110 22091 0435/ 50101 8//// 80000 9/015=
ZZYY 14942 22091 0508/ 726816 165743 6111/
22219 00277
444 20110 22091 0435/ 50101 8//// 80000 9/015=
ZZYY 15942 22091 0415/ 305400 004565 6111/
22219 00244
444 20110 22091 0408/ 50101 80152 80005 9/015=
ZZYY 51655 22091 0455/ 528623 169908 6112/
22219 00188
444 20120 22091 0451/ 50101 80101 80010 9/015=
ZZYY 15929 22091 0415/ 306942 005046 6112/
22219 00228
444 20120 22091 0409/ 50101 80138 80008 9/015=
ZZYY 51868 22091 0511/ 120450 167397 6112/
22219 00284
444 50101 80107 80006 9/015=
ZZYY 51663 22091 0457/ 512259 170504 6112/
22219 00278
444 20120 22091 0452/ 50101 80111 80008 9/015=
ZZYY 51892 22091 0507/ 710084 179168 6112/
22219 00283
444 20120 22091 0453/ 50101 80105 80006 9/015=
ZZYY 52618 22091 0506/ 709349 175832 6112/
22219 00284
444 20120 22091 0453/ 50101 80117 80005 9/015=
ZZYY 32725 22091 0457/ 513161 167770 6112/
22219 00278
444 20120 22091 0449/ 50101 80121 80004 9/015=
ZZYY 51753 22091 0456/ 521373 163063 6111/
22219 00258
444 20110 22091 0453/ 50101 80083 80005 9/015=
ZZYY 51859 22091 0508/ 129150 151926 6112/
22219 00276
444 20120 22091 0400/ 50101 80520 80006 9/015=
ZZYY 32973 22091 0455/ 520725 156143 6112/
22219 00257
444 20120 22091 0451/ 50101 80047 80020 9/015=
ZZYY 51652 22091 0504/ 705125 169320 6112/
22219 00279
444 20120 22091 0458/ 50101 80123 80029 9/015=
ZZYY 51771 22091 0458/ 504297 163829 6113/
22219 00274
444 20130 22091 0452/ 50101 80121 80010 9/015=
ZZYY 51628 22091 0511/ 127624 179721 6112/
22219 00275
444 50101 80088 80017 9/015=
ZZYY 46567 22091 0502/ 720115 163476 6112/
22219 00272
444 20120 22091 0616/ 50101 80078 80029 9/015=
ZZYY 21577 22091 0512/ 137893 150078 6111/
22219 00272
444 20110 22091 0222/ 50101 80120 80087 9/015=
ZZYY 51864 22091 0513/ 133147 146834 6111/
22219 00276
444 50101 80117 80010 9/015=
ZZYY 52915 22091 0500/ 122070 159898 6111/
22219 00283
444 20110 22091 0354/ 50101 80144 80010 9/015=
ZZYY 51860 22091 0509/ 115999 155923 6112/
22219 00290
444 50101 80117 80007 9/015=
ZZYY 52667 22091 0332/ 741646 154656 6112/
22219 00171
444 20120 22091 0322/ 50101 8//// 80012 9////=
ZZYY 53910 22091 0332/ 137971 163112 6111/
22219 00265
444 50101 80136 80002 9/015=
ZZYY 22634 22091 0511/ 129002 149175 6112/
22219 00279
444 50101 80048 80000 9////=
ZZYY 51858 22091 0509/ 116506 157926 6113/
22219 00290
444 20130 22091 0503/ 50101 80119 80012 9/015=
ZZYY 52914 22091 0511/ 134911 143403 6111/
22219 00275
444 50101 80051 80004 9/015=
ZZYY 15906 22091 0415/ 507480 012098 6112/
22219 00238
444 50101 80082 80012 9/015=
ZZYY 52908 22091 0508/ 121175 155433 6111/
22219 00286
444 20110 22091 0503/ 50101 80144 80005 9/015=
ZZYY 32552 22091 0511/ 122942 169611 6112/
22219 00273
444 20120 22091 0325/ 50101 80049 80035 9/015=
ZZYY 71703 22091 0427/ 550218 044984 6111/
22219 00026
444 20110 22091 0424/ 50101 80118 80099 9/015=
ZZYY 71635 22091 0424/ 548352 043213 6111/
22219 00046
444 20110 22091 0433/ 50101 80116 80119 9/015=
ZZYY 71701 22091 0427/ 551920 043394 6112/
22219 00012
444 20120 22091 0425/ 50101 80114 80097 9/015=
ZZYY 32719 22091 0459/ 510523 167244 6113/
444 20130 22091 0453/ 50101 80540 80007 9/015=
ZZYY 71696 22091 0426/ 548879 033948 6112/
22219 00038
444 20120 22091 0423/ 50101 80116 80139 9/015=
ZZYY 17653 22091 0330/ 337827 004839 6112/
11119 30248 40248 52004
22219 00129
444 20120 22091 0246/ 50101 80080 80010 9/015=
ZZYY 71709 22091 0426/ 548823 040137 6111/
22219 00021
444 20110 22091 0424/ 50101 80116 80113 9/015=
ZZYY 71573 22091 0426/ 553962 042914 6111/
22219 00009
444 20110 22091 0424/ 50101 80116 80108 9/015=
ZZYY 51855 22091 0512/ 133266 175507 6111/
22219 00260
444 50101 80113 80007 9/015=
ZZYY 52838 22091 0509/ 126547 143279 6112/
22219 00276
444 20120 22091 0510/ 50101 80123 80015 9/015=
ZZYY 51907 22091 0458/ 504243 159922 6111/
22219 00272
444 20110 22091 0452/ 50101 80117 80020 9/015=
ZZYY 21901 22091 0513/ 127014 159362 6112/
22219 00278
444 50101 80121 80006 9/015=
ZZYY 51918 22091 0502/ 504561 170976 6113/
22219 00278
444 20130 22091 0453/ 50101 80121 80006 9/015=
ZZYY 52815 22091 0512/ 129115 161970 6112/
22219 00280
444 50101 80121 80012 9/015=
ZZYY 21538 22091 0511/ 126189 163162 6113/
22219 00281
444 50101 80121 80016 9/015=
ZZYY 52615 22091 0513/ 131518 151443 6112/
22219 00274
444 50101 80121 80020 9/015=
ZZYY 51639 22091 0501/ 504915 174907 6112/
444 20120 22091 0454/ 50101 80117 80255 9/015=
ZZYY 51781 22091 0501/ 505271 169821 6112/
22219 00279
444 20120 22091 0451/ 50101 80121 80043 9/015=
ZZYY 51873 22091 0459/ 507950 162000 6112/
22219 00277
444 20120 22091 0453/ 50101 80119 80024 9/015=
ZZYY 52906 22091 0509/ 115005 163769 6113/
22219 00290
444 20130 22091 0503/ 50101 80087 80019 9/015=
ZZYY 32713 22091 0455/ 305929 174684 6111/
22219 00288
444 20110 22091 0451/ 50101 80550 80096 9/015=
ZZYY 52591 22091 0507/ 122504 148179 6113/
22219 00283
444 20130 22091 0509/ 50101 80121 80013 9/015=
ZZYY 32667 22091 0513/ 127678 158388 6111/
22219 00278
444 50101 80049 80001 9////=
ZZYY 51952 22091 0440/ 525905 149380 6111/
22219 00227
33311 88872 20000 32270 43584
444 20110 22091 0450/ 50101 80100 80024 9/015=
ZZYY 51946 22091 0420/ 525388 165232 6113/
22219 00216
33311 88872 20000 32155 42048
444 20130 22091 0449/ 50101 80070 80022 9/015=
ZZYY 51946 22091 0440/ 525388 165232 6113/
22219 00215
33311 88872 20000 32150 42048
444 20130 22091 0449/ 50101 80070 80008 9/015=
ZZYY 51946 22091 0450/ 525388 165232 6113/
22219 00215
33311 88872 20000 32150 42048
444 50101 80070 80008 9/015=
ZZYY 51853 22091 0512/ 130124 162199 6112/
22219 00278
444 50101 80121 80030 9/015=
ZZYY 51909 22091 0510/ 136750 151123 6113/
22219 00272
444 20130 22091 0402/ 50101 80046 80000 9////=
ZZYY 32830 22091 0451/ 521007 160822 6111/
22219 00261
444 20110 22091 0600/ 50101 80108 80006 9/015=
ZZYY 22579 22091 0512/ 129787 154004 6113/
22219 00275
444 50101 80007 80010 9/015=
ZZYY 51649 22091 0453/ 527101 159944 6113/
22219 00210
444 20130 22091 0448/ 50101 80008 80000 9/015=
ZZYY 52842 22091 0508/ 131959 163977 6111/
22219 00278
444 20110 22091 0511/ 50101 80010 80012 9/015=
ZZYY 51526 22091 0459/ 507468 164128 6112/
22219 00278
444 20120 22091 0454/ 50101 80121 80012 9/015=
ZZYY 52901 22091 0513/ 132637 170070 6112/
22219 00274
444 50101 80010 80089 9/015=
ZZYY 21617 22091 0511/ 133421 172678 6111/
22219 00263
444 20110 22091 0618/ 50101 80110 80048 9/015=
ZZYY 15635 22091 0417/ 527978 029117 6113/
22219 00188
444 20130 22091 0425/ 50101 80086 80002 9/015=
ZZYY 32558 22091 0452/ 520233 153745 6111/
22219 00262
444 20110 22091 0450/ 50101 80108 80099 9/015=
ZZYY 15634 22091 0423/ 529336 017360 6112/
22219 00186
444 50101 80096 80000 9/015=
ZZYY 51538 22091 0456/ 319190 167884 6112/
22219 00243
444 20120 22091 0459/ 50101 80086 80001 9/015=
ZZYY 32617 22091 0455/ 324539 170002 6111/
22219 00236
444 20110 22091 0457/ 50101 80082 80003 9/015=
ZZYY 33964 22091 0424/ 543992 030192 6113/
444 20130 22091 0434/ 50101 8//// 80007 9/015=
ZZYY 51870 22091 0504/ 304335 173374 6113/
444 20130 22091 0453/ 50101 80113 80012 9/015=
####018008153####
SSVX02 KARS 220947 RRA
ZZYY 15601 22091 0418/ 522833 026554 6111/
22219 00215
444 20110 22091 0416/ 50101 80049 80025 9/015=
ZZYY 31921 22091 0423/ 534316 017585 6113/
22219 00163
444 20130 22091 0417/ 50101 80061 80018 9////=
ZZYY 21991 22091 0400/ 144951 164489 6113/
11119 30163 40163 57028
444 20130 22091 0335/ 50101 80140 80000 9/015=
ZZYY 51965 22091 0459/ 316590 175958 6112/
22219 00272
444 20120 22091 0451/ 50101 80119 80007 9/015=
ZZYY 21854 22091 0400/ 138909 168231 6113/
11119 30221 40221
22219 00242
444 20130 22091 0333/ 50101 80100 80062 9/015=
ZZYY 71664 22091 0410/ 555245 024860 6112/
11119 39968 49968
22219 00000
444 20120 20091 0512/ 50101 80110 80100 9/015=
ZZYY 22528 22091 0509/ 131598 141954 6111/
22219 00241
444 20110 22091 0510/ 50101 80096 80255 9/015=
ZZYY 43522 22091 0511/ 126015 177195 6112/
22219 00285
444 50101 80076 80002 9/015=
ZZYY 51927 22091 0507/ 117321 171025 6111/
22219 00288
444 20110 22091 0501/ 50101 80088 80006 9/015=
ZZYY 31914 22091 0424/ 534620 016331 6113/
22219 00159
444 20130 22091 0418/ 50101 80061 80024 9/015=
ZZYY 31926 22091 0423/ 533168 006169 6113/
22219 00169
444 20130 22091 0417/ 50101 80008 80030 9////=
ZZYY 43529 22091 0506/ 717089 172348 6112/
22219 00274
444 20120 22091 0501/ 50101 80084 80002 9/015=
ZZYY 31708 22091 0422/ 331456 009843 6113/
22219 00164
444 20130 22091 0416/ 50101 80005 80028 9////=
ZZYY 43518 22091 0506/ 728797 169841 6113/
22219 00276
444 20130 22091 0630/ 50101 80074 80002 9/015=
ZZYY 31537 22091 0423/ 532207 021042 6113/
22219 00157
444 20130 22091 0417/ 50101 80043 80020 9/015=
ZZYY 21948 22091 0508/ 130460 152806 6111/
22219 00275
444 20110 22091 0505/ 50101 80110 80036 9/015=
ZZYY 21952 22091 0511/ 135356 170240 6112/
22219 00269
444 20120 22091 0619/ 50101 80110 80060 9/015=
ZZYY 51624 22091 0459/ 516258 174274 6112/
22219 00278
444 20120 22091 0452/ 50101 80087 80020 9/015=
ZZYY 51536 22091 0508/ 110151 166059 6112/
22219 00289
444 20120 22091 0501/ 50101 80095 80005 9/015=
ZZYY 51829 22091 0509/ 127219 144329 6112/
22219 00274
444 20120 22091 0510/ 50101 80119 80010 9/015=
ZZYY 51644 22091 0500/ 311155 154620 6113/
22219 00282
444 50101 80085 80007 9/015=
ZZYY 51668 22091 0508/ 123108 147958 6112/
444 20120 22091 0509/ 50101 80121 80070 9/015=
ZZYY 51730 22091 0332/ 731562 160705 6112/
22219 00262
444 20120 22091 0323/ 50101 80121 80020 9/015=
ZZYY 15620 22091 0410/ 326840 000174 6111/
11119 30261 40261 57006
22219 00179
444 20110 22091 0415/ 50101 80077 80014 9/015=
ZZYY 55934 22091 0850/ 557543 114646 6112/
22219 00044
444 20120 22091 0926/ 50101 8//// 80000 9////=
ZZYY 33587 22091 0900/ 551479 124271 6112/
22219 00065
444 20120 22091 0752/ 50101 80009 80000 9////=
ZZYY 54926 22091 0900/ 530038 102899 6111/
11119 30149 40149 57005
22219 00189
444 20110 22091 0924/ 50101 8//// 80000 9////=
ZZYY 54926 22091 0800/ 530029 102925 6112/
11119 30149 40149 57003
22219 00189
444 20120 22091 0746/ 50101 8//// 80000 9////=
ZZYY 71568 22091 0900/ 560005 116557 6111/
11119 40027 57027
22219 00015
444 20110 22091 0847/ 50101 80009 80000 9////=
ZZYY 71611 22091 0900/ 558243 121933 6111/
11119 40045 57012
22219 00011
444 20110 22091 0926/ 50101 80010 80000 9////=
ZZYY 55910 22091 0910/ 553493 112237 6111/
11119 39894 49894 57016
22219 00052
444 20110 22091 0926/ 50101 80100 80000 9/015=
ZZYY 55638 22091 0840/ 539977 112866 6111/
11119 39911 49911 52020
22219 00109
444 20110 22091 0926/ 50101 80100 80019 9/015=
ZZYY 71576 22091 0900/ 552949 043475 6111/
11119 39986 49986 52013
22219 00009
444 20110 22091 0840/ 50101 80110 80035 9/015=
ZZYY 55626 22091 0830/ 536762 082010 6113/
11119 30205 40205 54000
22219 00129
444 20130 22091 0745/ 50101 80100 80004 9/015=
ZZYY 16607 22091 0800/ 537299 096315 6113/
22219 00131
444 20130 22091 0747/ 50101 80010 80006 9////=
ZZYY 55570 22091 0900/ 538420 116557 6111/
22219 00132
444 20110 22091 0753/ 50101 80010 80000 9////=
ZZYY 16522 22091 0850/ 543478 102669 6113/
11119 49845 57032
22219 00090
444 20130 22091 0926/ 50101 80010 80027 9////=
ZZYY 54547 22091 0850/ 540611 115940 6111/
22219 00110
444 20110 22091 0752/ 50101 80010 80005 9////=
ZZYY 32739 22091 0920/ 518347 095610 6112/
22219 00201
444 20120 22091 0914/ 50101 80120 80020 9/015=
ZZYY 32912 22091 0919/ 517054 090808 6112/
444 20120 22091 0915/ 50101 80120 80119 9/015=
ZZYY 31538 22091 0922/ 534633 051498 6111/
22219 00180
444 20110 22091 0739/ 50101 80085 80020 9/015=
ZZYY 32548 22091 0920/ 516749 096248 6111/
22219 00203
444 20110 22091 0914/ 50101 80120 80032 9/015=
ZZYY 32917 22091 0922/ 519614 090232 6113/
22219 00191
444 20130 22091 0740/ 50101 80120 80108 9/015=
ZZYY 32626 22091 0921/ 517605 090266 6112/
22219 00187
444 20120 22091 0745/ 50101 80116 80100 9/015=
ZZYY 54923 22091 0910/ 530961 105273 6112/
11119 30124 40124 57002
22219 00181
444 20120 22091 0748/ 50101 8//// 80000 9////=
ZZYY 54923 22091 0810/ 530961 105273 6112/
11119 30127 40127 52003
22219 00183
444 20120 22091 0748/ 50101 8//// 80000 9////=
ZZYY 54912 22091 0820/ 524037 098946 6112/
11119 30202 40202 57014
22219 00199
444 20120 22091 0745/ 50101 8//// 80000 9////=
ZZYY 32683 22091 0922/ 518800 095921 6113/
22219 00198
444 20130 22091 0741/ 50101 80116 80051 9/015=
ZZYY 32549 22091 0922/ 518935 094041 6111/
22219 00195
444 20110 22091 0915/ 50101 80114 80180 9/015=
ZZYY 32538 22091 0922/ 522566 092275 6112/
22219 00186
444 20120 22091 0915/ 50101 80116 80081 9/015=
ZZYY 55959 22091 0840/ 529435 095185 6112/
11119 40209 57013
22219 00178
444 20120 22091 0915/ 50101 80010 80000 9////=
ZZYY 55953 22091 0850/ 536684 099123 6111/
11119 40053 57003
22219 00137
444 20110 22091 0926/ 50101 80009 80000 9////=
ZZYY 34542 22091 0820/ 520533 102558 6111/
11119 30239 40239
22219 00208
444 20110 22091 0746/ 50101 80130 80002 9/015=
ZZYY 32805 22091 0926/ 532861 101691 6112/
22219 00170
444 50101 80104 80066 9/015=
ZZYY 55609 22091 0840/ 528876 089642 6113/
22219 00172
444 20130 22091 0915/ 50101 80010 80000 9////=
ZZYY 32736 22091 0920/ 514195 095032 6112/
444 20120 22091 0914/ 50101 80114 80000 9/015=
ZZYY 32731 22091 0922/ 516017 082373 6111/
22219 00166
444 20110 22091 0914/ 50101 80114 80126 9/015=
ZZYY 32705 22091 0921/ 515681 091689 6112/
22219 00195
444 20120 22091 0914/ 50101 80114 80042 9/015=
ZZYY 54558 22091 0840/ 528989 080552 6111/
11119 30231 40231 57006
22219 00160
444 20110 22091 0913/ 50101 80100 80063 9/015=
ZZYY 55625 22091 0840/ 527339 091744 6113/
11119 30225 40225
22219 00180
444 20130 22091 0914/ 50101 8//// 80000 9/015=
ZZYY 32704 22091 0921/ 522298 083538 6113/
22219 00169
444 20130 22091 0913/ 50101 80114 80090 9/015=
ZZYY 32692 22091 0920/ 517985 082387 6112/
22219 00168
444 20120 21091 0939/ 50101 80118 80115 9/015=
ZZYY 33534 22091 0830/ 547369 046813 6113/
11119 30056 40056 52025
22219 00091
444 20130 22091 0743/ 50101 80110 80048 9/015=
ZZYY 54947 22091 0900/ 536043 087135 6113/
11119 40199 57011
22219 00137
444 20130 22091 0915/ 50101 80010 80000 9////=
ZZYY 54947 22091 0800/ 536044 087141 6112/
11119 40201 57003
22219 00138
444 20120 22091 0747/ 50101 80010 80000 9////=
ZZYY 16579 22091 0840/ 528896 093127 6113/
11119 30218 40218 57001
22219 00183
444 20130 22091 0915/ 50101 8//// 80100 9////=
ZZYY 55592 22091 0900/ 525880 080517 6113/
444 20130 22091 0914/ 50101 80010 80000 9////=
ZZYY 55569 22091 0810/ 533204 098817 6111/
22219 00161
444 20110 22091 0746/ 50101 80010 80000 9////=
ZZYY 55569 22091 0910/ 533226 098802 6111/
22219 00161
444 20110 22091 0925/ 50101 80009 80000 9////=
ZZYY 31911 22091 0918/ 527461 045054 6113/
22219 00191
444 20130 22091 0736/ 50101 80061 80000 9/015=
ZZYY 55931 22091 0840/ 530555 088080 6113/
22219 00170
444 20130 22091 0914/ 50101 80010 80004 9////=
####018000283####
SSVX06 KARS 220947
ZZYY 48506 22091 0345/ 779559 119123 6111/
11119 40067
444 20110 22091 0340/ 500//=
ZZYY 48505 22091 0344/ 780183 127708 6111/
11119 40058
444 20110 22091 0339/ 500//=
ZZYY 47553 22091 0341/ 779342 103390 6112/
444 20120 22091 0317/ 500// 9/000=
####018001379####
SSVX11 LFVW 220945 RRB
ZZYY 52080 21091 19004 101997 138102 6113/
11119 02107 10280 29080 40084
22219 00290
33311 88872 20000 32896 20002 32896 43374 20025 32919 43427
20050 32894 43443 20075 32860 43499 20100 32868 43518
20125 32670 43545 20150 32556 43539 20200 31931 43507
20250 31379 43479 20300 31138 43473 20500 30758 43455
20750 30529 43452
444 20130 21091 1941/ 522// 60381=
ZZYY 52080 22091 0400/ 101995 138102 6113/
33311 88872 20002 32913 43382 20025 32917 43427 20050 32890 43441
20075 32859 43501 20100 32857 43532 20300 31239 43462
20750 30530 43452
444 20130 22091 0353/ 522//=
ZZYY 52080 22091 00004 101998 138102 6113/
11119 02009 10287 29079 40117
22219 00290
33311 88872 20000 32896 20002 32896 43376 20025 32910 43438
20050 32837 43460 20075 32860 43501 20100 32865 43533
20125 32636 43541 20150 32544 43540 20200 31929 43525
20250 31348 43473 20300 31142 43472 20500 30760 43456
20750 30527 43451
444 20130 21091 2353/ 522// 60381=
ZZYY 52080 22091 02004 101997 138100 6112/
11119 01811 10278 29083 40107
22219 00291
33311 88872 20000 32905 20002 32905 43379 20025 32916 43428
20050 32884 43440 20075 32861 43501 20100 32860 43533
20125 32630 43540 20150 32537 43541 20200 31961 43525
20250 31399 43472 20300 31226 43473 20500 30773 43457
20750 30530 43452
444 20120 22091 0133/ 522// 60381=
####018014721####
SSVX11 LFVW 220945 RRA
ZZYY 52085 21091 2200/ 300018 155954 6112/
11119 10274 29083 40119
22219 00290
33311 88872 20000 32904 20002 32904 43462 20025 32921 43503
20050 32911 43526 20075 32849 43542 20100 32770 43550
20125 32717 43565 20150 32398 43559 20200 31731 43511
20250 31281 43497 20300 31105 43481 20500 30758 43457
20750 30566 43453
444 20120 21091 2212/ 522//=
ZZYY 52085 22091 0200/ 300020 155955 6112/
11119 10280 29081 40103
22219 00292
33311 88872 20000 32918 20002 32918 43443 20025 32922 43511
20050 32890 43533 20075 32835 43544 20100 32746 43549
20125 32684 43565 20150 32369 43553 20200 31763 43514
20250 31302 43499 20300 31103 43481 20500 30769 43457
20750 30582 43454
444 20120 22091 0211/ 522//=
ZZYY 52085 22091 0000/ 300018 155952 6113/
11119 10277 29082 40118
22219 00291
33311 88872 20000 32908 20002 32908 43463 20025 32922 43502
20050 32916 43522 20075 32856 43542 20100 32786 43551
20125 32754 43560 20150 32476 43569 20200 31752 43515
20250 31284 43498 20300 31103 43481 20500 30760 43456
20750 30578 43454
444 20130 21091 2352/ 522//=
ZZYY 52085 22091 0300/ 300019 155950 6113/
11119 10279 29081 40092
22219 00295
33311 88872 20000 32945 20002 32945 43452 20025 32923 43510
20050 32884 43534 20075 32832 43544 20100 32747 43554
20125 32671 43562 20150 32403 43560 20200 31732 43509
20250 31306 43501 20300 31103 43481 20500 30771 43456
20750 30576 43453
444 20130 22091 0326/ 522//=
ZZYY 52085 22091 0500/ 300018 155952 6113/
11119 10257 29087 40085
22219 00293
33311 88872 20000 32925 20002 32925 43440 20025 32922 43506
20050 32911 43526 20075 32848 43543 20100 32785 43552
20125 32755 43560 20150 32643 43565 20200 31762 43514
20250 31283 43500 20300 31104 43481 20500 30758 43457
20750 30567 43454
444 20130 22091 0506/ 522//=
ZZYY 52075 21091 21004 107983 130037 6112/
11119 03105 10283 29078 40085
22219 00293
33311 88872 20000 32925 20002 32925 43333 20025 32927 43333
20050 32904 43353 20075 32545 43488 20100 32234 43491
20125 31993 43482 20150 31666 43466 20200 31174 43443
20250 30993 43447 20300 30943 43454 20500 30734 43450
444 20120 21091 2119/ 522// 60381=
ZZYY 52075 22091 04004 107986 130042 6113/
11119 02709 10287 29079 40088
22219 00293
33311 88872 20000 32933 20002 32933 43334 20025 32928 43342
20050 32922 43347 20075 32614 43480 20100 32347 43490
20125 31987 43482 20150 31720 43468 20200 31240 43443
20250 31005 43447 20300 30953 43455 20500 30745 43448
444 20130 22091 0355/ 522// 60381=
ZZYY 52075 22091 06004 107983 130042 6113/
11119 03208 10272 29079 40078
22219 00292
33311 88872 20000 32923 20002 32923 43327 20025 32925 43336
20050 32925 43344 20075 32885 43377 20100 32530 43487
20125 32051 43487 20150 31741 43468 20200 31235 43444
20250 30995 43450 20300 30921 43456 20500 30734 43449
444 20130 22091 0535/ 522// 60381=
ZZYY 52075 22091 00004 107985 130038 6112/
11119 03006 10288 29077 40103
22219 00293
33311 88872 20000 32926 20002 32926 43330 20025 32930 43340
20050 32914 43351 20075 32553 43486 20100 32247 43493
20125 31919 43481 20150 31609 43462 20200 31169 43442
20250 30991 43449 20300 30942 43453 20500 30742 43447
444 20120 22091 0006/ 522// 60381=
ZZYY 52075 22091 02004 107985 130038 6113/
11119 02807 10289 29078 40103
22219 00294
33311 88872 20000 32935 20002 32935 43328 20025 32928 43342
20050 32919 43350 20075 32558 43487 20100 32194 43489
20125 31901 43479 20150 31588 43463 20200 31155 43442
20250 30988 43449 20300 30945 43454 20500 30742 43448
444 20130 22091 0132/ 522// 60381=
ZZYY 52077 21091 23004 102075 146954 6112/
11119 00201 10287 29074 40112
22219 00292
33311 88872 20000 32921 20002 32921 43377 20025 32911 43424
20050 32919 43466 20075 32903 43477 20100 32652 43537
20125 32429 43557 20150 32362 43548 20200 31769 43491
20250 31289 43456 20300 31056 43460 20500 30823 43460
20750 30528 43454
444 20120 21091 2241/ 522// 60381=
ZZYY 52077 21091 22004 102078 146957 6112/
11119 03201 10286 29074 40105
22219 00290
33311 88872 20000 32902 20002 32902 43375 20025 32907 43415
20050 32917 43452 20075 32918 43470 20100 32867 43487
20125 32558 43545 20150 32368 43548 20200 31692 43481
20250 31225 43454 20300 31039 43466 20500 30813 43459
20750 30527 43453
444 20120 21091 2213/ 522// 60381=
ZZYY 52077 21091 20004 102070 146951 6112/
11119 03005 10277 29079 40092
22219 00291
33311 88872 20000 32909 20002 32909 43418 20025 32913 43433
20050 32918 43462 20075 32918 43471 20100 32915 43472
20125 32655 43532 20150 32370 43548 20200 31509 43471
20250 31107 43456 20300 31008 43472 20500 30799 43459
20750 30526 43453
444 20120 21091 1940/ 522// 60381=
ZZYY 52077 22091 01004 102073 146956 6113/
11119 00603 10284 29076 40110
22219 00296
33311 88872 20000 32958 20002 32958 43362 20025 32911 43415
20050 32917 43452 20075 32919 43471 20100 32724 43521
20125 32492 43556 20150 32364 43548 20200 31851 43495
20250 31244 43454 20300 31037 43467 20500 30801 43459
20750 30528 43453
444 20130 21091 2352/ 522// 60381=
ZZYY 52077 22091 00004 102073 146956 6113/
11119 00403 10284 29076 40114
22219 00293
33311 88872 20000 32931 20002 32931 43369 20025 32911 43422
20050 32920 43463 20075 32918 43473 20100 32725 43514
20125 32480 43551 20150 32362 43548 20200 31809 43491
20250 31296 43456 20300 31052 43460 20500 30815 43459
20750 30526 43453
444 20130 21091 2352/ 522// 60381=
ZZYY 52077 22091 03004 102070 146956 6112/
11119 00402 10286 29075 40100
22219 00299
33311 88872 20000 32988 20002 32988 43345 20025 32908 43399
20050 32917 43446 20075 32919 43471 20100 32912 43477
20125 32629 43542 20150 32383 43549 20200 31719 43484
20250 31198 43452 20300 31036 43468 20500 30827 43460
20750 30542 43453
444 20120 22091 0326/ 522// 60381=
ZZYY 52077 22091 05004 102070 146952 6113/
11119 01005 10286 29076 40086
22219 00300
33311 88872 20000 33004 20002 33004 43354 20025 32907 43399
20050 32919 43443 20075 32918 43464 20100 32918 43474
20125 32674 43532 20150 32379 43547 20200 31589 43479
20250 31140 43454 20300 31024 43473 20500 30793 43458
20750 30528 43453
444 20130 22091 0505/ 522// 60381=
ZZYY 52073 21091 21004 104857 137277 6112/
11119 01909 10274 29081 40089
22219 00290
33311 88872 20000 32898 20002 32898 43322 20025 32922 43355
20050 32873 43404 20075 32796 20100 32517 43486 20125 32165 43485
20150 31755 43471 20200 31203 43446 20250 30947 43442
20300 30902 43457 20500 30757 43454 20750 30596 43451
444 20120 21091 1940/ 522// 60381=
ZZYY 52073 21091 19004 104857 137277 6112/
11119 02507 10277 29083 40079
22219 00290
33311 88872 20000 32903 20002 32903 43324 20025 32928 43351
20050 32899 43398 20075 32818 20100 32576 43481 20125 32276 43487
20150 31950 43481 20200 31180 43447 20250 30931 43449
20300 30892 43458 20500 30744 43454 20750 30590 43452
444 20120 21091 1940/ 522// 60381=
ZZYY 52073 21091 22004 104859 137279 6113/
11119 01709 10272 29085 40095
22219 00290
33311 88872 20000 32903 20002 32903 43325 20025 32920 43338
20050 32915 43395 20075 32812 20100 32567 43484 20125 32284 43487
20150 31802 43472 20200 31225 43448 20250 30951 43442
20300 30908 43456 20500 30763 43455 20750 30599 43450
444 20130 21091 2224/ 522// 60381=
ZZYY 52073 22091 04004 104855 137277 6113/
11119 02703 10255 29089 40088
22219 00289
33311 88872 20000 32892 20002 32892 43308 20025 32914 43332
20050 32890 43394 20075 32832 20100 32636 43479 20125 32287 43488
20150 31764 43474 20200 31208 43446 20250 30953 43443
20300 30898 43457 20500 30765 43455 20750 30627 43450
444 20130 22091 0354/ 522// 60381=
ZZYY 52073 22091 06004 104849 137279 6112/
11119 02410 10269 29085 40078
22219 00290
33311 88872 20000 32902 20125 32413 43490 20150 32020 43485
20200 31340 43451 20250 31051 43444 20500 30756 43455
444 20120 22091 0534/ 522// 60381=
ZZYY 52073 22091 00004 104848 137285 6111/
11119 02108 10271 29082 40114
22219 00290
33311 88872 20000 32904 20002 32904 43325 20025 32923 43340
20050 32920 43394 20075 32856 20100 32693 43468 20125 32395 43489
20150 31812 43473 20200 31225 43447 20250 30931 43447
20300 30891 43458 20500 30755 43454 20750 30607 43450
444 20110 22091 0007/ 522// 60381=
ZZYY 52073 22091 02004 104854 137278 6112/
11119 02914 10248 29092 40112
22219 00290
33311 88872 20000 32902 20002 32902 43315 20025 32918 43336
20050 32908 43390 20075 32846 20100 32682 43471 20125 32435 43491
20150 31980 43479 20200 31259 43449 20250 30928 43448
20300 30886 43457 20500 30747 43454 20750 30620 43449
444 20120 22091 0132/ 522// 60381=
ZZYY 52081 21091 2300/ 100073 138039 6112/
33311 88872 20002 32909 43423 20025 32918 43429 20050 32935 43448
20075 32909 43490 20100 32868 43523 20125 32543 43546
20150 32327 43543 20200 31900 43534 20250 31556 43510
20300 31496 43508 20500 30829 43459 20750 30563 43451
444 20120 21091 2242/ 522//=
ZZYY 52081 21091 1900/ 100071 138039 6113/
33311 88872 20002 32919 43429 20025 32930 43432 20050 32933 43449
20075 32911 43489 20100 32862 43520 20125 32662 43549
20150 32418 43549 20200 31918 43536 20250 31577 43515
20300 31501 43510 20500 30815 43459 20750 30565 43450
444 20130 21091 1942/ 522//=
ZZYY 52081 22091 0400/ 100072 138039 6113/
33311 88872 20002 32944 43421 20025 32932 43435 20050 32936 43450
20075 32840 43486 20100 32848 43531 20125 32575 43550
20150 32393 43547 20200 31919 43535 20250 31590 43512
20300 31500 43509 20500 30825 43460 20750 30564 43450
444 20130 22091 0352/ 522//=
ZZYY 52081 22091 0600/ 100072 138035 6113/
33311 88872 20002 32978 43426 20025 32939 43437 20050 32933 43453
20075 32828 43490 20100 32802 43544 20125 32517 43547
20150 32333 43543 20200 31881 43535 20250 31573 43512
20300 31504 43510 20500 30819 43458 20750 30564 43450
444 20130 22091 0534/ 522//=
ZZYY 52083 21091 23004 107969 156031 6113/
11119 00706 10289 29077 40114
22219 00297
33311 88872 20000 32968 20002 32968 43373 20025 32965 43383
20050 32955 43418 20075 32889 43462 20100 32693 43496
20125 32419 43515 20150 32144 43501 20200 31290 43449
20250 31037 43453 20300 30952 43460 20500 30782 43456
20750 30587 43454
444 20130 21091 2237/ 522// 60381=
ZZYY 52083 21091 19004 107971 156042 6111/
11119 00909 10280 29082 40093
22219 00297
33311 88872 20000 32965 20002 32965 43373 20025 32966 43384
20050 32953 43418 20075 32893 43461 20100 32682 43499
20125 32336 43519 20150 31986 43490 20200 31294 43449
20250 31043 43455 20300 30953 43460 20500 30767 43456
20750 30578 43454
444 20110 21091 1936/ 522// 60381=
ZZYY 52083 21091 21004 107966 156028 6111/
11119 00608 10286 29078 40101
22219 00296
33311 88872 20000 32964 20002 32964 43372 20025 32965 43383
20050 32938 43428 20075 32861 43466 20100 32667 43504
20125 32373 43519 20150 32033 43494 20200 31333 43451
20250 31077 43457 20300 30956 43460 20500 30771 43456
20750 30568 43454
444 20110 21091 2103/ 522// 60381=
ZZYY 52083 22091 03004 107964 156032 6113/
11119 01506 10272 29088 40091
22219 00297
33311 88872 20000 32965 20002 32965 43372 20025 32966 43384
20050 32966 43394 20075 32925 43449 20100 32753 43490
20125 32504 43509 20150 32258 43513 20200 31390 43450
20250 31111 43453 20300 30985 43457 20500 30784 43456
20750 30613 43453
444 20130 22091 0328/ 522// 60381=
ZZYY 52083 22091 01004 107966 156034 6113/
11119 00805 10285 29082 40108
22219 00297
33311 88872 20000 32968 20002 32968 43372 20025 32966 43383
20050 32946 43422 20075 32872 43466 20100 32691 43496
20125 32422 43515 20150 32065 43492 20200 31299 43449
20250 31100 43454 20300 30994 43456 20500 30771 43455
20750 30590 43454
444 20130 21091 2351/ 522// 60381=
ZZYY 52083 22091 0400/ 107962 156035 6112/
33311 88872 20002 32965 43373 20025 32966 43384 20050 32964 43401
20075 32912 43456 20100 32716 43493 20125 32391 43517
20150 32075 43493 20200 31371 43451 20250 31121 43452
20300 30976 43457 20500 30771 43456 20750 30595 43453
444 20120 22091 0353/ 522//=
ZZYY 52087 21091 19004 107867 136490 6112/
11119 03607 10273 29087 40072
22219 00295
33311 88872 20000 32948 20002 32948 43362 20025 32949 43363
20050 32959 43374 20075 32872 43457 20100 32652 43487
20125 32415 43499 20150 32175 43494 20200 31484 43464
20250 31164 43454 20300 31001 43456 20500 30740 43451
20750 30599 43452
444 20120 21091 1939/ 522// 60381=
ZZYY 52087 21091 21004 107867 136490 6112/
11119 00503 10272 29090 40074
22219 00294
33311 88872 20000 32941 20002 32941 43360 20025 32946 43362
20050 32958 43372 20075 32860 43458 20100 32631 43488
20125 32406 43499 20150 32160 43490 20200 31444 43458
20250 31159 43452 20300 30999 43456 20500 30744 43451
20750 30581 43451
444 20120 21091 1939/ 522// 60381=
ZZYY 52087 22091 04004 107865 136486 6113/
11119 03002 10257 29095 40085
22219 00294
33311 88872 20000 32936 20002 32936 43341 20025 32951 43364
20050 32955 43384 20075 32871 43456 20100 32646 43489
20125 32464 43494 20150 32250 43496 20200 31606 43463
20250 31235 43452 20300 31090 43454 20500 30744 43451
20750 30585 43451
444 20130 22091 0355/ 522// 60381=
ZZYY 52087 22091 06004 107863 136489 6112/
11119 02506 10269 29091 40069
22219 00293
33311 88872 20000 32932 20125 32588 43495 20150 32217 43497
20200 31527 43461 20250 31211 43452 20500 30743 43452
444 20120 22091 0535/ 522// 60381=
ZZYY 52087 22091 00004 107866 136491 6113/
11119 01605 10284 29083 40102
22219 00295
33311 88872 20000 32950 20002 32950 43365 20025 32950 43365
20050 32959 43378 20075 32820 43466 20100 32641 43489
20125 32445 43494 20150 32203 43494 20200 31465 43459
20250 31173 43452 20300 31029 43455 20500 30743 43451
20750 30577 43451
444 20130 21091 2351/ 522// 60381=
ZZYY 52087 22091 02004 107865 136490 6112/
11119 02110 10267 29090 40096
22219 00295
33311 88872 20000 32947 20002 32947 43360 20025 32950 43365
20050 32959 43380 20075 32888 43449 20100 32662 43488
20125 32432 43495 20150 32213 43495 20200 31546 43461
20250 31210 43452 20300 31044 43455 20500 30737 43451
20750 30591 43452
444 20120 22091 0132/ 522// 60381=
ZZYY 52080 21091 23004 101998 138100 6112/
11119 01705 10277 29082 40114
22219 00289
33311 88872 20000 32890 20002 32890 43367 20025 32911 43438
20050 32837 43467 20075 32861 43501 20100 32856 43534
20125 32630 43539 20150 32540 43541 20200 31850 43512
20250 31342 43471 20300 31141 43472 20500 30761 43455
20750 30528 43451
444 20120 21091 2241/ 522// 60381=
