####018000146####
SSVX13 LFPW 092245
ZZYY 64524 09070 2245/ 169894 014643 6110/ 11119 40128 57006 22219
 00099 444 20100 09070 2245/ 50101 80108 80048 9/015=
####018014737####
SSVX11 LFVW 092236 RRA
ZZYY 52073 09070 1300/ 104942 137298 6111/
11119 10292 29080 40109
22219 00306
33311 88872 20000 33060 20002 33060 43388 20025 33032 43396
20050 33032 43398 20075 32927 43445 20100 32709 43466
20125 32363 43488 20150 32220 43486 20200 31466 43455
20250 31120 43449 20300 30979 43458 20500 30757 20750 30611 43454
444 20110 09070 1308/ 522//=
ZZYY 52084 09070 20004 104973 156034 6113/
11119 00207 10280 29071 30104 40104
22219 00292
33311 88872 20000 32923 20002 32923 20025 32965 43424
20050 32952 43430 20075 32924 43450 20100 32694 43491
20125 32299 43494 20150 32002 43489 20200 31348 43455
20250 31048 43458 20300 30950 43462 20500 30777 43457
20750 30589 43454
444 20130 09070 2031/ 522// 60401=
ZZYY 52084 09070 22004 104972 156034 6112/
11119 00504 10285 29069 30116 40116
22219 00292
33311 88872 20000 32919 20002 32919 20025 32956 43416
20050 32959 43430 20075 32928 43448 20100 32739 43482
20125 32431 43495 20150 32087 43486 20200 31314 43457
20250 31016 43460 20300 30941 43461 20500 30766 43457
20750 30594 43453
444 20120 09070 2223/ 522// 60401=
ZZYY 52084 09070 19004 104972 156037 6112/
11119 00108 10280 29073 30101 40101
22219 00292
33311 88872 20000 32924 20002 32924 20025 32964 43422
20050 32960 43429 20075 32928 43448 20100 32734 43483
20125 32348 43498 20150 32001 43485 20200 31340 43457
20250 31050 43458 20300 30964 43462 20500 30782 43456
20750 30586 43453
444 20120 09070 1852/ 522// 60401=
ZZYY 52084 09070 21004 104973 156034 6113/
11119 00403 10282 29071 30111 40111
22219 00292
33311 88872 20000 32922 20002 32922 20025 32953 43414
20050 32962 43429 20075 32932 43445 20100 32777 43477
20300 30950 43462 20750 30600 43453
444 20130 09070 2031/ 522// 60401=
ZZYY 52084 09070 18004 104972 156035 6113/
11119 00209 10280 29072 30099 40099
22219 00293
33311 88872 20000 32925 20002 32925 20025 32962 43420
20050 32965 43429 20075 32935 43442 20100 32823 43467
20125 32489 43496 20150 32006 43488 20200 31337 43457
20250 31047 43458 20300 30960 43462 20500 30780 43457
20750 30582 43453
444 20130 09070 1731/ 522// 60401=
ZZYY 52084 09070 15004 104972 156036 6112/
11119 00209 10278 29074 30111 40111
22219 00293
33311 88872 20000 32928 20002 32928 20025 32961 43418
20050 32961 43429 20075 32919 43449 20100 32690 43487
20125 32284 43490 20150 31920 43481 20200 31249 43457
20250 31002 43461 20300 30912 43462 20500 30780 43457
20750 30599 43454
444 20120 09070 1417/ 522// 60401=
ZZYY 52084 09070 17004 104972 156035 6113/
11119 00208 10280 29067 30101 40101
22219 00293
33311 88872 20000 32925 20002 32925 20025 32953 43414
20050 32963 43427 20075 32936 43441 20100 32794 43469
20125 32293 43492 20150 31874 43479 20200 31294 43455
20250 31049 43458 20300 30959 43462 20500 30780 43457
20750 30591 43454
444 20130 09070 1731/ 522// 60401=
ZZYY 52084 09070 12004 104973 156033 6113/
11119 00308 10277 29072 30125 40125
22219 00293
33311 88872 20000 32927 20002 32927 20025 32961 43418
20050 32960 43428 20075 32922 43446 20100 32734 43476
20125 32359 43492 20150 31959 43481 20200 31233 43455
20250 30998 43461 20300 30921 43462 20500 30755 43456
20750 30583 43453
444 20130 09070 1128/ 522// 60401=
ZZYY 52084 09070 14004 104971 156035 6113/
11119 00308 10278 29073 30117 40117
22219 00293
33311 88872 20000 32933 20002 32933 20025 32962 43421
20050 32955 43429 20075 32889 43454 20100 32651 43490
20125 32245 43491 20150 31895 43479 20200 31193 43454
20250 31003 43461 20300 30928 43462 20500 30776 43457
20750 30597 43453
444 20130 09070 1407/ 522// 60401=
ZZYY 52084 09070 11004 104974 156040 6112/
11119 00107 10279 29069 30122 40122
22219 00294
33311 88872 20000 32936 20002 32936 20025 32960 43417
20050 32964 43429 20075 32925 43445 20100 32756 43473
20125 32433 43493 20150 32033 43485 20200 31234 43453
20250 30996 43462 20300 30917 43462 20500 30754 43456
20750 30592 43454
444 20120 09070 1058/ 522// 60401=
ZZYY 52081 09070 1800/ 100066 138041 6112/
22219 00300
33311 88872 20000 33000 20002 33000 43455 20025 33012 43473
20050 32980 43497 20075 32907 43489 20100 32840 43487
20125 32586 43534 20150 32360 43514 20200 32079 43551
20250 31402 43506 20300 31221 43492 20500 30795 43457
20750 30610 43452
444 20120 09070 1742/ 522//=
ZZYY 52081 09070 1200/ 100069 138044 6113/
22219 00301
33311 88872 20000 33009 20002 33009 43465 20025 33012 43469
20050 32987 43498 20075 32910 43490 20100 32835 43489
20125 32569 43535 20150 32346 43520 20200 32074 43551
20250 31402 43506 20300 31230 43491 20500 30798 43458
20750 30610 43451
444 20130 09070 1128/ 522//=
ZZYY 52081 09070 1400/ 100055 138054 6111/
22219 00301
33311 88872 20000 33009 20002 33009 43459 20025 33011 43469
20050 32982 43495 20075 32913 43490 20100 32846 43487
20125 32592 43532 20150 32349 43517 20200 32072 43552
20250 31400 43508 20300 31244 43494 20500 30814 43459
20750 30618 43452
444 20110 09070 1307/ 522//=
ZZYY 52081 09070 1900/ 100069 138049 6113/
22219 00300
33311 88872 20000 33001 20002 33001 43459 20025 33012 43473
20050 32977 43494 20075 32909 43490 20100 32851 43485
20300 31242 43493 20750 30608 43451
444 20130 09070 1913/ 522//=
ZZYY 52081 09070 2100/ 100090 138027 6111/
22219 00300
33311 88872 20000 33004 20002 33004 43465 20025 33006 43467
20050 32987 43495 20075 32909 43490 20100 32867 43485
20125 32638 43527 20150 32360 43513 20200 32077 43552
20250 31465 43514 20300 31239 43495 20500 30785 43457
20750 30609 43452
444 20110 09070 2053/ 522//=
ZZYY 52081 09070 1300/ 100055 138054 6111/
22219 00301
33311 88872 20000 33009 20002 33009 43462 20025 33012 43470
20050 32984 43496 20075 32917 43489 20100 32857 43486
20125 32697 43518 20150 32366 43513 20200 32077 43551
20250 31412 43508 20300 31238 43493 20500 30802 43457
20750 30611 43451
444 20110 09070 1307/ 522//=
ZZYY 52081 09070 1100/ 100064 138048 6112/
22219 00301
33311 88872 20000 33011 20002 33011 43466 20025 33010 43469
20050 32990 43500 20075 32910 43490 20100 32831 43490
20125 32565 43536 20150 32344 43521 20200 32075 43551
20250 31395 43506 20300 31222 43491 20500 30792 43457
20750 30609 43452
444 20120 09070 1058/ 522//=
ZZYY 52077 09070 20004 101991 147027 6112/
11119 00607 10288 30097 40097
22219 00300
33311 88872 20000 32997 20002 32997 43427 20025 32997 43441
20050 33008 43479 20075 33000 43486 20100 32766 43510
20125 32461 43522 20150 32260 43509 20200 31795 43541
20250 31354 43481 20300 30992 43472 20500 30780 43457
20750 30559 43453
444 20120 09070 2033/ 522// 60381=
ZZYY 52077 09070 15004 101987 147045 6111/
11119 00408 10291 30106 40106
22219 00301
33311 88872 20000 33009 20002 33009 43431 20025 32991 43451
20050 33009 43485 20075 32996 43487 20100 32785 43510
20125 32463 43522 20150 32012 43501 20200 31726 43536
20250 31217 43466 20300 30992 43472 20500 30841 43460
20750 30584 43452
444 20110 09070 1549/ 522// 60381=
ZZYY 52077 09070 11004 101988 147030 6113/
11119 00607 10290 30106 40106
22219 00301
33311 88872 20000 33013 20002 33013 43433 20025 32996 43446
20050 33006 43474 20075 32995 43484 20100 32830 43506
20125 32520 43508 20150 32386 43520 20200 31841 43545
20250 31280 43474 20300 30991 43472 20500 30797 43456
20750 30565 43452
444 20130 09070 1057/ 522// 60381=
ZZYY 52077 09070 13004 101991 147024 6112/
11119 00508 10291 30111 40111
22219 00302
33311 88872 20000 33015 20002 33015 43432 20025 32993 43451
20050 33002 43481 20075 32998 43489 20100 32798 43511
20125 32490 43514 20150 32374 43522 20200 31808 43544
20250 31342 43482 20300 30992 43472 20500 30816 43458
20750 30570 43453
444 20120 09070 1237/ 522// 60381=
ZZYY 52077 09070 12004 101991 147028 6112/
11119 00508 10291 30110 40110
22219 00301
33311 88872 20000 33012 20002 33012 43433 20025 32993 43451
20050 33008 43479 20075 33002 43488 20100 32810 43511
20125 32494 43504 20150 32402 43523 20200 31874 43548
20250 31229 43467 20300 30991 43472 20500 30797 43456
20750 30567 43452
444 20120 09070 1127/ 522// 60381=
ZZYY 52077 09070 19004 101991 147023 6112/
11119 00506 10288 30093 40093
22219 00300
33311 88872 20000 32998 20002 32998 43427 20025 32996 43444
20050 33008 43479 20075 33000 43486 20100 32741 43513
20125 32447 43522 20150 32110 43506 20200 31756 43538
20250 31323 43480 20300 30992 43472 20500 30785 43457
20750 30568 43453
444 20120 09070 1913/ 522// 60381=
ZZYY 52077 09070 21004 101991 147027 6112/
11119 00607 10289 30105 40105
22219 00300
33311 88872 20000 32997 20002 32997 43425 20025 32997 43442
20050 33008 43477 20075 33001 43486 20100 32814 43508
20300 30992 43472 20750 30561 43453
444 20120 09070 2033/ 522// 60381=
ZZYY 52079 09070 2200/ 100056 147014 6112/
33311 88872 20125 32463 43537 20150 32383 43550 20200 31669 43533
20250 31380 43506 20500 30841 43462
444 20120 09070 2224/ 522//=
ZZYY 52079 09070 19004 100054 147010 6112/
11119 00308 10289 29070 30096 40096
22219 00299
33311 88872 20000 32992 20002 32992 43494 20025 33000 43509
20050 32963 43516 20075 32941 43529 20100 32795 43541
20125 32540 43522 20150 32457 43540 20200 31915 43555
20250 31403 43509 20300 31176 43487 20500 30858 43463
20750 30593 43452
444 20120 09070 1912/ 522// 60401=
ZZYY 52079 09070 21004 100053 147013 6112/
11119 00407 10289 29071 30111 40111
22219 00299
33311 88872 20000 32992 20002 32992 43494 20025 32999 43509
20050 32954 43520 20075 32906 43537 20100 32671 43522
20125 32466 43537 20150 32410 43551 20200 31731 43540
20250 31391 43506 20300 31160 43487 20500 30849 43463
20750 30573 43453
444 20120 09070 2034/ 522// 60401=
ZZYY 52079 09070 20004 100053 147013 6112/
11119 00407 10289 29071 30102 40102
22219 00299
33311 88872 20000 32993 20002 32993 43494 20025 33000 43510
20050 32955 43520 20075 32907 43536 20100 32693 43523
20125 32489 43538 20150 32414 43551 20200 31690 43536
20250 31391 43507 20300 31156 43485 20500 30852 43462
20750 30578 43453
444 20120 09070 2034/ 522// 60401=
ZZYY 52079 09070 16004 100056 147008 6112/
11119 00210 10288 29070 30101 40101
22219 00300
33311 88872 20000 32999 20002 32999 43490 20025 33000 43509
20050 32974 43514 20075 32955 43522 20100 32885 43540
20125 32659 43521 20150 32463 43537 20200 31982 43555
20250 31401 43508 20300 31178 43487 20500 30855 43462
20750 30587 43452=
ZZYY 52079 09070 18004 100055 147017 6111/
11119 00209 10289 29070 30095 40095
22219 00299
33311 88872 20000 32993 20002 32993 43494 20025 32987 43514
20050 32955 43520 20075 32906 43536 20100 32703 43525
20125 32503 43534 20150 32423 43550 20200 31693 43534
20250 31378 43505 20300 31155 43485 20500 30847 43463
20750 30582 43452
444 20110 09070 1733/ 522// 60401=
ZZYY 52079 09070 17004 100055 147017 6111/
11119 00209 10288 29068 30096 40096
22219 00300
33311 88872 20000 32996 20002 32996 43491 20025 32982 43515
20050 32957 43519 20075 32919 43533 20100 32761 43534
20125 32548 43527 20150 32442 43545 20200 31729 43542
20250 31398 43507 20300 31171 43487 20500 30852 43463
20750 30582 43452
444 20110 09070 1733/ 522// 60401=
ZZYY 52079 09070 12004 100056 147011 6112/
11119 00307 10290 29068 30109 40109
22219 00301
33311 88872 20000 33014 20002 33014 43489 20025 33001 43506
20050 32987 43509 20075 32954 43523 20100 32802 43543
20125 32610 43520 20150 32459 43540 20200 31718 43537
20250 31389 43505 20300 31156 43486 20500 30838 43462
20750 30573 43452
444 20120 09070 1127/ 522// 60401=
ZZYY 52079 09070 14004 100054 147013 6112/
11119 00109 10290 29070 30112 40112
22219 00300
33311 88872 20000 33002 20002 33002 43488 20025 33000 43506
20050 32983 43510 20075 32955 43523 20100 32850 43540
20125 32643 43520 20150 32461 43537 20200 31923 43567
20250 31403 43508 20300 31161 43487 20500 30842 43461
20750 30575 43452
444 20120 09070 1236/ 522// 60401=
ZZYY 52079 09070 11004 100056 147010 6112/
11119 00407 10289 29070 30106 40106
22219 00302
33311 88872 20000 33019 20002 33019 43490 20025 33001 43505
20050 32984 43511 20075 32949 43526 20100 32710 43532
20125 32540 43522 20150 32449 43547 20200 31669 43535
20250 31381 43506 20300 31155 43485 20500 30832 43462
20750 30571 43453
444 20120 09070 1057/ 522// 60401=
ZZYY 52079 09070 13004 100054 147013 6112/
11119 00308 10290 29069 30114 40114
22219 00301
33311 88872 20000 33010 20002 33010 43489 20025 33000 43505
20050 32989 43509 20075 32956 43522 20100 32866 43542
20125 32645 43521 20150 32462 43536 20200 31960 43552
20250 31399 43507 20300 31158 43485 20500 30838 43462
20750 30571 43453
444 20120 09070 1236/ 522// 60401=
ZZYY 52082 09070 18004 102036 156023 6113/
11119 00309 10285 29071 30098 40098
22219 00298
33311 88872 20000 32978 20002 32978 43458 20025 32981 43462
20050 32981 43460 20075 32983 43464 20100 32863 20125 32553 43482
20150 32159 43497 20200 31414 43464 20250 31140 43473
20300 31031 43473 20500 30817 43459 20750 30597 43453
444 20130 09070 1732/ 522// 60401=
ZZYY 52082 09070 15004 102033 156023 6112/
11119 00208 10282 29073 30110 40110
22219 00298
33311 88872 20000 32979 20002 32979 43458 20025 32981 43462
20050 32981 43460 20075 32973 43473 20100 32723 20125 32402 43509
20150 32023 43492 20200 31372 43469 20250 31142 43473
20300 31043 43475 20500 30836 43460 20750 30611 43453
444 20120 09070 1419/ 522// 60401=
ZZYY 52082 09070 17004 102036 156023 6113/
11119 00208 10283 29072 30100 40100
22219 00298
33311 88872 20000 32979 20002 32979 43458 20025 32981 43462
20050 32981 43460 20075 32983 43462 20100 32898 20125 32550 43485
20150 32112 43502 20200 31416 43464 20250 31142 43474
20300 31028 43474 20500 30817 43459 20750 30601 43453
444 20130 09070 1732/ 522// 60401=
ZZYY 52082 09070 16004 102036 156023 6113/
11119 00208 10282 29073 30105 40105
22219 00298
33311 88872 20000 32979 20002 32979 43458 20025 32981 43462
20050 32981 43460 20075 32984 43466 20100 32813 20125 32485 43502
20150 32056 43495 20200 31402 43464 20250 31136 43474
20300 31025 43474 20500 30818 43458 20750 30599 43453=
ZZYY 52082 09070 12004 102036 156024 6112/
11119 00108 10282 29072 30117 40117
22219 00298
33311 88872 20000 32980 20002 32980 43458 20025 32982 43462
20050 32982 43461 20075 32903 43474 20100 32635 20125 32386 43510
20150 32000 43492 20200 31332 43473 20250 31123 43473
20300 31042 43474 20500 30844 43460 20750 30617 43452
444 20120 09070 1127/ 522// 60401=
####018000129####
SSVX02 LFVW 092236
ZZYY 21732 09070 2220/ 143764 146917 6111/
22219 00129
444 20110 09070 2214/ 50101 80016 80016 9/015=
####018014901####
SSVX11 LFVW 092236
ZZYY 21210 09070 1600/ 138128 146393 6112/
444 20120 09070 1551/ 522//=
ZZYY 21210 09070 10004 138129 146409 6112/
11119 01818 10217 29099
22219 00221
444 20120 09070 0957/ 522// 60371=
ZZYY 21210 09070 12004 138131 146411 6112/
11119 01819 10228 29100
22219 00224
444 20120 09070 1138/ 522// 60371=
ZZYY 21210 09070 19004 138126 146380 6111/
11119 01820 10227 29099
22219 00223
444 20110 09070 1905/ 522// 60371=
ZZYY 21210 09070 21004 138126 146395 6112/
11119 01824 10233 29099
22219 00221
444 20120 09070 2025/ 522// 60371=
ZZYY 21210 09070 15004 138125 146401 6112/
11119 01917 10229 29100
22219 00224
444 20120 09070 1541/ 522// 60371=
ZZYY 21210 09070 17004 138126 146396 6112/
11119 01917 10228 29100
22219 00224
444 20120 09070 1720/ 522// 60371=
ZZYY 52087 09070 2000/ 107863 136488 6112/
33311 88872 20125 32370 43484 20150 31875 43474 20200 31464 43458
20250 31147 43453 20500 30772 43455
444 20120 09070 2033/ 522//=
ZZYY 52087 09070 16004 107860 136488 6113/
11119 01505 10293 29075 40106
22219 00303
33311 88872 20000 33029 20002 33029 43394 20025 33030 43395
20050 33026 43416 20075 32929 43442 20100 32817 43456
20125 32499 43485 20150 32118 43483 20200 31528 43461
20250 31141 43452 20300 31003 43457 20500 30792 43455
20750 30617 43451=
ZZYY 52087 09070 19004 107860 136489 6113/
11119 01605 10282 29074 40096
22219 00303
33311 88872 20000 33027 20002 33027 43395 20025 33029 43395
20050 33005 43430 20075 32865 43453 20100 32697 43470
20125 32367 43485 20150 31935 43476 20200 31522 43458
20250 31128 43452 20300 30992 43456 20500 30774 43456
20750 30625 43452
444 20130 09070 1912/ 522// 60381=
ZZYY 52087 09070 21004 107854 136482 6111/
11119 02602 10283 29075 40100
22219 00303
33311 88872 20000 33025 20125 32375 43485 20150 31877 43476
20200 31428 43458 20250 31155 43451 20500 30773 43455
444 20110 09070 2049/ 522// 60381=
ZZYY 52087 09070 15004 107863 136490 6113/
11119 01305 10291 29074 40108
22219 00303
33311 88872 20000 33029 20002 33029 43395 20025 33031 43395
20050 33022 43416 20075 32932 43444 20100 32804 43460
20125 32397 43484 20150 32005 43480 20200 31477 43460
20250 31149 43452 20300 30982 43457 20500 30788 43456
20750 30614 43452
444 20130 09070 1548/ 522// 60381=
ZZYY 52087 09070 17004 107861 136488 6112/
11119 01608 10288 29078 40100
22219 00303
33311 88872 20000 33028 20002 33028 43393 20025 33029 43395
20050 33012 43423 20075 32931 43442 20100 32795 43461
20125 32521 43486 20150 32129 43485 20200 31487 43461
20250 31123 43452 20300 30999 43457 20500 30779 43456
20750 30617 43452
444 20120 09070 1730/ 522// 60381=
ZZYY 52087 09070 11004 107862 136489 6112/
11119 00707 10284 29079 40100
22219 00303
33311 88872 20000 33029 20002 33029 43394 20025 33030 43395
20050 33030 43400 20075 32978 43438 20100 32775 43463
20125 32319 43489 20150 31880 43475 20200 31346 43455
20250 31059 43455 20300 30934 43455 20500 30779 43455
20750 30606 43452=
ZZYY 52087 09070 2200/ 107861 136493 6112/
33311 88872 20002 33025 43395 20025 33026 43397 20050 33006 43426
20075 32937 43443 20100 32737 43469 20300 31007 43455
20750 30612 43452
444 20120 09070 2211/ 522//=
ZZYY 52088 09070 1500/ 302014 155960 6112/
11119 10273 29080 30105 40105
22219 00298
33311 88872 20000 32982 20002 32982 43550 20025 32982 43548
20050 32975 43549 20075 32967 43546 20100 32962 43551
20125 32769 43565 20150 32448 43570 20200 31524 43521
20250 31144 43485 20300 31052 43476 20500 30835 43465
20750 30586 43452
444 20120 09070 1419/ 522//=
ZZYY 52088 09070 1200/ 302015 155960 6112/
11119 10284 29076 30110 40110
22219 00299
33311 88872 20000 32989 20002 32989 43549 20025 32981 43548
20050 32975 43548 20075 32969 43547 20100 32962 43551
20125 32800 43563 20150 32456 43570 20200 31549 43528
20250 31150 43486 20300 31057 43477 20500 30874 43467
20750 30625 43452
444 20120 09070 1127/ 522//=
ZZYY 52088 09070 1400/ 302018 155959 6112/
11119 10282 29076 30108 40108
22219 00299
33311 88872 20000 32985 20002 32985 43550 20025 32982 43548
20050 32976 43548 20075 32969 43546 20100 32964 43551
20125 32830 43559 20150 32484 43569 20200 31549 43522
20250 31145 43484 20300 31052 43476 20500 30856 43466
20750 30610 43453
444 20120 09070 1409/ 522//=
ZZYY 52088 09070 1100/ 302015 155959 6113/
11119 10285 29076 30109 40109
22219 00299
33311 88872 20000 32991 20002 32991 43549 20025 32981 43547
20050 32975 43548 20075 32969 43547 20100 32962 43551
20125 32814 43561 20150 32447 43570 20200 31587 43529
20250 31151 43485 20300 31059 43477 20500 30877 43467
20750 30619 43454
444 20130 09070 1056/ 522//=
ZZYY 52088 09070 2000/ 302015 155958 6112/
11119 10281 29076 30102 40102
22219 00298
33311 88872 20000 32977 20002 32977 43550 20025 32978 43548
20050 32976 43549 20075 32968 43547 20100 32964 43551
20125 32815 43560 20150 32526 43569 20200 31688 43536
20250 31180 43489 20300 31068 43477 20500 30855 43465
20750 30606 43452
444 20120 09070 2034/ 522//=
ZZYY 52088 09070 1600/ 302015 155957 6113/
11119 10276 29077 30101 40101
22219 00298
33311 88872 20000 32982 20002 32982 43549 20025 32982 43547
20050 32975 43548 20075 32966 43547 20100 32954 43555
20125 32756 43564 20150 32448 43570 20200 31550 43529
20250 31146 43486 20300 31054 43476 20500 30819 43464
20750 30572 43453=
ZZYY 52088 09070 1800/ 302014 155960 6113/
11119 10282 29077 30094 40094
22219 00298
33311 88872 20000 32979 20002 32979 43549 20025 32980 43547
20050 32973 43549 20075 32966 43547 20100 32944 43555
20125 32723 43566 20150 32447 43570 20200 31681 43534
20250 31185 43490 20300 31074 43476 20500 30850 43465
20750 30593 43453
444 20130 09070 1732/ 522//=
ZZYY 52088 09070 1700/ 302014 155960 6113/
11119 10283 29074 30096 40096
22219 00298
33311 88872 20000 32981 20125 32735 43565 20150 32446 43569
20200 31607 43531 20250 31155 43487 20500 30832 43464
444 20130 09070 1732/ 522//=
ZZYY 52080 09070 16004 101996 138102 6112/
11119 01803 10291 29075 40104
22219 00303
33311 88872 20000 33033 20002 33033 43427 20025 33030 43451
20050 33020 43464 20075 33012 43458 20100 33005 43459
20125 32633 43469 20150 32209 43497 20200 31871 43542
20250 31510 43518 20300 31223 43478 20500 30759 43455
20750 30571 43452=
ZZYY 52080 09070 12004 101996 138109 6111/
11119 02002 10292 29073 40102
22219 00304
33311 88872 20000 33037 20002 33037 43426 20025 33031 43440
20050 33023 43464 20075 33015 43461 20100 33020 43466
20125 32752 43457 20150 32293 43496 20200 31863 43541
20250 31488 43514 20300 31236 43483 20500 30759 43456
20750 30584 43453
444 20110 09070 1128/ 522// 60381=
ZZYY 52080 09070 21004 101991 138109 6112/
11119 01903 10285 29076 40097
22219 00303
33311 88872 20000 33025 20002 33025 43419 20025 33029 43436
20050 33020 43457 20075 33005 43452 20100 33005 43459
20125 32618 43472 20150 32210 43504 20200 31871 43543
20250 31515 43519 20300 31217 43479 20500 30762 43456
20750 30599 43453
444 20120 09070 2035/ 522// 60381=
ZZYY 52080 09070 19004 101994 138103 6112/
11119 02105 10287 29080 40092
22219 00303
33311 88872 20000 33030 20002 33030 43418 20025 33024 43446
20050 33018 43461 20075 33006 43456 20100 32784 43451
20125 32486 43483 20150 32123 43513 20200 31823 43539
20250 31451 43515 20300 31191 43476 20500 30762 43456
20750 30598 43453
444 20120 09070 1913/ 522// 60381=
ZZYY 52080 09070 15004 101995 138110 6113/
11119 01803 10291 29074 40107
22219 00303
33311 88872 20000 33034 20002 33034 43427 20025 33031 43449
20050 33021 43467 20075 33011 43459 20100 33004 43459
20125 32617 43471 20150 32187 43509 20200 31877 43542
20250 31507 43520 20300 31230 43480 20500 30761 43455
20750 30575 43453
444 20130 09070 1550/ 522// 60381=
ZZYY 52080 09070 17004 101979 138107 6112/
11119 02003 10290 29075 40100
22219 00303
33311 88872 20000 33034 20002 33034 43427 20025 33030 43450
20050 33020 43463 20075 33006 43456 20100 32972 43456
20125 32594 43477 20150 32155 43517 20200 31849 43541
20250 31486 43517 20300 31206 43480 20500 30762 43456
20750 30574 43452
444 20120 09070 1732/ 522// 60381=
ZZYY 52080 09070 11004 101993 138099 6111/
11119 02004 10292 29073 40097
22219 00304
33311 88872 20000 33036 20002 33036 43426 20025 33031 43445
20050 33022 43465 20075 33019 43463 20100 33019 43465
20125 32666 43467 20150 32280 43499 20200 31873 43542
20250 31489 43515 20300 31238 43481 20500 30762 43457
20750 30580 43453
444 20110 09070 1057/ 522// 60381=
ZZYY 52086 09070 22004 305017 156022 6111/
11119 00804 10275 29074 30120 40120
22219 00298
33311 88872 20000 32982 20002 32982 43479 20025 32982 43483
20050 33000 43516 20075 32987 43533 20100 32953 43540
20125 32842 43556 20150 32746 43559 20200 31763 43546
20250 31139 43486 20300 30971 43472 20500 30831 43463
20750 30646 43453
444 20110 09070 2047/ 522// 60401=
ZZYY 52086 09070 12004 305028 156022 6113/
11119 01109 10279 29071 30108 40108
22219 00299
33311 88872 20000 32993 20002 32993 43484 20025 32989 43488
20050 33003 43513 20075 32984 43535 20100 32942 43540
20125 32839 43555 20150 32650 43566 20200 31866 43557
20250 31178 43494 20300 31020 43476 20500 30825 43461
20750 30627 43453
444 20130 09070 1125/ 522// 60401=
ZZYY 52086 09070 11004 305028 156026 6113/
11119 01209 10279 29070 30106 40106
22219 00299
33311 88872 20000 32994 20002 32994 43484 20025 32988 43487
20050 33002 43515 20075 32983 43534 20100 32942 43540
20125 32853 43555 20150 32693 43565 20200 31865 43553
20250 31148 43489 20300 31000 43474 20500 30824 43461
20750 30626 43453
444 20130 09070 1055/ 522// 60401=
ZZYY 52086 09070 20004 305027 156020 6113/
11119 01305 10268 29080 30101 40101
22219 00298
33311 88872 20000 32978 20002 32978 43479 20025 32980 43481
20050 33003 43512 20075 32994 43533 20100 32955 43538
20125 32912 43547 20150 32773 43556 20200 31710 43545
20250 31138 43486 20300 30994 43473 20500 30830 43461
20750 30648 43455
444 20130 09070 2035/ 522// 60401=
ZZYY 52086 09070 19004 305030 156019 6112/
11119 01407 10266 29080 30096 40096
22219 00298
33311 88872 20000 32979 20002 32979 43479 20025 32981 43483
20050 33003 43509 20075 32992 43533 20100 32958 43537
20125 32920 43545 20150 32773 43557 20200 31835 43552
20250 31171 43489 20300 31007 43475 20500 30830 43461
20750 30651 43454
444 20120 09070 1854/ 522// 60401=
ZZYY 52086 09070 21004 305017 156022 6111/
11119 00905 10273 29073 30109 40109
22219 00298
33311 88872 20000 32980 20002 32980 43478 20025 32981 43483
20050 32999 43517 20075 32987 43534 20100 32953 43540
20125 32854 43554 20150 32735 43559 20200 31758 43546
20250 31137 43486 20300 30988 43474 20500 30831 43460
20750 30651 43454
444 20110 09070 2047/ 522// 60401=
ZZYY 52086 09070 16004 305028 156014 6113/
11119 01008 10272 29076 30101 40101
22219 00299
33311 88872 20000 32985 20002 32985 43481 20025 32986 43485
20050 32999 43497 20075 32987 43525 20100 32975 43537
20125 32935 43543 20150 32746 43560 20200 31929 43560
20250 31270 43502 20300 31046 43478 20500 30837 43462
20750 30641 43454
444 20130 09070 1601/ 522// 60401=
ZZYY 52086 09070 18004 305029 156022 6113/
11119 01710 10262 29082 30093 40093
22219 00298
33311 88872 20000 32981 20002 32981 43479 20025 32983 43483
20050 33005 43505 20075 32993 43531 20100 32969 43537
20125 32942 43542 20150 32804 43555 20200 31948 43558
20250 31277 43502 20300 31040 43479 20500 30827 43461
20750 30657 43453
444 20130 09070 1734/ 522// 60401=
ZZYY 52086 09070 15004 305023 156020 6112/
11119 01206 10271 29076 30104 40104
22219 00299
33311 88872 20000 32986 20002 32986 43483 20025 32988 43486
20050 32996 43495 20075 32991 43524 20100 32975 43536
20125 32932 43543 20150 32720 43564 20200 31900 43555
20250 31256 43498 20300 31059 43479 20500 30841 43462
20750 30628 43453
444 20120 09070 1420/ 522// 60401=
ZZYY 52086 09070 17004 305029 156022 6113/
11119 01109 10273 29075 30097 40097
22219 00298
33311 88872 20000 32983 20002 32983 43480 20025 32985 43484
20050 33003 43501 20075 32988 43526 20100 32967 43538
20125 32934 43543 20150 32777 43556 20200 31957 43558
20250 31267 43500 20300 31031 43476 20500 30826 43461
20750 30642 43454
444 20130 09070 1734/ 522// 60401=
ZZYY 52073 09070 2000/ 104938 137295 6112/
33311 88872 20002 33030 43390 20025 33032 43392 20050 33033 43397
20075 32964 43441 20100 32777 43459 20125 32561 43479
20150 32294 43488 20200 31527 43460 20250 31119 43449
20300 30936 43460 20500 30740 20750 30616 43452
444 20120 09070 2034/ 522//=
ZZYY 52073 09070 1800/ 104942 137300 6113/
33311 88872 20002 33032 43391 20025 33033 43394 20050 33033 43397
20075 32964 43441 20100 32844 43450 20125 32679 43470
20150 32343 43486 20200 31416 43458 20250 31098 43451
20300 30937 43460 20500 30747 20750 30607 43452
444 20130 09070 1741/ 522//=
ZZYY 52073 09070 1600/ 104942 137292 6113/
11119 10289 29082 40102
22219 00304
33311 88872 20000 33036 20002 33036 43390 20025 33031 43395
20050 33033 43397 20075 32963 43441 20100 32822 43453
20125 32603 43477 20150 32250 43487 20200 31391 43456
20250 31107 43449 20300 30968 43459 20500 30742 20750 30596 43452=
ZZYY 52073 09070 1200/ 104946 137300 6112/
11119 10294 29080 40104
22219 00306
33311 88872 20000 33063 20002 33063 43382 20025 33032 43396
20050 33033 43397 20075 32971 43442 20100 32764 43461
20125 32495 43484 20150 32263 43486 20200 31445 43457
20250 31112 43449 20300 30967 43459 20500 30750 20750 30613 43453
444 20120 09070 1128/ 522//=
ZZYY 52073 09070 1700/ 104950 137298 6112/
11119 10288 29082 40098
22219 00303
33311 88872 20000 33034 20002 33034 43391 20025 33031 43395
20050 33033 43397 20075 32965 43441 20100 32799 43455
20125 32618 43473 20150 32329 43482 20200 31439 43455
20250 31095 43451 20300 30945 43459 20500 30751 20750 30608 43453
444 20120 09070 1729/ 522//=
ZZYY 52073 09070 1500/ 104945 137298 6113/
11119 10291 29080 40108
22219 00304
33311 88872 20000 33039 20002 33039 43389 20025 33031 43395
20050 33032 43398 20075 32943 43443 20100 32778 43459
20125 32559 43481 20150 32217 43490 20200 31364 43458
20250 31112 43449 20300 30980 43459 20500 30737 20750 30596 43453
444 20130 09070 1548/ 522//=
ZZYY 52073 09070 1100/ 104944 137295 6112/
11119 10293 29079 40098
22219 00307
33311 88872 20000 33070 20002 33070 43376 20025 33032 43395
20050 33033 43397 20075 32974 43441 20100 32812 43455
20125 32560 43478 20150 32278 43486 20200 31325 43460
20250 31095 43450 20300 30949 43461 20500 30742 20750 30611 43453=
####018012097####
SSVX11 LFVW 092236 RRB
ZZYY 52082 09070 14004 102034 156025 6113/
11119 00107 10283 29071 30116 40116
22219 00298
33311 88872 20000 32979 20002 32979 43457 20025 32981 43462
20050 32981 43460 20075 32969 43475 20100 32688 20125 32366 43507
20150 31961 43488 20200 31337 43473 20250 31136 43474
20300 31045 43474 20500 30844 43460 20750 30618 43454
444 20130 09070 1408/ 522// 60401=
ZZYY 52082 09070 11004 102038 156028 6112/
11119 00109 10280 29075 30117 40117
22219 00298
33311 88872 20000 32981 20002 32981 43457 20025 32982 43462
20050 32984 43464 20075 32862 43476 20100 32609 20125 32265 43504
20150 31959 43491 20200 31316 43473 20250 31128 43474
20300 31042 43474 20500 30844 43461 20750 30614 43453
444 20120 09070 1057/ 522// 60401=
ZZYY 52082 09070 13004 102026 156023 6111/
11119 00107 10283 29071 30118 40118
22219 00298
33311 88872 20000 32980 20002 32980 43458 20025 32981 43462
20050 32982 43460 20075 32934 43474 20100 32648 20125 32342 43509
20150 31961 43492 20200 31352 43471 20250 31142 43475
20300 31046 43474 20500 30846 43460 20750 30619 43454
444 20110 09070 1236/ 522// 60401=
ZZYY 52082 09070 2200/ 102037 156024 6111/
33311 88872 20125 32506 43507 20150 32102 43499 20200 31395 43467
20250 31123 43474 20500 30818 43458
444 20110 09070 2224/ 522//=
ZZYY 52082 09070 19004 102037 156025 6111/
11119 00310 10285 29071 30099 40099
22219 00298
33311 88872 20000 32979 20002 32979 43457 20025 32980 43462
20050 32981 43460 20075 32982 43470 20100 32824 20125 32540 43487
20150 32173 43497 20200 31432 43466 20250 31142 43473
20300 31034 43474 20500 30814 43459 20750 30589 43453
444 20110 09070 1853/ 522// 60401=
ZZYY 52082 09070 21004 102085 156024 6111/
11119 00209 10291 29070 30111 40111
22219 00298
33311 88872 20000 32979 20125 32525 43507 20150 32194 43498
20200 31437 43467 20250 31140 43474 20500 30817 43458
444 20110 09070 2045/ 522// 60401=
ZZYY 52082 09070 20004 102038 156021 6112/
11119 00310 10283 29073 30104 40104
22219 00298
33311 88872 20000 32978 20002 32978 43457 20025 32980 43462
20050 32980 43460 20075 32983 43466 20100 32836 20125 32540 43491
20150 32189 43497 20200 31437 43466 20250 31139 43474
20300 31029 43474 20500 30814 43459 20750 30599 43453
444 20120 09070 2032/ 522// 60401=
ZZYY 52085 09070 18004 100013 156044 6113/
11119 00308 10284 29072 30098 40098
22219 00294
33311 88872 20000 32935 20002 32935 43506 20025 32936 43515
20050 32929 43516 20075 32814 43533 20100 32583 43519
20125 32521 43544 20150 32325 43565 20200 31695 43525
20250 31422 43507 20300 31141 43480 20500 30798 43459
20750 30573 43452
444 20130 09070 1733/ 522// 60401=
ZZYY 52085 09070 15004 100014 156047 6113/
11119 00311 10286 29074 30108 40108
22219 00294
33311 88872 20000 32939 20002 32939 43506 20025 32940 43514
20050 32933 43513 20075 32869 43539 20100 32660 43518
20125 32528 43530 20150 32332 43556 20200 31736 43527
20250 31400 43504 20300 31140 43481 20500 30787 43460
20750 30569 43452
444 20130 09070 1419/ 522// 60401=
ZZYY 52085 09070 17004 100013 156044 6113/
11119 00309 10284 29073 30096 40096
22219 00294
33311 88872 20000 32937 20002 32937 43506 20025 32938 43515
20050 32930 43516 20075 32820 43534 20100 32577 43519
20125 32465 43543 20150 32322 43564 20200 31710 43526
20250 31424 43507 20300 31141 43481 20500 30789 43460
20750 30569 43453
444 20130 09070 1733/ 522// 60401=
ZZYY 52085 09070 16004 100015 156045 6113/
11119 00310 10285 29073 30100 40100
22219 00294
33311 88872 20000 32937 20002 32937 43506 20025 32939 43514
20050 32932 43514 20075 32840 43538 20100 32584 43519
20125 32470 43540 20150 32322 43563 20200 31746 43528
20250 31433 43508 20300 31144 43481 20500 30787 43460
20750 30562 43452=
ZZYY 52085 09070 12004 100017 156047 6113/
11119 00309 10288 29070 30114 40114
22219 00295
33311 88872 20000 32945 20002 32945 43505 20025 32938 43515
20050 32919 43522 20075 32790 43528 20100 32574 43518
20125 32522 43542 20150 32311 43559 20200 31741 43531
20250 31428 43508 20300 31142 43480 20500 30818 43460
20750 30579 43453
444 20130 09070 1126/ 522// 60401=
ZZYY 52085 09070 14004 100017 156047 6113/
11119 00310 10288 29072 30113 40113
22219 00294
33311 88872 20000 32943 20002 32943 43505 20025 32939 43515
20050 32931 43515 20075 32855 43539 20100 32663 43523
20125 32526 43523 20150 32342 43552 20200 31744 43528
20250 31408 43506 20300 31141 43480 20500 30789 43459
20750 30571 43453
444 20130 09070 1408/ 522// 60401=
ZZYY 52085 09070 11004 100016 156046 6113/
11119 00308 10288 29072 30111 40111
22219 00295
33311 88872 20000 32948 20002 32948 43506 20025 32937 43516
20050 32918 43524 20075 32790 43528 20100 32575 43519
20125 32512 43545 20150 32307 43558 20200 31718 43532
20250 31430 43508 20300 31143 43480 20500 30811 43460
20750 30578 43453
444 20130 09070 1057/ 522// 60401=
ZZYY 52085 09070 20004 100015 156047 6113/
11119 00209 10285 29071 30106 40106
22219 00293
33311 88872 20000 32934 20002 32934 43507 20025 32935 43516
20050 32921 43522 20075 32781 43525 20100 32569 43519
20125 32502 43544 20150 32330 43573 20200 31687 43520
20250 31435 43509 20300 31143 43480 20500 30829 43460
20750 30576 43452
444 20130 09070 2034/ 522// 60401=
ZZYY 52078 09070 13004 104959 147032 6113/
11119 00808 30114 40114
22219 00297
33311 88872 20000 32966 20002 32966 43385 20025 32966 43383
20050 32969 43416 20075 32913 43446 20100 32701 43478
20125 32524 43488 20150 31910 43471 20200 31187 43454
20250 30992 43459 20300 30911 43460 20500 30754 43456
20750 30594 43453
444 20130 09070 1237/ 522// 60401=
ZZYY 52078 09070 12004 104960 147030 6113/
11119 00809 30114 40114
22219 00297
33311 88872 20000 32966 20002 32966 43385 20025 32964 43382
20050 32975 43404 20075 32921 43446 20100 32704 43477
20125 32519 43488 20150 31873 43472 20200 31167 43455
20250 30987 43458 20300 30903 43462 20500 30749 43457
20750 30600 43454
444 20130 09070 1127/ 522// 60401=
ZZYY 52078 09070 19004 104960 147029 6113/
11119 00503 30093 40093
22219 00296
33311 88872 20000 32964 20002 32964 43386 20025 32966 43384
20050 32976 43402 20075 32943 43439 20100 32800 43466
20125 32565 43486 20150 32193 43480 20200 31318 43453
20250 31011 43459 20300 30914 43461 20500 30754 43457
20750 30592 43453
444 20130 09070 1912/ 522// 60401=
ZZYY 52078 09070 21004 104960 147031 6113/
11119 00603 30104 40104
22219 00296
444 20130 09070 2033/ 522// 60401=
ZZYY 52078 09070 20004 104960 147031 6113/
11119 00304 30097 40097
22219 00296
33311 88872 20000 32964 20002 32964 43386 20025 32965 43384
20050 32976 43403 20075 32937 43441 20100 32824 43464
20125 32561 43487 20150 32210 43490 20200 31293 43458
20250 31011 43459 20300 30916 43460 20500 30761 43457
20750 30599 43454
444 20130 09070 2033/ 522// 60401=
ZZYY 52078 09070 15004 104961 147034 6112/
11119 00904 30108 40108
22219 00297
33311 88872 20000 32965 20002 32965 43385 20025 32967 43384
20050 32974 43406 20075 32931 43443 20100 32747 43473
20125 32534 43488 20150 31926 43474 20200 31277 43453
20250 31002 43458 20300 30909 43461 20500 30762 43457
20750 30596 43453
444 20120 09070 1548/ 522// 60401=
ZZYY 52078 09070 16004 104961 147032 6113/
11119 00703 30102 40102
22219 00297
33311 88872 20000 32965 20002 32965 43385 20025 32967 43384
20050 32973 43408 20075 32929 43444 20100 32743 43472
20125 32515 43489 20150 31945 43474 20200 31264 43457
20250 31015 43458 20300 30924 43461 20500 30769 43456
20750 30602 43454
444 20130 09070 1558/ 522// 60401=
ZZYY 52078 09070 11004 104960 147031 6113/
11119 00809 30110 40110
22219 00297
33311 88872 20000 32969 20002 32969 43385 20025 32965 43382
20050 32975 43405 20075 32918 43446 20100 32701 43478
20125 32518 43489 20150 31938 43478 20200 31237 43457
20250 30992 43459 20300 30904 43460 20500 30762 43457
20750 30598 43454=
ZZYY 52083 09070 1700/ 108015 155950 6113/
11119 10258 29085 30113 40113
22219 00293
33311 88872 20000 32930 20002 32930 43411 20025 32932 43415
20050 32931 43418 20075 32933 43424 20100 32883 43451
20125 32691 43469 20150 32051 43482 20200 31199 43450
20250 31019 43457 20300 30957 43460 20500 30763 43455
20750 30575 43452
444 20130 09070 1730/ 522//=
ZZYY 52083 09070 1600/ 108016 155950 6113/
11119 10270 29088 30123 40123
22219 00293
33311 88872 20000 32933 20002 32933 43412 20025 32932 43415
20050 32931 43418 20075 32932 43424 20100 32884 43450
20125 32698 43467 20150 32142 43477 20200 31206 43448
20250 31021 43456 20300 30961 43460 20500 30764 43455
20750 30571 43453
444 20130 09070 1557/ 522//=
ZZYY 52083 09070 1500/ 108014 155949 6112/
11119 10279 29079 30126 40126
22219 00294
33311 88872 20000 32935 20002 32935 43415 20025 32932 43415
20050 32932 43418 20075 32934 43424 20100 32898 43445
20125 32762 43463 20150 32210 43475 20200 31243 43448
20250 31041 43455 20300 30970 43460 20500 30778 43455
20750 30569 43453
444 20120 09070 1416/ 522//=
ZZYY 52083 09070 1200/ 108016 155951 6112/
11119 10275 29080 30129 40129
22219 00294
33311 88872 20000 32940 20002 32940 43415 20025 32933 43416
20050 32933 43420 20075 32928 43427 20100 32857 43454
20125 32550 43476 20150 31994 43473 20200 31208 43448
20250 31017 43457 20300 30958 43460 20500 30761 43454
20750 30571 43453
444 20120 09070 1128/ 522//=
ZZYY 52083 09070 1400/ 108014 155948 6113/
11119 10276 29077 30126 40126
22219 00294
33311 88872 20000 32937 20002 32937 43415 20025 32932 43415
20050 32932 43419 20075 32932 43424 20100 32887 43449
20125 32712 43465 20150 32074 43477 20200 31228 43448
20250 31037 43454 20300 30965 43460 20500 30768 43455
20750 30568 43453
444 20130 09070 1406/ 522//=
ZZYY 52083 09070 1100/ 108015 155945 6111/
11119 10285 29080 30126 40126
22219 00295
33311 88872 20000 32945 20002 32945 43416 20025 32933 43416
20050 32933 43420 20075 32924 43428 20100 32825 43456
20125 32500 43479 20150 31939 43473 20200 31217 43449
20250 31022 43456 20300 30960 43460 20500 30780 43456
20750 30572 43452
444 20110 09070 1058/ 522//=
ZZYY 52083 09070 2200/ 108013 155954 6112/
33311 88872 20002 32932 43412 20025 32936 43416 20050 32939 43424
20075 32934 43422 20100 32882 43449 20125 32663 43471
20150 31835 43464 20200 31158 43449 20250 31009 43459
20300 30950 43461 20500 30761 43454 20750 30580 43452
444 20120 09070 2223/ 522//=
ZZYY 52083 09070 1900/ 108009 155949 6111/
11119 10273 29063 30102 40102
22219 00293
33311 88872 20000 32928 20002 32928 43412 20025 32933 43415
20050 32933 43420 20075 32930 43425 20100 32871 43451
20125 32641 43471 20150 31986 43470 20200 31156 43449
20250 30994 43459 20300 30944 43461 20500 30755 43455
20750 30581 43452
444 20110 09070 1850/ 522//=
ZZYY 52083 09070 2100/ 108014 155952 6112/
11119 10278 29070 30112 40112
22219 00293
33311 88872 20000 32927 20002 32927 43410 20025 32934 43416
20050 32938 43422 20075 32937 43423 20100 32904 43443
20125 32721 43465 20150 31952 43473 20200 31131 43452
20250 30996 43460 20300 30940 43461 20500 30755 43455
20750 30583 43452
444 20120 09070 2031/ 522//=
ZZYY 52083 09070 2000/ 108014 155952 6112/
11119 10276 29066 30103 40103
22219 00293
33311 88872 20000 32927 20002 32927 43411 20025 32933 43416
20050 32937 43422 20075 32931 43424 20100 32874 43451
20125 32655 43471 20150 31945 43475 20200 31165 43450
20250 31002 43459 20300 30949 43461 20500 30758 43455
20750 30580 43453
444 20120 09070 2031/ 522//=
ZZYY 52083 09070 1800/ 108015 155950 6113/
11119 10263 29076 30105 40105
22219 00293
33311 88872 20000 32932 20002 32932 43413 20025 32933 43416
20050 32931 43418 20075 32934 43423 20100 32890 43449
20125 32686 43467 20150 31972 43471 20200 31171 43449
20250 31000 43459 20300 30950 43461 20500 30759 43455
20750 30586 43453
444 20130 09070 1730/ 522//=
####018001327####
SSVX13 LFVW 092236
ZZYY 55580 09070 2120/ 326048 171420 6112/
11119 30162 40162 52018
22219 00214
444 20120 09070 2052/ 50101 80008 80062 9/015=
ZZYY 56525 09070 2050/ 331048 034901 6112/
11119 30204 40204 57005
444 20120 09070 2055/ 50101 80090 80100 9/015=
ZZYY 55643 09070 2210/ 318246 162033 6112/
11119 40165
22219 00248
33311 88872 20000 32480 43541
444 20120 09070 2051/ 50101 80120 80000 9/015=
ZZYY 55641 09070 2220/ 317619 156974 6111/
11119 40173
22219 00264
33311 88872 20000 32635 43536
444 20110 09070 2050/ 50101 80110 80100 9/015=
ZZYY 55642 09070 2200/ 315035 160998 6111/
11119 40154
22219 00263
33311 88872 20000 32625 43536
444 20110 09070 2050/ 50101 80120 80100 9/015=
ZZYY 55642 09070 2230/ 315035 160998 6111/
11119 40155
22219 00263
33311 88872 20000 32625 43537
444 20110 09070 2050/ 50101 80120 80100 9/015=
ZZYY 52750 09070 2200/ 314502 144990 6112/
11119 40156
22219 00241
33311 88872 20000 32410 42054
444 20120 09070 2036/ 50101 80110 80000 9/015=
ZZYY 52751 09070 2210/ 311112 175328 6112/
11119 40126
22219 00288
33311 88872 20000 32875 43438
444 20120 09070 2049/ 50101 80110 80079 9/015=
ZZYY 55588 09070 2120/ 326200 164580 6112/
11119 40186 52019
22219 00208
444 20120 09070 2053/ 50101 80010 80000 9/015=
####018000423####
SSVX13 KARS 092239
ZZYY 21948 09070 2220/ 140193 148778 6112/
11119 30133 40133 57005
22219 00203
444 20120 09070 2215/ 50101 80050 80004 9/015=
ZZYY 21949 09070 2210/ 136976 148308 6111/
11119 30158 40158 54000
22219 00212
444 20110 09070 2216/ 50101 80050 80005 9/015=
ZZYY 16641 09070 2020/ 337520 025339 6111/
11119 30083 40083 57002
22219 00144
444 20110 09070 2054/ 50101 80080 80005 9/015=
####018014877####
SSVX02 KARS 092239
ZZYY 22619 09070 2223/ 127364 175301 6111/
22219 00286
444 20110 09070 2217/ 50101 80054 80099 9/015=
ZZYY 22919 09070 2219/ 728308 169965 6112/
22219 00262
444 20120 09070 2037/ 50101 80011 80000 9/015=
ZZYY 22533 09070 2225/ 124851 172542 6111/
22219 00280
444 20110 09070 2218/ 50101 80011 80009 9////=
ZZYY 22536 09070 2225/ 126526 153273 6113/
22219 00273
444 20130 09070 2218/ 50101 80011 80000 9////=
ZZYY 21911 09070 2218/ 736895 179258 6112/
22219 00201
444 20120 09070 2214/ 50101 80009 80000 9/015=
ZZYY 22910 09070 2220/ 731353 172989 6112/
22219 00254
444 20120 09070 2037/ 50101 80011 80054 9////=
ZZYY 22927 09070 2223/ 125339 161169 6111/
22219 00278
444 20110 09070 2221/ 50101 80011 80007 9////=
ZZYY 22574 09070 2223/ 128096 176074 6113/
22219 00276
444 20130 09070 2037/ 50101 80011 80000 9////=
ZZYY 22572 09070 2225/ 129223 153221 6111/
22219 00280
444 20110 09070 2218/ 50101 80011 80000 9////=
ZZYY 22578 09070 2224/ 131006 171669 6111/
22219 00267
444 20110 09070 2217/ 50101 80011 80001 9/015=
ZZYY 22626 09070 2223/ 128855 169037 6112/
22219 00272
444 20120 09070 2220/ 50101 80011 80000 9////=
ZZYY 22610 09070 2221/ 729644 175835 6112/
22219 00263
444 20120 09070 2036/ 50101 80011 80000 9////=
ZZYY 22594 09070 2220/ 137875 177031 6111/
22219 00187
444 20110 09070 2214/ 50101 80053 80015 9////=
ZZYY 22625 09070 2225/ 129548 151422 6112/
22219 00272
444 20120 09070 2221/ 50101 80054 80099 9/015=
ZZYY 51864 09070 2225/ 120941 173408 6112/
22219 00280
444 20120 09070 2221/ 50101 80143 80034 9/015=
ZZYY 51860 09070 2220/ 724279 178592 6113/
22219 00273
444 20130 09070 2037/ 50101 80143 80042 9/015=
ZZYY 22634 09070 2224/ 132055 146110 6112/
22219 00252
444 20120 09070 2217/ 50101 80055 80050 9////=
ZZYY 51858 09070 2222/ 722870 176037 6111/
22219 00271
444 20110 09070 2220/ 50101 80143 80039 9/015=
ZZYY 51855 09070 2220/ 720371 171174 6113/
22219 00270
444 20130 09070 2038/ 50101 80143 80044 9/015=
ZZYY 14940 09070 2224/ 123687 174444 6111/
22219 00279
444 20110 09070 2221/ 50101 8//// 80099 9/015=
ZZYY 21924 09070 2222/ 130589 146489 6112/
22219 00265
444 20120 09070 2025/ 50101 80008 80099 9/015=
ZZYY 22579 09070 2224/ 134208 155767 6111/
22219 00242
444 20110 09070 2217/ 50101 80009 9/015=
ZZYY 21920 09070 2223/ 123759 139387 6113/
22219 00290
444 20130 09070 2210/ 50101 80008 80000 9/015=
ZZYY 55619 09070 2220/ 332652 159629 6113/
22219 00200
444 20130 09070 2055/ 50101 80110 80001 9/015=
ZZYY 55620 09070 2220/ 329010 155541 6111/
11119 30268 40268 52005
22219 00218
444 20110 09070 2054/ 50101 80110 80000 9/015=
ZZYY 51769 09070 2229/ 310544 170382 6111/
22219 00290
444 20110 09070 2048/ 50101 80083 80003 9////=
ZZYY 51768 09070 2228/ 108744 176523 6111/
22219 00283
444 20110 09070 2223/ 50101 80091 80006 9/015=
ZZYY 51907 09070 2229/ 111416 161975 6113/
22219 00287
444 20130 09070 2224/ 50101 80008 80005 9////=
ZZYY 51820 09070 2222/ 130901 150584 6111/
22219 00264
444 20110 09070 2220/ 50101 80007 80014 9////=
ZZYY 51910 09070 2220/ 126336 134564 6112/
22219 00289
444 20120 09070 2045/ 50101 80008 80007 9////=
ZZYY 22676 09070 2225/ 124154 163968 6111/
22219 00281
444 20110 09070 2222/ 50101 80076 80019 9/015=
ZZYY 22704 09070 2219/ 133552 175916 6111/
22219 00236
444 20110 09070 2216/ 50101 80100 80000 9////=
ZZYY 14929 09070 2000/ 341882 039386 6111/
11119 30225 40225
22219 00099
444 20110 09070 1941/ 50101 80110 80100 9/015=
ZZYY 33635 09070 2000/ 349830 002004 6111/
11119 30163 40163
22219 00030
444 20110 09070 1941/ 50101 80110 80100 9/015=
ZZYY 14550 09070 2030/ 335366 031241 6112/
11119 30175 40175
22219 00196
444 20120 09070 1913/ 50101 80120 80100 9/015=
ZZYY 33674 09070 2000/ 343248 051193 6113/
444 20130 09070 1909/ 50101 9/015=
ZZYY 22694 09070 2218/ 132135 173251 6112/
22219 00249
444 20120 09070 2214/ 50101 80098 80000 9/015=
ZZYY 22715 09070 2212/ 133385 151420 6111/
22219 00239
444 20110 09070 2208/ 50101 80096 80020 9/015=
ZZYY 22679 09070 2220/ 136788 178637 6111/
22219 00213
444 20110 09070 2214/ 50101 80094 80010 9////=
ZZYY 22708 09070 2219/ 740404 178213 6111/
22219 00142
444 20110 09070 2213/ 50101 80098 80033 9/015=
ZZYY 22706 09070 2218/ 132019 179648 6111/
22219 00255
444 20110 09070 2215/ 50101 80100 80000 9/015=
ZZYY 22681 09070 2219/ 134106 175699 6112/
22219 00235
444 20120 09070 2215/ 50101 80100 80000 9/015=
ZZYY 22711 09070 2220/ 131149 152135 6113/
22219 00266
444 20130 09070 2216/ 50101 80104 80000 9////=
ZZYY 52594 09070 2226/ 121460 137180 6111/
22219 00298
444 20110 09070 2222/ 50101 80109 80000 9/015=
ZZYY 52595 09070 2229/ 116234 151733 6113/
444 20130 09070 2223/ 50101 80119 80002 9/015=
ZZYY 52807 09070 2229/ 116341 160625 6111/
22219 00288
444 20110 09070 2041/ 50101 80117 80004 9/015=
ZZYY 51938 09070 2227/ 117379 164985 6112/
22219 00285
444 20120 09070 2223/ 50101 80006 80028 9////=
ZZYY 51870 09070 2229/ 305185 155707 6113/
22219 00299
444 20130 09070 2034/ 50101 80083 80255 9/015=
ZZYY 51867 09070 2229/ 303471 160642 6113/
22219 00300
444 20130 09070 2225/ 50101 80057 80012 9/015=
ZZYY 51891 09070 2229/ 306157 174906 6111/
22219 00295
444 20110 09070 2226/ 50101 80113 80011 9/015=
ZZYY 51898 09070 2229/ 306112 174616 6112/
22219 00298
444 20120 09070 2225/ 50101 80109 80012 9/015=
ZZYY 51881 09070 2229/ 109658 172705 6112/
22219 00282
444 20120 09070 2223/ 50101 80089 80006 9/015=
ZZYY 51790 09070 2224/ 705948 179902 6111/
22219 00282
444 20110 09070 2222/ 50101 80109 80006 9////=
ZZYY 51747 09070 2229/ 312200 170669 6113/
22219 00286
444 20130 09070 2051/ 50101 80005 80018 9////=
ZZYY 51613 09070 2227/ 308772 175404 6113/
22219 00295
444 20130 09070 2047/ 50101 80010 80000 9////=
ZZYY 51523 09070 2227/ 116135 165816 6112/
22219 00284
444 20120 09070 2222/ 50101 80009 80015 9////=
ZZYY 51725 09070 2228/ 305340 170334 6112/
22219 00299
444 20120 09070 2224/ 50101 80010 80013 9/015=
ZZYY 21962 09070 2220/ 134032 166891 6112/
444 20120 09070 2037/ 50101 80080 80000 9/015=
ZZYY 21932 09070 2220/ 142560 156299 6112/
11119 30227 40227 52017
22219 00150
444 20120 09070 2214/ 50101 80050 80013 9/015=
ZZYY 55633 09070 2210/ 323346 163319 6112/
11119 30179 40179 52009
22219 00226
444 20120 09070 2051/ 50101 80100 80001 9/015=
ZZYY 21965 09070 2220/ 735105 179158 6111/
11119 39929 49929 52004
22219 00222
444 20110 09070 2214/ 50101 80110 80000 9/015=
ZZYY 21963 09070 2210/ 128545 164239 6111/
11119 30214 40214 54000
22219 00282
444 20110 09070 2037/ 50101 80090 80000 9/015=
ZZYY 21954 09070 2220/ 139840 165242 6111/
444 20110 09070 2033/ 50101 80070 80011 9/015=
ZZYY 21961 09070 2210/ 128966 172089 6111/
22219 00271
444 20110 09070 2221/ 50101 80070 80002 9/015=
ZZYY 21957 09070 2210/ 127638 151178 6112/
11119 30200 40200 57002
22219 00275
444 20120 09070 2208/ 50101 80050 80000 9/015=
ZZYY 51518 09070 2229/ 316254 174693 6111/
22219 00276
444 20110 09070 2051/ 50101 80013 80013 9////=
ZZYY 51519 09070 2222/ 715574 178608 6111/
22219 00272
444 20110 09070 2039/ 50101 80008 80101 9/015=
ZZYY 21990 09070 2210/ 138529 157889 6111/
11119 30221 40221 52015
22219 00182
444 20110 09070 2216/ 50101 80050 80011 9/015=
ZZYY 21946 09070 2210/ 140270 154781 6112/
11119 30183 40183 52014
22219 00167
444 20120 09070 2022/ 50101 80050 80011 9/015=
ZZYY 51529 09070 2221/ 124747 176111 6111/
22219 00277
444 50101 80054 80000 9////=
ZZYY 51833 09070 2228/ 107757 176235 6111/
22219 00283
444 20110 09070 2222/ 50101 80010 80018 9////=
ZZYY 51774 09070 2225/ 129048 152353 6112/
22219 00274
444 20120 09070 2218/ 50101 80008 80017 9////=
ZZYY 52593 09070 2225/ 128801 159598 6111/
22219 00282
444 20110 09070 2218/ 50101 80004 80255 9/015=
ZZYY 52592 09070 2227/ 117016 141338 6111/
22219 00300
444 20110 09070 2224/ 50101 80009 80006 9////=
ZZYY 51733 09070 2228/ 107995 170181 6112/
22219 00281
444 20120 09070 2222/ 50101 80009 80005 9////=
ZZYY 14943 09070 2218/ 729690 165775 6113/
444 20130 09070 2037/ 50101 9/015=
ZZYY 14945 09070 2223/ 132945 172399 6112/
22219 00249
444 20120 09070 2216/ 50101 8//// 80056 9/015=
ZZYY 51838 09070 2229/ 100598 170799 6112/
22219 00285
444 20120 09070 2224/ 50101 80127 80025 9/015=
ZZYY 51513 09070 2227/ 312169 152697 6112/
22219 00272
444 20120 09070 2037/ 50101 80007 80016 9////=
ZZYY 51517 09070 2223/ 123060 136489 6111/
22219 00294
444 20110 09070 2220/ 50101 80011 80016 9////=
ZZYY 51859 09070 2223/ 129204 174625 6113/
22219 00273
444 20130 09070 2036/ 50101 80054 80000 9////=
ZZYY 52611 09070 2225/ 124469 144150 6112/
22219 00288
444 20120 09070 2221/ 50101 80012 80070 9////=
ZZYY 52612 09070 2227/ 122947 150402 6112/
22219 00287
444 20120 09070 2222/ 50101 80010 80013 9////=
ZZYY 52614 09070 2227/ 120133 147303 6111/
22219 00294
444 20110 09070 2222/ 50101 80009 80013 9////=
ZZYY 51679 09070 2223/ 120133 133203 6112/
22219 00301
444 20120 09070 2048/ 50101 80012 80006 9////=
ZZYY 52916 09070 2223/ 121808 139790 6111/
22219 00297
444 20110 09070 2221/ 50101 80123 80035 9/015=
ZZYY 52596 09070 2226/ 118266 137861 6112/
22219 00302
444 20120 09070 2222/ 50101 80125 80022 9/015=
ZZYY 52597 09070 2228/ 114549 136083 6111/
22219 00300
444 20110 09070 2223/ 50101 80125 80033 9/015=
ZZYY 52676 09070 2225/ 118059 141227 6111/
444 20110 09070 2222/ 50101 80123 80165 9/015=
ZZYY 52671 09070 2227/ 120771 148040 6112/
22219 00294
444 20120 09070 2222/ 50101 80105 80004 9/015=
ZZYY 52607 09070 2227/ 118991 139020 6111/
22219 00303
444 20110 09070 2222/ 50101 80127 80255 9/015=
ZZYY 52667 09070 2223/ 136484 150612 6111/
22219 00209
444 20110 09070 2040/ 50101 8//// 80000 9////=
ZZYY 52809 09070 2226/ 116484 134847 6111/
22219 00304
444 20110 09070 2222/ 50101 80125 80030 9/015=
ZZYY 51861 09070 2223/ 127279 150003 6112/
22219 00287
444 20120 09070 2221/ 50101 80053 80037 9////=
ZZYY 52913 09070 2221/ 120821 135117 6112/
22219 00301
444 20120 09070 2209/ 50101 80123 80030 9/015=
ZZYY 52912 09070 2224/ 119571 139329 6112/
22219 00301
444 20120 09070 2209/ 50101 80127 80033 9/015=
ZZYY 52678 09070 2223/ 134836 160008 6111/
22219 00217
444 20110 09070 2220/ 50101 8//// 80008 9////=
ZZYY 52664 09070 2223/ 117592 134193 6111/
22219 00303
444 20110 09070 2210/ 50101 80127 80026 9/015=
ZZYY 52674 09070 2227/ 120505 143655 6112/
22219 00297
444 20120 09070 2222/ 50101 80109 80033 9/015=
ZZYY 52661 09070 2229/ 112697 143751 6111/
22219 00295
444 20110 09070 2224/ 50101 80127 80031 9/015=
ZZYY 51505 09070 2226/ 303790 166612 6112/
22219 00295
444 50101 80061 80031 9/015=
ZZYY 52814 09070 2226/ 124938 149550 6112/
22219 00291
444 20120 09070 2221/ 50101 80125 80035 9/015=
ZZYY 22620 09070 2221/ 732167 177124 6111/
22219 00249
444 20110 09070 2216/ 50101 80053 80049 9////=
ZZYY 51956 09070 2225/ 503982 179417 6112/
444 20120 09070 2016/ 50101 80039 80255 9/015=
ZZYY 51854 09070 2224/ 707999 177812 6111/
444 20110 09070 2042/ 50101 80057 80024 9/015=
ZZYY 52816 09070 2223/ 107892 162005 6112/
444 50101 80075 80255 9/015=
ZZYY 51658 09070 2229/ 311085 173568 6111/
22219 00290
444 20110 09070 2225/ 50101 80073 80031 9/015=
ZZYY 52806 09070 2227/ 109357 154295 6113/
22219 00301
444 20130 09070 2223/ 50101 80073 80000 9/015=
ZZYY 52619 09070 2229/ 102719 151573 6111/
444 20110 09070 2224/ 50101 80079 80000 9/015=
ZZYY 51813 09070 2229/ 110324 149539 6112/
22219 00294
444 20120 09070 2223/ 50101 80005 80015 9////=
ZZYY 54560 09070 2223/ 121448 157401 6113/
22219 00288
444 20130 09070 2220/ 50101 80007 80007 9/015=
ZZYY 52680 09070 2220/ 126507 150050 6113/
22219 00286
444 50101 80091 80007 9/015=
ZZYY 52677 09070 2225/ 118412 146537 6112/
444 20120 09070 2221/ 50101 80067 80008 9/015=
ZZYY 51754 09070 2222/ 717327 176180 6112/
22219 00273
444 20120 09070 2039/ 50101 80121 80009 9/015=
ZZYY 21539 09070 2220/ 131411 165825 6112/
11119 30205 40205 57250
22219 00266
444 20120 09070 2036/ 50101 80080 80010 9/015=
ZZYY 21894 09070 2100/ 128050 173015 6112/
11119 30215 40215 57242
22219 00275
444 20120 09070 2037/ 50101 80110 80003 9/015=
ZZYY 21985 09070 2200/ 123813 152082 6111/
11119 30187 40187 57242
22219 00273
444 20110 09070 2223/ 50101 80110 80006 9/015=
ZZYY 21985 09070 2100/ 123826 152088 6112/
11119 30187 40187 57240
22219 00273
444 20120 09070 2027/ 50101 80110 80008 9/015=
ZZYY 21515 09070 2200/ 136024 173832 6111/
11119 30151 40151 52252
22219 00206
444 20110 09070 2215/ 50101 80100 80002 9/015=
ZZYY 21926 09070 2130/ 130138 151079 6111/
11119 30204 40204 57251
22219 00272
444 20110 09070 2221/ 50101 80110 80006 9/015=
ZZYY 21513 09070 2210/ 130898 153620 6112/
11119 30210 40210 57249
22219 00270
444 20120 09070 2220/ 50101 80080 80000 9/015=
ZZYY 21513 09070 2110/ 130880 153604 6112/
11119 30210 40210 57248
22219 00269
444 20120 09070 2026/ 50101 80080 80000 9/015=
ZZYY 21936 09070 2210/ 128575 159010 6111/
11119 30216 40216 57251
22219 00284
444 20110 09070 2221/ 50101 80110 80008 9/015=
ZZYY 21936 09070 2110/ 128569 159021 6111/
11119 30214 40214 57249
22219 00281
444 20110 09070 2037/ 50101 80110 80006 9/015=
ZZYY 21915 09070 2220/ 129396 150146 6111/
11119 30203 40203 57251
22219 00271
444 20110 09070 2218/ 50101 80110 80006 9/015=
ZZYY 21968 09070 2130/ 124994 149065 6113/
11119 30187 40187 57242
22219 00288
444 20130 09070 2028/ 50101 80110 80008 9/015=
ZZYY 51873 09070 2223/ 126439 179938 6111/
22219 00280
444 20110 09070 2217/ 50101 80039 80000 9////=
ZZYY 21986 09070 2110/ 729597 170599 6112/
11119 40234 52008
22219 00256
444 20120 09070 2037/ 50101 80010 80000 9////=
ZZYY 21972 09070 2110/ 129489 157553 6111/
11119 40215 52009
22219 00273
444 20110 09070 2026/ 50101 80010 80000 9////=
ZZYY 21972 09070 2210/ 129515 157550 6113/
11119 40215 52006
22219 00278
444 20130 09070 2217/ 50101 80010 80000 9////=
ZZYY 51909 09070 2225/ 128725 153878 6111/
22219 00280
444 20110 09070 2221/ 50101 80054 80000 9////=
ZZYY 52902 09070 2227/ 114077 141567 6112/
22219 00298
444 20120 09070 2222/ 50101 80008 80099 9/015=
ZZYY 52905 09070 2226/ 117625 153414 6112/
22219 00293
444 20120 09070 2222/ 50101 80009 80099 9/015=
ZZYY 52903 09070 2225/ 111009 177688 6111/
22219 00277
444 20110 09070 2222/ 50101 80011 80099 9/015=
####018007659####
SSVX02 KARS 092239 RRA
ZZYY 52679 09070 2224/ 124514 145815 6112/
22219 00284
444 20120 09070 2221/ 50101 80010 80000 9////=
ZZYY 52817 09070 2222/ 137665 168451 6112/
22219 00197
444 20120 09070 2036/ 50101 80010 80003 9/015=
ZZYY 53522 09070 2222/ 134232 144200 6113/
22219 00244
444 20130 09070 2026/ 50101 80009 80003 9/015=
ZZYY 52821 09070 2221/ 136688 148716 6111/
22219 00224
444 20110 09070 1903/ 50101 80008 80096 9/015=
ZZYY 52829 09070 2226/ 119042 156475 6112/
22219 00290
444 20120 09070 2222/ 50101 80011 80099 9/015=
ZZYY 51631 09070 2229/ 105160 159690 6112/
22219 00291
444 20120 09070 2224/ 50101 80011 80004 9/015=
ZZYY 51626 09070 2224/ 127422 167737 6111/
22219 00279
444 20110 09070 2217/ 50101 80011 80000 9/015=
ZZYY 51657 09070 2230/ 314852 155370 6111/
22219 00261
444 20110 09070 2051/ 50101 80011 80099 9/015=
ZZYY 51731 09070 2227/ 311978 172801 6112/
22219 00288
444 20120 09070 2048/ 50101 80011 80099 9/015=
ZZYY 52833 09070 2227/ 117382 141492 6111/
22219 00297
444 20110 09070 2222/ 50101 80011 80017 9/015=
ZZYY 52839 09070 2224/ 115962 134670 6112/
22219 00303
444 20120 09070 2048/ 50101 80010 80099 9/015=
ZZYY 52668 09070 2229/ 314435 151125 6111/
22219 00268
444 20110 09070 2038/ 50101 80011 80099 9/015=
ZZYY 51671 09070 2228/ 312525 150103 6112/
22219 00267
444 20120 09070 1917/ 50101 80008 80072 9/015=
ZZYY 51670 09070 2229/ 306983 156077 6111/
22219 00284
444 20110 09070 2049/ 50101 80011 80000 9/015=
ZZYY 52842 09070 2223/ 114247 175025 6113/
22219 00278
444 20130 09070 2041/ 50101 80011 80099 9/015=
ZZYY 52841 09070 2228/ 109667 161270 6113/
22219 00287
444 20130 09070 2223/ 50101 80011 80099 9/015=
ZZYY 52840 09070 2227/ 113798 137308 6112/
22219 00298
444 20120 09070 2223/ 50101 80011 80099 9/015=
ZZYY 22595 09070 2218/ 139459 161644 6111/
22219 00178
444 20110 09070 2215/ 50101 80010 80099 9/015=
ZZYY 22596 09070 2223/ 135154 174177 6111/
22219 00236
444 20110 09070 2215/ 50101 80008 80063 9/015=
ZZYY 52663 09070 2224/ 122035 153439 6111/
22219 00287
444 20110 09070 2027/ 50101 80134 80009 9/015=
ZZYY 22609 09070 2222/ 131604 175778 6112/
22219 00255
444 20120 09070 2216/ 50101 80006 80099 9/015=
ZZYY 22612 09070 2222/ 730634 179980 6112/
22219 00258
444 20120 09070 2216/ 50101 80011 80099 9////=
ZZYY 22718 09070 2223/ 123578 137475 6111/
22219 00296
444 20110 09070 2221/ 50101 80094 80099 9/015=
ZZYY 22593 09070 2221/ 141513 164826 6111/
22219 00121
444 20110 09070 2033/ 50101 80011 80099 9/015=
ZZYY 51727 09070 2222/ 130676 147459 6112/
22219 00260
444 20120 09070 2220/ 50101 8//// 80000 9////=
ZZYY 52620 09070 2020/ 120168 156229 6111/
11119 30156 40156 52011
22219 00290
444 20110 09070 2029/ 50101 8//// 80016 9/015=
ZZYY 52620 09070 2220/ 120173 156214 6112/
11119 30165 40165 52015
22219 00291
444 20120 09070 2222/ 50101 8//// 80000 9/015=
ZZYY 52620 09070 2120/ 120168 156229 6111/
11119 30164 40164 52019
22219 00290
444 20110 09070 2029/ 50101 8//// 80036 9/015=
ZZYY 51876 09070 2227/ 504200 178287 6111/
22219 00287
444 20110 09070 2046/ 50101 80112 80013 9/015=
ZZYY 51875 09070 2226/ 304480 179012 6111/
22219 00289
444 20110 09070 2046/ 50101 80118 80022 9/015=
ZZYY 21964 09070 2150/ 128004 156279 6112/
11119 30216 40216 52008
22219 00273
444 20120 09070 2207/ 50101 80010 80000 9////=
ZZYY 33958 09070 2140/ 333303 100267 6112/
11119 30175 40175 57008
22219 00165
444 20120 09070 2105/ 50101 8//// 80000 9////=
ZZYY 33961 09070 2120/ 340012 133863 6111/
11119 39817 49817 57082
22219 00135
444 20110 09070 2104/ 50101 8//// 80000 9////=
ZZYY 16593 09070 2210/ 325002 090597 6111/
11119 30201 40201 57018
22219 00206
444 20110 09070 2101/ 50101 80110 80009 9////=
ZZYY 16582 09070 2120/ 329928 111615 6111/
11119 30174 40174 57005
22219 00186
444 20110 09070 2102/ 50101 80110 80008 9////=
ZZYY 16530 09070 2120/ 331215 104645 6111/
22219 00177
444 20110 09070 2105/ 50101 8//// 80013 9////=
ZZYY 16525 09070 2230/ 344762 146204 6113/
22219 00134
444 20130 09070 2057/ 50101 80011 80003 9////=
ZZYY 17506 09070 2200/ 332887 093625 6112/
22219 00174
444 20120 09070 2104/ 50101 80010 80100 9/015=
ZZYY 16951 09070 2220/ 324659 095306 6113/
22219 00208
444 20130 09070 2102/ 50101 8//// 80076 9/015=
ZZYY 56605 09070 2220/ 340235 115148 6112/
11119 30012 40012 57004
22219 00121
444 20120 09070 2105/ 50101 80110 80000 9/015=
ZZYY 16954 09070 2210/ 336251 126356 6111/
444 20110 09070 2047/ 50101 9/015=
ZZYY 16941 09070 2130/ 336340 130313 6111/
22219 00147
444 20110 09070 2045/ 50101 9/015=
ZZYY 17672 09070 2130/ 332465 084999 6112/
22219 00178
444 20120 09070 2105/ 50101 9/015=
ZZYY 16561 09070 2210/ 342594 089865 6111/
11119 39983 49983 57036
22219 00110
444 20110 09070 2107/ 50101 80110 80000 9/015=
ZZYY 71604 09070 2130/ 348015 115791 6112/
22219 00073
444 20120 09070 2108/ 50101 9/015=
ZZYY 56610 09070 2210/ 322533 110898 6111/
11119 30191 40191 52012
22219 00242
444 20110 09070 1930/ 50101 80120 80006 9/015=
ZZYY 55627 09070 2140/ 345020 147478 6113/
11119 30232 40232 57021
22219 00118
444 20130 09070 2057/ 50101 80120 80005 9/015=
ZZYY 56603 09070 2220/ 344487 131384 6112/
11119 39844 49844 57050
22219 00098
444 20120 09070 2105/ 50101 80110 80011 9/015=
ZZYY 71578 09070 2030/ 347718 052307 6111/
22219 00039
444 20110 09070 2048/ 50101 80008 80100 9/015=
ZZYY 33596 09070 2000/ 342113 008903 6112/
22219 00104
444 20120 09070 1942/ 50101 8//// 80100 9/015=
ZZYY 15950 09070 2000/ 518473 010800 6111/
11119 30232 40232 52004
22219 00228
444 20110 09070 2100/ 50101 80090 80000 9/015=
ZZYY 33695 09070 2052/ 347605 055199 6112/
22219 00041
444 20120 09070 2048/ 50101 80086 80009 9/015=
ZZYY 17520 09070 2100/ 341554 021284 6111/
22219 00106
444 20110 09070 2053/ 50101 80084 80005 9////=
ZZYY 33951 09070 2055/ 345010 017982 6112/
22219 00068
444 20120 09070 2121/ 50101 80086 9/015=
ZZYY 33690 09070 2057/ 347027 020198 6111/
22219 00052
444 20110 09070 2050/ 50101 80086 9/015=
ZZYY 33687 09070 2059/ 340297 006677 6112/
22219 00097
444 20120 09070 2053/ 50101 80086 80108 9/015=
ZZYY 14558 09070 2059/ 330722 037018 6112/
22219 00223
444 20120 09070 2055/ 50101 80009 80050 9/015=
ZZYY 33692 09070 2057/ 346961 023782 6112/
22219 00053
444 20120 09070 2053/ 50101 80086 9/015=
ZZYY 17516 09070 2057/ 340417 035766 6111/
22219 00129
444 20110 09070 2051/ 50101 80084 80045 9/015=
ZZYY 17671 09070 2020/ 340690 032088 6111/
22219 00132
444 20110 09070 1944/ 50101 80110 80100 9/015=
ZZYY 17679 09070 2010/ 341615 018329 6111/
444 20110 09070 1943/ 50101 80110 80100 9/015=
ZZYY 14568 09070 2059/ 325295 037167 6112/
22219 00228
444 20120 09070 2055/ 50101 80059 80012 9/015=
ZZYY 14555 09070 2059/ 333823 032973 6111/
22219 00206
444 20110 09070 2054/ 50101 80119 80006 9/015=
ZZYY 14567 09070 2057/ 326696 042335 6111/
22219 00237
444 20110 09070 2103/ 50101 80115 80013 9/015=
ZZYY 14540 09070 2100/ 337035 025927 6113/
22219 00201
444 20130 09070 2054/ 50101 80073 80008 9/015=
ZZYY 14906 09070 2057/ 328536 038635 6111/
22219 00210
444 20110 09070 2054/ 50101 80107 80002 9/015=
ZZYY 14902 09070 2050/ 341675 057828 6111/
22219 00157
444 20110 09070 2104/ 50101 80121 80008 9/015=
ZZYY 17522 09070 2000/ 342398 021564 6111/
11119 30057 40057
22219 00135
444 20110 09070 1942/ 50101 80110 80100 9/015=
####018002423####
SSVX08 KARS 092239
ZZYY 52002 08070 1200/ 301993 164993 6112/
33311 88872 20001 33005 43503 20025 32996 20050 32976 20100 32914
20150 32339 20200 31483 20250 31192 20300 31117 20500 30886
444 20120 08070 1009/ 521//=
ZZYY 52002 09070 22004 301996 164996 6111/
11119 00208 10289 29073
22219 00298
444 20110 09070 2046/ 521// 60401=
ZZYY 52007 08070 1200/ 308042 164797 6111/
33311 88872 20001 32952 43447 20025 32968 20050 32960 20075 32887
20100 32793 20125 32556 20150 32415 20200 32021 20300 31310
20500 30784
444 20110 08070 1007/ 521//=
ZZYY 52007 09070 2200/ 308046 164795 6111/
11119 10246 29091
22219 00295
444 20110 09070 2225/ 521//=
ZZYY 52004 08070 1200/ 305004 165165 6112/
33311 88872 20001 32985 43482 20025 32979 20050 32964 20075 32874
20100 32814 20125 32725 20150 32584 20200 32052 20250 31356
20300 31070 20500 30825
444 20120 08070 1006/ 521//=
ZZYY 52004 09070 22004 305013 165164 6112/
11119 00208 10295 29074
22219 00298
444 20120 09070 2225/ 521// 60401=
ZZYY 52321 08070 1200/ 100016 165005 6112/
33311 88872 20001 32855 43545 20025 32837 43545 20050 32817 43534
20075 32784 43540 20100 32688 20125 32434 20150 32276 20200 31682
20250 31365 20300 31226 20500 30848
444 20120 08070 1010/ 521//=
ZZYY 52321 09070 22004 100011 165008 6112/
11119 00206 10280 29078 40121
22219 00286
444 20120 09070 2223/ 521// 60401=
ZZYY 52001 08070 1200/ 101998 165011 6113/
33311 88872 20001 32923 43513 20025 32922 20050 32923 20075 32909
20100 32627 20125 32453 20150 32130 20250 31212 20300 31129
20500 30881
444 20130 08070 1010/ 521//=
ZZYY 52001 09070 2200/ 101997 165013 6112/
11119 10283 29077
22219 00293
444 20120 09070 2223/ 521//=
ZZYY 52003 08070 1200/ 105033 164998 6112/
33311 88872 20001 32913 43443 20025 32917 20050 32912 20075 32906
20100 32769 20125 32367 20150 31868 20200 31167 20250 31031
20300 30955 20500 30781
444 20120 08070 1011/ 521//=
ZZYY 52003 09070 22004 105029 165007 6112/
11119 00110 10280 29079
22219 00292
444 20120 09070 2223/ 521// 60401=
ZZYY 15006 08070 1200/ 506019 010055 6111/
33311 88872 20001 32625 43587 20020 32629 20040 32623 43587
20060 32575 20100 31813 20120 31461 43548 20180 31173 20300 30991
20500 30748
444 20110 08070 1322/ 521//=
ZZYY 28401 09070 22004 132273 144526 6112/
11119 00210 10252 29096
444 20120 09070 2025/ 521// 60401=
