####018000125####
SSVX02 CWAO 220045
ZZYY 47533 22091 0045/ 782990 062185 6113/ 22291 01007 444 20130 22091 0045/ 50701 80138 80001 9////=
####018000125####
SSVX02 CWAO 220045
ZZYY 47532 22091 0045/ 782991 062216 6113/ 11119 11091 444 20130 22091 0045/ 50701 80136 80001 9////=
####018000125####
SSVX02 CWAO 220045
ZZYY 47531 22091 0045/ 784419 064731 6113/ 11131 10000 444 20130 22091 0045/ 50701 80138 80001 9////=
####018000125####
SSVX02 CWAO 220045
ZZYY 47537 22091 0045/ 784419 064794 6113/ 22291 00003 444 20130 22091 0045/ 50701 80138 80001 9////=
####018000128####
SSVX02 CWAO 220045
ZZYY 47533 22091 0045/ 782990 062185 6113/ 22291 01007 444 20130 22091 0045/ 50701 80138 80001 9////=

####018000128####
SSVX02 CWAO 220045
ZZYY 47537 22091 0045/ 784419 064794 6113/ 22291 00003 444 20130 22091 0045/ 50701 80138 80001 9////=

####018000128####
SSVX02 CWAO 220045
ZZYY 47531 22091 0045/ 784419 064731 6113/ 11131 10000 444 20130 22091 0045/ 50701 80138 80001 9////=

####018000128####
SSVX02 CWAO 220045
ZZYY 47532 22091 0045/ 782991 062216 6113/ 11119 11091 444 20130 22091 0045/ 50701 80136 80001 9////=

####018000277####
SSVX13 KARS 220054
ZZYY 71653 22091 0010/ 556881 031868 6112/
11119 39959 49959
22219 01013
444 20120 22091 0040/ 50101 80110 80100 9/015=
ZZYY 71665 22091 0030/ 353443 001893 6113/
11119 39844 49844
22219 01005
444 20130 21091 2324/ 50101 80110 80100 9/015=
####018007063####
SSVX02 KARS 220054
ZZYY 56563 21091 2350/ 558704 069128 6112/
11119 30166 40166 57005
22219 00046
444 20120 21091 2339/ 50101 80100 80002 9/015=
ZZYY 55953 21091 2350/ 536628 099279 6111/
11119 40056 57030
22219 00140
444 20110 21091 2233/ 50101 80009 80000 9////=
ZZYY 33509 21091 2350/ 549150 046928 6112/
11119 30042 40042
22219 00056
444 20120 21091 2317/ 50101 80110 80100 9/015=
ZZYY 33509 22091 0050/ 549129 046900 6111/
11119 30044 40044
22219 00056
444 20110 22091 0042/ 50101 80110 80100 9/015=
ZZYY 55609 21091 2340/ 528851 089693 6113/
22219 00173
444 20130 21091 2209/ 50101 80010 80000 9////=
ZZYY 55609 21091 2240/ 528851 089693 6113/
22219 00173
444 20130 21091 2209/ 50101 80010 80000 9////=
ZZYY 55600 21091 2350/ 534966 089804 6111/
11119 40198 52011
22219 00146
444 20110 21091 2208/ 50101 80010 80000 9////=
ZZYY 54558 21091 2340/ 529027 080515 6113/
11119 30221 40221 52013
22219 00159
444 20130 21091 2208/ 50101 80100 80055 9/015=
ZZYY 54558 21091 2240/ 529027 080515 6113/
11119 30216 40216 52008
22219 00160
444 20130 21091 2208/ 50101 80100 80049 9/015=
ZZYY 54947 21091 2300/ 536073 087297 6111/
11119 40181 52003
22219 00141
444 20110 21091 2208/ 50101 80010 80000 9////=
ZZYY 16587 21091 2350/ 548468 055231 6112/
22219 00037
444 20120 21091 2319/ 50101 80100 80000 9/015=
ZZYY 16587 22091 0050/ 548434 055225 6112/
22219 00037
444 20120 22091 0043/ 50101 80100 80000 9/015=
ZZYY 56561 21091 2350/ 556430 076663 6112/
11119 30258 40258 57003
22219 00046
444 20120 21091 2339/ 50101 8//// 80006 9/015=
ZZYY 33534 21091 2330/ 547362 046689 6112/
11119 30012 40012 52024
22219 00091
444 20120 21091 2319/ 50101 80110 80045 9/015=
ZZYY 33534 22091 0030/ 547362 046714 6112/
11119 30016 40016 52018
22219 00092
444 20120 22091 0043/ 50101 80110 80047 9/015=
ZZYY 33554 21091 2330/ 538150 044699 6112/
11119 30110 40110 52018
22219 00146
444 20120 21091 2302/ 50101 80110 80022 9/015=
ZZYY 33554 22091 0030/ 538152 044711 6112/
11119 30108 40108 52005
22219 00146
444 20120 22091 0044/ 50101 80110 80020 9/015=
ZZYY 55626 21091 2230/ 536819 082039 6111/
11119 30173 40173 52005
22219 00131
444 20110 21091 2208/ 50101 80100 80005 9/015=
ZZYY 55626 21091 2330/ 536802 082036 6111/
11119 30181 40181 52012
22219 00130
444 20110 22091 0045/ 50101 80100 80005 9/015=
ZZYY 55626 22091 0030/ 536802 082036 6111/
11119 30190 40190 52020
22219 00130
444 20110 22091 0045/ 50101 80100 80005 9/015=
ZZYY 55950 21091 2340/ 551398 044863 6112/
11119 39984 49984 52025
444 20120 21091 2316/ 50101 80100 80006 9/015=
ZZYY 55950 22091 0040/ 551378 044845 6112/
11119 39989 49989 52018
444 20120 22091 0043/ 50101 80100 80003 9/015=
ZZYY 16579 21091 2240/ 528833 093231 6112/
11119 30206 40206 52002
22219 00187
444 20120 21091 2210/ 50101 8//// 80038 9////=
ZZYY 55592 21091 2300/ 525959 080461 6112/
444 20120 21091 2210/ 50101 80010 80000 9////=
ZZYY 34518 21091 2330/ 542161 046873 6112/
11119 30049 40049 57013
444 20120 21091 2320/ 50101 80110 80048 9/015=
ZZYY 34518 22091 0030/ 542149 046856 6112/
11119 30047 40047 57009
444 20120 22091 0044/ 50101 80110 80048 9/015=
ZZYY 34519 21091 2340/ 543888 047350 6112/
11119 30017 40017 57012
22219 00093
444 20120 21091 2319/ 50101 80110 80023 9/015=
ZZYY 31538 22091 0047/ 534490 051395 6112/
22219 00182
444 20120 21091 2322/ 50101 80071 80015 9/015=
ZZYY 71690 22091 0030/ 551388 024950 6112/
22219 00022
444 20120 22091 0040/ 50101 80110 80011 9/015=
ZZYY 33672 22091 0000/ 543070 044409 6112/
11119 30034 40034
22219 00087
444 20120 21091 2320/ 50101 80110 80100 9/015=
ZZYY 33510 22091 0030/ 548988 054073 6113/
11119 30112 40112
22219 00052
444 20130 21091 2318/ 50101 80110 80100 9/015=
ZZYY 71673 22091 0040/ 554213 025467 6111/
11119 39981 49981
22219 00004
444 20110 22091 0041/ 50101 80110 80000 9/015=
ZZYY 33581 22091 0000/ 545728 023250 6112/
11119 30172 40172
22219 00064
444 20120 21091 2317/ 50101 80110 80100 9/015=
ZZYY 71674 22091 0010/ 544281 034693 6112/
11119 30050 40050
22219 00066
444 20120 22091 0042/ 50101 80110 80100 9/015=
ZZYY 71671 22091 0040/ 553149 038873 6112/
11119 39889 49889
22219 00004
444 50101 80110 80000 9/015=
ZZYY 71667 22091 0040/ 556657 023151 6112/
11119 39998 49998
22219 01004
444 20120 22091 0042/ 50101 80110 80100 9/015=
ZZYY 55625 22091 0040/ 527348 091725 6113/
11119 30223 40223 52008
22219 00182
444 20130 21091 2210/ 50101 8//// 80000 9/015=
ZZYY 71675 22091 0020/ 550872 030692 6112/
11119 39968 49968
22219 00018
444 20120 21091 2317/ 50101 80110 80100 9/015=
ZZYY 71677 22091 0020/ 546958 028606 6113/
11119 30086 40086
22219 00039
444 20130 21091 2317/ 50101 80110 80100 9/015=
ZZYY 33533 22091 0000/ 549445 046828 6113/
11119 30005 40005
444 20130 22091 0041/ 50101 80110 80100 9/015=
ZZYY 33517 22091 0030/ 554580 031315 6112/
11119 39896 49896
22219 01011
444 20120 22091 0040/ 50101 80100 80100 9/015=
ZZYY 16607 22091 0000/ 537261 096362 6113/
22219 00131
444 20130 21091 2208/ 50101 80010 80006 9////=
ZZYY 71661 22091 0010/ 546764 026983 6111/
11119 30118 40118
22219 00044
444 20110 22091 0042/ 50101 80110 80000 9/015=
ZZYY 33575 22091 0040/ 542623 028302 6113/
11119 30122 40122
22219 00100
444 20130 21091 2319/ 50101 80110 80098 9/015=
ZZYY 31911 22091 0047/ 527448 045063 6111/
22219 00191
444 20110 21091 2323/ 50101 80061 80000 9/015=
ZZYY 31542 22091 0048/ 532097 041314 6112/
22219 00167
444 20120 21091 2321/ 50101 80039 80015 9/015=
ZZYY 71703 22091 0047/ 550200 044971 6111/
22219 00026
444 20110 22091 0042/ 50101 80118 80106 9/015=
ZZYY 71635 22091 0046/ 548349 043209 6111/
22219 00047
444 20110 22091 0043/ 50101 80114 80139 9/015=
ZZYY 71701 22091 0047/ 551905 043422 6112/
22219 00013
444 20120 22091 0041/ 50101 80114 80101 9/015=
ZZYY 71696 22091 0045/ 548879 033922 6112/
22219 00038
444 20120 22091 0042/ 50101 80116 80155 9/015=
ZZYY 71576 22091 0000/ 552927 043476 6112/
11119 39966 49966 52019
22219 00007
444 20120 22091 0041/ 50101 80110 80046 9/015=
ZZYY 71709 22091 0047/ 548755 040267 6112/
22219 00021
444 20120 22091 0043/ 50101 80116 80135 9/015=
ZZYY 71573 22091 0045/ 553962 042870 6112/
22219 00009
444 20120 22091 0041/ 50101 80116 80088 9/015=
ZZYY 33909 22091 0000/ 543357 042818 6111/
11119 30040 40040 57024
22219 00080
444 20110 21091 2319/ 50101 80110 80046 9/015=
ZZYY 15631 22091 0048/ 527981 040768 6111/
22219 00199
444 20110 21091 2323/ 50101 80100 80020 9/015=
ZZYY 33666 22091 0046/ 539884 046799 6111/
22219 00114
444 20110 22091 0043/ 50101 80116 80012 9/015=
ZZYY 33964 22091 0046/ 544028 030207 6113/
22219 00088
444 20130 21091 2319/ 50101 80114 80007 9/015=
ZZYY 15615 22091 0046/ 531586 038495 6112/
22219 00166
444 20120 21091 2321/ 50101 80050 80099 9/015=
####018000146####
SSVX13 LFPW 220100
ZZYY 64611 22091 0100/ 763349 025707 6110/ 11119 49977 52014 22219
 00108 444 20100 22091 0100/ 50101 80131 80000 9/015=
####018000345####
SSVX02 LFVW 220057
ZZYY 22689 22091 0044/ 735767 177734 6111/
22219 00240
444 20110 22091 0038/ 50101 80114 80008 9/015=
ZZYY 61793 22091 0030/ 140560 001598 6113/
22219 00244
444 20130 22091 0044/ 50101 80110 80021 9/050=
ZZYY 61793 22091 0000/ 140560 001599 6113/
22219 00244
444 20130 22091 0014/ 50101 80110 80021 9/050=
####018000173####
SSVX07 LFVW 220057
ZZYY 25518 22091 0100/ 785118 027494 6112/
444 20120 22091 0027/ 504//=
ZZYY 25517 22091 0100/ 785606 050668 6113/
444 20130 22091 0027/ 504//=
####018000201####
SSVX07 KARS 220056
ZZYY 48536 22091 0050/ 173216 154131 6111/
11119 11010 40068
444 20110 22091 0048/=
ZZYY 48534 22091 0050/ 783366 046229 6112/
11119 11152 40165
444 20120 22091 0026/=
####018000429####
SSVX06 KARS 220056
ZZYY 48713 22091 0051/ 175322 165509 6113/
444 20130 22091 0049/ 500// 9/000=
ZZYY 48713 22091 0049/ 175322 165507 6112/
444 500// 9/000=
ZZYY 48506 22091 0052/ 779553 119152 6113/
11119 40066
444 20130 22091 0022/ 500//=
ZZYY 48505 22091 0051/ 780185 127671 6111/
11119 40055
444 20110 22091 0048/ 500//=
ZZYY 47553 22091 0051/ 779343 103383 6111/
444 20110 22091 0025/ 500// 9/000=
####018006045####
SSVX02 KARS 220056
ZZYY 21533 21091 2240/ 143616 149771 6111/
11119 39933 49933 57083
22219 00160
444 20110 21091 2226/ 50101 80120 80063 9/015=
ZZYY 63948 22091 0051/ 175378 035584 6113/
22219 00056
444 20130 22091 0025/ 50101 80007 80006 9/015=
ZZYY 63561 22091 0050/ 775979 000168 6112/
22219 00049
33311 88872 20000 30490 42048
444 20120 22091 0025/ 50101 80070 80100 9/015=
ZZYY 48673 22091 0050/ 776602 124183 6112/
444 20120 22091 0018/ 500// 9/000=
ZZYY 48673 22091 0048/ 776602 124183 6112/
444 20120 22091 0018/ 500// 9/000=
ZZYY 53601 22091 0046/ 139533 150624 6111/
22219 00241
444 20110 21091 2219/ 50101 80130 80004 9/015=
ZZYY 64936 22091 0050/ 176106 007145 6113/
22219 00073
33311 88872 20000 30725 43511
444 20130 22091 0025/ 50101 80100 80100 9/015=
ZZYY 21894 22091 0047/ 141006 157994 6112/
22219 00208
444 20120 22091 0038/ 50101 80110 80063 9/015=
ZZYY 51973 22091 0044/ 733757 163877 6113/
22219 00254
444 20130 22091 0035/ 50101 80117 80034 9/015=
ZZYY 51853 22091 0042/ 130109 162196 6111/
444 20110 22091 0038/ 50101 8//// 80030 9/015=
ZZYY 51974 22091 0044/ 736601 163913 6113/
22219 00238
444 20130 22091 0035/ 50101 80119 80009 9/015=
ZZYY 21856 22091 0050/ 145262 162600 6112/
11119 30176 40176 57026
22219 00162
444 20120 22091 0044/ 50101 80140 80063 9/015=
ZZYY 32619 22091 0043/ 135467 153962 6112/
22219 00274
444 20120 21091 2228/ 50101 80049 80086 9////=
ZZYY 21537 22091 0047/ 141816 153725 6111/
22219 00224
444 20110 22091 0040/ 50101 80110 80029 9/015=
ZZYY 21929 22091 0044/ 139899 150012 6112/
22219 00240
444 20120 21091 2228/ 50101 80110 80097 9/015=
ZZYY 21926 22091 0045/ 134171 159415 6111/
22219 00272
444 20110 22091 0038/ 50101 80110 80009 9/015=
ZZYY 21932 22091 0040/ 133832 178270 6112/
11119 30219 40219 57003
22219 00256
444 20120 22091 0036/ 50101 80120 80058 9/015=
ZZYY 53904 22091 0043/ 142070 171766 6113/
22219 00190
444 20130 22091 0037/ 50101 80132 80005 9/015=
ZZYY 51816 22091 0043/ 727649 170087 6113/
22219 00280
444 20130 22091 0009/ 50101 80078 80018 9/015=
ZZYY 43522 22091 0043/ 126009 177235 6112/
22219 00284
444 20120 22091 0035/ 50101 80076 80002 9/015=
ZZYY 51931 22091 0043/ 729323 161299 6112/
22219 00267
444 20120 22091 0034/ 50101 80068 80010 9/015=
ZZYY 21912 22091 0044/ 127955 175999 6111/
22219 00277
444 20110 22091 0035/ 50101 80148 80007 9/015=
ZZYY 51641 22091 0044/ 732644 172600 6111/
22219 00264
444 20110 22091 0035/ 50101 80117 80035 9/015=
ZZYY 14942 22091 0043/ 726825 165725 6112/
22219 00277
444 20120 22091 0033/ 50101 8//// 80000 9/015=
ZZYY 14946 22091 0044/ 132304 170959 6113/
22219 00276
444 20130 22091 0037/ 50101 8//// 80000 9/015=
ZZYY 22919 22091 0044/ 131798 170435 6112/
22219 00280
444 20120 22091 0036/ 50101 80009 80000 9/015=
ZZYY 14945 22091 0045/ 739455 158907 6112/
22219 00198
444 20120 22091 0036/ 50101 8//// 80042 9/015=
ZZYY 21998 22091 0030/ 744237 145390 6111/
11119 30078 40078 57012
22219 00158
444 20110 22091 0039/ 50101 80100 80000 9/015=
ZZYY 22536 22091 0046/ 131723 176464 6112/
22219 00270
444 20120 22091 0036/ 50101 80010 80000 9////=
ZZYY 22910 22091 0045/ 740353 151650 6112/
22219 00200
444 20120 22091 0037/ 50101 80009 80099 9////=
ZZYY 22927 22091 0045/ 741436 152330 6111/
22219 00175
444 20110 22091 0038/ 50101 80009 80099 9////=
ZZYY 21952 22091 0044/ 135317 170229 6113/
22219 00263
444 20130 22091 0039/ 50101 80110 80080 9/015=
ZZYY 22572 22091 0044/ 137132 155316 6111/
22219 00253
444 20110 22091 0039/ 50101 80010 80096 9////=
ZZYY 48653 22091 0040/ 788100 166167 6113/
11119 30069 40069 57006
22219 01082
444 20130 22091 0022/ 50101 80145 80001 9/015=
ZZYY 52667 22091 0044/ 741620 154742 6111/
22219 00171
444 20110 22091 0037/ 50101 8//// 80012 9////=
ZZYY 22578 22091 0044/ 131461 173319 6113/
22219 00276
444 20130 22091 0036/ 50101 80010 80000 9/015=
ZZYY 53910 22091 0046/ 137924 163116 6112/
22219 00264
444 20120 22091 0038/ 50101 80136 80001 9/015=
ZZYY 51848 22091 0041/ 132113 166267 6113/
444 20130 22091 0036/ 50101 80119 80005 9/015=
ZZYY 22626 22091 0045/ 132903 163091 6112/
22219 00274
444 20120 22091 0038/ 50101 80008 80000 9////=
ZZYY 21549 22091 0010/ 141359 149899 6112/
11119 39949 49949 52235
22219 00205
444 20120 21091 2047/ 50101 80120 80022 9/015=
ZZYY 53578 22091 0044/ 140561 155381 6111/
22219 00221
444 20110 22091 0039/ 50101 80108 80012 9/015=
ZZYY 21536 22091 0020/ 148720 157757 6112/
11119 30171 40171 57022
22219 00118
444 20120 22091 0009/ 50101 80120 80054 9/015=
ZZYY 52678 22091 0042/ 128004 161300 6111/
444 20110 22091 0037/ 50101 9////=
ZZYY 52842 22091 0043/ 131932 163946 6112/
22219 00277
444 20120 22091 0037/ 50101 80010 80017 9/015=
ZZYY 52901 22091 0045/ 132631 170040 6113/
22219 00273
444 20130 22091 0037/ 50101 80010 80000 9/015=
ZZYY 21923 22091 0046/ 139842 154676 6111/
22219 00227
444 20110 22091 0038/ 50101 80120 80059 9/015=
ZZYY 21579 22091 0030/ 138445 158987 6112/
11119 30184 40184 57003
22219 00238
444 20120 22091 0038/ 50101 80120 80047 9/015=
ZZYY 21853 22091 0040/ 742157 176181 6111/
11119 30181 40181 52007
22219 00165
444 20110 22091 0035/ 50101 80120 80000 9/015=
ZZYY 63577 22091 0050/ 175137 067613 6112/
22219 00062
444 20120 22091 0027/ 50101 80007 80005 9/015=
ZZYY 51855 22091 0045/ 133241 175528 6112/
22219 00261
444 20120 22091 0036/ 50101 80113 80007 9/015=
ZZYY 52815 22091 0042/ 129062 162005 6112/
22219 00279
444 20120 22091 0037/ 50101 80121 80011 9/015=
ZZYY 21521 22091 0044/ 135670 163626 6112/
22219 00259
444 20120 22091 0037/ 50101 80110 80004 9/015=
ZZYY 52611 22091 0044/ 130107 166641 6112/
22219 00274
444 20120 22091 0036/ 50101 80105 80000 9/015=
ZZYY 51744 22091 0045/ 134412 168107 6113/
22219 00271
444 20130 22091 0037/ 50101 80121 80004 9/015=
####018000309####
SSVX08 KARS 220056
ZZYY 48400 21091 12004 750128 144800 6112/
11119 02725 10111 29078
22219 00125
33311 88872 20000 31246 20001 31249 43784
444 20120 21091 1126/ 521// 60401=
ZZYY 48400 22091 00004 750127 144808 6112/
11119 02522 10117 29080
22219 00124
444 20120 22091 0007/ 521// 60401=
####018000289####
SSVX13 KARS 220056
ZZYY 21527 22091 0030/ 133719 160832 6111/
11119 30229 40229 57005
22219 00268
444 20110 22091 0039/ 50101 80120 80062 9/015=
ZZYY 21575 22091 0040/ 140053 158402 6111/
11119 30155 40155 57004
22219 00200
444 20110 22091 0038/ 50101 80120 80100 9/015=
####018000277####
SSVX12 KARS 220056
ZZYY 48520 22091 0040/ 785875 165021 6113/
11119 11104 40017 54000
22219 00180
444 20130 22091 0025/ 501// 80140 80000=
ZZYY 48519 22091 0040/ 780684 124826 6111/
11119 11019 40063 52009
22219 00208
444 20110 22091 0048/ 501// 80140 80000=
####018000117####
SSVX07 LFVW 220059
ZZYY 48548 22091 0050/ 774313 127826 6112/
11119 11016 39972 49972
444 20120 21091 2341/=
####018000143####
SSVX12 LFVW 220059
ZZYY 25618 22091 0040/ 181307 103911 6111/
11119 11077 49861 57025
22219 01013
444 20110 22091 0023/ 501// 80140=
