####018009303####
SSVX02 KARS 220648
ZZYY 54929 21091 1400/ 525090 109048 6113/
444 20130 21091 1401/ 50101 9////=
ZZYY 54929 22091 0430/ 525237 108991 6112/
11119 30184 40184 52018
22219 00209
444 20120 22091 0425/ 50101 8//// 80000 9////=
ZZYY 54929 22091 0530/ 525239 108960 6112/
11119 30185 40185 52012
22219 00209
444 20120 22091 0539/ 50101 8//// 80000 9////=
ZZYY 33587 22091 0500/ 551496 124288 6113/
22219 00065
444 20130 22091 0528/ 50101 80009 80000 9////=
ZZYY 32624 22091 0544/ 511294 100803 6111/
22219 00222
444 20110 22091 0409/ 50101 80116 80180 9/015=
ZZYY 32683 22091 0539/ 518799 095903 6113/
22219 00198
444 20130 22091 0627/ 50101 80116 80042 9/015=
ZZYY 32549 22091 0541/ 518915 094036 6111/
22219 00195
444 20110 22091 0408/ 50101 80114 80180 9/015=
ZZYY 32538 22091 0541/ 522559 092277 6111/
22219 00186
444 20110 22091 0631/ 50101 80116 80068 9/015=
ZZYY 55937 22091 0540/ 526610 127362 6112/
11119 30194 40194 52019
22219 00218
444 50101 8//// 80100 9////=
ZZYY 55937 22091 0440/ 526617 127370 6113/
11119 30190 40190 52018
22219 00218
444 20130 22091 0427/ 50101 8//// 80100 9////=
ZZYY 55957 22091 0510/ 536787 108273 6112/
11119 49967 52030
22219 00138
444 20120 22091 0536/ 50101 80010 80000 9////=
ZZYY 55959 22091 0540/ 529422 095222 6113/
11119 40222 52004
22219 00180
444 20130 22091 0538/ 50101 80010 80000 9////=
ZZYY 55956 22091 0520/ 535689 124079 6113/
11119 40076 52035
22219 00144
444 20130 22091 0538/ 50101 80010 80000 9////=
ZZYY 55920 22091 0440/ 533878 135873 6113/
11119 30167 40167 52020
444 20130 22091 0426/ 50101 8//// 80100 9/015=
ZZYY 55920 22091 0540/ 533875 135867 6112/
11119 30169 40169 52016
444 20120 22091 0538/ 50101 8//// 80098 9/015=
ZZYY 55596 22091 0510/ 541258 135690 6113/
11119 30103 40103 52020
22219 00118
444 20130 22091 0537/ 50101 80090 80000 9/015=
ZZYY 32711 22091 0542/ 515829 126523 6112/
22219 00244
444 20120 22091 0551/ 50101 80520 80099 9/015=
ZZYY 55632 22091 0440/ 538519 117644 6112/
444 20120 22091 0424/ 50101 80100 80000 9/015=
ZZYY 55632 22091 0540/ 538513 117640 6113/
444 20130 22091 0537/ 50101 80100 80000 9/015=
ZZYY 32736 22091 0544/ 514192 094997 6112/
444 20120 22091 0626/ 50101 80114 80000 9/015=
ZZYY 55802 22091 0530/ 528689 109053 6111/
11119 30146 40146 52015
22219 00197
444 20110 22091 0538/ 50101 8//// 80100 9////=
ZZYY 55802 22091 0430/ 528685 109073 6112/
11119 30143 40143 52022
22219 00197
444 20120 22091 0425/ 50101 8//// 80100 9////=
ZZYY 54935 22091 0500/ 541318 136321 6112/
11119 30108 40108 52018
22219 00109
444 20120 22091 0424/ 50101 80080 80000 9/015=
ZZYY 55566 22091 0540/ 535950 146769 6111/
22219 00152
444 50101 80009 80000 9////=
ZZYY 55566 22091 0440/ 535950 146765 6112/
22219 00151
444 20120 22091 0426/ 50101 80009 80000 9////=
ZZYY 54909 22091 0500/ 541673 147890 6112/
11119 30138 40138 52004
22219 00113
444 20120 22091 0424/ 50101 80090 80004 9/015=
ZZYY 54550 22091 0540/ 531937 143564 6111/
11119 40162 52012
22219 00182
444 20110 22091 0541/ 50101 80010 80010 9////=
ZZYY 54550 22091 0440/ 531920 143572 6111/
11119 40166 52015
22219 00184
444 20110 22091 0426/ 50101 80010 80008 9////=
ZZYY 32730 22091 0500/ 509698 119063 6112/
22219 00246
444 20120 22091 0431/ 50101 80140 80001 9/015=
ZZYY 54547 22091 0450/ 540623 115958 6112/
22219 00110
444 20120 22091 0424/ 50101 80010 80007 9////=
ZZYY 55928 22091 0440/ 535499 121188 6112/
11119 40036 52028
22219 00147
444 20120 22091 0537/ 50101 80010 80007 9/015=
ZZYY 55928 22091 0540/ 535499 121188 6112/
11119 40049 52033
22219 00147
444 20120 22091 0537/ 50101 80010 80006 9/015=
ZZYY 32533 22091 0545/ 514593 110422 6113/
22219 00233
444 20130 22091 0540/ 50101 80121 80008 9/015=
ZZYY 32564 22091 0544/ 533955 133362 6112/
22219 00145
444 20120 22091 0538/ 50101 80007 80097 9/015=
ZZYY 32709 22091 0545/ 520518 135679 6111/
22219 00245
444 20110 22091 0541/ 50101 80121 80022 9/015=
ZZYY 54922 22091 0540/ 529503 124693 6112/
11119 30170 40170 52021
444 50101 8//// 80000 9////=
ZZYY 54922 22091 0440/ 529506 124709 6111/
11119 30168 40168 52027
444 20110 22091 0425/ 50101 8//// 80000 9////=
ZZYY 32695 22091 0544/ 523571 106037 6112/
22219 00206
444 20120 22091 0539/ 50101 80094 80069 9/015=
ZZYY 32548 22091 0540/ 516738 096240 6111/
22219 00204
444 20110 22091 0627/ 50101 80120 80036 9/015=
ZZYY 55593 22091 0530/ 546610 145050 6111/
11119 30116 40116 52016
22219 00086
444 20110 22091 0535/ 50101 80100 80000 9/015=
ZZYY 32923 22091 0500/ 506219 117321 6112/
11119 30153 40153 52023
22219 00240
444 20120 22091 0433/ 50101 80120 80079 9/015=
ZZYY 51900 22091 0551/ 702340 139324 6111/
22219 00260
444 20110 22091 0437/ 50101 80120 80009 9/015=
ZZYY 32650 22091 0552/ 508771 119652 6111/
22219 00247
444 50101 80110 80039 9/015=
ZZYY 51801 22091 0552/ 505993 131916 6111/
22219 00251
444 20110 22091 0433/ 50101 80110 80036 9/015=
ZZYY 32648 22091 0545/ 508642 119748 6111/
22219 00245
444 20110 22091 0431/ 50101 80110 80058 9/015=
ZZYY 54918 22091 0510/ 525183 124713 6112/
11119 30193 40193 52021
22219 00215
444 20120 22091 0539/ 50101 8//// 80000 9////=
ZZYY 32803 22091 0544/ 524038 116493 6113/
22219 00220
444 20130 22091 0539/ 50101 80102 80000 9/015=
ZZYY 54912 22091 0520/ 524031 098926 6111/
11119 30216 40216 52007
22219 00199
444 20110 22091 0538/ 50101 8//// 80000 9////=
ZZYY 54858 22091 0450/ 528366 124880 6111/
11119 30182 40182 52024
22219 00204
444 20110 22091 0427/ 50101 8//// 80000 9////=
ZZYY 34538 22091 0541/ 530301 143000 6111/
22219 00192
444 20110 22091 0539/ 50101 80010 80000 9////=
ZZYY 32827 22091 0540/ 522900 139182 6111/
22219 00240
444 50101 80102 80001 9/015=
ZZYY 54925 22091 0543/ 528913 133586 6112/
22219 00200
444 20120 22091 0539/ 50101 80104 80000 9/015=
ZZYY 32805 22091 0542/ 532854 101741 6113/
22219 00170
444 20130 22091 0536/ 50101 80104 80062 9/015=
ZZYY 32816 22091 0545/ 520023 130142 6113/
22219 00249
444 20130 22091 0540/ 50101 80102 80000 9/015=
ZZYY 32815 22091 0440/ 518100 116235 6112/
11119 30195 40195 52018
22219 00236
444 20120 22091 0430/ 50101 80120 80041 9/015=
ZZYY 32815 22091 0540/ 518101 116237 6112/
11119 30195 40195 52012
22219 00236
444 50101 80120 80044 9/015=
ZZYY 32925 22091 0530/ 517557 119328 6111/
11119 30190 40190 52014
22219 00239
444 20110 22091 0430/ 50101 80120 80054 9/015=
ZZYY 16567 22091 0140/ 543884 115007 6113/
22219 00090
444 20130 22091 0121/ 50101 80100 80014 9////=
ZZYY 16567 22091 0440/ 543884 115007 6113/
22219 00089
444 20130 22091 0121/ 50101 80100 80021 9////=
ZZYY 32817 22091 0550/ 518006 131045 6113/
22219 00249
444 50101 80540 80099 9/015=
ZZYY 71641 22091 0520/ 548813 145970 6111/
22219 00083
444 20110 22091 0535/ 50101 8//// 80046 9////=
ZZYY 33518 22091 0510/ 537582 135329 6113/
11119 30135 40135 52022
22219 00130
444 20130 22091 0538/ 50101 8//// 80093 9/015=
ZZYY 16949 22091 0530/ 536176 107341 6112/
11119 39994 49994 52021
22219 00143
444 20120 22091 0537/ 50101 8//// 80013 9////=
ZZYY 16949 22091 0430/ 536175 107376 6112/
11119 39989 49989 52026
22219 00142
444 20120 22091 0423/ 50101 8//// 80022 9////=
ZZYY 55952 22091 0530/ 538699 116070 6111/
444 20110 22091 0537/ 50101 80090 80010 9/015=
ZZYY 55927 22091 0440/ 540232 106984 6113/
11119 39848 49848 52004
22219 00113
444 20130 22091 0423/ 50101 80100 80015 9/015=
ZZYY 55927 22091 0540/ 540231 106958 6111/
11119 39856 49856 52009
22219 00113
444 20110 22091 0536/ 50101 80100 80016 9/015=
ZZYY 55951 22091 0530/ 538199 133445 6113/
11119 30115 40115 52022
22219 00129
444 20130 22091 0537/ 50101 80100 80006 9/015=
ZZYY 55951 22091 0430/ 538200 133446 6112/
11119 30109 40109 52025
22219 00129
444 20120 22091 0425/ 50101 80100 80005 9/015=
ZZYY 55591 22091 0500/ 538590 124646 6112/
22219 00137
444 20120 22091 0424/ 50101 80010 80000 9////=
ZZYY 55570 22091 0500/ 538420 116563 6111/
22219 00132
444 20110 22091 0535/ 50101 80010 80000 9////=
ZZYY 32616 22091 0545/ 522606 140478 6111/
22219 00243
444 20110 22091 0541/ 50101 80100 80021 9/015=
ZZYY 55949 22091 0500/ 527393 110963 6112/
11119 30159 40159 52015
22219 00204
444 20120 22091 0427/ 50101 8//// 80096 9////=
ZZYY 32640 22091 0541/ 520657 124593 6113/
22219 00240
444 20130 22091 0539/ 50101 80098 80017 9/015=
ZZYY 32642 22091 0544/ 526364 132441 6112/
22219 00227
444 20120 22091 0539/ 50101 80102 80000 9/015=
ZZYY 32627 22091 0545/ 525691 119516 6111/
444 20110 22091 0539/ 50101 80094 80039 9/015=
ZZYY 55610 22091 0500/ 526817 127412 6111/
22219 00217
444 20110 22091 0428/ 50101 8//// 80095 9////=
ZZYY 55622 22091 0510/ 525129 117059 6111/
11119 30185 40185 52022
22219 00211
444 20110 22091 0539/ 50101 8//// 80100 9////=
ZZYY 32804 22091 0544/ 522904 130495 6113/
22219 00229
444 20130 22091 0539/ 50101 80048 80000 9/015=
ZZYY 32546 22091 0542/ 523963 135539 6113/
22219 00226
444 20130 22091 0429/ 50101 80050 80002 9/015=
####018002241####
SSVX08 KARS 220648
ZZYY 51307 21091 1200/ 708024 125004 6111/
33311 88872 20001 32765 43385 20020 32736 20040 32746 20060 32502
20080 31619 20100 31337 20120 31255 20140 31204 20180 31128
20300 31010 20500 30820
444 20110 21091 1138/ 521//=
ZZYY 51307 22091 0500/ 708018 125001 6112/
11119 10258 29091
22219 00277
444 20120 22091 0438/ 521//=
ZZYY 51011 21091 1200/ 500157 124390 6112/
33311 88872 20001 32275 43481 20020 32196 20040 31910 20060 31739
20080 31602 20100 31533 20120 31468 20140 31445 20180 31346
20300 31177 20500 30843
444 20120 21091 1115/ 521//=
ZZYY 51011 22091 05004 500152 124383 6111/
11119 01512 10231 29091
22219 00230
444 20110 22091 0242/ 521// 60401=
ZZYY 51017 21091 1200/ 502015 124902 6112/
33311 88872 20001 32336 43475 20020 32312 20040 32282 20080 31976
20100 31469 20120 31364 20140 31327 20180 31287 20300 31188
20500 30826
444 20120 21091 1115/ 521//=
ZZYY 51017 22091 05004 502016 124898 6111/
11119 01207 10238 29070
22219 00236
444 20110 22091 0434/ 521// 60401=
ZZYY 51015 21091 1200/ 705088 124944 6111/
33311 88872 20001 32688 43480 20020 32685 20040 32684 20060 32679
20080 32586 20100 32476 20120 32240 20140 31721 20180 31173
20300 30963 20500 30799
444 20110 21091 1113/ 521//=
ZZYY 51015 22091 05004 705092 124941 6112/
11119 01816 10261 29080
22219 00269
444 20120 22091 0437/ 521// 60401=
ZZYY 51016 21091 1200/ 701950 125053 6112/
33311 88870 20001 32681 20020 32683 20040 32633 20060 32291
20080 31936 20100 31554 20120 31460 20140 31369 20300 31175
20500 30881
444 20120 21091 1114/ 521//=
ZZYY 51308 21091 1200/ 507973 124992 6112/
33311 88872 20001 32576 43552 20020 32573 20040 32572 20060 32570
20080 32570 20100 32358 20120 32210 20140 32107 20180 31558
20300 31085 20500 30833
444 20120 21091 1117/ 521//=
ZZYY 51009 21091 12004 502035 140018 6112/
11119 00912 10249 29086
444 20120 21091 1143/ 521// 60401=
ZZYY 51009 22091 05004 502033 140015 6111/
11119 01213 10253 29081
444 20110 22091 0436/ 521// 60401=
ZZYY 48400 21091 12004 750128 144800 6112/
11119 02725 10111 29078
22219 00125
33311 88872 20000 31246 20001 31249 43784
444 20120 21091 1126/ 521// 60401=
####018000777####
SSVX02 LFVW 220648
ZZYY 22689 22091 0633/ 735720 177787 6112/
22219 00239
444 20120 22091 0616/ 50101 80114 80007 9/015=
ZZYY 62773 22091 0630/ 747186 004938 6113/
22219 00161
444 20130 22091 0639/ 50101 80115 80056 9/050=
ZZYY 62773 22091 0600/ 747184 004940 6113/
22219 00160
444 20130 22091 0609/ 50101 80115 80056 9/050=
ZZYY 62774 22091 0630/ 745956 004623 6113/
22219 00189
444 20130 22091 0639/ 50101 80115 80046 9/050=
ZZYY 62774 22091 0600/ 745958 004622 6113/
22219 00189
444 20130 22091 0609/ 50101 80115 80048 9/050=
ZZYY 61788 22091 0630/ 140110 004462 6113/
22219 00256
444 20130 22091 0640/ 50101 80100 80032 9/050=
ZZYY 61788 22091 0600/ 140112 004462 6113/
22219 00256
444 20130 22091 0610/ 50101 80100 80032 9/050=
####018000193####
SSVX07 LFVW 220648
ZZYY 48548 22091 0640/ 774293 128206 6111/
11119 11006 39901 49901
444 20110 22091 0636/=
ZZYY 25517 22091 0700/ 785604 050683 6112/
444 20120 22091 0630/ 504//=
####018000248####
SSVF11 LIIB 220600
ZZYY 61010 22091 06001 143840 009116 6113/
11119  02504 10210 29068 30158 40162
33340 88872 20006 32220 4////
20012 3//// 4////
20020 32207 4////
20028 3//// 4////
20036 31623 4////
444 10010 20030 51600 6140/=
####018000248####
SSVF11 LIIB 220300
ZZYY 61010 22091 03001 143830 009124 6113/
11119  02406 10212 29072 30156 40160
33340 88872 20006 32217 4////
20012 3//// 4////
20020 32186 4////
20028 3//// 4////
20036 31627 4////
444 10010 20030 51600 6140/=
####018002923####
SSVX02 KARS 220650
ZZYY 16563 22091 0540/ 335140 092374 6113/
11119 30249 40249 57009
22219 00137
444 20130 22091 0324/ 50101 80110 80000 9/015=
ZZYY 16563 22091 0430/ 335140 092374 6113/
11119 30255 40255 57001
22219 00136
444 20130 22091 0324/ 50101 80110 80000 9/015=
ZZYY 16563 22091 0630/ 335140 092374 6113/
11119 30247 40247 57011
22219 00137
444 20130 22091 0324/ 50101 80110 80000 9/015=
ZZYY 33695 22091 0642/ 339701 131097 6111/
22219 00128
444 20110 22091 0632/ 50101 80072 80005 9/015=
ZZYY 55945 22091 0610/ 343427 122133 6111/
11119 30156 40156 52019
22219 00099
444 20110 22091 0632/ 50101 8//// 80000 9////=
ZZYY 16573 22091 0540/ 338512 140674 6112/
11119 30047 40047 57026
22219 00140
444 20120 22091 0518/ 50101 80100 80000 9/015=
ZZYY 16595 22091 0540/ 327888 089168 6111/
11119 30289 40289 57002
22219 00202
444 20110 22091 0504/ 50101 80080 80000 9/015=
ZZYY 17660 22091 0550/ 327601 101516 6112/
11119 30253 40253 57007
22219 00202
444 20120 22091 0525/ 50101 80110 80008 9////=
ZZYY 17669 22091 0550/ 342348 121652 6112/
11119 30172 40172 52014
22219 00108
444 20120 22091 0515/ 50101 80080 80070 9/015=
ZZYY 17664 22091 0610/ 340482 125184 6112/
11119 30167 40167 52024
22219 00120
444 20120 22091 0516/ 50101 80110 80090 9/015=
ZZYY 33690 22091 0637/ 342388 099621 6111/
22219 00108
444 20110 22091 0633/ 50101 80074 80090 9/015=
ZZYY 17654 22091 0630/ 349925 138911 6112/
11119 39853 49853 52022
22219 00069
444 20120 22091 0632/ 50101 80110 80040 9/015=
ZZYY 17654 22091 0530/ 349926 138890 6112/
11119 39849 49849 52028
22219 00069
444 20120 22091 0515/ 50101 80110 80081 9/015=
ZZYY 14915 22091 0640/ 328962 094813 6112/
11119 30272 40272 57032
22219 00175
444 20120 22091 0324/ 50101 80090 80004 9/015=
ZZYY 14915 22091 0440/ 328962 094813 6112/
11119 30276 40276 57007
22219 00174
444 20120 22091 0324/ 50101 80080 80004 9/015=
ZZYY 33692 22091 0642/ 341271 091043 6113/
22219 00109
444 20130 22091 0325/ 50101 80074 80081 9/015=
ZZYY 16517 22091 0610/ 344711 123369 6111/
22219 00096
444 20110 22091 0630/ 50101 80123 80001 9/015=
ZZYY 55595 22091 0540/ 341271 091687 6113/
11119 40185 57012
22219 00107
444 20130 22091 0325/ 50101 80009 80000 9////=
ZZYY 34534 22091 0630/ 351765 138293 6111/
11119 49821 52027
22219 00059
444 20110 22091 0631/ 50101 80010 80012 9////=
ZZYY 34534 22091 0530/ 351784 138273 6111/
444 20110 22091 0515/ 50101 9////=
ZZYY 16513 22091 0600/ 336392 099458 6111/
11119 30215 40215 57009
22219 00142
444 20110 22091 0524/ 50101 8//// 80000 9////=
ZZYY 34543 22091 0610/ 340575 115281 6112/
11119 40185 57006
22219 00110
444 20120 22091 0631/ 50101 80010 80007 9////=
ZZYY 34902 22091 0620/ 340626 129088 6112/
11119 40087 52034
22219 00114
444 20120 22091 0632/ 50101 80010 80013 9////=
####018000149####
SSVX02 LFVW 220650
ZZYY 56957 22091 0641/ 329326 091172 6112/
22219 00180
33311 88872 20000 31797 43494
444 2012/ 21091 1016/ 50101 9/015=
####018000223####
SSVX13 LFVW 220650
ZZYY 55577 22091 0600/ 332948 158279 6112/
444 20120 22091 0522/ 50101 9/015=
ZZYY 55578 22091 0550/ 339811 158148 6112/
11119 30201 40201 52002
444 20120 22091 0517/ 50101 80090 80000 9/015=
####018000405####
SSVX13 KARS 220652
ZZYY 55645 22091 0600/ 336190 170612 6112/
11119 40128 52006
22219 00149
444 20120 22091 0454/ 50101 80110 80000 9/015=
ZZYY 55962 22091 0600/ 337440 168591 6113/
11119 40135 52007
22219 00145
444 20130 22091 0455/ 50101 80108 80013 9/015=
ZZYY 55961 22091 0600/ 334368 163912 6111/
11119 40182 52002
22219 00157
444 20110 22091 0453/ 50101 80110 80016 9/015=
####018002119####
SSVX02 KARS 220652
ZZYY 14923 22091 0550/ 314970 051478 6111/
11119 30194 40194 52012
22219 00244
444 20110 22091 0457/ 50101 80145 80008 9/015=
ZZYY 44930 22091 0641/ 765411 001696 6113/
444 20130 22091 0633/ 50101 80092 80099 9/015=
ZZYY 63579 22091 0639/ 169032 046930 6111/
22219 00085
444 20110 22091 0629/ 50101 80005 80005 9////=
ZZYY 63964 22091 0639/ 173805 023038 6113/
444 20130 22091 0629/ 50101 80007 80011 9/015=
ZZYY 63951 22091 0638/ 765681 001341 6111/
22219 00106
444 20110 22091 0633/ 50101 80007 80010 9/015=
ZZYY 63948 22091 0639/ 175392 035526 6113/
22219 00056
444 20130 22091 0632/ 50101 80007 80006 9/015=
ZZYY 63577 22091 0638/ 175084 067565 6112/
22219 00062
444 20120 22091 0627/ 50101 80007 80004 9/015=
ZZYY 63584 22091 0638/ 777817 002197 6113/
22219 00043
444 20130 22091 0628/ 50101 80008 80012 9/015=
ZZYY 63966 22091 0639/ 171480 015157 6113/
22219 00103
444 20130 22091 0629/ 50101 80009 80007 9/015=
ZZYY 11906 22091 0530/ 112439 060904 6112/
11119 30128 40128 52010
22219 00267
444 20120 22091 0450/ 50101 80138 80003 9/015=
ZZYY 14914 22091 0600/ 301032 050166 6113/
11119 30142 40142 52013
22219 00275
444 20130 22091 0454/ 50101 80120 80022 9/015=
ZZYY 14914 22091 0500/ 301032 050166 6113/
11119 30141 40141 52019
22219 00274
444 20130 22091 0454/ 50101 80120 80020 9/015=
ZZYY 14930 22091 0550/ 309788 046606 6112/
11119 30159 40159 52017
22219 00251
444 20120 22091 0048/ 50101 80145 80010 9/015=
ZZYY 14949 22091 0500/ 106991 064807 6113/
11119 30132 40132 57239
22219 00288
444 20130 22091 0449/ 50101 80110 80006 9/015=
ZZYY 14912 22091 0550/ 105703 065851 6111/
11119 30126 40126 57250
22219 00300
444 20110 22091 0633/ 50101 80110 80008 9/015=
ZZYY 51972 22091 0634/ 311587 167567 6112/
22219 00289
444 20120 22091 0452/ 50101 80081 80005 9/015=
ZZYY 51614 22091 0632/ 318843 173130 6112/
22219 00256
444 20120 22091 0345/ 50101 80046 80022 9/015=
ZZYY 51901 22091 0632/ 312803 159239 6113/
22219 00280
444 20130 22091 0500/ 50101 80115 80005 9/015=
####018000225####
SSVX08 KARS 220652
ZZYY 14041 21091 12004 307940 055085 6112/
11119 01315 10257 29090
22219 00272
33311 88872 20000 32719 20001 32708 43544 20020 32701 43531
20040 32690 43539
444 20120 21091 1201/ 521// 60401=
