####018002567####
SSVX02 KARS 220536
ZZYY 33567 22091 0440/ 343182 111469 6113/
11119 30121 40121 57013
22219 00102
444 20130 22091 0523/ 50101 80100 80002 9/015=
ZZYY 33567 22091 0340/ 343165 111458 6112/
11119 30125 40125 57009
22219 00102
444 20120 22091 0326/ 50101 80100 80002 9/015=
ZZYY 71575 22091 0510/ 349166 155876 6113/
22219 00085
444 20130 22091 0515/ 50101 80009 80000 9////=
ZZYY 33695 22091 0528/ 339715 131074 6111/
22219 00128
444 20110 22091 0517/ 50101 80072 80005 9/015=
ZZYY 55945 22091 0510/ 343438 122127 6113/
11119 30162 40162 52027
22219 00099
444 20130 22091 0516/ 50101 8//// 80000 9////=
ZZYY 33629 22091 0500/ 339116 141845 6112/
11119 40040 57043
22219 00146
444 20120 22091 0456/ 50101 80010 80011 9////=
ZZYY 34540 22091 0510/ 343160 135109 6112/
11119 49961 52021
22219 00105
444 20120 22091 0515/ 50101 80010 80004 9////=
ZZYY 17660 22091 0350/ 327563 101480 6113/
11119 30258 40258 52002
22219 00202
444 20130 22091 0323/ 50101 80110 80000 9////=
ZZYY 17660 22091 0450/ 327600 101516 6111/
11119 30257 40257 57002
22219 00202
444 20110 22091 0525/ 50101 80110 80005 9////=
ZZYY 33690 22091 0525/ 342386 099612 6112/
22219 00108
444 20120 22091 0522/ 50101 80074 80104 9/015=
ZZYY 17664 22091 0510/ 340482 125184 6112/
11119 30157 40157 52024
22219 00120
444 20120 22091 0516/ 50101 80110 80035 9/015=
ZZYY 16516 22091 0520/ 333312 126828 6111/
11119 30197 40197 52015
22219 00159
444 20110 22091 0517/ 50101 80110 80006 9/015=
ZZYY 16517 22091 0510/ 344719 123341 6112/
22219 00096
444 20120 22091 0516/ 50101 80123 80000 9/015=
ZZYY 55907 22091 0410/ 336012 111868 6111/
11119 30222 40222 57002
22219 00154
444 20110 22091 0326/ 50101 8//// 80000 9////=
ZZYY 55907 22091 0510/ 335990 111864 6112/
11119 30220 40220 57005
22219 00154
444 20120 22091 0523/ 50101 8//// 80014 9////=
ZZYY 16513 22091 0400/ 336420 099456 6113/
11119 30226 40226 52009
22219 00142
444 20130 22091 0324/ 50101 8//// 80000 9////=
ZZYY 16513 22091 0500/ 336392 099458 6111/
11119 30231 40231 52004
22219 00142
444 20110 22091 0524/ 50101 8//// 80000 9////=
ZZYY 34544 22091 0510/ 345908 112585 6112/
11119 40084 57023
22219 00099
444 20120 22091 0516/ 50101 80010 80027 9////=
ZZYY 34544 22091 0410/ 345897 112580 6112/
11119 40091 57019
22219 00099
444 20120 22091 0327/ 50101 80010 80023 9////=
ZZYY 34902 22091 0520/ 340643 129084 6111/
11119 40062 52030
22219 00115
444 20110 22091 0517/ 50101 80010 80009 9////=
####018000129####
SSVX02 LFVW 220536
ZZYY 21731 22091 0523/ 145278 140224 6112/
22219 00194
444 20120 22091 0403/ 50101 80138 80008 9/015=
####018001875####
SSVX11 LFVW 220536
ZZYY 52075 21091 18004 107987 130042 6113/
11119 02707 10282 29081 40080
22219 00292
33311 88872 20000 32920 20002 32920 43329 20025 32928 43333
20050 32900 43352 20075 32631 43473 20100 32357 43490
20125 32031 43484 20150 31707 43466 20200 31226 43442
20250 31021 43438 20300 30964 43452 20500 30744 43447
444 20130 21091 1802/ 522// 60381=
ZZYY 52080 21091 18004 102000 138107 6112/
11119 02202 10268 29088 40088
22219 00290
33311 88872 20000 32897 20002 32897 43370 20025 32919 43426
20050 32898 43443 20075 32857 43496 20100 32864 43511
20125 32678 43546 20150 32559 43539 20200 31955 43514
20250 31408 43483 20300 31163 43472 20500 30765 43456
20750 30530 43452
444 20120 21091 1801/ 522// 60381=
ZZYY 52080 22091 03004 102005 138101 6111/
11119 0//10 10277 29080 40098
22219 00291
33311 88872 20000 32907 20002 32907 43378 20025 32917 43427
20050 32895 43442 20075 32859 43499 20100 32865 43531
20125 32640 43541 20150 32546 43539 20200 32064 43536
20250 31455 43478 20300 31217 43465 20500 30776 43456
20750 30531 43452
444 20110 22091 0328/ 522// 60381=
ZZYY 52073 22091 03004 104862 137280 6111/
11119 02907 10251 29088 40101
22219 00290
33311 88872 20000 32900 20002 32900 43317 20025 32912 43331
20050 32899 43384 20075 32860 20100 32677 43473 20125 32399 43491
20150 31800 43474 20200 31178 43447 20250 30927 43448
20300 30888 43457 20500 30753 43454 20750 30626 43450
444 20110 22091 0329/ 522// 60381=
ZZYY 52073 22091 05004 104852 137262 6111/
11119 02608 10264 29085 40081
22219 00290
33311 88872 20000 32898 20002 32898 43315 20025 32917 43332
20050 32894 43389 20075 32814 20100 32612 43480 20125 32338 43485
20150 31882 43473 20200 31269 43447 20250 30955 43441
20300 30894 43458 20500 30754 43454 20750 30615 43450
444 20110 22091 0508/ 522// 60381=
####018000134####
SSVX13 LFPW 220600
ZZYY 44722 22091 0600/ 756376 024712 6110/ 11119 40055 57019 444
 20100 22091 0500/ 50101 80108 80000 9/015=
