####018000143####
SSVX02 CWAO 212100
ZZYY 56513 21091 2100/ 312468 070411 6113/ 11122 40117 57031 22219 00256 444 20130 21091 2100/ 50501 80108 80003 9/010=
####018000143####
SSVX02 CWAO 212100
ZZYY 23566 21091 2100/ 100149 074275 6113/ 11122 40104 57027 22219 00293 444 20130 21091 2100/ 50501 80132 80005 9/010=
####018000146####
SSVX02 CWAO 212100
ZZYY 23566 21091 2100/ 100149 074275 6113/ 11122 40104 57027 22219 00293 444 20130 21091 2100/ 50501 80132 80005 9/010=

####018000146####
SSVX02 CWAO 212100
ZZYY 56513 21091 2100/ 312468 070411 6113/ 11122 40117 57031 22219 00256 444 20130 21091 2100/ 50501 80108 80003 9/010=

####018000131####
SSVX12 KARS 212113
ZZYY 48518 21091 2100/ 774170 156612 6113/
11119 10001 40010 57006
22219 00226
444 501// 80140 80000=
####018000277####
SSVX13 KARS 212113
ZZYY 13585 21091 1800/ 706063 019151 6113/
11119 40120 57004
22219 00279
444 20130 21091 1715/ 50101 80129 80000 9/015=
ZZYY 23927 21091 2000/ 108073 089249 6112/
11119 40097 52240
22219 00286
444 2012/ 21091 1946/ 50101 80111 80004 9/015=
####018006377####
SSVX02 KARS 212113 RRA
ZZYY 15634 21091 1846/ 529288 017322 6113/
22219 00196
444 20130 21091 1840/ 50101 80096 80000 9/015=
ZZYY 15921 21091 1848/ 525750 035295 6111/
22219 00201
444 50101 80094 80002 9/015=
ZZYY 32617 21091 1808/ 324519 169938 6111/
22219 00230
444 20110 21091 1806/ 50101 80082 80002 9/015=
ZZYY 33666 21091 1845/ 539986 046867 6112/
22219 00119
444 20120 21091 1730/ 50101 80116 80009 9/015=
ZZYY 42518 21091 1903/ 728816 039081 6111/
22219 00280
444 20110 21091 1722/ 50101 80118 80001 9/015=
ZZYY 31785 21091 1859/ 705632 050647 6112/
22219 00300
444 20120 21091 1853/ 50101 80122 80011 9/015=
ZZYY 31711 21091 1854/ 507277 034247 6112/
22219 00260
444 20120 21091 1850/ 50101 80122 80017 9/015=
ZZYY 31786 21091 1857/ 503307 034190 6112/
22219 00266
444 20120 21091 1850/ 50101 80124 80013 9/015=
ZZYY 43537 21091 1908/ 738365 065914 6113/
22219 00264
444 20130 21091 1905/ 50101 80122 80014 9/015=
ZZYY 31508 21091 1846/ 514585 034201 6111/
22219 00255
444 20110 21091 1843/ 50101 80120 80013 9/015=
ZZYY 31990 21091 1850/ 523141 039658 6111/
22219 00237
444 20110 21091 1848/ 50101 80098 80002 9/015=
ZZYY 31989 21091 1851/ 525097 041309 6112/
22219 00219
444 20120 21091 1844/ 50101 80120 80028 9/015=
ZZYY 15601 21091 1852/ 522825 026524 6111/
22219 00218
444 20110 21091 1844/ 50101 80069 80027 9/015=
ZZYY 44514 21091 1909/ 749304 022083 6113/
22219 00151
444 20130 21091 1905/ 50101 80142 80001 9/015=
ZZYY 15924 21091 1800/ 517001 016613 6113/
11119 30189 40189 57001
22219 00218
444 20130 21091 1846/ 50101 80140 80013 9/015=
ZZYY 44515 21091 1909/ 745215 025837 6111/
22219 00170
444 20110 21091 1907/ 50101 80142 80012 9/015=
ZZYY 31921 21091 1847/ 534402 017656 6112/
22219 00160
444 20120 21091 1840/ 50101 80061 80023 9////=
ZZYY 44932 21091 1911/ 750852 025322 6111/
22219 00141
444 20110 21091 1907/ 50101 80142 80004 9/015=
ZZYY 31758 21091 1849/ 527831 033274 6112/
22219 00189
444 20120 21091 1847/ 50101 80006 80053 9/015=
ZZYY 44518 21091 1904/ 743093 022885 6111/
22219 00202
444 20110 21091 1858/ 50101 80142 80001 9/015=
ZZYY 44517 21091 1911/ 751808 020076 6111/
22219 00137
444 20110 21091 1904/ 50101 80142 80009 9/015=
ZZYY 51965 21091 1808/ 316735 176023 6112/
22219 00271
444 20120 21091 1759/ 50101 80119 80006 9/015=
ZZYY 15927 21091 1830/ 523366 007956 6113/
11119 30240 40240 52011
22219 00197
444 20130 21091 1842/ 50101 80140 80000 9/015=
ZZYY 15505 21091 1830/ 525559 011150 6111/
11119 30239 40239
22219 00199
444 20110 21091 1840/ 50101 80110 80100 9/015=
ZZYY 31984 21091 1820/ 701351 029273 6112/
11119 30120 40120
22219 00276
444 20120 21091 1851/ 50101 80110 80100 9/015=
ZZYY 41555 21091 1800/ 734619 024531 6112/
11119 30231 40231
22219 00254
444 20120 21091 1723/ 50101 80100 80000 9/015=
ZZYY 71664 21091 1810/ 555245 024860 6112/
11119 39969 49969
22219 00001
444 20120 20091 0512/ 50101 80110 80100 9/015=
ZZYY 33575 21091 1740/ 542573 028282 6113/
11119 30188 40188
22219 00101
444 20130 21091 1728/ 50101 80110 80006 9/015=
ZZYY 31542 21091 1847/ 532124 041377 6111/
22219 00168
444 20110 21091 1849/ 50101 80039 80013 9/015=
ZZYY 31914 21091 1847/ 534690 016352 6113/
22219 00159
444 20130 21091 1840/ 50101 80075 80042 9/015=
ZZYY 31926 21091 1845/ 533123 006202 6112/
22219 00172
444 20120 21091 1840/ 50101 80008 80034 9////=
ZZYY 43529 21091 1757/ 717047 172192 6112/
22219 00272
444 20120 21091 1858/ 50101 80084 80001 9/015=
ZZYY 31537 21091 1846/ 532184 020965 6112/
22219 00160
444 20120 21091 1841/ 50101 80043 80018 9/015=
ZZYY 21952 21091 1754/ 135263 170261 6112/
22219 00260
444 20120 21091 1745/ 50101 80110 80077 9/015=
ZZYY 13635 21091 1810/ 723455 032580 6112/
11119 30189 40189 57009
22219 00259
444 20120 21091 1857/ 50101 80120 80000 9/015=
ZZYY 13956 21091 1810/ 728670 015876 6111/
11119 30194 40194 52001
22219 00237
444 20110 21091 1722/ 50101 80120 80008 9/015=
ZZYY 21921 21091 1754/ 138910 146768 6111/
22219 00244
444 20110 21091 1745/ 50101 80120 80000 9/015=
ZZYY 51536 21091 1804/ 110153 166166 6113/
22219 00287
444 20130 21091 1756/ 50101 80095 80005 9/015=
ZZYY 13548 21091 1850/ 705615 021176 6112/
22219 00279
444 20120 21091 1856/ 500// 80010 9/001=
ZZYY 51972 21091 1810/ 311561 167630 6113/
22219 00287
444 20130 21091 1758/ 50101 80081 80005 9/015=
ZZYY 51644 21091 1810/ 311288 154749 6112/
22219 00281
444 20120 21091 1757/ 50101 80087 80005 9/015=
ZZYY 15923 21091 1800/ 514832 021473 6113/
11119 30176 40176 54000
22219 00234
444 20130 21091 1845/ 50101 80120 80013 9/015=
ZZYY 14551 21091 1948/ 100868 082561 6112/
22219 00292
444 20120 21091 1945/ 50101 80126 80002 9/015=
ZZYY 53565 21091 1946/ 114578 109069 6113/
22219 00285
444 20130 21091 1941/ 50101 80099 80002 9/015=
ZZYY 71616 21091 1940/ 561282 130923 6113/
11119 40190 57013
22219 01003
444 20130 21091 1859/ 50101 80010 80000 9////=
ZZYY 23974 21091 1840/ 309308 087181 6113/
11119 30129 40129 52240
22219 00278
444 20130 21091 1832/ 50101 80110 80011 9/015=
ZZYY 55910 21091 1810/ 553434 112067 6113/
11119 39936 49936 52012
22219 00052
444 20130 21091 1722/ 50101 80100 80000 9/015=
ZZYY 53597 21091 1940/ 115218 121988 6111/
22219 00288
444 20110 21091 1938/ 50101 80094 80005 9/015=
ZZYY 32705 21091 2039/ 515657 091640 6112/
22219 00196
444 20120 21091 2033/ 50101 80114 80041 9/015=
ZZYY 32526 21091 2039/ 515047 094897 6113/
22219 00202
444 20130 21091 2032/ 50101 80570 80099 9/015=
ZZYY 16942 21091 1940/ 559080 118615 6112/
11119 30103 40103 57012
22219 00013
444 20120 21091 1906/ 50101 80090 80000 9/015=
ZZYY 14928 21091 1948/ 105986 087946 6111/
22219 00284
444 20110 21091 1941/ 50101 80093 80006 9/015=
ZZYY 55948 21091 1930/ 562574 123747 6113/
22219 00007
444 20130 21091 1906/ 50101 8//// 80000 9////=
ZZYY 53518 21091 1945/ 121040 114197 6113/
22219 00288
444 20130 21091 1937/ 50101 80138 80003 9/015=
ZZYY 33951 21091 1959/ 338962 087163 6112/
22219 00116
444 20120 21091 2001/ 50101 80072 80005 9/015=
ZZYY 33570 21091 2019/ 546768 045275 6112/
22219 00089
444 20120 21091 1700/ 50101 80108 80042 9/015=
####018000529####
SSVX06 KARS 212113
ZZYY 48506 21091 2105/ 779550 119103 6112/
11119 40060
444 20120 21091 2059/ 500//=
ZZYY 47554 21091 2102/ 774328 111800 6113/
444 20130 21091 2057/ 500// 9/000=
ZZYY 48505 21091 2105/ 780182 127743 6113/
11119 40046
444 20130 21091 2100/ 500//=
ZZYY 47553 21091 2102/ 779341 103378 6113/
444 20130 21091 2058/ 500// 9/000=
ZZYY 48713 21091 2104/ 175317 165419 6113/
444 20130 21091 2102/ 500// 9/000=
ZZYY 48713 21091 1925/ 175313 165389 6112/
444 20120 21091 1921/ 500// 9/000=
####018014871####
SSVX02 KARS 212113
ZZYY 31905 21091 1845/ 534318 011660 6112/
22219 00157
444 20120 21091 1841/ 50101 8//// 80000 9/015=
ZZYY 21522 21091 1752/ 140782 152952 6111/
22219 00217
444 20110 21091 1755/ 50101 80110 80072 9/015=
ZZYY 33996 21091 1800/ 345026 005200 6111/
11119 40037 52231
22219 00068
444 2011/ 21091 1835/ 50101 80081 80001 9/015=
ZZYY 33991 21091 1800/ 343720 000561 6112/
11119 40063 52240
22219 00090
444 2012/ 21091 1837/ 50101 80104 80000 9/015=
ZZYY 21525 21091 1753/ 140696 168188 6113/
22219 00219
444 20130 21091 1743/ 50101 80110 80060 9/015=
ZZYY 21929 21091 1755/ 139822 149929 6113/
22219 00241
444 20130 21091 1606/ 50101 80110 80086 9/015=
ZZYY 21895 21091 1753/ 135906 148837 6111/
444 20110 21091 1746/ 50101 8//// 80026 9/015=
ZZYY 46764 21091 1757/ 720812 177214 6112/
22219 00278
444 20120 21091 1755/ 50101 80072 80019 9/015=
ZZYY 51657 21091 1804/ 506812 179024 6112/
22219 00280
444 20120 21091 1758/ 50101 80117 80003 9/015=
ZZYY 41563 21091 1902/ 731730 071493 6112/
22219 00273
444 20120 21091 1858/ 50101 80110 80003 9/015=
ZZYY 31519 21091 1820/ 526943 013739 6113/
11119 30205 40205 52004
22219 00194
444 20130 21091 1842/ 50101 80080 80000 9/015=
ZZYY 33691 21091 1845/ 527636 002139 6111/
22219 00185
444 20110 21091 1840/ 50101 80070 80005 9/015=
ZZYY 15926 21091 1847/ 526639 031377 6113/
22219 00198
444 20130 21091 1841/ 50101 80092 80050 9/015=
ZZYY 15631 21091 1848/ 527982 040772 6112/
22219 00197
444 50101 80102 80024 9/015=
ZZYY 17672 21091 1810/ 537792 011415 6112/
11119 30227 40227 52008
22219 00124
444 20120 21091 1840/ 50101 80110 80005 9/015=
ZZYY 17904 21091 1710/ 345455 124203 6112/
11119 39991 49991
22219 00095
444 20120 21091 1657/ 50101 80100 80100 9/015=
ZZYY 32679 21091 1758/ 128221 158774 6113/
22219 00275
444 20130 21091 1756/ 50101 80102 80001 9/015=
ZZYY 13904 21091 1859/ 717169 019505 6111/
22219 00288
444 20110 21091 1854/ 50101 80128 80001 9/015=
ZZYY 52919 21091 1801/ 121731 149244 6113/
22219 00280
444 20130 21091 1755/ 50101 80119 80021 9/015=
ZZYY 15945 21091 1853/ 505730 017578 6112/
22219 00251
444 20120 21091 1848/ 50101 80084 80009 9/015=
ZZYY 52804 21091 1802/ 117090 157400 6113/
22219 00290
444 20130 21091 1755/ 50101 80115 80004 9/015=
ZZYY 13624 21091 1900/ 711887 029795 6112/
22219 00286
444 20120 21091 1855/ 50101 80134 80001 9/015=
ZZYY 13518 21091 1856/ 706644 013269 6113/
22219 00277
444 50101 80134 80002 9/015=
ZZYY 42547 21091 1907/ 738443 037150 6111/
22219 00239
444 20110 21091 1905/ 50101 80094 80001 9/015=
ZZYY 52841 21091 1801/ 119401 158111 6113/
22219 00287
444 20130 21091 1756/ 50101 80146 80014 9/015=
ZZYY 52920 21091 1801/ 121128 151001 6113/
22219 00282
444 20130 21091 1756/ 50101 80121 80022 9/015=
ZZYY 52839 21091 1759/ 123734 161656 6112/
22219 00278
444 20120 21091 1757/ 50101 80144 80008 9/015=
ZZYY 52827 21091 1800/ 122011 161657 6112/
22219 00284
444 20120 21091 1757/ 50101 80144 80004 9/015=
ZZYY 15943 21091 1854/ 504440 017741 6113/
22219 00251
444 20130 21091 1848/ 50101 80090 80255 9/015=
ZZYY 15941 21091 1853/ 516706 032502 6111/
22219 00244
444 20110 21091 1846/ 50101 80128 80002 9/015=
ZZYY 51973 21091 1746/ 733733 163890 6112/
444 20120 21091 1729/ 50101 80117 80044 9/015=
ZZYY 51974 21091 1750/ 736581 164099 6111/
22219 00240
444 20110 21091 1744/ 50101 80119 80010 9/015=
ZZYY 21616 21091 1755/ 138097 145306 6111/
22219 00233
444 20110 21091 1637/ 50101 80120 80122 9/015=
ZZYY 15618 21091 1842/ 520797 002153 6112/
444 20120 21091 1947/ 50101 80124 80180 9/015=
ZZYY 51648 21091 1807/ 304812 163793 6113/
22219 00292
444 20130 21091 1757/ 50101 80107 80007 9/015=
ZZYY 15641 21091 1856/ 501900 031641 6111/
22219 00264
444 20110 21091 1850/ 50101 80124 80180 9/015=
ZZYY 51948 21091 1802/ 502182 178712 6113/
22219 00280
444 20130 21091 1909/ 50101 80119 80009 9/015=
ZZYY 52836 21091 1802/ 117638 143048 6112/
22219 00289
444 20120 21091 1756/ 50101 80126 80002 9/015=
ZZYY 15677 21091 1851/ 514613 024211 6111/
22219 00240
444 20110 21091 1846/ 50101 80128 80001 9/015=
ZZYY 15928 21091 1854/ 513089 029879 6111/
22219 00251
444 20110 21091 2025/ 50101 80126 80001 9/015=
ZZYY 44927 21091 1850/ 751730 043136 6112/
11119 30004 40004 57012
22219 00106
444 20120 21091 1905/ 50101 80138 80002 9/015=
ZZYY 13926 21091 1859/ 706165 023198 6111/
22219 00281
444 20110 21091 1857/ 50101 80109 80003 9/015=
ZZYY 51816 21091 1753/ 727658 170097 6112/
22219 00270
444 20120 21091 1746/ 50101 80078 80018 9/015=
ZZYY 13934 21091 1900/ 721810 028495 6112/
22219 00258
444 20120 21091 1856/ 50101 80124 80180 9/015=
ZZYY 51614 21091 1810/ 318911 173187 6112/
22219 00256
444 20120 21091 1759/ 50101 80046 80029 9/015=
ZZYY 21912 21091 1755/ 127961 176077 6113/
22219 00275
444 20130 21091 1745/ 50101 80148 80006 9/015=
ZZYY 15675 21091 1850/ 514641 025375 6113/
22219 00242
444 20130 21091 1846/ 50101 80128 80001 9/015=
ZZYY 51641 21091 1754/ 732622 172658 6112/
22219 00262
444 20120 21091 1745/ 50101 80117 80035 9/015=
ZZYY 13928 21091 1904/ 723539 034592 6111/
22219 00262
444 20110 21091 1857/ 50101 80124 80180 9/015=
ZZYY 51531 21091 1802/ 307253 154712 6112/
22219 00290
444 20120 21091 1757/ 50101 80115 80004 9/015=
ZZYY 51901 21091 1811/ 312877 159271 6113/
22219 00280
444 20130 21091 1759/ 50101 80115 80006 9/015=
ZZYY 13929 21091 1900/ 720828 029454 6113/
22219 00257
444 20130 21091 1855/ 50101 80124 80180 9/015=
ZZYY 14942 21091 1750/ 726856 165754 6112/
22219 00270
444 20120 21091 1730/ 50101 8//// 80000 9/015=
ZZYY 51868 21091 1801/ 120512 167452 6112/
22219 00283
444 20120 21091 1756/ 50101 80103 80009 9/015=
ZZYY 15646 21091 1856/ 501882 031672 6111/
22219 00265
444 20110 21091 1850/ 50101 80122 80180 9/015=
ZZYY 14945 21091 1749/ 739428 158993 6112/
22219 00197
444 20120 21091 1744/ 50101 8//// 80016 9/015=
ZZYY 51859 21091 1753/ 129055 151875 6113/
22219 00275
444 20130 21091 1755/ 50101 80470 80004 9/015=
ZZYY 13943 21091 1857/ 708043 029971 6112/
22219 00283
444 20120 21091 1853/ 50101 80075 80255 9/015=
ZZYY 17509 21091 1750/ 529020 010713 6113/
11119 30242 40242
22219 00191
444 20130 21091 1702/ 50101 80080 80094 9/015=
ZZYY 51628 21091 1756/ 127644 179808 6113/
22219 00273
444 20130 21091 1754/ 50101 80088 80023 9/015=
ZZYY 52915 21091 1800/ 122062 159858 6112/
22219 00283
444 20120 21091 1756/ 50101 80144 80009 9/015=
ZZYY 51860 21091 1803/ 116049 156043 6112/
22219 00289
444 20120 21091 1755/ 50101 80117 80006 9/015=
ZZYY 52803 21091 1804/ 105709 142343 6112/
22219 00297
444 20120 21091 1757/ 50101 80120 80017 9/015=
ZZYY 44914 21091 1909/ 735035 044353 6111/
22219 00271
444 20110 21091 1750/ 50101 80075 80005 9/015=
ZZYY 52911 21091 1801/ 111473 136678 6113/
22219 00294
444 20130 21091 1757/ 50101 80120 80021 9/015=
ZZYY 62723 21091 1909/ 740031 030228 6112/
22219 00223
444 20120 21091 1906/ 50101 80069 80006 9/015=
ZZYY 51861 21091 1751/ 134630 143737 6112/
22219 00277
444 20120 21091 1754/ 50101 80005 80000 9////=
ZZYY 51858 21091 1803/ 116522 157963 6113/
22219 00289
444 20130 21091 1757/ 50101 80119 80012 9/015=
ZZYY 52678 21091 1800/ 127977 161327 6112/
22219 00276
444 20120 21091 1746/ 50101 8//// 80017 9////=
ZZYY 13960 21091 1859/ 713759 017367 6112/
22219 00296
444 20120 21091 2004/ 50101 80148 80010 9/015=
ZZYY 13945 21091 1857/ 714816 018187 6112/
22219 00299
444 20120 21091 1854/ 50101 80146 80009 9/015=
ZZYY 52908 21091 1801/ 121104 155492 6113/
22219 00284
444 20130 21091 1754/ 50101 80144 80004 9/015=
ZZYY 15604 21091 1852/ 525173 031028 6112/
22219 00213
444 20120 21091 1845/ 50101 80119 80011 9/015=
ZZYY 15906 21091 1851/ 507536 012007 6111/
22219 00240
444 20110 21091 1847/ 50101 80082 80012 9/015=
ZZYY 52671 21091 1806/ 103877 145758 6111/
22219 00290
444 20110 21091 1758/ 50101 80120 80025 9/015=
ZZYY 31528 21091 1849/ 532009 032156 6111/
22219 00180
444 20110 21091 1843/ 50101 80340 80001 9/015=
ZZYY 15940 21091 1850/ 523744 036325 6111/
22219 00219
444 20110 21091 1847/ 50101 80119 80004 9/015=
ZZYY 32552 21091 1800/ 122930 169711 6113/
22219 00271
444 20130 21091 1746/ 50101 80049 80022 9/015=
ZZYY 33660 21091 1740/ 546672 024594 6111/
22219 00043
444 20110 21091 1726/ 50101 80110 80100 9/015=
ZZYY 71703 21091 1841/ 550196 044982 6112/
22219 00026
444 20120 21091 1843/ 50101 80118 80104 9/015=
ZZYY 15605 21091 1856/ 503593 035104 6111/
22219 00265
444 20110 21091 1849/ 50101 80088 80008 9/015=
ZZYY 71701 21091 1840/ 551936 043444 6112/
22219 00013
444 20120 21091 1835/ 50101 80114 80088 9/015=
ZZYY 17653 21091 1830/ 337911 004675 6111/
11119 30262 40262 52003
22219 00126
444 20110 21091 1837/ 50101 80080 80012 9/015=
ZZYY 71696 21091 1842/ 548892 033897 6112/
22219 00038
444 20120 21091 1843/ 50101 80116 80139 9/015=
ZZYY 71573 21091 1840/ 553991 042792 6111/
22219 00011
444 20110 21091 1842/ 50101 80116 80101 9/015=
ZZYY 52815 21091 1800/ 129011 162057 6112/
22219 00279
444 20120 21091 1746/ 50101 80121 80009 9/015=
ZZYY 17662 21091 1800/ 526508 026261 6111/
11119 30224 40224 57005
22219 00200
444 20110 21091 1729/ 50101 80100 80007 9/015=
ZZYY 52906 21091 1804/ 115049 163803 6113/
22219 00289
444 20130 21091 1756/ 50101 80087 80018 9/015=
ZZYY 52611 21091 1754/ 130134 166651 6111/
22219 00273
444 20110 21091 1745/ 50101 80107 80000 9/015=
ZZYY 15615 21091 1848/ 531580 038557 6112/
22219 00167
444 20120 21091 1842/ 50101 80050 80098 9/015=
ZZYY 32713 21091 1807/ 305949 174882 6112/
22219 00285
444 20120 21091 1758/ 50101 80550 80034 9/015=
ZZYY 15602 21091 1857/ 502551 027384 6113/
22219 00264
444 20130 21091 1850/ 50101 80082 80009 9/015=
ZZYY 52591 21091 1755/ 122491 148203 6112/
22219 00280
444 20120 21091 1756/ 50101 80121 80013 9/015=
ZZYY 32667 21091 1800/ 127650 158275 6112/
22219 00278
444 20120 21091 1746/ 50101 80049 80000 9////=
ZZYY 33655 21091 1750/ 547520 003829 6112/
11119 30047 40047
22219 00031
444 20120 21091 1835/ 50101 80100 80100 9/015=
ZZYY 51853 21091 1751/ 130082 162144 6111/
22219 00279
444 20110 21091 1637/ 50101 80121 80025 9/015=
ZZYY 32619 21091 1757/ 135541 153739 6113/
22219 00274
444 20130 21091 1755/ 50101 80049 80074 9////=
ZZYY 13967 21091 1800/ 724827 033491 6111/
11119 30201 40201 57010
22219 00264
444 20110 21091 1720/ 50101 80110 80041 9/015=
ZZYY 62729 21091 1906/ 739784 026322 6113/
22219 00222
444 50101 80116 80018 9/015=
ZZYY 62726 21091 1902/ 736180 019001 6111/
22219 00233
444 20110 21091 1858/ 50101 80120 80014 9/015=
ZZYY 41983 21091 1909/ 741090 038933 6113/
22219 00232
444 20130 21091 1905/ 50101 80078 80019 9/015=
ZZYY 22579 21091 1759/ 129701 154011 6113/
22219 00274
444 20130 21091 1756/ 50101 80007 80016 9/015=
ZZYY 44921 21091 1905/ 738167 030210 6113/
22219 00239
444 50101 80080 80001 9/015=
ZZYY 62936 21091 1904/ 728436 040253 6112/
22219 00283
444 20120 21091 1558/ 50101 80068 80002 9/015=
ZZYY 44898 21091 1902/ 731587 029688 6111/
22219 00264
444 20110 21091 1722/ 50101 80084 80002 9/015=
ZZYY 13903 21091 1903/ 724268 027825 6111/
22219 00253
444 20110 21091 1856/ 50101 80130 80100 9/015=
ZZYY 41613 21091 1840/ 748140 026613 6113/
11119 30221 40221 57014
22219 00154
444 20130 21091 1905/ 50101 80120 80002 9/015=
ZZYY 13590 21091 1901/ 725728 031327 6111/
22219 00262
444 20110 21091 1857/ 50101 80130 80100 9/015=
ZZYY 44945 21091 1900/ 732377 035575 6111/
444 20110 21091 1858/ 50101 80054 80011 9/015=
ZZYY 44919 21091 1904/ 733801 056791 6113/
22219 00287
444 20130 21091 1905/ 50101 80116 80013 9/015=
ZZYY 52842 21091 1759/ 131864 163922 6112/
22219 00274
444 20120 21091 1746/ 50101 80010 80020 9/015=
ZZYY 44929 21091 1856/ 726664 031465 6113/
22219 00266
444 20130 21091 1603/ 50101 80072 80009 9/015=
ZZYY 62930 21091 1904/ 726643 031339 6113/
22219 00265
444 50101 80084 80014 9/015=
ZZYY 31902 21091 1856/ 504586 035267 6112/
22219 00264
444 20120 21091 1851/ 50101 80122 80027 9/015=
ZZYY 21617 21091 1754/ 133548 172529 6111/
22219 00260
444 20110 21091 1855/ 50101 80110 80051 9/015=
ZZYY 31915 21091 1851/ 504644 032615 6111/
22219 00268
444 20110 21091 1715/ 50101 80118 80018 9/015=
ZZYY 31993 21091 1856/ 505844 031991 6111/
22219 00266
444 20110 21091 1849/ 50101 80122 80015 9/015=
ZZYY 31998 21091 1848/ 506241 033422 6111/
22219 00264
444 20110 21091 1855/ 50101 80122 80017 9/015=
ZZYY 31742 21091 1845/ 525876 037723 6113/
22219 00210
444 20130 21091 1842/ 50101 80116 80018 9/015=
ZZYY 15635 21091 1848/ 527897 029065 6111/
22219 00191
444 20110 21091 1843/ 50101 80086 80002 9/015=
ZZYY 31901 21091 1855/ 501748 044654 6113/
22219 00348
444 20130 21091 1852/ 50101 80116 80003 9/015=
ZZYY 31925 21091 1852/ 502875 041675 6113/
22219 00298
444 20130 21091 1207/ 50101 80118 80001 9/015=
ZZYY 63579 21091 2104/ 168974 047022 6111/
22219 00086
444 20110 21091 1959/ 50101 80005 80005 9////=
ZZYY 63964 21091 2104/ 173759 023090 6112/
444 50101 80007 80013 9/015=
ZZYY 63964 21091 1916/ 173754 023078 6111/
444 20110 21091 1912/ 50101 80007 80014 9/015=
ZZYY 64936 21091 2050/ 176083 007142 6111/
22219 00072
33311 88872 20000 30720 43511
444 20110 21091 2013/ 50101 80100 80100 9/015=
ZZYY 63948 21091 2104/ 175374 035646 6111/
22219 00056
444 50101 80007 80006 9/015=
ZZYY 63577 21091 2103/ 175172 067661 6111/
22219 00063
444 20110 21091 2021/ 50101 80007 80006 9/015=
ZZYY 63577 21091 1927/ 175184 067657 6112/
22219 00063
444 20120 21091 1918/ 50101 80007 80006 9/015=
ZZYY 63583 21091 2104/ 172514 046800 6111/
22219 00081
444 50101 80009 80010 9/015=
ZZYY 63583 21091 1916/ 172512 046810 6111/
444 20110 21091 1919/ 50101 80009 80008 9/015=
ZZYY 63584 21091 2103/ 777777 002127 6111/
22219 00042
444 20110 21091 2059/ 50101 80008 80011 9/015=
ZZYY 48652 21091 2050/ 788151 159057 6113/
11119 30075 40075 57017
22219 01052
444 20130 21091 2056/ 50101 80110 80003 9/015=
ZZYY 63966 21091 2103/ 171486 015308 6112/
22219 00104
444 20120 21091 2010/ 50101 80008 80005 9/015=
ZZYY 48673 21091 2103/ 776613 124085 6113/
444 20130 21091 2055/ 500// 9/000=
ZZYY 44883 21091 1904/ 728817 037640 6111/
22219 00273
444 50101 80060 80013 9/015=
ZZYY 44881 21091 1908/ 736315 033099 6113/
22219 00252
444 20130 21091 1905/ 50101 80074 80002 9/015=
####018000201####
SSVX07 KARS 212113
ZZYY 48534 21091 2050/ 783368 046221 6112/
11119 11122 40170
444 20120 21091 2017/=
ZZYY 48536 21091 1930/ 173144 153780 6113/
11119 11006 40076
444 20130 21091 1921/=
####018006341####
SSVX08 KARS 212113
ZZYY 41139 20091 12004 720015 037851 6111/
11119 00816 10266 29079 40181
22219 00266
33311 88872 20000 32656 20001 32660 20020 32658 43702
20060 32543 43727 20100 32344 20120 32290 20140 32226 20180 32032
20300 31581 20500 31203
444 20110 20091 1219/ 521// 60401=
ZZYY 31002 20091 1200/ 704142 037952 6111/
444 20110 20091 1223/ 521//=
ZZYY 31002 21091 18004 704168 037961 6111/
11119 01513 10277 29077
22219 00284
444 20110 21091 1740/ 521// 60401=
ZZYY 13009 20091 1200/ 707940 038006 6111/
444 20110 20091 1221/ 521//=
ZZYY 13009 21091 18004 707942 038014 6112/
11119 01610 10287 29075
22219 00290
444 20120 21091 1716/ 521// 60401=
ZZYY 52310 20091 1200/ 702018 179831 6111/
33311 88872 20001 32793 43516 20050 32790 20075 32789 20100 32786
20125 32734 20150 32211 20200 31235 20250 31142 20300 31092
20500 30823
444 20110 20091 1310/ 521//=
ZZYY 28401 20091 1200/ 132409 144532 6112/
33311 88872 20001 32750 43316 20040 32403 20060 31218 20080 32332
444 20120 20091 1142/ 521//=
ZZYY 41026 20091 1200/ 711495 037977 6112/
444 20120 20091 1221/ 521//=
ZZYY 41026 21091 15004 711503 037960 6111/
11119 00805 10279 29082
22219 00284
444 20110 21091 1535/ 521// 60401=
ZZYY 13008 20091 1200/ 714975 038015 6112/
444 20120 20091 1217/ 521//=
ZZYY 13008 21091 18004 714987 038020 6112/
11119 00714 10273 29076 40139
22219 00273
444 20120 21091 1718/ 521// 60401=
ZZYY 32323 20091 1200/ 700044 109918 6111/
33311 88872 20001 32150 43466 20020 31886 43478 20040 31651 43488
20060 31556 43496 20080 31463 20100 31438 20120 31403 20140 31369
20180 31290 20300 31156 20500 30815
444 20110 20091 1320/ 521//=
ZZYY 23001 20091 1200/ 100121 080522 6113/
33311 88872 20001 32936 43427 20020 32894 43439 20040 32858 43437
20060 32569 43524 20080 32453 20100 32254 20120 32089 20140 31959
20180 31504 20300 31152 20500 30963
444 20130 20091 1050/ 521//=
ZZYY 23001 21091 19004 100121 080529 6112/
11119 01805 10283 29074 40117
22219 00294
444 20120 21091 1949/ 521// 60401=
ZZYY 23003 20091 1200/ 301502 080504 6112/
33311 88872 20001 32892 43439 20020 32891 43444 20040 32892 43448
20060 32801 43487 20080 32441 20100 32189 20120 31913 20140 31745
20180 31490 20300 31197 20500 30950
444 20120 20091 1047/ 521//=
ZZYY 23003 21091 19004 301504 080500 6112/
11119 03106 10280 29078
22219 00292
444 20120 21091 1948/ 521// 60401=
ZZYY 53006 20091 1200/ 312001 080518 6112/
33311 88872 20001 32639 43475 20020 32639 43473 20040 32639 43474
20060 32619 43473 20080 32244 20140 31598 20180 31425 20300 31132
20500 30861
444 20120 20091 1046/ 521//=
ZZYY 23004 20091 1200/ 100025 089847 6113/
33311 88872 20001 32841 43300 20020 32866 43392 20040 32800 43418
20060 32324 43525 20080 32226 20100 32139 20120 31978 20140 31758
20180 31532 20300 31211 20500 30999
444 20130 20091 1318/ 521//=
ZZYY 23004 21091 19004 100025 089813 6111/
11119 01508 10278 29082
22219 00286
444 20110 21091 1835/ 521// 60401=
ZZYY 23006 20091 1200/ 103977 089591 6112/
33311 88872 20001 32881 20020 32872 43315 20040 32870 43327
20060 32831 43348 20080 32323 20100 31840 20120 31629 20140 31483
20180 31359 20300 31226 20500 31027
444 20120 20091 1318/ 521//=
ZZYY 23006 21091 19004 103974 089588 6112/
11119 02110 10278 29081
22219 00287
444 20120 21091 1831/ 521// 60401=
ZZYY 43001 20091 1200/ 708043 110136 6111/
33311 88872 20001 32751 43306 20020 32746 20040 32723 20060 32304
20080 31811 20100 31468 20120 31326 20140 31246 20180 31157
20300 31038 20500 30877
444 20110 20091 1317/ 521//=
ZZYY 43001 21091 20004 708028 110121 6111/
11119 01915 10267 29083
22219 00274
444 20110 21091 1925/ 521// 60401=
ZZYY 43301 20091 12004 707993 094888 6111/
11119 02117 10270 29086
22219 00276
33311 88872 20000 32764 20001 32767 43282 20020 32640 20040 31702
20060 31416 20080 31339 20100 31318 20120 31302 20140 31274
20180 31231 20300 31091 20500 30817
444 20110 20091 1257/ 521// 60401=
ZZYY 53009 20091 1200/ 311878 093317 6111/
33311 88872 20020 32655 43402 20040 32653 43408 20060 32652 43405
20080 32652 20100 32639 20120 32539 20180 31954 20300 31234
20500 30911
444 20110 20091 1314/ 521//=
ZZYY 53009 21091 19004 311878 093326 6111/
11119 01114 10251 29084
444 20110 21091 1835/ 521// 60401=
ZZYY 32321 20091 12004 700219 095423 6111/
11119 01711 10210 29079
22219 00215
33311 88872 20000 32154 20001 32167 43441
444 20110 20091 1259/ 521// 60401=
ZZYY 32321 21091 20004 700217 095428 6111/
11119 01410 10204 29084
22219 00209
444 20110 21091 2037/ 521// 60401=
ZZYY 23002 20091 1200/ 101570 080510 6113/
33311 88872 20001 32900 43446 20020 32880 43449 20040 32854
20060 32703 43492 20080 32429 20100 32175 20120 31947 20140 31795
20180 31432 20300 31174
444 20130 20091 1050/ 521//=
ZZYY 23002 21091 1900/ 101570 080517 6111/
22219 00291
444 20110 21091 1948/ 521//=
ZZYY 23007 20091 1200/ 108019 088997 6111/
33311 88872 20020 32854 43428 20040 32852 43429 20060 32847 43433
20080 32697 20100 32363 20120 32113 20140 31808 20180 31466
20300 31181 20500 31003
444 20110 20091 1320/ 521//=
ZZYY 23007 21091 19004 108029 088998 6111/
11119 02218 10284 29083
444 20110 21091 1828/ 521// 60401=
ZZYY 23005 20091 1200/ 101579 090082 6112/
33311 88872 20001 32890 43323 20020 32875 43356 20040 32881 43398
20060 32639 43441 20080 32147 20100 31994 20120 31794 20140 31609
20180 31427 20300 31232 20500 31006
444 20120 20091 1318/ 521//=
ZZYY 23005 21091 19004 101580 090089 6112/
11119 01510 10277 29079
22219 00286
444 20120 21091 1831/ 521// 60401=
ZZYY 23010 20091 1200/ 303979 080493 6113/
33311 88872 20001 32881 43437 20020 32875 43458 20040 32873 43458
20060 32873 43459 20080 32726 20100 32430 20120 32025 20140 31627
20180 31367 20300 31101 20500 30912
444 20130 20091 1049/ 521//=
ZZYY 23010 21091 19004 303979 080491 6112/
11119 00809 10273 29083
22219 00286
444 20120 21091 1950/ 521// 60401=
ZZYY 23009 20091 1200/ 114984 089934 6112/
33311 88872 20001 32848 43227 20020 32860 43253 20040 32846 43289
20060 32762 43405 20080 32626 20100 32335 20120 32058 20140 31893
20180 31520 20300 31156 20500 30993
444 20120 20091 1053/ 521//=
####018000143####
SSVX02 CWAO 212100
ZZYY 56514 21091 2100/ 332392 114352 6113/ 11122 40204 57255 22219 00172 444 20130 21091 2100/ 50501 80138 80021 9/010=
####018000138####
SSVX02 CWAO 212100
ZZYY 56503 21091 2100/ 314708 095734 6113/ 11119 40159 57010 22219 00260 444 20130 21091 2100/ 50400 80108 80003 =
####018000146####
SSVX02 CWAO 212100
ZZYY 56514 21091 2100/ 332392 114352 6113/ 11122 40204 57255 22219 00172 444 20130 21091 2100/ 50501 80138 80021 9/010=

####018000141####
SSVX02 CWAO 212100
ZZYY 56503 21091 2100/ 314708 095734 6113/ 11119 40159 57010 22219 00260 444 20130 21091 2100/ 50400 80108 80003 =

####018000143####
SSVX02 CWAO 212100
ZZYY 56515 21091 2100/ 331593 089276 6113/ 11119 40284 57012 22219 00168 444 20130 21091 2100/ 50501 80138 80018 9/010=
####018000146####
SSVX02 CWAO 212100
ZZYY 56515 21091 2100/ 331593 089276 6113/ 11119 40284 57012 22219 00168 444 20130 21091 2100/ 50501 80138 80018 9/010=

####018000146####
SSVX13 LFPW 212100
ZZYY 16544 21091 2100/ 348143 107172 6113/ 11119 40008 57036 22219
 00062 444 20130 21091 2100/ 50101 80130 80011 9/015=
####018000146####
SSVX13 LFPW 212100
ZZYY 16545 21091 2100/ 349320 089499 6113/ 11119 40002 57022 22219
 00066 444 20130 21091 2100/ 50101 80136 80006 9/015=
####018000146####
SSVX13 LFPW 212100
ZZYY 16540 21091 2100/ 348270 113709 6113/ 11119 40094 52002 22219
 00071 444 20130 21091 2100/ 50101 80134 80003 9/015=
####018000146####
SSVX13 LFPW 212100
ZZYY 48602 21091 2100/ 785030 129216 6113/ 11119 40033 52016 22219
 01050 444 20130 21091 2100/ 50101 80146 80002 9/015=
####018000146####
SSVX13 LFPW 212100
ZZYY 14534 21091 2100/ 304845 044276 6113/ 11119 40133 57006 22219
 00267 444 20130 21091 2100/ 50101 80108 80005 9/015=
####018000146####
SSVX13 LFPW 212100
ZZYY 16543 21091 2100/ 337838 094590 6113/ 11119 40203 52004 22219
 00123 444 20130 21091 2100/ 50101 80132 80006 9/015=
####018000146####
SSVX13 LFPW 212100
ZZYY 16546 21091 2100/ 345242 106138 6113/ 11119 40030 57027 22219
 00104 444 20130 21091 2100/ 50101 80136 80010 9/015=
####018000146####
SSVX13 LFPW 212100
ZZYY 16539 21091 2100/ 345747 119357 6113/ 11119 49930 57001 22219
 00100 444 20130 21091 2100/ 50101 80134 80013 9/015=
####018000146####
SSVX13 LFPW 212100
ZZYY 16542 21091 2100/ 344358 105965 6113/ 11119 40045 57027 22219
 00105 444 20130 21091 2100/ 50101 80136 80011 9/015=
####018000146####
SSVX13 LFPW 212100
ZZYY 16549 21091 2100/ 345328 080699 6113/ 11119 40053 57027 22219
 00049 444 20130 21091 2100/ 50101 80146 80019 9/015=
####018000146####
SSVX13 LFPW 212100
ZZYY 16531 21091 2100/ 341615 066591 6113/ 11119 40129 52010 22219
 00076 444 20130 21091 2100/ 50101 80144 80006 9/015=
####018000146####
SSVX13 LFPW 212100
ZZYY 14535 21091 2100/ 314874 056930 6113/ 11119 40185 57007 22219
 00253 444 20130 21091 2100/ 50101 80104 80011 9/015=
####018000146####
SSVX13 LFPW 212100
ZZYY 16535 21091 2100/ 347574 082007 6113/ 11119 49984 57034 22219
 00047 444 20130 21091 2100/ 50101 80138 80016 9/015=
####018000146####
SSVX13 LFPW 212100
ZZYY 16537 21091 2100/ 339965 101271 6113/ 11119 40138 52015 22219
 00120 444 20130 21091 2100/ 50101 80134 80008 9/015=
####018000146####
SSVX13 LFPW 212100
ZZYY 23583 21091 2100/ 318782 069117 6113/ 11119 40208 57014 22219
 00234 444 20130 21091 2100/ 50101 80120 80005 9/015=
####018000146####
SSVX13 LFPW 212100
ZZYY 16532 21091 2100/ 346479 059389 6113/ 11119 40025 52004 22219
 00080 444 20130 21091 2100/ 50101 80144 80024 9/015=
####018000146####
SSVX13 LFPW 212100
ZZYY 16534 21091 2100/ 349648 060856 6113/ 11119 49916 52009 22219
 00036 444 20130 21091 2100/ 50101 80144 80005 9/015=
####018000146####
SSVX13 LFPW 212100
ZZYY 16533 21091 2100/ 347171 061043 6113/ 11119 40003 52002 22219
 00046 444 20130 21091 2100/ 50101 80144 80037 9/015=
####018000146####
SSVX13 LFPW 212100
ZZYY 16541 21091 2100/ 340366 105465 6113/ 11119 49990 52007 22219
 00112 444 20130 21091 2100/ 50101 80132 80006 9/015=
####018000146####
SSVX13 LFPW 212100
ZZYY 25617 21091 2100/ 182585 111759 6113/ 11119 40132 52018 22219
 01050 444 20130 21091 2100/ 50101 80152 80000 9/015=
####018000146####
SSVX13 LFPW 212100
ZZYY 16548 21091 2100/ 348600 067550 6113/ 11119 49959 52003 22219
 00031 444 20130 21091 2100/ 50101 80144 80019 9/015=
####018000921####
SSVX08 KARS 212115
ZZYY 52007 20091 1200/ 308040 164788 6112/
33311 88872 20001 32913 43535 20025 32905 20050 32903
444 20120 20091 1022/ 521//=
ZZYY 52002 20091 1200/ 302000 164967 6111/
22219 00290
33311 88872 20000 32899 43552 20500 30794
444 20110 20091 1024/ 521//=
ZZYY 52003 20091 1200/ 105099 165036 6111/
33311 88872 20001 32950 43392 20025 32943 20050 32942 20075 32953
20100 32855 20125 32512 20150 31970 20200 31155 20250 30998
20300 30940 20500 30782
444 20110 20091 1335/ 521//=
ZZYY 52004 20091 1200/ 305005 165155 6111/
33311 88872 20001 32911 43554 20025 32909 20075 32907 20100 32907
20125 32880 20200 32048
444 20110 20091 1023/ 521//=
ZZYY 52001 20091 1200/ 102016 164997 6112/
33311 88872 20001 32957 43474 20025 32950 20050 32946 20075 32910
20100 32726 20125 32585 20150 32452 20200 31333 20250 31098
20300 31074 20500 30784
444 20120 20091 1026/ 521//=
####018007585####
SSVX02 KARS 212115
ZZYY 17904 21091 2010/ 345441 124233 6111/
11119 30023 40023
22219 00095
444 20110 21091 1947/ 50101 80100 80100 9/015=
ZZYY 33649 21091 1940/ 349449 177468 6112/
11119 40196 52020
22219 00070
444 20120 21091 1916/ 50101 80010 80000 9////=
ZZYY 33649 21091 2040/ 349451 177439 6112/
11119 40191 52009
22219 00070
444 20120 21091 2058/ 50101 80010 80000 9////=
ZZYY 71614 21091 2000/ 344645 149326 6111/
22219 00107
444 20110 21091 1955/ 50101 80010 80000 9////=
ZZYY 51512 21091 2056/ 319754 176874 6111/
22219 00246
444 20110 21091 2053/ 50101 80115 80039 9/015=
ZZYY 33536 21091 1940/ 350775 164088 6113/
11119 40024 52012
22219 00079
444 20130 21091 1917/ 50101 80009 80000 9////=
ZZYY 33536 21091 2040/ 350791 164110 6112/
11119 40028 52014
22219 00079
444 20120 21091 2057/ 50101 80009 80000 9////=
ZZYY 33586 21091 2030/ 351151 166289 6112/
22219 00080
444 20120 21091 2058/ 50101 80009 80000 9/015=
ZZYY 33586 21091 1930/ 351148 166263 6112/
22219 00080
444 20120 21091 1917/ 50101 80009 80000 9/015=
ZZYY 56908 21091 2100/ 356944 138039 6112/
11119 39907 49907 52006
22219 00016
444 50101 80110 80011 9/015=
ZZYY 51727 21091 2051/ 509478 177302 6111/
22219 00283
444 20110 21091 1911/ 50101 80111 80255 9/015=
ZZYY 71575 21091 2010/ 349181 155882 6111/
22219 00083
444 20110 21091 1953/ 50101 80009 80000 9////=
ZZYY 33952 21091 2010/ 348531 126504 6112/
11119 39946 49946 52030
22219 00093
444 20120 21091 1948/ 50101 80100 80013 9/015=
ZZYY 71627 21091 1930/ 353665 175223 6111/
22219 00072
444 20110 21091 1917/ 50101 80110 80005 9/015=
ZZYY 51965 21091 2054/ 316700 176028 6112/
22219 00271
444 20120 21091 2051/ 50101 80117 80006 9/015=
ZZYY 33632 21091 2000/ 341927 136543 6112/
22219 00106
444 20120 21091 1947/ 50101 80010 80000 9////=
ZZYY 33632 21091 2100/ 341930 136568 6112/
22219 00106
444 20120 21091 2058/ 50101 80010 80000 9////=
ZZYY 33559 21091 2050/ 359039 135237 6111/
11119 39873 49873
22219 00003
444 20110 21091 2059/ 50101 80090 80099 9/015=
ZZYY 33629 21091 2000/ 339057 141785 6113/
11119 40131 57017
22219 00140
444 20130 21091 1947/ 50101 80010 80011 9////=
ZZYY 33663 21091 2040/ 347074 144851 6112/
11119 40025 52002
22219 00090
444 20120 21091 2057/ 50101 80010 80004 9////=
ZZYY 34540 21091 2010/ 343182 135003 6112/
11119 49960 57005
22219 00103
444 20120 21091 1947/ 50101 80010 80003 9////=
ZZYY 51648 21091 2054/ 304805 163777 6112/
22219 00292
444 20120 21091 1908/ 50101 80107 80010 9/015=
ZZYY 51802 21091 2054/ 523004 175398 6112/
22219 00232
444 20120 21091 1913/ 50101 80053 80006 9/015=
ZZYY 56909 21091 2100/ 359224 132039 6112/
11119 39886 49886 52013
22219 01001
444 20120 21091 1952/ 50101 80110 80014 9/015=
ZZYY 14547 21091 2030/ 349053 176083 6112/
11119 30186 40186 52013
22219 00072
444 20120 21091 2058/ 50101 80100 80063 9/015=
ZZYY 14547 21091 1930/ 349061 176099 6111/
11119 30182 40182 52013
22219 00072
444 20110 21091 1915/ 50101 80100 80063 9/015=
ZZYY 51913 21091 2051/ 515756 173342 6111/
444 20110 21091 1911/ 50101 80115 80010 9/015=
ZZYY 16960 21091 2040/ 353941 163043 6112/
22219 00076
444 20120 21091 2058/ 50101 80100 80000 9/015=
ZZYY 16960 21091 1930/ 353914 163013 6113/
22219 00076
444 20130 21091 1916/ 50101 80100 80000 9/015=
ZZYY 16956 21091 2030/ 346570 132884 6112/
11119 39890 49890 52024
22219 00091
444 20120 21091 2058/ 50101 80110 80004 9/015=
ZZYY 56907 21091 2030/ 348214 141828 6112/
11119 39912 49912 57053
444 20120 21091 2057/ 50101 80123 80000 9/015=
ZZYY 16516 21091 2020/ 333398 126686 6111/
11119 30118 40118 52016
22219 00159
444 20110 21091 1943/ 50101 80110 80005 9/015=
ZZYY 16517 21091 2010/ 344784 123271 6111/
22219 00096
444 20110 21091 1947/ 50101 80123 80001 9/015=
ZZYY 51614 21091 2056/ 318891 173187 6111/
22219 00256
444 20110 21091 2052/ 50101 80046 80027 9/015=
ZZYY 56904 21091 2000/ 350092 155961 6112/
11119 39988 49988 52017
22219 00086
444 20120 21091 1917/ 50101 80100 80047 9/015=
ZZYY 51531 21091 2052/ 307255 154733 6111/
22219 00290
444 20110 21091 1938/ 50101 80115 80005 9/015=
ZZYY 51901 21091 2055/ 312877 159271 6113/
22219 00280
444 20130 21091 1759/ 50101 80115 80005 9/015=
ZZYY 33695 21091 2103/ 339758 130917 6112/
22219 00126
444 20120 21091 2059/ 50101 80072 80005 9/015=
ZZYY 16573 21091 2040/ 338402 140440 6113/
11119 30116 40116 57015
22219 00149
444 20130 21091 2057/ 50101 80100 80000 9/015=
ZZYY 16594 21091 2040/ 340850 136720 6112/
11119 30039 40039 57017
22219 00121
444 20120 21091 2057/ 50101 80090 80000 9/015=
ZZYY 51624 21091 2053/ 516173 174314 6111/
22219 00273
444 20110 21091 1911/ 50101 80087 80017 9/015=
ZZYY 17652 21091 2050/ 347818 141638 6112/
11119 39954 49954 57018
22219 00097
444 20120 21091 2058/ 50101 80100 80074 9////=
ZZYY 17669 21091 2050/ 342408 121592 6111/
11119 30098 40098 52039
22219 00107
444 20110 21091 2058/ 50101 80080 80100 9/015=
ZZYY 17664 21091 2010/ 340596 125075 6111/
11119 30027 40027 52038
22219 00119
444 20110 21091 1946/ 50101 80110 80082 9/015=
ZZYY 17654 21091 2030/ 349885 138786 6111/
11119 39863 49863 57031
22219 00069
444 20110 21091 2056/ 50101 80110 80013 9/015=
ZZYY 51972 21091 2055/ 311565 167620 6112/
22219 00287
444 20120 21091 1909/ 50101 80081 80006 9/015=
ZZYY 51644 21091 2055/ 311263 154717 6111/
22219 00281
444 20110 21091 2052/ 50101 80087 80004 9/015=
ZZYY 51538 21091 2055/ 319251 167929 6112/
22219 00242
444 20120 21091 2053/ 50101 80086 80001 9/015=
ZZYY 32617 21091 2056/ 324522 169958 6113/
22219 00230
444 20130 21091 2053/ 50101 80082 80002 9/015=
ZZYY 51671 21091 2052/ 306121 173446 6112/
22219 00287
444 20120 21091 1909/ 50101 80121 80025 9/015=
ZZYY 34534 21091 2030/ 351841 138219 6112/
11119 49838 57046
22219 00057
444 20120 21091 2058/ 50101 80010 80009 9////=
ZZYY 32713 21091 2052/ 305951 174868 6113/
22219 00285
444 20130 21091 1910/ 50101 80550 80096 9/015=
ZZYY 34544 21091 2010/ 345868 112585 6112/
11119 40122 52001
22219 00099
444 20120 21091 2002/ 50101 80010 80018 9////=
ZZYY 55631 21091 2010/ 332396 168728 6112/
11119 30173 40173 52019
22219 00161
444 20120 21091 2055/ 50101 80100 80018 9/015=
ZZYY 34543 21091 2010/ 340623 115287 6111/
11119 40161 52012
22219 00109
444 20110 21091 2000/ 50101 80010 80011 9////=
ZZYY 34902 21091 2010/ 340797 129044 6112/
11119 49962 57015
22219 00114
444 20120 21091 1947/ 50101 80010 80009 9////=
ZZYY 55627 21091 1810/ 335091 170590 6113/
11119 30128 40128 57013
22219 00154
444 20130 21091 1805/ 50101 80110 80014 9/015=
ZZYY 55627 21091 2010/ 335091 170610 6113/
11119 30138 40138 52011
22219 00154
444 20130 21091 2054/ 50101 80110 80009 9/015=
ZZYY 51870 21091 2052/ 304352 173524 6112/
444 20120 21091 1908/ 50101 80111 80013 9/015=
ZZYY 34512 21091 2050/ 548111 177531 6111/
11119 40217 52044
22219 00070
444 20110 21091 2058/ 50101 80010 80010 9////=
ZZYY 34512 21091 1950/ 548112 177531 6112/
11119 40191 52021
22219 00070
444 20120 21091 1915/ 50101 80010 80010 9////=
ZZYY 56551 21091 2100/ 336761 168106 6112/
11119 30158 40158 52033
22219 00151
444 20120 21091 2057/ 50101 80110 80015 9/015=
ZZYY 56551 21091 2000/ 336769 168098 6113/
11119 30142 40142 52021
22219 00151
444 20130 21091 1914/ 50101 80110 80016 9/015=
####018000149####
SSVX13 KARS 212115
ZZYY 55644 21091 2100/ 337031 171774 6112/
11119 40129 54000
22219 00143
444 20120 21091 2056/ 50101 80112 80031 9/015=
####018000146####
SSVX13 LFPW 212100
ZZYY 23584 21091 2100/ 306170 077870 6113/ 11119 40118 57020 22219
 00286 444 20130 21091 2100/ 50101 80106 80003 9/015=
