####018007807####
SSVX11 LFVW 220548
ZZYY 52075 21091 23004 107986 130036 6113/
11119 02907 10287 29079 40093
22219 00293
33311 88872 20000 32926 20002 32926 43331 20025 32929 43337
20050 32914 43349 20075 32575 43486 20100 32273 43500
20125 31945 43480 20150 31612 43462 20200 31159 43441
20250 30984 43448 20300 30936 43453 20500 30738 43449
444 20130 21091 2240/ 522// 60381=
ZZYY 52075 21091 19004 107997 130045 6111/
11119 02906 10281 29083 40077
22219 00292
33311 88872 20000 32924 20002 32924 43330 20025 32927 43332
20050 32909 43346 20075 32613 43480 20100 32338 43490
20125 32012 43483 20150 31697 43466 20200 31212 43444
20250 31001 43443 20300 30944 43454 20500 30732 43449
444 20110 21091 1825/ 522// 60381=
ZZYY 52075 21091 21004 107983 130037 6112/
11119 03105 10283 29078 40085
22219 00293
33311 88872 20000 32925 20002 32925 43333 20025 32927 43333
20050 32904 43353 20075 32545 43488 20100 32234 43491
20125 31993 43482 20150 31666 43466 20200 31174 43443
20250 30993 43447 20300 30943 43454 20500 30734 43450
444 20120 21091 2119/ 522// 60381=
ZZYY 52075 22091 04004 107986 130042 6113/
11119 02709 10287 29079 40088
22219 00293
33311 88872 20000 32933 20002 32933 43334 20025 32928 43342
20050 32922 43347 20075 32614 43480 20100 32347 43490
20300 30953 43455
444 20130 22091 0355/ 522// 60381=
ZZYY 52075 22091 02004 107985 130038 6113/
11119 02807 10289 29078 40103
22219 00294
33311 88872 20000 32935 20002 32935 43328 20025 32928 43342
20050 32919 43350 20075 32558 43487 20100 32194 43489
20125 31901 43479 20150 31588 43463 20200 31155 43442
20250 30988 43449 20300 30945 43454 20500 30742 43448
444 20130 22091 0132/ 522// 60381=
ZZYY 52075 22091 00004 107985 130038 6112/
11119 03006 10288 29077 40103
22219 00293
33311 88872 20000 32926 20002 32926 43330 20025 32930 43340
20050 32914 43351 20075 32553 43486 20100 32247 43493
20125 31919 43481 20150 31609 43462 20200 31169 43442
20250 30991 43449 20300 30942 43453 20500 30742 43447
444 20120 22091 0006/ 522// 60381=
ZZYY 52073 21091 23004 104859 137279 6113/
11119 02113 10271 29087 40103
22219 00291
33311 88872 20000 32906 20002 32906 43326 20025 32920 43338
20050 32927 43392 20075 32853 20100 32607 43481 20125 32238 43487
20150 31740 43471 20200 31128 43446 20250 30927 43450
20300 30893 43458 20500 30768 43455 20750 30603 43450
444 20130 21091 2241/ 522// 60381=
ZZYY 52073 21091 19004 104857 137277 6112/
11119 02507 10277 29083 40079
22219 00290
33311 88872 20000 32903 20002 32903 43324 20025 32928 43351
20050 32899 43398 20075 32818 20100 32576 43481 20125 32276 43487
20150 31950 43481 20200 31180 43447 20250 30931 43449
20300 30892 43458 20500 30744 43454 20750 30590 43452
444 20120 21091 1940/ 522// 60381=
ZZYY 52073 21091 22004 104859 137279 6113/
11119 01709 10272 29085 40095
22219 00290
33311 88872 20000 32903 20002 32903 43325 20025 32920 43338
20050 32915 43395 20075 32812 20100 32567 43484 20125 32284 43487
20150 31802 43472 20200 31225 43448 20250 30951 43442
20300 30908 43456 20500 30763 43455 20750 30599 43450
444 20130 21091 2224/ 522// 60381=
ZZYY 52073 22091 04004 104855 137277 6113/
11119 02703 10255 29089 40088
22219 00289
33311 88872 20000 32892 20125 32287 43488 20150 31764 43474
20200 31208 43446 20250 30953 43443 20500 30765 43455
444 20130 22091 0354/ 522// 60381=
ZZYY 52073 22091 02004 104854 137278 6112/
11119 02914 10248 29092 40112
22219 00290
33311 88872 20000 32902 20002 32902 43315 20025 32918 43336
20050 32908 43390 20075 32846 20100 32682 43471 20300 30886 43457
20750 30620 43449
444 20120 22091 0132/ 522// 60381=
ZZYY 52081 21091 1900/ 100071 138039 6113/
33311 88872 20002 32919 43429 20025 32930 43432 20050 32933 43449
20075 32911 43489 20100 32862 43520 20125 32662 43549
20150 32418 43549 20200 31918 43536 20250 31577 43515
20300 31501 43510 20500 30815 43459 20750 30565 43450
444 20130 21091 1942/ 522//=
ZZYY 52081 22091 0400/ 100072 138039 6113/
33311 88872 20125 32575 43550 20150 32393 43547 20200 31919 43535
20250 31590 43512 20500 30825 43460
444 20130 22091 0352/ 522//=
ZZYY 52081 22091 0200/ 100074 138039 6112/
33311 88872 20002 32931 43420 20025 32925 43432 20050 32931 43454
20075 32845 43486 20100 32822 43542 20300 31449 43509
20750 30561 43451
444 20120 22091 0132/ 522//=
ZZYY 52087 21091 23004 107867 136491 6113/
11119 01603 10281 29085 40095
22219 00295
33311 88872 20000 32947 20002 32947 43364 20025 32948 43364
20050 32958 43373 20075 32874 43454 20100 32661 43488
20125 32449 43497 20150 32196 43494 20200 31473 43460
20250 31165 43453 20300 31007 43454 20500 30744 43449
20750 30577 43451
444 20130 21091 2241/ 522// 60381=
ZZYY 52087 21091 21004 107867 136490 6112/
11119 00503 10272 29090 40074
22219 00294
33311 88872 20000 32941 20002 32941 43360 20025 32946 43362
20050 32958 43372 20075 32860 43458 20100 32631 43488
20125 32406 43499 20150 32160 43490 20200 31444 43458
20250 31159 43452 20300 30999 43456 20500 30744 43451
20750 30581 43451
444 20120 21091 1939/ 522// 60381=
ZZYY 52087 21091 19004 107867 136490 6112/
11119 03607 10273 29087 40072
22219 00295
33311 88872 20000 32948 20002 32948 43362 20025 32949 43363
20050 32959 43374 20075 32872 43457 20100 32652 43487
20125 32415 43499 20150 32175 43494 20200 31484 43464
20250 31164 43454 20300 31001 43456 20500 30740 43451
20750 30599 43452
444 20120 21091 1939/ 522// 60381=
ZZYY 52087 21091 22004 107868 136489 6113/
11119 01202 10278 29086 40083
22219 00295
33311 88872 20000 32945 20002 32945 43362 20025 32946 43363
20050 32958 43371 20075 32867 43456 20100 32656 43487
20125 32440 43496 20150 32147 43492 20200 31436 43458
20250 31156 43452 20300 30992 43454 20500 30745 43450
20750 30572 43452
444 20130 21091 2224/ 522// 60381=
ZZYY 52087 22091 0400/ 107865 136486 6113/
33311 88872 20002 32936 43341 20025 32951 43364 20050 32955 43384
20075 32871 43456 20100 32646 43489 20300 31090 43454
20750 30585 43451
444 20130 22091 0355/ 522//=
ZZYY 52087 22091 00004 107866 136491 6113/
11119 01605 10284 29083 40102
22219 00295
33311 88872 20000 32950 20002 32950 43365 20025 32950 43365
20050 32959 43378 20075 32820 43466 20100 32641 43489
20125 32445 43494 20150 32203 43494 20200 31465 43459
20250 31173 43452 20300 31029 43455 20500 30743 43451
20750 30577 43451
444 20130 21091 2351/ 522// 60381=
ZZYY 52080 21091 19004 101997 138102 6113/
11119 02107 10280 29080 40084
22219 00290
33311 88872 20000 32896 20002 32896 43374 20025 32919 43427
20050 32894 43443 20075 32860 43499 20100 32868 43518
20125 32670 43545 20150 32556 43539 20200 31931 43507
20250 31379 43479 20300 31138 43473 20500 30758 43455
20750 30529 43452
444 20130 21091 1941/ 522// 60381=
ZZYY 52080 22091 02004 101997 138100 6112/
11119 01811 10278 29083 40107
22219 00291
33311 88872 20000 32905 20002 32905 43379 20025 32916 43428
20050 32884 43440 20075 32861 43501 20100 32860 43533
20125 32630 43540 20150 32537 43541 20200 31961 43525
20250 31399 43472 20300 31226 43473 20500 30773 43457
20750 30530 43452
444 20120 22091 0133/ 522// 60381=
ZZYY 53056 22091 0400/ 305041 095063 6113/
22219 00000
33311 88872 20000 30000 20001 32705 43406 20011 32704 43410
20021 32702 43419 20040 32701 43417 20301 31090 20501 30947
444 20130 22091 0319/ 522//=
ZZYY 53056 22091 0200/ 305041 095059 6113/
11119 10267 29081
22219 00270
33311 88872 20000 32702 20001 32702 43406 20011 32702 43411
20020 32702 43421 20040 32702 43421 20081 32136 20100 31870 43499
20120 31427 20140 31260 20200 31206 20300 31096 20500 30943
444 20130 22091 0205/ 522//=
####018006395####
SSVX02 KARS 220550
ZZYY 32641 22091 0537/ 107956 127994 6113/
22219 00301
444 20130 22091 0531/ 50101 80053 80000 9/015=
ZZYY 21898 22091 0310/ 112843 120769 6111/
11119 30100 40100 52250
22219 00277
444 20110 22091 0129/ 50101 80100 80000 9/015=
ZZYY 21898 22091 0210/ 112843 120769 6111/
11119 30106 40106 57250
22219 00271
444 20110 22091 0129/ 50101 80100 80000 9/015=
ZZYY 21898 22091 0510/ 112843 120769 6111/
11119 30077 40077 52228
22219 00299
444 20110 22091 0129/ 50101 80100 80000 9/015=
ZZYY 51964 22091 0538/ 124917 122200 6111/
22219 00277
444 20110 22091 0511/ 50101 80121 80009 9/015=
ZZYY 52614 22091 0535/ 120221 124271 6113/
22219 00290
444 20130 22091 0510/ 50101 80006 80009 9////=
ZZYY 52606 22091 0535/ 106951 132175 6112/
22219 00293
444 20120 22091 0349/ 50101 80120 80011 9/015=
ZZYY 52608 22091 0537/ 106018 133324 6112/
22219 00292
444 20120 22091 0349/ 50101 80120 80023 9/015=
ZZYY 52805 22091 0537/ 108570 132331 6112/
22219 00298
444 20120 22091 0129/ 50101 80120 80030 9/015=
ZZYY 52679 22091 0535/ 112517 138980 6112/
444 20120 22091 0507/ 50101 8//// 80023 9/015=
ZZYY 52803 22091 0537/ 105681 142425 6111/
22219 00299
444 20110 22091 0350/ 50101 80120 80017 9/015=
ZZYY 52664 22091 0535/ 110073 133122 6112/
444 20120 22091 0503/ 50101 80120 9/015=
ZZYY 53518 22091 0535/ 121012 114051 6112/
22219 00286
444 20120 22091 0512/ 50101 80138 80003 9/015=
ZZYY 52673 22091 0537/ 101710 131801 6111/
22219 00290
444 20110 22091 0530/ 50101 80120 80029 9/015=
ZZYY 53597 22091 0537/ 114689 121716 6112/
22219 00298
444 20120 22091 0510/ 50101 80094 80002 9/015=
ZZYY 52665 22091 0520/ 113395 132664 6111/
11119 30070 40070 52233
22219 00306
444 20110 22091 0531/ 50101 80120 80008 9/015=
ZZYY 52907 22091 0538/ 112407 138476 6112/
22219 00318
444 20120 22091 0508/ 50101 80120 80004 9/015=
ZZYY 52905 22091 0510/ 112313 132492 6111/
11119 30072 40072 52234
22219 00301
444 20110 22091 0508/ 50101 80110 80010 9/015=
ZZYY 53908 22091 0538/ 120621 129738 6111/
22219 00290
444 20110 22091 0509/ 50101 80138 80002 9/015=
ZZYY 53517 22091 0537/ 117632 129616 6112/
22219 00321
444 20120 22091 0508/ 50101 80094 80005 9/015=
ZZYY 52613 22091 0535/ 105682 142706 6111/
22219 00291
444 20110 22091 0503/ 50101 80120 80028 9/015=
ZZYY 22583 22091 0538/ 119443 128940 6113/
22219 00293
444 20130 22091 0509/ 50101 80140 80003 9/015=
ZZYY 52619 22091 0537/ 105378 133029 6112/
22219 00292
444 20120 22091 0530/ 50101 80120 80052 9/015=
ZZYY 41719 22091 0310/ 733341 055043 6112/
11119 40262 57003
22219 00290
444 20120 22091 0232/ 50101 80009 80000 9////=
ZZYY 42538 22091 0542/ 733484 053880 6111/
22219 00285
444 20110 22091 0428/ 50101 80100 80001 9////=
ZZYY 42547 22091 0543/ 738461 037148 6111/
22219 00237
444 20110 22091 0425/ 50101 80094 80001 9/015=
ZZYY 13567 22091 0440/ 727940 053724 6113/
11119 30237 40237 57008
22219 00281
444 20130 22091 0430/ 50101 80100 80000 9////=
ZZYY 41938 22091 0540/ 739379 035960 6111/
11119 30199 40199 57006
22219 00232
444 20110 22091 0426/ 50101 80110 80000 9////=
ZZYY 41938 22091 0440/ 739379 035960 6111/
11119 30201 40201 57007
22219 00233
444 20110 22091 0426/ 50101 80100 80000 9////=
ZZYY 44519 22091 0544/ 750867 019490 6112/
22219 00145
444 20120 22091 0539/ 50101 80140 80001 9/015=
ZZYY 13569 22091 0540/ 728587 043575 6111/
11119 30221 40221 57013
22219 00278
444 20110 22091 0428/ 50101 80100 80000 9////=
ZZYY 41960 22091 0520/ 739397 068692 6111/
11119 30240 40240
22219 00265
444 20110 22091 0430/ 50101 80110 80098 9/015=
ZZYY 41572 22091 0450/ 726130 048905 6112/
11119 30224 40224 57015
22219 00279
444 20120 22091 0430/ 50101 80110 80037 9/015=
ZZYY 41979 22091 0510/ 729964 060296 6113/
11119 30246 40246 57009
22219 00281
444 20130 22091 0430/ 50101 80110 80054 9/015=
ZZYY 44927 22091 0450/ 751730 043136 6112/
11119 30016 40016 52004
22219 00107
444 20120 21091 1905/ 50101 80138 80001 9/015=
ZZYY 41997 22091 0545/ 744043 040057 6112/
444 20120 22091 0425/ 50101 80094 80042 9/015=
ZZYY 13517 22091 0440/ 735003 017373 6112/
11119 30239 40239 57008
22219 00235
444 20120 22091 0430/ 50101 80120 80063 9/015=
ZZYY 41942 22091 0450/ 737278 046489 6113/
11119 30260 40260 57005
22219 00242
444 20130 22091 0430/ 50101 80120 80011 9/015=
ZZYY 44936 22091 0540/ 167650 000641 6112/
11119 39962 49962 57007
22219 00109
444 20120 22091 0535/ 50101 80100 80000 9/015=
ZZYY 44924 22091 0544/ 748616 033969 6111/
22219 00155
444 20110 22091 0539/ 50101 80102 9/015=
ZZYY 44930 22091 0544/ 765399 001693 6112/
444 20120 22091 0535/ 50101 80092 80099 9/015=
ZZYY 41903 22091 0545/ 736585 040746 6111/
22219 00246
444 20110 22091 0540/ 50101 80076 80003 9/015=
ZZYY 44914 22091 0545/ 734989 044228 6112/
22219 00266
444 20120 22091 0430/ 50101 80051 80007 9/015=
ZZYY 44921 22091 0545/ 738168 030197 6113/
22219 00237
444 20130 22091 0425/ 50101 80078 80001 9/015=
ZZYY 44942 22091 0540/ 761032 013288 6113/
11119 39981 49981 52018
22219 00118
444 20130 22091 0536/ 50101 80110 80000 9/015=
ZZYY 62934 22091 0545/ 729581 027480 6111/
22219 00254
444 20110 21091 2203/ 50101 80060 80010 9/015=
ZZYY 13600 22091 0500/ 733454 025795 6112/
11119 30231 40231 57007
22219 00248
444 20120 22091 0427/ 50101 80110 80013 9/015=
ZZYY 62727 22091 0543/ 741573 019733 6112/
22219 00207
444 20120 22091 0533/ 50101 80118 9/015=
ZZYY 44939 22091 0544/ 737231 037912 6111/
22219 00244
444 20110 22091 0250/ 50101 80052 80003 9/015=
ZZYY 41998 22091 0544/ 745804 041834 6112/
444 20120 22091 0426/ 50101 80068 80018 9/015=
ZZYY 41610 22091 0543/ 731655 056623 6113/
22219 00288
444 20130 22091 0430/ 50101 80094 80001 9/015=
ZZYY 44903 22091 0440/ 737015 062498 6112/
11119 30267 40267 57004
22219 00271
444 20120 22091 0428/ 50101 8//// 80000 9/015=
ZZYY 44881 22091 0544/ 736327 033130 6112/
22219 00249
444 20120 22091 0426/ 50101 80074 80001 9/015=
ZZYY 41957 22091 0510/ 733363 028379 6113/
11119 30216 40216 57008
22219 00256
444 20130 22091 0427/ 50101 80110 80032 9/015=
ZZYY 44505 22091 0540/ 745724 046306 6112/
22219 00126
444 20120 22091 0425/ 50101 9/050=
####018000237####
SSVX02 LFVW 220550
ZZYY 62777 22091 0530/ 745828 002882 6113/
22219 00190
444 20130 22091 0542/ 50101 80122 80100 9/015=
ZZYY 62777 22091 0500/ 745826 002882 6113/
22219 00191
444 20130 22091 0512/ 50101 80122 80100 9/015=
####018000545####
SSVX13 KARS 220552
ZZYY 71653 22091 0510/ 556887 031870 6111/
11119 39916 49916
22219 01016
444 20110 22091 0343/ 50101 80110 80100 9/015=
ZZYY 17655 22091 0530/ 557019 128110 6113/
11119 30093 40093 57005
22219 00030
444 20130 22091 0418/ 50101 80110 80079 9/015=
ZZYY 17655 22091 0430/ 557019 128110 6113/
11119 30091 40091 57008
22219 00030
444 20130 22091 0418/ 50101 80110 80082 9/015=
ZZYY 71665 22091 0530/ 353384 001959 6111/
11119 39901 49901
22219 01005
444 20110 22091 0315/ 50101 80110 80100 9/015=
####018006481####
SSVX02 KARS 220552
ZZYY 71642 22091 0520/ 545197 014044 6113/
11119 30199 40199 57011
444 20130 22091 0313/ 50101 80110 80059 9/015=
ZZYY 71642 22091 0420/ 545197 014044 6113/
11119 30199 40199 57007
444 20130 22091 0313/ 50101 80110 80063 9/015=
ZZYY 16604 22091 0520/ 356343 034872 6112/
22219 01002
444 20120 22091 0536/ 50101 80009 80000 9////=
ZZYY 16604 22091 0430/ 356337 034842 6113/
22219 01002
444 20130 22091 0401/ 50101 80009 80000 9////=
ZZYY 33573 22091 0510/ 350046 025473 6111/
11119 39939 49939 57025
22219 00011
444 20110 22091 0533/ 50101 80130 80002 9/015=
ZZYY 33573 22091 0410/ 350024 025468 6113/
11119 39947 49947 57022
22219 00011
444 20130 22091 0401/ 50101 80130 80001 9/015=
ZZYY 17653 22091 0530/ 337830 004840 6112/
11119 30253 40253 52004
22219 00129
444 20120 22091 0237/ 50101 80080 80008 9/015=
ZZYY 71675 22091 0520/ 550872 030666 6112/
11119 39904 49904
22219 00018
444 20120 22091 0313/ 50101 80110 80100 9/015=
ZZYY 33592 22091 0430/ 543187 016795 6113/
22219 00087
444 20130 22091 0312/ 50101 80110 80000 9/015=
ZZYY 33592 22091 0330/ 543187 016795 6113/
22219 00087
444 20130 22091 0312/ 50101 80110 80000 9/015=
ZZYY 71690 22091 0530/ 551446 024862 6111/
22219 00020
444 20110 22091 0457/ 50101 80110 80013 9/015=
ZZYY 33585 22091 0450/ 348628 025426 6111/
11119 39997 49997
22219 00028
444 20110 21091 1401/ 50101 80060 80100 9/015=
ZZYY 33683 22091 0340/ 544262 000749 6112/
11119 30180 40180 52026
22219 00078
444 20120 22091 0313/ 50101 80110 80000 9/015=
ZZYY 33886 22091 0450/ 350685 027501 6111/
11119 39986 49986
22219 00035
444 20110 22091 0359/ 50101 80090 80100 9/015=
ZZYY 55946 22091 0440/ 356138 026959 6113/
11119 39900 49900 52009
22219 00004
444 20130 22091 0402/ 50101 80100 80004 9/015=
ZZYY 33595 22091 0510/ 341086 043906 6111/
11119 30316 40316
22219 00127
444 20110 22091 0354/ 50101 80090 80100 9/015=
ZZYY 33655 22091 0510/ 547556 003650 6112/
11119 30120 40120
22219 00034
444 20120 22091 0135/ 50101 80100 80100 9/015=
ZZYY 55915 22091 0430/ 548573 003567 6111/
11119 30022 40022 57003
22219 00043
444 20110 22091 0314/ 50101 80100 80005 9/015=
ZZYY 55915 22091 0330/ 548573 003567 6111/
11119 30019 40019 57003
22219 00043
444 20110 22091 0314/ 50101 80100 80006 9/015=
ZZYY 55915 22091 0530/ 548573 003567 6111/
11119 30030 40030 52005
22219 00043
444 20110 22091 0314/ 50101 80100 80006 9/015=
ZZYY 16511 22091 0510/ 341019 025487 6112/
11119 30226 40226 57006
22219 00114
444 20120 22091 0359/ 50101 80110 80000 9/015=
ZZYY 33579 22091 0450/ 551453 013475 6113/
11119 30088 40088
22219 00016
444 20130 22091 0315/ 50101 80110 80100 9/015=
ZZYY 33582 22091 0510/ 349484 000207 6111/
11119 39980 49980 52022
22219 00037
444 20110 22091 0537/ 50101 80110 80014 9/015=
ZZYY 33582 22091 0410/ 349484 000207 6111/
11119 39964 49964 57004
22219 00035
444 20110 22091 0537/ 50101 80110 80006 9/015=
ZZYY 33883 22091 0520/ 349132 032270 6111/
11119 30026 40026
22219 00024
444 20110 22091 0533/ 50101 80100 80100 9/015=
ZZYY 33555 22091 0420/ 339672 006466 6112/
11119 30200 40200 57001
22219 00121
444 20120 22091 0236/ 50101 80100 80046 9/015=
ZZYY 33555 22091 0320/ 339672 006466 6112/
11119 30196 40196 57011
22219 00121
444 20120 22091 0236/ 50101 80100 80081 9/015=
ZZYY 55593 22091 0430/ 546617 145031 6112/
11119 30114 40114 52018
22219 00086
444 20120 22091 0422/ 50101 80100 80000 9/015=
ZZYY 33535 22091 0510/ 550686 136233 6112/
22219 00075
444 20120 22091 0422/ 50101 80009 80000 9////=
ZZYY 55948 22091 0530/ 562706 123566 6111/
22219 00008
444 20110 22091 0543/ 50101 8//// 80000 9////=
ZZYY 55948 22091 0430/ 562688 123601 6113/
22219 00008
444 20130 22091 0418/ 50101 8//// 80000 9////=
ZZYY 55934 22091 0450/ 557574 114678 6112/
22219 00044
444 20120 22091 0420/ 50101 8//// 80000 9////=
ZZYY 54901 22091 0510/ 543127 153273 6112/
11119 30128 40128 57002
22219 00104
444 20120 22091 0424/ 50101 80080 80008 9/015=
ZZYY 71640 22091 0500/ 557187 118366 6112/
22219 00027
444 20120 22091 0420/ 50101 80009 80000 9////=
ZZYY 71606 22091 0440/ 556926 118335 6112/
22219 00031
444 20120 22091 0420/ 50101 80010 80000 9////=
ZZYY 71606 22091 0540/ 556912 118339 6111/
22219 00029
444 20110 22091 0544/ 50101 80010 80000 9////=
ZZYY 33656 22091 0510/ 348208 030029 6112/
11119 30046 40046
22219 00075
444 20120 22091 0401/ 50101 80110 80100 9/015=
ZZYY 71616 22091 0540/ 561243 130754 6113/
11119 40127 57021
22219 01003
444 20130 22091 0419/ 50101 80010 80000 9////=
ZZYY 71568 22091 0500/ 560023 116499 6113/
11119 40059 57022
22219 00014
444 20130 22091 0418/ 50101 80009 80000 9////=
ZZYY 71611 22091 0500/ 558298 121901 6112/
11119 40059 57004
22219 00011
444 20120 22091 0419/ 50101 80010 80000 9////=
ZZYY 33628 22091 0500/ 547961 137479 6113/
22219 00079
444 20130 22091 0422/ 50101 80010 80004 9////=
ZZYY 55910 22091 0510/ 553481 112163 6111/
11119 39914 49914 57011
22219 00053
444 20110 22091 0420/ 50101 80100 80000 9/015=
ZZYY 71671 22091 0540/ 553107 038838 6112/
11119 39881 49881
22219 00004
444 20120 22091 0456/ 50101 80110 80000 9/015=
ZZYY 71667 22091 0540/ 556651 023082 6111/
11119 39987 49987
22219 01004
444 20110 22091 0408/ 50101 80110 80100 9/015=
ZZYY 71576 22091 0500/ 552945 043482 6112/
11119 39972 49972 52003
22219 00007
444 20120 22091 0344/ 50101 80110 80034 9/015=
ZZYY 33517 22091 0530/ 554566 031328 6113/
11119 39841 49841
22219 01011
444 20130 22091 0456/ 50101 80100 80100 9/015=
ZZYY 16942 22091 0540/ 559023 118560 6111/
11119 30046 40046 57016
22219 00013
444 20110 22091 0543/ 50101 80090 80000 9/015=
ZZYY 16942 22091 0440/ 559026 118562 6112/
11119 30052 40052 57013
22219 00013
444 20120 22091 0419/ 50101 80090 80000 9/015=
ZZYY 56570 22091 0450/ 558958 129642 6113/
11119 30127 40127 52011
22219 00022
444 20130 22091 0420/ 50101 80100 80007 9/015=
ZZYY 54928 22091 0510/ 542440 153662 6112/
22219 00107
444 20120 22091 0304/ 50101 80110 80008 9/015=
ZZYY 34545 22091 0510/ 548489 143200 6113/
11119 40173 57050
22219 00085
444 20130 22091 0422/ 50101 80010 80010 9////=
ZZYY 34905 22091 0500/ 550910 149600 6112/
22219 00067
444 20120 22091 0421/ 50101 80010 80004 9////=
####018000155####
SSVX13 LFVW 220552
ZZYY 56506 22091 0500/ 554232 131429 6112/
11119 30120 40120 52006
22219 00066
444 20120 22091 0421/ 50101 80060 80005 9/015=
####018000237####
SSVX02 LFVW 220552
ZZYY 62774 22091 0530/ 745961 004621 6113/
22219 00189
444 20130 22091 0546/ 50101 80115 80048 9/050=
ZZYY 62774 22091 0500/ 745963 004622 6113/
22219 00189
444 20130 22091 0516/ 50101 80115 80048 9/050=
