####018000413####
SSVX06 KARS 211415
ZZYY 47558 21091 1409/ 773759 081739 6112/
444 20120 21091 1356/ 500// 9/000=
ZZYY 48506 21091 1410/ 779547 119122 6111/
444 20110 21091 1355/ 500//=
ZZYY 48506 21091 1408/ 779547 119122 6111/
444 20110 21091 1355/ 500//=
ZZYY 48505 21091 1410/ 780184 127761 6111/
444 20110 21091 1354/ 500//=
ZZYY 47553 21091 1408/ 779336 103386 6112/
444 20120 21091 1354/ 500// 9/000=
####018000111####
SSVX07 KARS 211415
ZZYY 48534 21091 1410/ 783366 046256 6112/
11119 11129 40172
444 20120 21091 1353/=
####018000567####
SSVX08 KARS 211415
ZZYY 13010 20091 12004 500011 000001 6111/
11119 01906 10253 29078
22219 00263
33311 88872 20000 32631 20001 32612 20020 32604 43539
20040 32366 43563 20060 31885 20080 31716 20100 31621
20120 31536 43559 20140 31509 20180 31486 20300 31042 20500 30760
444 20110 20091 1245/ 521// 60001=
ZZYY 15002 20091 1200/ 700013 009867 6112/
33311 88872 20001 32424 20020 32394 43578 20040 32346 43579
20060 32135 43585 20080 31923 20100 31693 20120 31534 20140 31500
20180 31413 20300 31075 20500 30742
444 20120 20091 1043/ 521//=
####018006915####
SSVX02 KARS 211415
ZZYY 15904 21091 1345/ 310832 007213 6112/
22219 00207
444 20120 21091 1228/ 50101 80152 9/015=
ZZYY 15942 21091 1354/ 305301 004542 6111/
22219 00247
444 20110 21091 1342/ 50101 80152 80007 9/015=
ZZYY 15929 21091 1354/ 306946 005045 6112/
22219 00230
444 20120 21091 1228/ 50101 80140 80008 9/015=
ZZYY 13570 21091 1300/ 737722 030862 6112/
11119 30254 40254 52002
22219 00236
444 20120 21091 1218/ 50101 80120 80063 9/015=
ZZYY 13570 21091 1400/ 737721 030861 6112/
11119 30249 40249 57007
22219 00237
444 20120 21091 1404/ 50101 80120 80066 9/015=
ZZYY 44514 21091 1410/ 749257 022135 6111/
22219 00149
444 20110 21091 1405/ 50101 80142 80001 9/015=
ZZYY 44513 21091 1409/ 750893 033850 6112/
22219 00131
444 20120 21091 1405/ 50101 80142 80005 9/015=
ZZYY 44516 21091 1410/ 749045 026282 6112/
22219 00153
444 20120 21091 1405/ 50101 80140 80000 9/015=
ZZYY 44515 21091 1408/ 745227 025890 6111/
22219 00170
444 20110 21091 1405/ 50101 80142 80009 9/015=
ZZYY 44932 21091 1410/ 750857 025307 6112/
22219 00142
444 20120 21091 1359/ 50101 80142 80004 9/015=
ZZYY 44518 21091 1409/ 743140 022878 6112/
22219 00202
444 20120 21091 1356/ 50101 80142 80001 9/015=
ZZYY 44913 21091 1400/ 758843 016776 6112/
11119 39893 49893 52006
22219 00121
444 20120 21091 1405/ 50101 80100 80000 9/015=
ZZYY 44885 21091 1320/ 744743 033082 6111/
11119 30254 40254 57027
22219 00188
444 20110 21091 1247/ 50101 80110 80032 9/015=
ZZYY 44517 21091 1409/ 751850 020122 6112/
22219 00136
444 20120 21091 1405/ 50101 80142 80012 9/015=
ZZYY 44845 21091 1400/ 757528 007617 6113/
11119 39945 49945 52006
22219 00119
444 20130 21091 1404/ 50101 80110 80004 9/015=
ZZYY 41938 21091 1340/ 739399 036064 6112/
11119 30241 40241 57001
22219 00237
444 20120 21091 1403/ 50101 80110 80000 9////=
ZZYY 41938 21091 1240/ 739390 036060 6113/
11119 30242 40242 57001
22219 00236
444 20130 21091 1218/ 50101 80100 80000 9////=
ZZYY 44519 21091 1407/ 750801 019640 6112/
22219 00147
444 20120 21091 1358/ 50101 80140 80002 9/015=
ZZYY 44848 21091 1240/ 760718 001116 6113/
11119 39936 49936 57029
22219 00116
444 20130 21091 1250/ 50101 80110 80042 9/015=
ZZYY 44848 21091 1340/ 760718 001116 6113/
11119 39927 49927 57028
22219 00116
444 20130 21091 1250/ 50101 80100 80018 9/015=
ZZYY 44926 21091 1350/ 746893 029604 6111/
11119 30235 40235 57013
22219 00152
444 20110 21091 1359/ 50101 80138 80001 9/015=
ZZYY 44925 21091 1350/ 749144 023517 6111/
11119 30230 40230 52003
22219 00143
444 20110 21091 1400/ 50101 80138 80002 9/015=
ZZYY 41997 21091 1404/ 744117 040389 6113/
444 20130 21091 1217/ 50101 80094 80028 9/015=
ZZYY 62729 21091 1407/ 739789 026296 6112/
22219 00219
444 20120 21091 1150/ 50101 80116 80017 9/015=
ZZYY 41608 21091 1310/ 741397 035524 6111/
11119 30236 40236 57009
22219 00225
444 20110 21091 1218/ 50101 80110 80016 9/015=
ZZYY 62725 21091 1407/ 742317 020323 6113/
22219 00205
444 20130 21091 1358/ 50101 80118 80019 9/015=
ZZYY 41914 21091 1406/ 739314 036326 6113/
22219 00239
444 20130 21091 1217/ 50101 80116 80017 9/015=
ZZYY 62726 21091 1406/ 736215 019033 6113/
22219 00232
444 20130 21091 1358/ 50101 80120 80012 9/015=
ZZYY 44924 21091 1409/ 748634 034164 6113/
22219 00155
444 20130 21091 1405/ 50101 80102 9/015=
ZZYY 44930 21091 1409/ 765103 001382 6111/
444 20110 21091 1353/ 50101 80092 80099 9/015=
ZZYY 44930 21091 1407/ 765103 001382 6111/
444 20110 21091 1353/ 50101 80092 80099 9/015=
ZZYY 44844 21091 1400/ 742313 036614 6112/
11119 30212 40212 57018
22219 00212
444 20120 21091 1217/ 50101 80120 80027 9/015=
ZZYY 62722 21091 1350/ 738491 024542 6112/
11119 30257 40257 57014
22219 00229
444 20120 21091 1357/ 50101 80110 80032 9/015=
ZZYY 44921 21091 1404/ 738131 030158 6112/
22219 00240
444 20120 21091 1158/ 50101 80080 80001 9/015=
ZZYY 62723 21091 1407/ 740055 030201 6112/
22219 00222
444 20120 21091 1359/ 50101 80079 80007 9/015=
ZZYY 41613 21091 1350/ 748131 026696 6111/
11119 30245 40245 57005
22219 00154
444 20110 21091 1405/ 50101 80120 80003 9/015=
ZZYY 41613 21091 1250/ 748133 026745 6112/
11119 30246 40246 57003
22219 00155
444 20120 21091 1216/ 50101 80120 80002 9/015=
ZZYY 44894 21091 1405/ 742217 033391 6111/
22219 00209
444 50101 80078 80004 9/015=
ZZYY 63964 21091 1408/ 173733 023060 6111/
444 20110 21091 1406/ 50101 80009 80015 9/015=
ZZYY 63964 21091 1406/ 173735 023063 6112/
444 50101 80009 80015 9/015=
ZZYY 63951 21091 1408/ 765627 001329 6113/
22219 00107
444 20130 21091 1406/ 50101 80008 80008 9/015=
ZZYY 63951 21091 1407/ 765629 001326 6111/
22219 00107
444 20110 21091 1405/ 50101 80008 80008 9/015=
ZZYY 63948 21091 1407/ 175339 035645 6111/
22219 00056
444 20110 21091 1352/ 50101 80008 80005 9/015=
ZZYY 63948 21091 1406/ 175339 035645 6111/
22219 00056
444 20110 21091 1352/ 50101 80008 80005 9/015=
ZZYY 44881 21091 1404/ 736307 033033 6111/
444 20110 21091 1218/ 50101 80074 80003 9/015=
ZZYY 63577 21091 1408/ 175247 067796 6113/
22219 00065
444 20130 21091 1332/ 50101 80009 80004 9/015=
ZZYY 63577 21091 1407/ 175247 067796 6113/
22219 00065
444 20130 21091 1332/ 50101 80009 80004 9/015=
ZZYY 63583 21091 1407/ 172489 046807 6112/
22219 00081
444 20120 21091 1352/ 50101 80007 80005 9/015=
ZZYY 63583 21091 1406/ 172489 046807 6112/
22219 00081
444 20120 21091 1352/ 50101 80007 80005 9/015=
ZZYY 41957 21091 1310/ 733289 028517 6111/
11119 30223 40223 52002
22219 00258
444 20110 21091 1358/ 50101 80110 80040 9/015=
ZZYY 44904 21091 1330/ 746807 028026 6113/
11119 30249 40249 57011
22219 00166
444 20130 21091 1405/ 50101 80130 80001 9/015=
ZZYY 44904 21091 1230/ 746806 028086 6112/
11119 30253 40253 57009
22219 00166
444 20120 21091 1216/ 50101 80130 80001 9/015=
ZZYY 44911 21091 1320/ 753485 012416 6112/
11119 30095 40095 52020
444 20120 21091 1245/ 50101 80123 80002 9/015=
ZZYY 63966 21091 1407/ 171458 015276 6111/
22219 00104
444 20110 21091 1405/ 50101 80009 80004 9/015=
ZZYY 63966 21091 1406/ 171458 015276 6111/
22219 00104
444 50101 80009 80004 9/015=
ZZYY 44562 21091 1400/ 757674 008338 6111/
22219 00130
444 20110 21091 1333/ 50101 80110 80000 9/015=
ZZYY 44831 21091 1400/ 755920 013313 6111/
11119 30020 40020 52023
22219 00133
444 20110 21091 1353/ 50101 80110 80008 9/015=
ZZYY 64930 21091 1400/ 776453 000514 6112/
22219 00047
33311 88872 20000 30470 43491
444 20120 21091 1335/ 50101 80011 80100 9////=
ZZYY 63579 21091 1406/ 168995 046999 6112/
22219 00085
444 20120 21091 1404/ 50101 80007 80003 9////=
ZZYY 63584 21091 1407/ 777775 001995 6113/
22219 00044
444 20130 21091 1353/ 50101 80007 80012 9/015=
####018000143####
SSVX02 CWAO 211400
ZZYY 23566 21091 1400/ 100042 074245 6113/ 11119 40120 52019 22219 00295 444 20130 21091 1400/ 50501 80132 80005 9/010=
####018000146####
SSVX13 LFPW 211400
ZZYY 16548 21091 1400/ 348652 067519 6113/ 11119 49942 52008 22219
 00031 444 20130 21091 1400/ 50101 80144 80027 9/015=
####018000146####
SSVX13 LFPW 211400
ZZYY 16539 21091 1400/ 345793 119306 6113/ 11119 49933 57058 22219
 00100 444 20130 21091 1400/ 50101 80134 80011 9/015=
####018000146####
SSVX13 LFPW 211400
ZZYY 16533 21091 1400/ 347225 060900 6113/ 11119 49972 52012 22219
 00047 444 20130 21091 1400/ 50101 80144 80029 9/015=
####018000146####
SSVX13 LFPW 211400
ZZYY 16537 21091 1400/ 339932 101185 6113/ 11119 40140 57017 22219
 00120 444 20130 21091 1400/ 50101 80134 80008 9/015=
####018000146####
SSVX13 LFPW 211400
ZZYY 16545 21091 1400/ 349288 089278 6113/ 11119 40027 52012 22219
 00072 444 20130 21091 1400/ 50101 80136 80005 9/015=
####018000146####
SSVX13 LFPW 211400
ZZYY 16541 21091 1400/ 340335 105428 6113/ 11119 49972 54000 22219
 00113 444 20130 21091 1400/ 50101 80132 80005 9/015=
####018000146####
SSVX13 LFPW 211400
ZZYY 16546 21091 1400/ 345219 106047 6113/ 11119 40100 57010 22219
 00104 444 20130 21091 1400/ 50101 80136 80010 9/015=
####018000146####
SSVX13 LFPW 211400
ZZYY 16540 21091 1400/ 348292 113642 6113/ 11119 40076 52023 22219
 00069 444 20130 21091 1400/ 50101 80134 80003 9/015=
####018000146####
SSVX02 CWAO 211400
ZZYY 23566 21091 1400/ 100042 074245 6113/ 11119 40120 52019 22219 00295 444 20130 21091 1400/ 50501 80132 80005 9/010=

####018000237####
SSVX02 LFVW 211414
ZZYY 61793 21091 1400/ 140579 001602 6113/
22219 00248
444 20130 21091 1405/ 50101 80110 80021 9/050=
ZZYY 61793 21091 1330/ 140581 001603 6113/
22219 00248
444 20130 21091 1335/ 50101 80110 80022 9/050=
####018000129####
SSVX13 LFVW 211414
ZZYY 56547 21091 1320/ 533200 091963 6111/
22219 00151
444 20110 21091 1401/ 50101 80100 80000 9/015=
####018000265####
SSVX07 LFVW 211414
ZZYY 66863 21091 1400/ 154569 018823 6113/
11119 40190 57017
22219 01050
444 20130 21091 1201/ 504// 80070 80024=
ZZYY 66863 21091 1300/ 154569 018823 6113/
11119 40195 57017
22219 01050
444 20130 21091 1201/ 504// 80070 80029=
####018000146####
SSVX13 LFPW 211400
ZZYY 16549 21091 1400/ 345219 080470 6113/ 11119 40101 57009 22219
 00049 444 20130 21091 1400/ 50101 80146 80013 9/015=
####018000146####
SSVX13 LFPW 211400
ZZYY 25617 21091 1400/ 182603 111872 6113/ 11119 40093 57006 22219
 01046 444 20130 21091 1400/ 50101 80152 80000 9/015=
####018000146####
SSVX13 LFPW 211400
ZZYY 16544 21091 1400/ 348055 107031 6113/ 11119 40078 57008 22219
 00062 444 20130 21091 1400/ 50101 80130 80006 9/015=
####018000146####
SSVX13 LFPW 211400
ZZYY 16531 21091 1400/ 341713 066564 6113/ 11119 40106 57003 22219
 00073 444 20130 21091 1400/ 50101 80144 80008 9/015=
####018000146####
SSVX13 LFPW 211400
ZZYY 16534 21091 1400/ 349670 060768 6113/ 11119 49867 52009 22219
 00036 444 20130 21091 1400/ 50101 80144 80005 9/015=
####018000146####
SSVX13 LFPW 211400
ZZYY 16532 21091 1400/ 346523 059277 6113/ 11119 40001 52018 22219
 00080 444 20130 21091 1400/ 50101 80144 80048 9/015=
####018000146####
SSVX13 LFPW 211400
ZZYY 16543 21091 1400/ 337855 094547 6113/ 11119 40192 52005 22219
 00123 444 20130 21091 1400/ 50101 80132 80006 9/015=
####018000146####
SSVX13 LFPW 211400
ZZYY 23583 21091 1400/ 318782 069110 6113/ 11119 40210 52009 22219
 00235 444 20130 21091 1400/ 50101 80122 80005 9/015=
####018000146####
SSVX13 LFPW 211400
ZZYY 16535 21091 1400/ 347466 081777 6113/ 11119 40052 57010 22219
 00047 444 20130 21091 1400/ 50101 80138 80018 9/015=
####018000146####
SSVX13 LFPW 211400
ZZYY 48602 21091 1400/ 785006 129252 6113/ 11119 40007 57006 22219
 01050 444 20130 21091 1400/ 50101 80146 80002 9/015=
####018000146####
SSVX13 LFPW 211400
ZZYY 14534 21091 1400/ 304932 044275 6113/ 11119 40122 57003 22219
 00270 444 20130 21091 1400/ 50101 80108 80003 9/015=
####018000146####
SSVX13 LFPW 211400
ZZYY 16542 21091 1400/ 344334 105945 6113/ 11119 40110 57013 22219
 00106 444 20130 21091 1400/ 50101 80136 80010 9/015=
####018000146####
SSVX13 LFPW 211400
ZZYY 23584 21091 1400/ 306131 077925 6113/ 11119 40135 52021 22219
 00286 444 20130 21091 1400/ 50101 80106 80005 9/015=
####018000146####
SSVX13 LFPW 211400
ZZYY 14535 21091 1400/ 314828 056964 6113/ 11119 40173 52012 22219
 00254 444 20130 21091 1400/ 50101 80104 80010 9/015=
####018001251####
SSVX02 KARS 211417
ZZYY 44514 21091 1326/ 749257 022135 6111/
22219 00149
444 20110 21091 1405/ 50101 80142 80001 9/015=
ZZYY 44513 21091 1324/ 750890 033847 6111/
444 20110 21091 1325/ 50101 80142 9/015=
ZZYY 44516 21091 1326/ 749025 026265 6111/
22219 00153
444 50101 80140 80069 9/015=
ZZYY 44932 21091 1326/ 750857 025307 6112/
22219 00141
444 20120 21091 1359/ 50101 80142 80005 9/015=
ZZYY 44930 21091 1326/ 765095 001364 6112/
444 20120 21091 1320/ 50101 80092 80099 9/015=
ZZYY 44519 21091 1326/ 750801 019640 6112/
22219 00147
444 20120 21091 1358/ 50101 80140 80002 9/015=
ZZYY 63964 21091 1325/ 173727 023064 6112/
444 20120 21091 1318/ 50101 80007 80018 9/015=
ZZYY 63951 21091 1325/ 765626 001333 6112/
22219 00107
444 20120 21091 1319/ 50101 80007 80012 9/015=
ZZYY 63948 21091 1324/ 175340 035653 6113/
22219 00056
444 20130 21091 1318/ 50101 80007 80007 9/015=
ZZYY 63583 21091 1323/ 172487 046813 6113/
22219 00081
444 20130 21091 1317/ 50101 80009 80006 9/015=
ZZYY 63584 21091 1326/ 777774 001992 6112/
22219 00044
444 20120 21091 1319/ 50101 80008 80012 9/015=
ZZYY 63966 21091 1324/ 171455 015304 6113/
22219 00104
444 20130 21091 1319/ 50101 80008 80005 9/015=
####018000447####
SSVX06 KARS 211417
ZZYY 47558 21091 1327/ 773760 081747 6111/
444 20110 21091 1325/ 500// 9/000=
ZZYY 48506 21091 1326/ 779553 119147 6111/
11119 40042
444 20110 21091 1322/ 500//=
ZZYY 47554 21091 1324/ 774297 111584 6112/
444 20120 21091 1333/ 500// 9/000=
ZZYY 48505 21091 1326/ 780180 127793 6111/
11119 40024
444 20110 21091 1320/ 500//=
ZZYY 47553 21091 1326/ 779342 103422 6111/
444 20110 21091 1322/ 500// 9/000=
####018000885####
SSVX02 LFVW 211416
ZZYY 62775 21091 1400/ 743842 002108 6113/
22219 00218
444 20130 21091 1403/ 50101 80116 80046 9/015=
ZZYY 62775 21091 1330/ 743844 002105 6113/
22219 00219
444 20130 21091 1333/ 50101 80116 80040 9/015=
ZZYY 62773 21091 1400/ 747140 004957 6113/
22219 00166
444 20130 21091 1404/ 50101 80115 80054 9/050=
ZZYY 62773 21091 1330/ 747140 004956 6113/
22219 00166
444 20130 21091 1334/ 50101 80115 80052 9/050=
ZZYY 62774 21091 1400/ 745975 004609 6113/
22219 00197
444 20130 21091 1405/ 50101 80115 80043 9/050=
ZZYY 62774 21091 1330/ 745975 004610 6113/
22219 00195
444 20130 21091 1335/ 50101 80115 80041 9/050=
ZZYY 62772 21091 1330/ 743933 001838 6113/
22219 00220
444 20130 21091 1354/ 50101 80115 80054 9/050=
ZZYY 62772 21091 1300/ 743933 001839 6113/
22219 00220
444 20130 21091 1324/ 50101 80115 80054 9/050=
####018007603####
SSVX02 KARS 211419
ZZYY 42547 21091 1328/ 738414 037196 6113/
22219 00237
444 20130 21091 1217/ 50101 80094 80001 9/015=
ZZYY 44514 21091 1330/ 749257 022135 6111/
22219 00149
444 20110 21091 1405/ 50101 80142 80001 9/015=
ZZYY 44513 21091 1330/ 750890 033847 6111/
22219 00132
444 20110 21091 1325/ 50101 80142 80011 9/015=
ZZYY 44516 21091 1329/ 749025 026265 6111/
22219 00153
444 20110 21091 1325/ 50101 80140 80069 9/015=
ZZYY 44515 21091 1329/ 745227 025890 6111/
22219 00169
444 20110 21091 1405/ 50101 80142 80010 9/015=
ZZYY 44932 21091 1330/ 750857 025307 6112/
22219 00141
444 20120 21091 1359/ 50101 80142 80005 9/015=
ZZYY 44518 21091 1329/ 743140 022878 6112/
22219 00202
444 20120 21091 1356/ 50101 80142 80002 9/015=
ZZYY 44517 21091 1329/ 751850 020122 6112/
22219 00136
444 20120 21091 1405/ 50101 80142 80008 9/015=
ZZYY 44519 21091 1329/ 750801 019640 6112/
22219 00147
444 20120 21091 1358/ 50101 80140 80002 9/015=
ZZYY 41555 21091 1300/ 734609 024573 6111/
11119 30235 40235
22219 00253
444 20110 21091 1245/ 50101 80100 80000 9/015=
ZZYY 42508 21091 1330/ 735799 049333 6111/
22219 00273
444 20110 21091 1217/ 50101 80126 80001 9/015=
ZZYY 41997 21091 1330/ 744117 040389 6113/
444 20130 21091 1217/ 50101 80094 80028 9/015=
ZZYY 62725 21091 1330/ 742317 020323 6113/
22219 00205
444 20130 21091 1358/ 50101 80118 80019 9/015=
ZZYY 44844 21091 1300/ 742313 036614 6112/
11119 30219 40219 57015
22219 00211
444 20120 21091 1217/ 50101 80120 80031 9/015=
ZZYY 41903 21091 1330/ 736690 040743 6112/
22219 00248
444 20120 21091 1218/ 50101 80074 80003 9/015=
ZZYY 41606 21091 1329/ 735404 041623 6113/
22219 00264
444 20130 21091 1218/ 50101 80037 80006 9/015=
ZZYY 44914 21091 1330/ 735055 044432 6113/
22219 00270
444 20130 21091 1217/ 50101 80075 80005 9/015=
ZZYY 44894 21091 1329/ 742217 033391 6111/
22219 00209
444 20110 21091 1405/ 50101 80078 80004 9/015=
ZZYY 63951 21091 1328/ 765628 001334 6112/
22219 00107
444 20120 21091 1334/ 50101 80007 80012 9/015=
ZZYY 44881 21091 1330/ 736307 033033 6111/
22219 00251
444 20110 21091 1218/ 50101 80074 80003 9/015=
ZZYY 33581 21091 1400/ 545795 023391 6112/
11119 30173 40173
22219 00065
444 20120 21091 1107/ 50101 80110 80100 9/015=
ZZYY 15677 21091 1410/ 514657 024234 6111/
22219 00240
444 20110 21091 1025/ 50101 80128 80001 9/015=
ZZYY 71671 21091 1340/ 553145 039042 6113/
11119 39930 49930
22219 00005
444 20130 21091 1213/ 50101 80110 80000 9/015=
ZZYY 71677 21091 1320/ 546966 028692 6111/
11119 30144 40144
22219 00040
444 20110 21091 1212/ 50101 80110 80100 9/015=
ZZYY 15928 21091 1410/ 513129 029846 6111/
22219 00251
444 20110 21091 1208/ 50101 80126 80001 9/015=
ZZYY 33575 21091 1340/ 542555 028330 6112/
11119 30212 40212
22219 00102
444 20120 21091 1211/ 50101 80110 80000 9/015=
ZZYY 15912 21091 1410/ 303660 003693 6112/
22219 00243
444 20120 21091 1227/ 50101 80152 80006 9/015=
ZZYY 17513 21091 1320/ 535568 012581 6111/
11119 30221 40221 57013
22219 00154
444 20110 21091 1339/ 50101 8//// 80000 9////=
ZZYY 15942 21091 1411/ 305301 004542 6111/
22219 00247
444 20110 21091 1342/ 50101 80152 80006 9/015=
ZZYY 15929 21091 1409/ 306946 005045 6112/
22219 00230
444 20120 21091 1228/ 50101 80140 80007 9/015=
ZZYY 31926 21091 1405/ 533074 006206 6112/
22219 00173
444 20120 21091 1340/ 50101 80007 80024 9////=
ZZYY 31708 21091 1410/ 331538 009995 6112/
22219 00167
444 20120 21091 1404/ 50101 80006 80028 9////=
ZZYY 31537 21091 1410/ 532170 020921 6112/
22219 00160
444 20120 21091 1212/ 50101 80043 80017 9/015=
ZZYY 15501 21091 1400/ 528676 011472 6113/
11119 30245 40245 57011
444 20130 21091 1026/ 50101 80110 80000 9/015=
ZZYY 17657 21091 1320/ 524353 011771 6113/
11119 30235 40235 57010
22219 00201
444 20130 21091 1025/ 50101 8//// 80008 9/015=
ZZYY 17509 21091 1350/ 529002 010731 6111/
11119 30240 40240
22219 00189
444 20110 21091 1341/ 50101 80080 80094 9/015=
ZZYY 15604 21091 1408/ 525108 030949 6113/
22219 00213
444 20130 21091 1210/ 50101 80119 80011 9/015=
ZZYY 31528 21091 1410/ 531919 032219 6111/
22219 00179
444 20110 21091 1210/ 50101 80340 80000 9/015=
ZZYY 33660 21091 1340/ 546658 024637 6112/
22219 00043
444 20120 21091 1036/ 50101 80110 80100 9/015=
ZZYY 31519 21091 1320/ 526930 013759 6113/
11119 30208 40208 57005
22219 00191
444 20130 21091 1026/ 50101 80080 80000 9/015=
ZZYY 33907 21091 1400/ 533835 003055 6112/
11119 30278 40278 57013
22219 00155
444 20120 21091 1340/ 50101 8//// 80000 9////=
ZZYY 15635 21091 1407/ 527923 029051 6113/
22219 00191
444 20130 21091 1209/ 50101 80086 80002 9/015=
ZZYY 33592 21091 1330/ 543240 016963 6111/
22219 00087
444 20110 21091 1357/ 50101 80110 80000 9/015=
ZZYY 15634 21091 1409/ 529293 017339 6112/
22219 00198
444 20120 21091 1027/ 50101 80096 80000 9/015=
ZZYY 33691 21091 1409/ 527602 002101 6113/
22219 00185
444 20130 21091 1340/ 50101 80070 80000 9/015=
ZZYY 17662 21091 1400/ 526518 026213 6112/
11119 30236 40236 57009
22219 00200
444 20120 21091 1210/ 50101 80100 80007 9/015=
ZZYY 15923 21091 1400/ 514836 021474 6113/
11119 30185 40185 57019
22219 00235
444 20130 21091 1208/ 50101 80120 80014 9/015=
ZZYY 33558 21091 1400/ 328840 007797 6113/
11119 30263 40263 57009
22219 00166
444 20130 21091 1340/ 50101 80110 80006 9/015=
ZZYY 15620 21091 1410/ 326884 000229 6111/
11119 30261 40261 57016
22219 00179
444 20110 21091 1406/ 50101 80077 80017 9/015=
ZZYY 31905 21091 1409/ 534229 011702 6113/
22219 00156
444 20130 21091 1028/ 50101 8//// 80002 9/015=
ZZYY 15601 21091 1410/ 522812 026485 6112/
22219 00219
444 20120 21091 1059/ 50101 80049 80033 9/015=
ZZYY 31784 21091 1320/ 533034 026051 6113/
11119 30257 40257 57002
22219 00170
444 20130 21091 1210/ 50101 80050 80004 9/015=
ZZYY 15945 21091 1410/ 505758 017576 6111/
22219 00252
444 20110 21091 1204/ 50101 80084 80009 9/015=
ZZYY 15904 21091 1410/ 310832 007213 6112/
22219 00207
444 20120 21091 1228/ 50101 80152 80007 9/015=
ZZYY 71690 21091 1330/ 551373 025288 6112/
22219 00021
444 20120 21091 1214/ 50101 80110 80012 9/015=
ZZYY 15924 21091 1400/ 517016 016608 6112/
11119 30195 40195 57020
22219 00218
444 20120 21091 0919/ 50101 80140 80017 9/015=
ZZYY 31921 21091 1410/ 534453 017643 6111/
22219 00159
444 20110 21091 1405/ 50101 80061 80025 9////=
ZZYY 17677 21091 1330/ 521145 017131 6111/
11119 30214 40214 57007
22219 00220
444 20110 21091 1025/ 50101 80110 80000 9/015=
ZZYY 31758 21091 1410/ 527795 033216 6112/
22219 00189
444 20120 21091 1209/ 50101 80006 80046 9/015=
ZZYY 15508 21091 1340/ 332192 013419 6112/
11119 30278 40278 57007
22219 00181
444 20120 20091 1543/ 50101 80050 80000 9/015=
ZZYY 71626 21091 1350/ 526454 002356 6111/
11119 30261 40261 57016
22219 00187
444 20110 21091 1339/ 50101 80100 80009 9/015=
ZZYY 33996 21091 1400/ 345050 005029 6112/
11119 40069 52223
22219 00069
444 2012/ 21091 1358/ 50101 80081 80002 9/015=
ZZYY 33992 21091 1400/ 547178 022298 6111/
11119 40141 57235
22219 00048
444 2011/ 21091 1214/ 50101 80084 80000 9/015=
ZZYY 33992 21091 1300/ 547178 022298 6111/
11119 40137 57229
22219 00047
444 2011/ 21091 1214/ 50101 80084 80001 9/015=
ZZYY 33991 21091 1400/ 343687 000434 6112/
11119 40090 52226
22219 00090
444 2012/ 21091 1333/ 50101 80104 80062 9/015=
####018001397####
SSVX08 KARS 211419
ZZYY 31007 20091 1200/ 700020 023002 6112/
33311 88872 20001 32587 43591 20020 32579 43593 20040 32521 43596
20080 32335 20100 32033 20120 31760 20140 31528 20180 31391
20300 31187 20500 30742
444 20120 20091 1044/ 521//=
ZZYY 15006 20091 1200/ 506038 010002 6111/
33311 88872 20001 32442 43619 20020 32429 43619 20040 32429 43624
20080 31958 20100 31643 20120 31387 20140 31251 20180 31085
20300 30923
444 20110 20091 1044/ 521//=
ZZYY 15002 20091 1200/ 700013 009867 6112/
33311 88872 20001 32424 20020 32394 43578 20040 32346 43579
20060 32135 43585 20080 31923 20100 31693 20120 31534 20140 31500
20180 31413 20300 31075 20500 30742
444 20120 20091 1043/ 521//=
ZZYY 13010 20091 12004 500011 000001 6111/
11119 01906 10253 29078
22219 00263
33311 88872 20000 32631 20001 32612 20020 32604 43539
20040 32366 43563 20060 31885 20080 31716 20100 31621
20120 31536 43559 20140 31509 20180 31486 20300 31042 20500 30760
444 20110 20091 1245/ 521// 60001=
ZZYY 15001 20091 1200/ 509918 009981 6112/
33311 88872 20001 32341 43644 20020 32340 43644 20040 32340 43644
20060 32341 43644 20080 32330 20100 32088 20120 31803 20140 31574
20180 31297 20300 30956 20500 30733
444 20120 20091 1046/ 521//=
ZZYY 15001 21091 14004 509914 009975 6112/
11119 01111 10232 29083 40155
22219 00236
444 20120 21091 1347/ 521// 60401=
####018000103####
SSVX06 KARS 211419
ZZYY 47558 21091 1330/ 773760 081747 6111/
444 20110 21091 1325/ 500// 9/000=
####018000541####
SSWB41 RKSL 211400
ZZYY 22101 21091 14001 13723/ 12602/
11109 03406 10202 40112 5////
22209 00214 10503 20049 21013=
ZZYY 22102 21091 14001 13480/ 12577/
11109 00507 10195 40116 5////
22209 00194 10604 20058 21018=
ZZYY 22103 21091 14001 13400/ 12750/
11109 03407 10203 40094 5////
22209 00219 10903 20091 21013=
ZZYY 22104 21091 14001 13477/ 12890/
11109 00509 10209 40092 5////
22209 00238 11106 20107 21032=
ZZYY 22108 21091 14001 13625/ 12575/
11109 00109 10208 40108 5////
22209 00209 10303 20027 21013=
####018000556####
SSWB41 RKSL 211400
ZZYY 22101 21091 14001 13723/ 12602/ 
11109 03406 10202 40112 5//// 
22209 00214 10503 20049 21013= 
ZZYY 22102 21091 14001 13480/ 12577/ 
11109 00507 10195 40116 5//// 
22209 00194 10604 20058 21018= 
ZZYY 22103 21091 14001 13400/ 12750/ 
11109 03407 10203 40094 5//// 
22209 00219 10903 20091 21013= 
ZZYY 22104 21091 14001 13477/ 12890/ 
11109 00509 10209 40092 5//// 
22209 00238 11106 20107 21032= 
ZZYY 22108 21091 14001 13625/ 12575/ 
11109 00109 10208 40108 5//// 
22209 00209 10303 20027 21013= 
