####018000143####
SSVX12 LFVW 220358
ZZYY 25618 22091 0340/ 181302 103764 6112/
11119 11082 49842 57019
22219 01017
444 20120 22091 0303/ 501// 80140=
####018000249####
SSVX11 LFVW 220358
ZZYY 21210 22091 00004 138123 146414 6112/
11119 02324 10248 29086 49959
444 20120 21091 2342/ 522// 60371=
ZZYY 21210 22091 02004 138104 146418 6112/
11119 03211 10202 29094 49962
444 20120 22091 0221/ 522// 60371=
####018000129####
SSVX08 KARS 220359
ZZYY 28401 21091 1200/ 132429 144535 6111/
33311 88872 20001 32741 43300
444 20110 21091 1010/ 521//=
####018000283####
SSVX06 KARS 220359
ZZYY 48506 22091 0347/ 779554 119135 6111/
11119 40067
444 20110 22091 0337/ 500//=
ZZYY 48505 22091 0347/ 780190 127682 6112/
11119 40060
444 20120 22091 0303/ 500//=
ZZYY 48713 22091 0346/ 175326 165570 6113/
444 20130 22091 0307/ 500// 9/000=
####018001025####
SSVX02 KARS 220359
ZZYY 53601 22091 0343/ 139573 150757 6112/
22219 00240
444 20120 22091 0224/ 50101 80130 80003 9/015=
ZZYY 21576 22091 0250/ 142034 151123 6112/
11119 39945 49945 52236
22219 00207
444 20120 22091 0224/ 50101 80110 80020 9/015=
ZZYY 21514 22091 0340/ 139099 145708 6111/
11119 39973 49973 57249
22219 00223
444 20110 22091 0335/ 50101 80120 80017 9/015=
ZZYY 14940 22091 0342/ 138700 149251 6112/
444 20120 22091 0333/ 50101 9/015=
ZZYY 53578 22091 0343/ 140601 155435 6111/
22219 00221
444 20110 22091 0332/ 50101 80108 80023 9/015=
ZZYY 21929 22091 0331/ 139918 150218 6112/
444 20120 22091 0222/ 50101 80110 80118 9/015=
ZZYY 53904 22091 0343/ 142051 171718 6112/
22219 00191
444 20120 22091 0333/ 50101 80132 80003 9/015=
ZZYY 63577 22091 0345/ 175100 067598 6113/
22219 00061
444 20130 22091 0307/ 50101 80009 80005 9/015=
ZZYY 53591 22091 0340/ 133079 152913 6111/
11119 30143 40143
22219 00252
444 20110 22091 0330/ 50101 80100 80002 9/015=
####018000146####
SSVX13 LFPW 220400
ZZYY 64607 22091 0400/ 762295 056246 6110/ 11119 40115 54000 22219
 00060 444 20100 22091 0400/ 50101 80108 80005 9/015=
####018000387####
SSVX08 KARS 220401
ZZYY 52002 21091 1200/ 302005 164985 6112/
22219 00290
33311 88872 20000 32903 43553 20500 30781
444 20120 21091 1326/ 521//=
ZZYY 52003 21091 1200/ 105099 165032 6112/
33311 88872 20001 32942 43392 20025 32938 20050 32937 20075 32949
20100 32880 20125 32545 20150 32036 20200 31175 20250 30991
20300 30933 20500 30789
444 20120 21091 1324/ 521//=
####018000115####
SSVX02 KARS 220401
ZZYY 32713 22091 0349/ 305933 174724 6113/
444 20130 22091 0319/ 50101 80550 80043 9/015=
####018000146####
SSVX13 LFPW 220400
ZZYY 41632 22091 0400/ 722521 039833 6113/ 11119 40196 57016 22219
 00268 444 20130 22091 0356/ 50101 80124 80068 9/015=
####018005679####
SSVX11 LFVW 220402
ZZYY 52084 21091 16004 105022 155967 6113/
11119 00609 10263 29094 40093
22219 00294
33311 88872 20000 32937 20002 32937 43356 20025 32939 43362
20050 32944 43373 20075 32905 43409 20100 32725 43479
20125 32501 43508 20150 32326 43515 20200 31473 43460
20250 31033 43461 20300 30938 43464 20500 30788 43459 20750 30601
444 20130 21091 1620/ 522// 60381=
ZZYY 52084 21091 18004 105022 155967 6113/
11119 00408 10264 29094 40091
22219 00293
33311 88872 20000 32934 20002 32934 43354 20025 32939 43364
20050 32945 43374 20075 32900 43413 20100 32710 43483
20125 32472 43508 20150 32307 43514 20200 31253 43454
20250 31014 43462 20300 30924 43464 20500 30750 43457 20750 30593=
ZZYY 52082 21091 18004 101953 155997 6113/
11119 00906 29094 40096
22219 00294
33311 88872 20000 32936 20002 32936 20025 32965 43476
20050 32960 43509 20075 32955 43512 20100 32836 43541
20125 32742 43538 20150 32565 43532 20200 31353 43459
20250 31033 43472 20300 30991 43471 20500 30816 43459
20750 30570 43453=
ZZYY 52082 21091 16004 101954 156000 6113/
11119 00909 29089 40093
22219 00294
33311 88872 20000 32939 20002 32939 20025 32964 43472
20050 32960 43508 20075 32949 43516 20100 32829 43542
20125 32741 43539 20150 32578 43533 20200 31342 43460
20250 31027 43474 20300 30983 43470 20500 30802 43458
20750 30569 43453
444 20130 21091 1621/ 522// 60381=
ZZYY 52078 21091 21004 105041 146939 6111/
11119 03501 10266 29086 40102
22219 00290
33311 88872 20000 32896 20002 32896 43304 20025 32950 43364
20050 32933 43385 20075 32844 43450 20100 32499 43491
20125 32213 43499 20150 31864 43483 20200 31211 43456
20250 31028 43463 20300 30916 43461 20500 30757 43457
20750 30589 43454
444 20110 21091 2101/ 522// 60381=
ZZYY 52079 21091 20004 300023 146990 6113/
11119 01407 40093
22219 00294
33311 88872 20000 32938 20002 32938 43446 20025 32945 43531
20050 32861 43538 20075 32779 43542 20100 32753 43553
20125 32707 43549 20150 32588 43566 20200 31954 43534
20250 31644 43527 20300 31178 43490 20500 30794 43458
20750 30583 43452
444 20130 21091 1941/ 522// 60381=
ZZYY 52086 21091 2000/ 304961 156017 6111/
11119 10265 29084 40100
22219 00291
33311 88872 20000 32914 20002 32914 43442 20025 32960
20050 32961 43490 20075 32951 20100 32887 43561 20125 32835
20150 32744 43572 20200 32209 43588 20250 31511 43522
20300 30981 43473 20500 30801 43459 20750 30591 43454
444 20110 21091 1941/ 522//=
ZZYY 52088 21091 22004 302012 155982 6113/
11119 03003 10278 29085 40117
22219 00294
33311 88872 20000 32943 20002 32943 43522 20025 32943 43523
20050 32941 43523 20075 32940 43529 20100 32897 43537
20125 32846 43565 20150 32747 43571 20200 32144 43575
20250 31053 43478 20300 31001 43473 20500 30750 43457
20750 30556 43452
444 20130 21091 2213/ 522// 60381=
ZZYY 52088 21091 20004 302008 155975 6111/
11119 01102 10272 29086 40096
22219 00294
33311 88872 20000 32935 20002 32935 43515 20025 32946 43522
20050 32941 43523 20075 32940 43528 20100 32918 43532
20125 32864 43555 20150 32818 43571 20200 32120 43577
20250 31113 43484 20300 31006 43474 20500 30746 43456
20750 30556 43452
444 20110 21091 1939/ 522// 60381=
ZZYY 52087 22091 03004 107874 136490 6111/
11119 02503 10257 29092 40094
22219 00294
33311 88872 20000 32942 20002 32942 43352 20025 32950 43365
20050 32951 43400 20075 32898 43446 20100 32676 43486
20125 32484 43492 20150 32328 43498 20200 31647 43465
20250 31236 43451 20300 31084 43454 20500 30745 43450
20750 30592 43452
444 20110 22091 0329/ 522// 60381=
ZZYY 52087 22091 01004 107865 136490 6112/
11119 02011 10275 29087 40099
22219 00295
33311 88872 20000 32950 20002 32950 43363 20025 32950 43365
20050 32959 43373 20075 32875 43453 20100 32653 43488
20125 32414 43495 20150 32113 43492 20200 31441 43458
20250 31179 43452 20300 31039 43455 20500 30741 43453
20750 30592 43451
444 20120 22091 0132/ 522// 60381=
ZZYY 52080 22091 01004 101997 138100 6112/
11119 01910 10284 29080 40112
22219 00290
33311 88872 20000 32902 20125 32635 43540 20150 32543 43540
20200 31927 43525 20250 31355 43467 20500 30764 43456
444 20120 22091 0133/ 522// 60381=
ZZYY 52080 22091 03004 102005 138101 6111/
11119 0//10 10277 29080 40098
22219 00291
33311 88872 20000 32907 20002 32907 43378 20025 32917 43427
20050 32895 43442 20075 32859 43499 20100 32865 43531
20125 32640 43541 20150 32546 43539 20200 32064 43536
20250 31455 43478 20300 31217 43465 20500 30776 43456
20750 30531 43452
444 20110 22091 0328/ 522// 60381=
ZZYY 52077 22091 00004 102073 146956 6113/
11119 00403 10284 29076 40114
22219 00293
33311 88872 20000 32931 20002 32931 43369 20025 32911 43422
20050 32920 43463 20075 32918 43473 20100 32725 43514
20125 32480 43551 20150 32362 43548 20200 31809 43491
20250 31296 43456 20300 31052 43460 20500 30815 43459
20750 30526 43453
444 20130 21091 2352/ 522// 60381=
ZZYY 52077 22091 02004 102076 146950 6111/
11119 00703 10284 29076 40105
22219 00297
33311 88872 20000 32970 20002 32970 43349 20025 32910 43404
20050 32917 43447 20075 32919 43471 20100 32820 43500
20300 31044 43463 20750 30535 43453
444 20110 22091 0212/ 522// 60381=
ZZYY 52073 22091 01004 104854 137278 6112/
11119 03015 10258 29089 40116
22219 00291
33311 88872 20000 32905 20002 32905 43326 20025 32913 43330
20050 32916 43385 20075 32858 20100 32741 43458 20125 32467 43492
20150 32034 43481 20200 31289 43448 20250 30943 43444
20300 30892 43458 20500 30748 43454 20750 30606 43450
444 20120 22091 0132/ 522// 60381=
####018000149####
SSVX13 LFVW 220402
ZZYY 17572 22091 0400/ 343202 147238 6110/
11119 40054 57042
22219 00132
444 20100 22091 0258/ 50101 80114 80000 9/015=
