####018008415####
SSVX11 LFVW 221326
ZZYY 52079 22091 05004 300023 146990 6113/
11119 00808 40084
22219 00298
33311 88872 20000 32978 20002 32978 43408 20025 32931 43531
20050 32838 43537 20075 32776 43543 20100 32758 43554
20125 32705 43550 20150 32511 43567 20200 31955 43538
20250 31652 43526 20300 31163 43487 20500 30781 43457
20750 30583 43452
444 20130 22091 0505/ 522// 60381=
ZZYY 52079 22091 07004 300023 146990 6113/
11119 00709 40079
22219 00301
33311 88872 20000 33008 20002 33008 43448 20025 32942 43526
20050 32842 43537 20075 32776 43542 20100 32760 43551
20125 32706 43550 20150 32542 43561 20200 31962 43530
20250 31697 43527 20300 31315 43504 20500 30799 43458
20750 30586 43452
444 20130 22091 0638/ 522// 60381=
ZZYY 52077 22091 06004 102074 146951 6113/
11119 01304 10281 29078 40081
22219 00298
33311 88872 20000 32984 20002 32984 43355 20025 32911 43409
20050 32915 43444 20075 32920 43471 20100 32917 43476
20125 32630 43544 20150 32369 43546 20200 31569 43477
20250 31120 43454 20300 31024 43473 20500 30789 43458
20750 30524 43453
444 20130 22091 0638/ 522// 60381=
ZZYY 52077 22091 02004 102076 146950 6111/
11119 00703 10284 29076 40105
22219 00297
33311 88872 20000 32970 20002 32970 43349 20025 32910 43404
20050 32917 43447 20075 32919 43471 20100 32820 43500
20125 32609 43544 20150 32387 43548 20200 31944 43501
20250 31240 43452 20300 31044 43463 20500 30824 43460
20750 30535 43453
444 20110 22091 0212/ 522// 60381=
ZZYY 52073 22091 01004 104854 137278 6112/
11119 03015 10258 29089 40116
22219 00291
33311 88872 20000 32905 20002 32905 43326 20025 32913 43330
20050 32916 43385 20075 32858 20100 32741 43458 20125 32467 43492
20150 32034 43481 20200 31289 43448 20250 30943 43444
20300 30892 43458 20500 30748 43454 20750 30606 43450
444 20120 22091 0132/ 522// 60381=
ZZYY 52073 22091 03004 104863 137280 6111/
11119 02907 10251 29088 40101
22219 00290
33311 88872 20000 32900 20002 32900 43317 20025 32912 43331
20050 32899 43384 20075 32860 20100 32677 43473 20125 32399 43491
20150 31800 43474 20200 31178 43447 20250 30927 43448
20300 30888 43457 20500 30753 43454 20750 30626 43450
444 20110 22091 0329/ 522// 60381=
ZZYY 52073 22091 10004 104855 137276 6113/
11119 02314 10271 29081 40095
22219 00290
33311 88872 20000 32897 20002 32897 43310 20025 32925 43339
20050 32898 43384 20075 32822 20100 32612 43481 20125 32300 43487
20150 31962 43478 20200 31248 43447 20250 30963 43441
20300 30903 43457 20500 30751 43455 20750 30612 43450
444 20130 22091 0942/ 522// 60381=
ZZYY 52073 22091 12004 104859 137282 6113/
11119 02317 10272 29084 40102
22219 00289
444 20130 22091 1236/ 522// 60381=
ZZYY 52086 22091 0900/ 304969 156009 6111/
11119 10279 29074 40106
22219 00293
33311 88872 20000 32932 20002 32932 43459 20025 32961
20050 32960 43490 20075 32956 20100 32896 43556 20125 32830
20150 32703 43572 20200 32197 43587 20250 31487 43519
20300 31010 43476 20500 30803 43459 20750 30603 43454
444 20110 22091 0928/ 522//=
ZZYY 52086 22091 0700/ 304968 156015 6113/
11119 10276 29075 40087
22219 00294
33311 88872 20000 32939 20002 32939 43455 20025 32960
20050 32961 43490 20075 32955 20100 32893 43559 20125 32837
20150 32716 43571 20200 32192 43584 20250 31501 43519
20300 31046 43478 20500 30776 43459 20750 30576 43455
444 20130 22091 0636/ 522//=
ZZYY 52088 22091 1100/ 302014 155980 6112/
33311 88872 20002 32949 43512 20025 32948 43525 20050 32938 43525
20075 32936 43529 20100 32883 43541 20125 32850 43563
20150 32655 43573 20200 31665 43539 20250 31099 43484
20300 31014 43474 20500 30767 43457 20750 30581 43452
444 20120 22091 1051/ 522//=
ZZYY 52088 22091 09004 302011 155988 6112/
11119 00703 10276 29086 40102
22219 00296
33311 88872 20000 32956 20002 32956 43508 20025 32947 43524
20050 32939 43523 20075 32937 43527 20100 32929 43530
20125 32870 43552 20150 32796 43571 20200 31858 43556
20250 31038 43477 20300 31008 43474 20500 30743 43456
20750 30574 43451
444 20120 22091 0928/ 522// 60381=
ZZYY 52088 22091 05004 302017 155981 6112/
11119 03405 10253 29091 40085
22219 00295
33311 88872 20000 32953 20002 32953 43463 20025 32947 43523
20050 32940 43524 20075 32937 43529 20100 32908 43534
20125 32863 43560 20150 32761 43573 20200 32188 43585
20250 31166 43488 20300 31015 43474 20500 30828 43460
20750 30570 43452
444 20120 22091 0458/ 522// 60381=
ZZYY 52088 22091 07004 302012 155984 6113/
11119 02503 10277 29085 40087
22219 00296
33311 88872 20000 32956 20002 32956 43492 20025 32947 43522
20050 32941 43524 20075 32938 43526 20100 32930 43531
20125 32873 43548 20150 32844 43570 20200 31904 43569
20250 31071 43481 20300 31015 43474 20500 30780 43459
20750 30564 43452
444 20130 22091 0638/ 522// 60381=
ZZYY 52085 22091 0400/ 300018 155953 6113/
11119 10260 29090 40087
22219 00294
33311 88872 20000 32940 20002 32940 43439 20025 32922 43506
20050 32909 43528 20075 32846 43543 20100 32772 43548
20125 32712 43561 20150 32576 43572 20200 31734 43510
20250 31300 43500 20300 31104 43481 20500 30759 43456
20750 30567 43454
444 20130 22091 0351/ 522//=
ZZYY 52085 22091 0200/ 300020 155955 6112/
11119 10280 29081 40103
22219 00292
33311 88872 20000 32918 20002 32918 43443 20025 32922 43511
20050 32890 43533 20075 32835 43544 20100 32746 43549
20125 32684 43565 20150 32369 43553 20200 31763 43514
20250 31302 43499 20300 31103 43481 20500 30769 43457
20750 30582 43454
444 20120 22091 0211/ 522//=
ZZYY 52082 22091 01004 101953 155997 6113/
11119 02601 29083 40115
22219 00295
33311 88872 20000 32947 20002 32947 20025 32968 43461
20050 32960 43509 20075 32956 43513 20100 32850 43540
20125 32773 43540 20150 32599 43534 20200 31604 43469
20250 31028 43473 20300 30979 43471 20500 30748 43456
20750 30569 43453
444 20130 21091 2352/ 522// 60381=
ZZYY 52082 22091 03004 101951 155997 6113/
11119 02102 29082 40094
22219 00297
33311 88872 20000 32967 20002 32967 20025 32970 43460
20050 32959 43509 20075 32959 43513 20100 32852 43540
20125 32778 43539 20150 32622 43535 20200 31509 43469
20250 31024 43473 20300 30979 43471 20500 30746 43456
20750 30571 43453
444 20130 22091 0325/ 522// 60381=
ZZYY 52081 22091 0500/ 100074 138041 6112/
33311 88872 20002 32956 43422 20025 32936 43436 20050 32939 43448
20075 32837 43486 20100 32841 43533 20125 32582 43554
20150 32412 43550 20200 31925 43537 20250 31702 43522
20300 31505 43508 20500 30828 43459 20750 30569 43449
444 20120 22091 0506/ 522//=
ZZYY 52081 22091 0100/ 100074 138039 6112/
33311 88872 20002 32928 43424 20025 32923 43431 20050 32930 43455
20075 32865 43489 20100 32851 43534 20125 32549 43552
20150 32329 43542 20200 31891 43535 20250 31556 43513
20300 31484 43508 20500 30829 43459 20750 30564 43450
444 20120 22091 0132/ 522//=
ZZYY 52081 22091 0300/ 100061 138041 6111/
33311 88872 20002 32938 43420 20025 32927 43432 20050 32933 43452
20075 32863 43488 20100 32849 43532 20125 32560 43551
20150 32348 43543 20200 31898 43533 20250 31554 43513
20300 31412 43509 20500 30820 43458 20750 30561 43449
444 20110 22091 0327/ 522//=
ZZYY 52080 22091 01004 101997 138100 6112/
11119 01910 10284 29080 40112
22219 00290
33311 88872 20000 32902 20002 32902 43380 20025 32912 43434
20050 32859 43443 20075 32861 43501 20100 32871 43532
20125 32635 43540 20150 32543 43540 20200 31927 43525
20250 31355 43467 20300 31177 43473 20500 30764 43456
20750 30527 43452
444 20120 22091 0133/ 522// 60381=
ZZYY 52080 22091 03004 102005 138101 6111/
11119 0//10 10277 29080 40098
22219 00291
33311 88872 20000 32907 20002 32907 43378 20025 32917 43427
20050 32895 43442 20075 32859 43499 20100 32865 43531
20125 32640 43541 20150 32546 43539 20200 32064 43536
20250 31455 43478 20300 31217 43465 20500 30776 43456
20750 30531 43452
444 20110 22091 0328/ 522// 60381=
ZZYY 52080 22091 10004 101992 138104 6112/
11119 02606 10284 29080 40095
22219 00292
33311 88872 20000 32919 20125 32655 43543 20150 32543 43538
20200 31925 43530 20250 31403 43470 20500 30761 43457
444 20120 22091 0940/ 522// 60381=
ZZYY 52080 22091 12004 101995 138104 6113/
11119 02608 10282 29080 40105
22219 00292
444 20130 22091 1233/ 522// 60381=
####018000263####
SSVX13 LFVW 221326
ZZYY 51682 22091 1200/ 311300 159553 6111/
11119 40121
22219 00285
444 20110 22091 0934/ 50101 80080 80100 9/015=
ZZYY 55577 22091 1200/ 332826 158193 6113/
11119 30236 40236 57001
444 20130 22091 1222/ 50101 80110 80000 9/015=
####018000593####
SXPA01 KWNB 221300
ZZYY 51018 22091 13001 505028 124868 6113/ 11119 01307 10246
29080 22219 00254 33311 88872 20001 32536 43551 20020 32538 20040
32539 20060 32540 20080 32538 20100 32095 20120 31625 20140 31348
20180 31245 20300 31070 20500 30800 444 20130 22091 1300/ 34995
40500 521// 60401=
ZZYY 51007 22091 13001 705016 139978 6113/ 11119 01707 10253
29070 22219 00260 33311 88872 20001 32597 43465 20020 32598 20040
32588 20060 32544 20080 32530 20100 32523 20120 32511 20140 32423
20180 32034 20300 31009 20500 30842 444 20130 22091 1300/ 35040
40500 521// 60401=
####018000111####
SSVX07 KARS 221334
ZZYY 48534 22091 1330/ 783370 046246 6113/
11119 11171 40143
444 20130 22091 1321/=
####018000149####
SSVX13 KARS 221334
ZZYY 71665 22091 1230/ 353266 002109 6111/
11119 30025 40025
22219 01007
444 20110 22091 1207/ 50101 80110 80100 9/015=
####018007159####
SSVX02 KARS 221334
ZZYY 44522 22091 1325/ 742450 043752 6112/
444 20120 22091 1144/ 50101 8//// 80022 9/015=
ZZYY 44882 22091 1330/ 729800 062459 6113/
11119 40249 52012
444 20130 22091 1201/ 50101 80009 80000 9////=
ZZYY 44943 22091 1250/ 737866 054130 6111/
11119 30278 40278 52010
22219 00265
444 20110 22091 1201/ 50101 80100 80063 9/015=
ZZYY 41969 22091 1200/ 731878 073362 6111/
11119 30217 40217 52007
22219 00279
444 20110 22091 1149/ 50101 80138 80006 9/015=
ZZYY 41967 22091 1310/ 726587 074620 6111/
11119 30192 40192 52018
22219 00285
444 20110 22091 1151/ 50101 80138 80003 9/015=
ZZYY 41956 22091 1328/ 730682 064253 6113/
444 20130 22091 1200/ 50101 8//// 80005 9/015=
ZZYY 41561 22091 1230/ 727049 056063 6111/
11119 30246 40246 52016
22219 00280
444 20110 22091 1159/ 50101 80110 80010 9/015=
ZZYY 31527 22091 1330/ 732844 075171 6113/
22219 00273
444 20130 22091 1200/ 50101 8//// 80000 9////=
ZZYY 44844 22091 1300/ 742299 036607 6112/
11119 30205 40205 52013
22219 00211
444 20120 22091 1201/ 50101 80120 80036 9/015=
ZZYY 44885 22091 1220/ 744851 033023 6113/
11119 30169 40169 52004
22219 00188
444 20130 22091 1200/ 50101 80110 80035 9/015=
ZZYY 44553 22091 1331/ 729733 059885 6112/
22219 00282
444 20120 22091 1200/ 50101 80095 80011 9/015=
ZZYY 41590 22091 1240/ 746068 033523 6111/
11119 30132 40132 52009
444 20110 22091 1200/ 50101 80120 80017 9/015=
ZZYY 41926 22091 1310/ 733112 074103 6112/
11119 30220 40220 52014
22219 00271
444 20120 22091 1201/ 50101 80110 80035 9/015=
ZZYY 41563 22091 1331/ 731608 071653 6112/
22219 00272
444 20120 22091 1201/ 50101 80110 80003 9/015=
ZZYY 41955 22091 1240/ 729564 077600 6113/
11119 30193 40193
22219 00288
444 20130 22091 1200/ 50101 80110 80098 9/015=
ZZYY 41954 22091 1330/ 728637 078448 6112/
11119 30189 40189
22219 00278
444 20120 22091 1151/ 50101 80110 80100 9/015=
ZZYY 44919 22091 1331/ 733526 056718 6113/
22219 00278
444 20130 22091 1200/ 50101 80116 80011 9/015=
ZZYY 41960 22091 1320/ 739584 068609 6113/
11119 30209 40209
22219 00270
444 20130 22091 1146/ 50101 80110 80098 9/015=
ZZYY 41972 22091 1230/ 737583 060443 6113/
11119 30285 40285
22219 00264
444 20130 22091 1201/ 50101 80120 80089 9/015=
ZZYY 41945 22091 1310/ 731100 079229 6111/
11119 30191 40191
22219 00292
444 20110 22091 1150/ 50101 80110 80090 9/015=
ZZYY 41998 22091 1329/ 745792 041777 6111/
444 20110 22091 1325/ 50101 80068 80019 9/015=
ZZYY 41944 22091 1230/ 732617 071008 6112/
11119 30231 40231
22219 00271
444 20120 22091 1200/ 50101 80110 80098 9/015=
ZZYY 41939 22091 1210/ 731506 076486 6111/
11119 30208 40208 52013
22219 00273
444 20110 22091 1201/ 50101 80120 80079 9/015=
ZZYY 44905 22091 1220/ 736381 058161 6113/
11119 30283 40283 52011
22219 00270
444 20130 22091 1200/ 50101 8//// 80000 9/015=
ZZYY 41999 22091 1330/ 731038 060581 6113/
22219 00284
444 20130 22091 1200/ 50101 80110 80092 9/015=
ZZYY 44903 22091 1240/ 737009 062489 6113/
11119 30275 40275 52010
22219 00271
444 20130 22091 1200/ 50101 8//// 80000 9/015=
ZZYY 62905 22091 1210/ 736822 053967 6111/
11119 30268 40268 52011
22219 00270
444 20110 22091 1145/ 50101 8//// 80100 9/015=
ZZYY 42508 22091 1331/ 735942 049544 6112/
22219 00272
444 20120 22091 1200/ 50101 80126 80002 9/015=
ZZYY 41997 22091 1330/ 744030 039907 6113/
444 20130 22091 1200/ 50101 80094 80038 9/015=
ZZYY 41622 22091 1310/ 725911 065686 6111/
11119 30212 40212 52014
22219 00284
444 20110 22091 1200/ 50101 80120 80009 9/015=
ZZYY 41941 22091 1250/ 729464 071029 6113/
11119 30220 40220 52014
22219 00284
444 20130 22091 1148/ 50101 80120 80060 9/015=
ZZYY 43537 22091 1329/ 738483 066058 6113/
22219 00262
444 20130 22091 1201/ 50101 80122 80014 9/015=
ZZYY 71630 22091 1300/ 338254 038882 6112/
11119 30246 40246 57023
22219 00137
444 20120 22091 1211/ 50101 80100 80000 9/015=
ZZYY 33906 22091 1250/ 350625 068918 6111/
22219 00018
444 20110 22091 1318/ 50101 80100 80099 9/015=
ZZYY 33886 22091 1250/ 350726 027645 6112/
11119 39926 49926
22219 00035
444 20120 22091 1209/ 50101 80090 80100 9/015=
ZZYY 33595 22091 1310/ 341151 043988 6113/
11119 30284 40284
22219 00124
444 20130 22091 1210/ 50101 80090 80100 9/015=
ZZYY 33656 22091 1310/ 348283 030209 6111/
11119 39948 49948
22219 00076
444 20110 22091 1319/ 50101 80110 80100 9/015=
ZZYY 33655 22091 1250/ 547574 003477 6113/
11119 30198 40198
22219 00033
444 20130 22091 1013/ 50101 80100 80100 9/015=
ZZYY 17679 22091 1300/ 333274 051614 6112/
444 20120 22091 1211/ 50101 80070 80081 9/015=
ZZYY 14550 22091 1310/ 332393 036868 6113/
11119 30250 40250
22219 00206
444 20130 22091 1212/ 50101 80110 80100 9/015=
ZZYY 17520 22091 1323/ 336011 045537 6112/
22219 00164
444 20120 22091 1211/ 50101 80094 80000 9////=
ZZYY 33996 22091 1300/ 344768 005820 6111/
11119 40174 57238
22219 00067
444 2011/ 22091 1210/ 50101 80081 80001 9/015=
ZZYY 33582 22091 1310/ 349407 000468 6112/
11119 30135 40135 52041
22219 00040
444 20120 22091 1210/ 50101 80110 80005 9/015=
ZZYY 33883 22091 1220/ 349163 032367 6111/
11119 39962 49962
22219 00024
444 20110 22091 1208/ 50101 80100 80100 9/015=
ZZYY 33883 22091 1320/ 349171 032401 6111/
11119 39944 49944
22219 00024
444 50101 80100 80100 9/015=
ZZYY 33537 22091 1320/ 341970 020562 6112/
11119 30119 40119 57001
22219 00158
444 20120 22091 1209/ 50101 80100 80005 9/015=
ZZYY 33537 22091 1220/ 341970 020562 6112/
11119 30109 40109 57016
22219 00160
444 20120 22091 1209/ 50101 80100 80004 9/015=
ZZYY 33555 22091 1220/ 339635 006506 6113/
11119 30264 40264 52012
22219 00123
444 20130 22091 1210/ 50101 80100 80041 9/015=
ZZYY 17690 22091 1250/ 330906 045628 6112/
22219 00187
444 20120 22091 1213/ 50101 80090 80006 9/015=
ZZYY 16604 22091 1230/ 356359 034990 6111/
22219 01005
444 20110 22091 1206/ 50101 80009 80000 9////=
ZZYY 33573 22091 1310/ 350067 025497 6112/
11119 39911 49911 52038
22219 00011
444 20120 22091 1209/ 50101 80130 80002 9/015=
ZZYY 17653 22091 1230/ 337715 004936 6112/
11119 30288 40288 52002
22219 00129
444 20120 22091 1212/ 50101 80080 80005 9/015=
ZZYY 16608 22091 1250/ 329918 044888 6112/
11119 40244 57002
22219 00209
444 20120 22091 1213/ 50101 80010 80005 9////=
ZZYY 33683 22091 1240/ 544258 000515 6113/
11119 30234 40234 52017
22219 00085
444 20130 22091 1211/ 50101 80110 80000 9/015=
ZZYY 55946 22091 1240/ 356329 027194 6112/
11119 39901 49901 54000
22219 00009
444 20120 22091 1206/ 50101 80100 80004 9/015=
ZZYY 55915 22091 1130/ 548526 003469 6112/
11119 30174 40174 52055
22219 00043
444 20120 22091 1011/ 50101 80100 80007 9/015=
ZZYY 16511 22091 1310/ 341000 025499 6112/
11119 30172 40172 57024
22219 00116
444 20120 22091 1211/ 50101 80110 80000 9/015=
ZZYY 55599 22091 1300/ 347807 061600 6111/
11119 40054 52041
22219 00029
444 20110 22091 1319/ 50101 80008 80000 9////=
####018000261####
SSVX06 KARS 221334
ZZYY 47558 22091 1330/ 773762 081538 6112/
444 20120 22091 1325/ 500// 9/000=
ZZYY 47554 22091 1328/ 774363 112843 6112/
444 20120 22091 1323/ 500// 9/000=
ZZYY 48505 22091 1327/ 780222 127708 6111/
444 20110 22091 1321/ 500//=
####018000135####
SSVX02 LFVW 221332
ZZYY 56939 22091 1300/ 336740 051063 6112/
11119 40272 52003
444 20120 22091 1210/ 50101 80090 80000 9/015=
####018000155####
SSVX13 LFVW 221332
ZZYY 23925 22091 1300/ 330826 048329 6112/
11119 30241 40241 57001
22219 00187
444 20120 22091 1211/ 50101 80130 80000 9/015=
####018000213####
SSVX07 LFVW 221334
ZZYY 48548 22091 1320/ 774277 128496 6111/
11119 11006 39886 49886
444 20110 22091 1323/=
ZZYY 48548 22091 1330/ 774277 128496 6111/
11119 11006 39886 49886
444 20110 22091 1323/=
####018000131####
SSVX12 LFVW 221334
ZZYY 25619 22091 1300/ 183203 131622 6112/
11119 11107
22219 01049
444 20120 22091 1255/ 501// 80140=
####018004781####
SSVX02 KARS 221336
ZZYY 41558 22091 1230/ 729484 053423 6112/
11119 40263 52013
22219 00289
444 20120 22091 1200/ 50101 80008 80000 9////=
ZZYY 42538 22091 1332/ 733429 053903 6112/
22219 00285
444 20120 22091 1159/ 50101 80098 80001 9////=
ZZYY 41915 22091 1230/ 734382 057055 6113/
11119 30277 40277 52010
22219 00276
444 20130 22091 1200/ 50101 80110 80000 9/015=
ZZYY 44882 22091 1230/ 729800 062459 6113/
11119 40247 52017
444 20130 22091 1201/ 50101 80009 80000 9////=
ZZYY 41592 22091 1331/ 732090 071376 6112/
444 20120 22091 1200/ 50101 80096 80033 9/015=
ZZYY 41912 22091 1210/ 734790 056909 6112/
11119 30276 40276 52011
22219 00270
444 20120 22091 1200/ 50101 80110 80063 9/015=
ZZYY 41969 22091 1300/ 731878 073362 6111/
11119 30222 40222 52012
22219 00280
444 20110 22091 1149/ 50101 80138 80007 9/015=
ZZYY 13616 22091 1334/ 720758 063343 6113/
22219 00285
444 20130 22091 1200/ 50101 80052 80099 9/015=
ZZYY 41956 22091 1332/ 730682 064253 6113/
444 20130 22091 1200/ 50101 9/015=
ZZYY 31527 22091 1333/ 732847 075165 6111/
22219 00273
444 20110 22091 1329/ 50101 8//// 80000 9////=
ZZYY 41909 22091 1240/ 735462 068358 6113/
11119 30251 40251 52010
22219 00271
444 20130 22091 1201/ 50101 80120 80000 9/015=
ZZYY 41981 22091 1300/ 729709 079615 6112/
11119 30184 40184 52014
22219 00291
444 20120 22091 1150/ 50101 80138 80002 9/015=
ZZYY 13568 22091 1310/ 725262 052430 6112/
11119 30234 40234 52011
22219 00280
444 20120 22091 1201/ 50101 80100 80000 9////=
ZZYY 41855 22091 1210/ 729710 067099 6113/
11119 30233 40233 52014
22219 00264
444 20130 22091 1200/ 50101 80110 80000 9/015=
ZZYY 41611 22091 1333/ 727287 073237 6111/
22219 00289
444 20110 22091 1200/ 50101 80140 80007 9/015=
ZZYY 44553 22091 1333/ 729732 059876 6111/
22219 00282
444 20110 22091 1329/ 50101 80095 80011 9/015=
ZZYY 41570 22091 1333/ 726804 075053 6112/
22219 00284
444 20120 22091 1200/ 50101 80140 80001 9/015=
ZZYY 41926 22091 1210/ 733112 074103 6112/
11119 30219 40219 52014
22219 00271
444 20120 22091 1201/ 50101 80110 80045 9/015=
ZZYY 44919 22091 1334/ 733500 056693 6111/
22219 00278
444 20110 22091 1329/ 50101 80116 80011 9/015=
ZZYY 41972 22091 1330/ 737583 060443 6113/
11119 30286 40286
22219 00264
444 20130 22091 1201/ 50101 80120 80089 9/015=
ZZYY 41937 22091 1240/ 728689 078171 6112/
11119 30193 40193 52018
22219 00280
444 20120 22091 1150/ 50101 80120 80077 9/015=
ZZYY 41933 22091 1320/ 737070 061922 6113/
11119 30284 40284 52008
22219 00266
444 20130 22091 1201/ 50101 80120 80055 9/015=
ZZYY 41610 22091 1331/ 731630 056649 6111/
22219 00288
444 20110 22091 1200/ 50101 80094 80002 9/015=
ZZYY 41979 22091 1210/ 729930 060330 6112/
11119 30256 40256 52015
22219 00282
444 20120 22091 1200/ 50101 80110 80045 9/015=
ZZYY 44905 22091 1320/ 736376 058165 6112/
11119 30284 40284 52007
22219 00270
444 20120 22091 1329/ 50101 8//// 80000 9/015=
ZZYY 41943 22091 1333/ 732468 065261 6112/
22219 00274
444 20120 22091 1200/ 50101 80144 80002 9/015=
ZZYY 41999 22091 1333/ 731042 060594 6111/
22219 00284
444 20110 22091 1329/ 50101 80110 80092 9/015=
ZZYY 41609 22091 1332/ 732035 066661 6111/
444 20110 22091 1151/ 50101 80144 9/015=
ZZYY 62905 22091 1310/ 736822 053967 6111/
11119 30271 40271 52010
22219 00271
444 20110 22091 1145/ 50101 8//// 80100 9/015=
ZZYY 42513 22091 1333/ 728102 085710 6111/
22219 00288
444 20110 22091 1040/ 50101 80094 80001 9/015=
ZZYY 41932 22091 1333/ 732155 055549 6111/
22219 00287
444 20110 22091 1201/ 50101 80050 80000 9/015=
ZZYY 31982 22091 1333/ 731280 067088 6113/
22219 00267
444 20130 22091 1159/ 50101 80051 80099 9/015=
ZZYY 31775 22091 1333/ 726225 062793 6113/
444 20130 22091 1200/ 50101 80052 80099 9/015=
ZZYY 42536 22091 1331/ 735515 057407 6111/
22219 00268
444 20110 22091 1200/ 50101 80118 80001 9/015=
ZZYY 41941 22091 1150/ 729464 071029 6113/
11119 30215 40215 52013
22219 00284
444 20130 22091 1148/ 50101 80120 80066 9/015=
ZZYY 43537 22091 1334/ 738497 066064 6112/
22219 00262
444 20120 22091 1326/ 50101 80122 80014 9/015=
ZZYY 41623 22091 1320/ 727556 053585 6112/
11119 30248 40248 52009
22219 00282
444 20120 22091 1200/ 50101 80120 80037 9/015=
ZZYY 41623 22091 1220/ 727556 053585 6112/
11119 30245 40245 52011
22219 00282
444 20120 22091 1200/ 50101 80120 80032 9/015=
ZZYY 41982 22091 1330/ 729098 063555 6112/
11119 30246 40246 52010
22219 00278
444 20120 22091 1200/ 50101 80120 80011 9/015=
ZZYY 41982 22091 1230/ 729098 063555 6112/
11119 30245 40245 52016
22219 00278
444 20120 22091 1200/ 50101 80120 80013 9/015=
####018000134####
SSVX13 LFPW 221400
ZZYY 44722 22091 1400/ 756376 024712 6110/ 11119 49958 57048 444
 20100 22091 1300/ 50101 80108 80000 9/015=
