####018005383####
SSVX02 KARS 211435
ZZYY 31538 21091 1359/ 534468 051331 6112/
22219 00182
444 20120 21091 1354/ 50101 80085 80020 9/015=
ZZYY 32626 21091 1358/ 517605 090189 6111/
22219 00186
444 20110 21091 1353/ 50101 80116 80095 9/015=
ZZYY 15637 21091 1347/ 709054 058335 6112/
22219 00297
444 20120 21091 1339/ 50101 80126 80001 9/015=
ZZYY 32683 21091 1355/ 518729 095741 6111/
22219 00199
444 20110 21091 1352/ 50101 80116 80041 9/015=
ZZYY 32549 21091 1356/ 518899 093982 6112/
22219 00194
444 20120 21091 1354/ 50101 80114 80180 9/015=
ZZYY 32538 21091 1357/ 522558 092252 6111/
22219 00186
444 20110 21091 1355/ 50101 80116 80067 9/015=
ZZYY 33672 21091 1300/ 543050 044349 6112/
11119 30127 40127
22219 00086
444 20120 21091 1212/ 50101 80110 80100 9/015=
ZZYY 33510 21091 1330/ 548965 053908 6112/
11119 30044 40044
22219 00050
444 20120 21091 1249/ 50101 80110 80100 9/015=
ZZYY 33509 21091 1350/ 549234 047152 6112/
11119 30011 40011
22219 00056
444 20120 21091 1212/ 50101 80110 80100 9/015=
ZZYY 55600 21091 1350/ 534979 089872 6113/
11119 40184 52017
22219 00143
444 20130 21091 1355/ 50101 80010 80000 9////=
ZZYY 32736 21091 1353/ 514223 094731 6113/
444 20130 21091 1236/ 50101 8//// 80000 9/015=
ZZYY 32520 21091 1356/ 519212 076694 6112/
22219 00166
444 20120 21091 1350/ 50101 80118 80136 9/015=
ZZYY 32731 21091 1357/ 516019 082329 6112/
22219 00166
444 20120 21091 1355/ 50101 80114 80124 9/015=
ZZYY 32708 21091 1348/ 515997 087166 6112/
22219 00179
444 20120 21091 1235/ 50101 80114 80180 9/015=
ZZYY 32705 21091 1355/ 515651 091600 6112/
22219 00195
444 50101 80114 80033 9/015=
ZZYY 54558 21091 1340/ 529069 080487 6113/
11119 30229 40229 52011
22219 00159
444 20130 21091 1353/ 50101 80100 80057 9/015=
ZZYY 32704 21091 1355/ 522322 083542 6113/
22219 00169
444 20130 21091 1353/ 50101 80114 80064 9/015=
ZZYY 32702 21091 1358/ 515827 081546 6112/
22219 00171
444 20120 21091 1354/ 50101 80114 80010 9/015=
ZZYY 32692 21091 1350/ 517985 082387 6112/
22219 00168
444 20120 21091 0939/ 50101 80118 80107 9/015=
ZZYY 54947 21091 1300/ 536036 087449 6113/
11119 40164 52012
22219 00140
444 20130 21091 1241/ 50101 80010 80000 9////=
ZZYY 33533 21091 1300/ 549479 046870 6111/
11119 39977 49977
444 20110 21091 1248/ 50101 80110 80100 9/015=
ZZYY 71670 21091 1350/ 553711 040997 6113/
11119 39911 49911
22219 00000
444 20130 21091 1212/ 50101 80070 80098 9/015=
ZZYY 31911 21091 1355/ 527492 045066 6111/
22219 00190
444 20110 21091 1352/ 50101 80047 80000 9/015=
ZZYY 32739 21091 1356/ 518277 095455 6112/
22219 00200
444 20120 21091 1354/ 50101 80120 80018 9/015=
ZZYY 32912 21091 1355/ 517035 090725 6111/
22219 00190
444 20110 21091 1350/ 50101 80120 80106 9/015=
ZZYY 32548 21091 1353/ 516562 096234 6111/
22219 00204
444 20110 21091 1237/ 50101 8//// 80032 9/015=
ZZYY 32917 21091 1357/ 519583 090208 6113/
22219 00189
444 20130 21091 1353/ 50101 80120 80101 9/015=
ZZYY 32528 21091 1356/ 518503 088396 6112/
22219 00185
444 20120 21091 1353/ 50101 80120 80079 9/015=
ZZYY 32805 21091 1400/ 532715 101872 6111/
22219 00169
444 20110 21091 1356/ 50101 80104 80050 9/015=
ZZYY 16587 21091 1350/ 548624 055195 6112/
22219 00039
444 20120 21091 1356/ 50101 80100 80000 9/015=
ZZYY 71701 21091 1358/ 551937 043550 6111/
22219 00013
444 20110 21091 1231/ 50101 80114 80106 9/015=
ZZYY 71709 21091 1358/ 548593 040853 6112/
22219 00021
444 20120 21091 1213/ 50101 80116 80146 9/015=
ZZYY 71573 21091 1357/ 554021 042721 6113/
22219 00011
444 20130 21091 1212/ 50101 80116 80103 9/015=
ZZYY 33534 21091 1330/ 547368 046577 6111/
11119 30012 40012 57032
22219 00092
444 20110 21091 1231/ 50101 80110 80058 9/015=
ZZYY 33534 21091 1230/ 547368 046577 6111/
11119 30026 40026 57035
22219 00092
444 20110 21091 1231/ 50101 80110 80049 9/015=
ZZYY 55927 21091 1340/ 540090 107071 6112/
11119 39953 49953 57003
22219 00114
444 20120 21091 1249/ 50101 80100 80018 9/015=
ZZYY 33554 21091 1330/ 538140 044682 6111/
11119 30111 40111 57012
22219 00145
444 20110 21091 1355/ 50101 80110 80021 9/015=
ZZYY 55950 21091 1340/ 551409 045012 6111/
11119 39960 49960 57015
444 20110 21091 1249/ 50101 80100 80005 9/015=
ZZYY 31759 21091 1355/ 524431 043623 6112/
22219 00215
444 20120 21091 1351/ 50101 80116 80003 9/015=
ZZYY 16579 21091 1340/ 528774 093261 6112/
11119 30208 40208 52014
22219 00182
444 20120 21091 1354/ 50101 8//// 80000 9////=
ZZYY 55592 21091 1300/ 526030 080437 6113/
444 20130 21091 1236/ 50101 80010 80000 9////=
ZZYY 15631 21091 1354/ 527914 040751 6113/
22219 00195
444 20130 21091 1209/ 50101 80100 80022 9/015=
ZZYY 33666 21091 1358/ 540068 046895 6112/
22219 00114
444 20120 21091 1105/ 50101 80116 80010 9/015=
ZZYY 33905 21091 1356/ 541313 050737 6112/
22219 00106
444 20120 21091 1106/ 50101 80114 80010 9/015=
ZZYY 31785 21091 1347/ 705461 050555 6113/
22219 00292
444 20130 21091 1341/ 50101 80122 80014 9/015=
ZZYY 34518 21091 1330/ 542174 047034 6111/
11119 30119 40119 57027
444 20110 21091 1355/ 50101 80110 80038 9/015=
ZZYY 34519 21091 1340/ 543912 047421 6113/
11119 30091 40091 57025
22219 00092
444 20130 21091 1355/ 50101 80110 80029 9/015=
####018001413####
SSVX11 LFVW 211434
ZZYY 53056 21091 0300/ 305045 095058 6113/
11119 10266 29080
22219 00270
33311 88872 20000 32704 20001 32704 43406 20011 32703 43411
20020 32702 43410 20040 32702 43413 20081 32184 20100 31879 43493
20120 31543 20140 31325 20200 31202 20300 31085 20500 30937
444 20130 21091 0229/ 522//=
ZZYY 53056 21091 0100/ 305044 095056 6113/
11119 10264 29080
22219 00270
33311 88872 20000 32701 20001 32701 43405 20011 32702 43410
20020 32702 43408 20040 32701 43412 20081 32131 20100 31838 43499
20120 31536 20140 31351 20200 31210 20301 31083 20501 30935
444 20130 21091 0049/ 522//=
ZZYY 53056 21091 1300/ 305041 095061 6113/
22219 00000
33311 88872 20000 30000 20001 32717 43405 20011 32717 43411
20020 32708 43421 20040 32701 43420 20081 32224 20100 31862 43491
20120 31523 20140 31342 20200 31209 20301 31086 20501 30924
444 20130 21091 1303/ 522//=
ZZYY 53056 21091 1100/ 305040 095068 6112/
11119 10269 29081
22219 00272
33311 88872 20000 32724 20001 32724 43406 20011 32718 43412
20020 32703 43424 20040 32700 43419 20300 31088 20501 30933
444 20120 21091 1022/ 522//=
ZZYY 53056 21091 0700/ 305045 095061 6112/
11119 10268 29081
22219 00272
33311 88872 20000 32722 20001 32722 43406 20011 32708 43412
20020 32705 43412 20040 32702 43418 20081 32125 20100 31860 43498
20120 31554 20140 31364 20200 31216 20300 31089 20501 30933=
####018000557####
SSVX13 LFVW 211434
ZZYY 23995 21091 1110/ 119200 085449 6113/
11119 39999 49999 57008
22219 00283
444 20130 21091 1030/ 50101 80110 80003 9/015=
ZZYY 23996 21091 0910/ 114122 093378 6111/
11119 30055 40055 57020
22219 00281
444 20110 21091 0333/ 50101 80100 80002 9/015=
ZZYY 23996 21091 1210/ 114122 093378 6111/
11119 30067 40067 52012
22219 00272
444 20110 21091 0333/ 50101 80100 80003 9/015=
ZZYY 23996 21091 1110/ 114122 093378 6111/
11119 30062 40062 52001
22219 00275
444 20110 21091 0333/ 50101 80100 80003 9/015=
####018000134####
SSVX13 LFPW 211500
ZZYY 44722 21091 1500/ 756302 024658 6110/ 11119 40069 52018 444
 20100 21091 1500/ 50101 80108 80011 9/015=
####018000257####
SSVX02 LFVW 211436
ZZYY 56946 21091 1330/ 538736 108954 6112/
11119 49927 57013
22219 00118
444 20120 21091 1248/ 50101 80090 80000 9/015=
ZZYY 22689 21091 1425/ 735809 177708 6113/
22219 00240
444 20130 21091 1315/ 50101 80114 80007 9/015=
####018000319####
SSVX03 LFVW 211436
ZZYY 31374 21091 12001 528500 047360 6113/
11119 02509 10170 20124 40179
22219 00187 10705 20071 21024
33311 66699 20007 32016 20030 03013 20055 34015
444 20130 21091 1210/ 518// 60371=
ZZYY 31051 21091 13001 525281 044927 6113/
11119 00000 10200
444 20130 21091 1210/ 518// 60371=
####018005651####
SSVX08 KARS 211439
ZZYY 13002 20091 1200/ 720454 023122 6112/
33311 88872 20001 32485 43642 20020 32484 43642 20040 31964 43529
20060 31772 43572 20080 31725 20100 31675 20120 31629 20140 31592
20180 31558 20300 31429 20500 31192
444 20120 20091 1111/ 521//=
ZZYY 51021 20091 1200/ 701994 154969 6111/
33311 88870 20001 32642
444 20110 20091 1128/ 521//=
ZZYY 51021 21091 13004 701989 154968 6111/
11119 00915
22219 00263
444 20110 21091 1257/ 521// 60401=
ZZYY 51304 20091 1200/ 504993 170026 6112/
33311 88872 20001 32779 43543 20025 32778 20050 32777 20125 32682
20150 32522 20200 31890 20250 31354 20300 31117 20500 30821
444 20120 20091 1154/ 521//=
ZZYY 51304 21091 13004 505002 170027 6111/
11119 01015 10275 29075
22219 00277
444 20110 21091 1258/ 521// 60401=
ZZYY 52313 20091 1200/ 305842 176732 6111/
33311 88872 20001 32842 43557 20025 32842 20050 32840 20075 32840
20100 32840 20125 32841 20150 32819 20200 32245 20250 31633
20300 31240 20500 30805
444 20110 20091 1311/ 521//=
ZZYY 15002 20091 1200/ 700013 009867 6112/
33311 88872 20001 32424 20020 32394 43578 20040 32346 43579
20060 32135 43585 20080 31923 20100 31693 20120 31534 20140 31500
20180 31413 20300 31075 20500 30742
444 20120 20091 1043/ 521//=
ZZYY 51023 20091 1200/ 500002 154960 6111/
33311 88870 20001 32553 20025 32544 20050 32526 20100 32137
20125 31808 20200 31335 20250 31193 20300 31117 20500 30822
444 20110 20091 1127/ 521//=
ZZYY 51023 21091 1300/ 500009 154941 6111/
11119 10244 29091
22219 00254
444 20110 21091 1255/ 521//=
ZZYY 51022 20091 1200/ 501978 155000 6111/
33311 88872 20001 32675 43534 20025 32676 20050 32669 20075 32668
20100 32668 20125 32046 20150 31621 20200 31304 20300 31092
444 20110 20091 1128/ 521//=
ZZYY 13010 20091 12004 500011 000001 6111/
11119 01906 10253 29078
22219 00263
33311 88872 20000 32631 20001 32612 20020 32604 43539
20040 32366 43563 20060 31885 20080 31716 20100 31621
20120 31536 43559 20140 31509 20180 31486 20300 31042 20500 30760
444 20110 20091 1245/ 521// 60001=
ZZYY 13010 21091 13004 300017 000002 6111/
11119 01913 10251 29091
22219 00262
444 20110 21091 1235/ 521// 60001=
ZZYY 52316 20091 1200/ 507987 179856 6111/
33311 88870 20025 32854 20050 32852 20075 32851 20100 32851
20125 32843 20150 32763 20200 32318 20300 31459 20500 30799
444 20110 20091 1336/ 521//=
ZZYY 52311 20091 1200/ 700046 179922 6112/
33311 88872 20001 32771 43536 20025 32770 20050 32763 20075 32744
20100 32624 20125 32282 20150 31949 20200 31453 20250 31295
20500 30799
444 20120 20091 1310/ 521//=
ZZYY 51010 20091 1200/ 500027 170065 6112/
33311 88872 20001 32716 43522 20025 32712 43524 20050 32698 43525
20125 32119 20150 31786 20200 31400 20250 31250 20300 31150
20500 30826
444 20120 20091 1154/ 521//=
ZZYY 51020 20091 1200/ 705006 154955 6111/
33311 88872 20001 32771 43507 20025 32768 20050 32766 20100 32673
20125 32582 20150 32064 20200 31248 20250 31107 20300 31077
20500 30900
444 20110 20091 1307/ 521//=
ZZYY 51309 20091 1200/ 708015 170037 6112/
33311 88872 20001 32838 43427 20050 32840 20075 32792 20100 32483
20150 31555 20200 31164 20250 31078 20300 31017 20500 30834
444 20120 20091 1151/ 521//=
ZZYY 15001 20091 1200/ 509918 009981 6112/
33311 88872 20001 32341 43644 20020 32340 43644 20040 32340 43644
20060 32341 43644 20080 32330 20100 32088 20120 31803 20140 31574
20180 31297 20300 30956 20500 30733
444 20120 20091 1046/ 521//=
ZZYY 15001 21091 13004 509914 009975 6112/
11119 01012 10232 29082 40164
22219 00236
444 20120 21091 1347/ 521// 60401=
ZZYY 51019 20091 1200/ 504989 155007 6112/
33311 88870 20001 32710 20025 32708 20050 32707 20075 32706
20100 32706 20125 32553 20150 32085 20200 31452 20250 31148
20300 31031 20500 30810
444 20120 20091 1129/ 521//=
ZZYY 51019 21091 13004 504984 155022 6112/
11119 01015 10270 29079
22219 00271
444 20120 21091 1256/ 521// 60401=
ZZYY 52312 20091 1200/ 501971 179922 6111/
33311 88872 20001 32822 43544 20025 32821 20050 32820 20075 32819
20100 32820 20125 32753 20150 32247 20200 31306 20250 31140
20300 31082 20500 30776
444 20110 20091 1310/ 521//=
ZZYY 51310 20091 12004 508018 170061 6112/
11119 01213 10277 29078
22219 00281
33311 88872 20000 32808 20001 32811 43556 20025 32810 20050 32809
20075 32809 20100 32809 20125 32797 20150 32668 20200 32234
444 20120 20091 1156/ 521// 60401=
ZZYY 51310 21091 13004 508020 170067 6111/
11119 01114 10275 29075
22219 00280
444 20110 21091 1302/ 521// 60401=
ZZYY 51303 20091 1200/ 705052 170014 6111/
33311 88872 20001 32775 43524 20025 32775 20050 32775 20075 32774
20100 32768 20200 31564 20250 31106 20300 31014 20500 30852
444 20110 20091 1150/ 521//=
ZZYY 51301 20091 1200/ 707989 155000 6111/
33311 88870 20001 32841 20050 32812 20075 32726 20100 32332
20125 31709 20150 31348 20200 31131 20300 31012 20500 30813
444 20110 20091 1148/ 521//=
ZZYY 51305 20091 1200/ 702036 170053 6112/
33311 88872 20001 32723 43510 20025 32724 20050 32717 20075 32714
20100 32693 20125 32444 20150 31809 20200 31163 20250 31143
20300 31117
444 20120 20091 1153/ 521//=
ZZYY 51305 21091 1300/ 702035 170051 6112/
11119 10265 29084
22219 00271
444 20120 21091 1258/ 521//=
ZZYY 51306 20091 1200/ 502155 170031 6111/
33311 88872 20001 32772 43556 20025 32770 20050 32769 20100 32768
20125 32586 20150 32113 20250 31103 20500 30838
444 20110 20091 1152/ 521//=
ZZYY 52309 21091 1300/ 704999 179925 6111/
11119 10283 29082
444 20110 21091 1258/ 521//=
####018000185####
SSVX06 KARS 211439
ZZYY 47553 21091 1434/ 779342 103379 6111/
444 20110 21091 1414/ 500// 9/000=
ZZYY 47558 21091 1433/ 773758 081717 6113/
444 20130 21091 1413/ 500// 9/000=
####018012365####
SSVX02 KARS 211439
ZZYY 44515 21091 1433/ 745204 025888 6111/
22219 00170
444 20110 21091 1429/ 50101 80142 80009 9/015=
ZZYY 63561 21091 1420/ 775962 000021 6112/
22219 00049
33311 88872 20000 30485 42048
444 20120 21091 1406/ 50101 80070 80100 9/015=
ZZYY 13907 21091 1420/ 726977 036146 6113/
11119 30231 40231 57005
22219 00268
444 20130 21091 1335/ 50101 80110 80000 9/015=
ZZYY 44932 21091 1432/ 750857 025309 6112/
22219 00142
444 20120 21091 1359/ 50101 80142 80004 9/015=
ZZYY 44518 21091 1434/ 743138 022875 6111/
22219 00202
444 20110 21091 1430/ 50101 80142 80001 9/015=
ZZYY 44885 21091 1420/ 744744 033060 6112/
11119 30240 40240 57034
22219 00189
444 20120 21091 1430/ 50101 80110 80035 9/015=
ZZYY 44517 21091 1430/ 751850 020122 6112/
22219 00136
444 20120 21091 1405/ 50101 80142 80012 9/015=
ZZYY 44519 21091 1433/ 750801 019640 6112/
22219 00147
444 20120 21091 1358/ 50101 80140 80002 9/015=
ZZYY 44900 21091 1400/ 731262 010439 6113/
11119 30196 40196 57012
444 20130 21091 1357/ 50101 80120 80015 9/015=
ZZYY 41573 21091 1420/ 727551 037963 6111/
11119 30234 40234 57004
22219 00274
444 20110 21091 1429/ 50101 80120 80000 9/015=
ZZYY 42508 21091 1432/ 735799 049333 6111/
22219 00273
444 20110 21091 1217/ 50101 80126 80002 9/015=
ZZYY 13934 21091 1430/ 721799 028504 6112/
22219 00258
444 20120 21091 1151/ 50101 80124 80180 9/015=
ZZYY 44554 21091 1433/ 733810 038102 6112/
444 20120 21091 1329/ 50101 80098 80099 9/015=
ZZYY 41997 21091 1433/ 744087 040321 6113/
444 20130 21091 1429/ 50101 80094 80030 9/015=
ZZYY 44931 21091 1410/ 746115 027713 6112/
11119 30250 40250 57012
22219 00184
444 20120 21091 1359/ 50101 80138 80001 9/015=
ZZYY 13517 21091 1330/ 734943 017381 6111/
11119 30241 40241 57004
22219 00236
444 20110 21091 1430/ 50101 80120 80057 9/015=
ZZYY 13967 21091 1400/ 724830 033496 6112/
11119 30216 40216 57006
22219 00263
444 20120 21091 1335/ 50101 80110 80037 9/015=
ZZYY 13928 21091 1426/ 723526 034568 6111/
444 20110 21091 1336/ 50101 80124 80180 9/015=
ZZYY 13929 21091 1429/ 720837 029445 6113/
22219 00257
444 20130 21091 1152/ 50101 80124 80180 9/015=
ZZYY 41942 21091 1350/ 737630 046547 6113/
11119 30252 40252 52007
22219 00241
444 20130 21091 1328/ 50101 80120 80011 9/015=
ZZYY 62729 21091 1433/ 739784 026316 6111/
22219 00219
444 20110 21091 1430/ 50101 80116 80017 9/015=
ZZYY 41608 21091 1410/ 741401 035519 6113/
11119 30231 40231 57012
22219 00225
444 20130 21091 1430/ 50101 80110 80014 9/015=
ZZYY 44522 21091 1432/ 742380 044069 6111/
22219 00232
444 20110 21091 1326/ 50101 80118 80021 9/015=
ZZYY 62725 21091 1433/ 742312 020329 6112/
22219 00205
444 20120 21091 1430/ 50101 80118 80014 9/015=
ZZYY 41914 21091 1432/ 739306 036317 6113/
22219 00239
444 20130 21091 1429/ 50101 80116 80017 9/015=
ZZYY 62726 21091 1430/ 736215 019032 6113/
22219 00232
444 20130 21091 1358/ 50101 80120 80013 9/015=
ZZYY 44924 21091 1431/ 748634 034164 6113/
22219 00155
444 20130 21091 1405/ 50101 80102 9/015=
ZZYY 44896 21091 1210/ 718422 022614 6112/
11119 30151 40151 52001
22219 00257
444 20120 21091 1154/ 50101 80070 80000 9/015=
ZZYY 44930 21091 1433/ 765119 001374 6111/
444 20110 21091 1431/ 50101 80092 80099 9/015=
ZZYY 41903 21091 1433/ 736686 040770 6112/
22219 00249
444 20120 21091 1430/ 50101 80074 80003 9/015=
ZZYY 41983 21091 1433/ 741012 038959 6112/
22219 00231
444 20120 21091 1429/ 50101 80078 80018 9/015=
ZZYY 44917 21091 1420/ 742537 015387 6112/
11119 30252 40252 57001
444 20120 21091 1429/ 50101 80100 80063 9/015=
ZZYY 44886 21091 1431/ 729066 036967 6112/
22219 00270
444 20120 21091 1428/ 50101 80074 80005 9/015=
ZZYY 62909 21091 1431/ 730611 026712 6111/
22219 00261
444 20110 21091 1428/ 50101 80108 80003 9/015=
ZZYY 41606 21091 1434/ 735396 041619 6111/
22219 00265
444 20110 21091 1430/ 50101 80057 80007 9/015=
ZZYY 44914 21091 1429/ 735047 044398 6111/
22219 00272
444 50101 80051 80005 9/015=
ZZYY 44921 21091 1428/ 738117 030159 6111/
22219 00241
444 20110 21091 1329/ 50101 80080 80001 9/015=
ZZYY 41590 21091 1340/ 745911 033445 6112/
11119 30204 40204 57031
444 20120 21091 1326/ 50101 80120 80019 9/015=
ZZYY 62723 21091 1433/ 740049 030209 6113/
22219 00222
444 20130 21091 1429/ 50101 80079 80007 9/015=
ZZYY 13903 21091 1430/ 724263 027819 6112/
22219 00253
444 20120 21091 1151/ 50101 80130 80100 9/015=
ZZYY 44894 21091 1433/ 742216 033388 6113/
22219 00209
444 20130 21091 1430/ 50101 80078 80004 9/015=
ZZYY 44915 21091 1429/ 736109 054830 6111/
22219 00273
444 20110 21091 1328/ 50101 80118 80014 9/015=
ZZYY 62727 21091 1430/ 741571 019710 6113/
22219 00209
444 20130 21091 1151/ 50101 80118 80018 9/015=
ZZYY 44945 21091 1430/ 732383 035618 6113/
444 20130 21091 1335/ 50101 80054 80012 9/015=
ZZYY 44939 21091 1431/ 737262 037840 6112/
22219 00245
444 20120 21091 1428/ 50101 80052 80003 9/015=
ZZYY 41998 21091 1429/ 745892 041947 6112/
444 20120 21091 1430/ 50101 80068 80027 9/015=
ZZYY 62930 21091 1430/ 726684 031324 6112/
22219 00265
444 20120 21091 1151/ 50101 80084 80015 9/015=
ZZYY 13635 21091 1410/ 723473 032550 6111/
11119 30203 40203 57010
22219 00259
444 20110 21091 1152/ 50101 80120 80000 9/015=
ZZYY 13956 21091 1400/ 728672 015869 6112/
11119 30195 40195 57015
22219 00237
444 50101 80120 80005 9/015=
ZZYY 63951 21091 1431/ 765627 001329 6113/
22219 00107
444 20130 21091 1406/ 50101 9/015=
ZZYY 13589 21091 1429/ 728684 014012 6113/
22219 00284
444 20130 21091 1356/ 50101 80104 80000 9/015=
ZZYY 62905 21091 1410/ 736710 053921 6112/
11119 30268 40268 52008
22219 00270
444 20120 21091 1340/ 50101 8//// 80000 9/015=
ZZYY 44881 21091 1433/ 736303 033062 6112/
22219 00251
444 20120 21091 1429/ 50101 80074 80003 9/015=
ZZYY 41957 21091 1410/ 733288 028517 6112/
11119 30222 40222 57003
22219 00258
444 20120 21091 1358/ 50101 80110 80041 9/015=
ZZYY 41603 21091 1350/ 730424 040015 6113/
11119 30243 40243 52002
22219 00275
444 20130 21091 1329/ 50101 80110 80043 9/015=
ZZYY 42518 21091 1430/ 728827 039033 6111/
22219 00278
444 20110 21091 1335/ 50101 80118 80001 9/015=
ZZYY 44505 21091 1430/ 745742 046285 6112/
22219 00126
444 50101 9/050=
ZZYY 44904 21091 1430/ 746794 028029 6111/
11119 30245 40245 57012
22219 00165
444 50101 80130 80001 9/015=
ZZYY 44911 21091 1420/ 753473 012405 6113/
11119 30100 40100 52018
444 20130 21091 1430/ 50101 80123 80002 9/015=
ZZYY 63966 21091 1431/ 171460 015296 6112/
22219 00104
444 20120 21091 1406/ 50101 80009 80004 9/015=
ZZYY 44923 21091 1420/ 752598 028267 6111/
11119 30110 40110 52003
22219 00124
444 20110 21091 1430/ 50101 80130 80001 9/015=
ZZYY 14942 21091 1428/ 726855 165755 6113/
444 20130 21091 1310/ 50101 9/015=
ZZYY 13904 21091 1428/ 717138 019505 6112/
22219 00281
444 20120 21091 1153/ 50101 80128 80002 9/015=
ZZYY 64936 21091 1420/ 176047 007151 6113/
22219 00072
33311 88872 20000 30720 43511
444 20130 21091 1405/ 50101 80100 80100 9/015=
ZZYY 42547 21091 1432/ 738421 037191 6111/
22219 00238
444 20110 21091 1430/ 50101 80094 80001 9/015=
ZZYY 44514 21091 1432/ 749255 022137 6111/
22219 00149
444 20110 21091 1405/ 50101 80142 80001 9/015=
ZZYY 44513 21091 1433/ 750892 033850 6113/
22219 00131
444 20130 21091 1430/ 50101 80142 80009 9/015=
ZZYY 44516 21091 1433/ 749039 026280 6112/
22219 00153
444 20120 21091 1429/ 50101 80140 80000 9/015=
ZZYY 15904 21091 1352/ 310828 007205 6112/
22219 00207
444 20120 21091 1344/ 50101 80152 9/015=
ZZYY 13518 21091 1353/ 706691 013325 6112/
22219 00276
444 20120 21091 1355/ 50101 80134 80000 9/015=
ZZYY 32615 21091 1301/ 708766 143828 6113/
22219 00275
444 20130 21091 1253/ 50101 80008 80021 9/015=
ZZYY 15679 21091 1354/ 308944 006303 6112/
22219 00224
444 20120 21091 1342/ 50101 80152 80010 9/015=
ZZYY 33972 21091 1240/ 341039 054040 6112/
444 20120 21091 1216/ 50101 80009 80001 9////=
ZZYY 51664 21091 1300/ 712911 172357 6112/
444 20120 21091 1253/ 50101 80111 80133 9/015=
ZZYY 54949 21091 1200/ 530621 153628 6113/
11119 40158 57037
22219 00181
444 20130 21091 1143/ 50101 80010 80000 9////=
ZZYY 51948 21091 1305/ 502188 178551 6111/
22219 00280
444 20110 21091 1257/ 50101 80119 80008 9/015=
ZZYY 51913 21091 1306/ 515762 173329 6113/
22219 00209
444 20130 21091 1258/ 50101 80115 80011 9/015=
ZZYY 17681 21091 1320/ 523816 002477 6112/
11119 30247 40247 57015
22219 00191
444 20120 21091 1339/ 50101 80110 80000 9/015=
ZZYY 15944 21091 1352/ 301788 002709 6113/
22219 00252
444 50101 80152 80007 9/015=
ZZYY 51617 21091 1301/ 710137 173342 6113/
22219 00280
444 20130 21091 1254/ 50101 80045 80000 9/015=
ZZYY 15905 21091 1353/ 312897 008109 6111/
22219 00196
444 20110 21091 1341/ 50101 80152 80010 9/015=
ZZYY 15912 21091 1355/ 303655 003695 6111/
22219 00242
444 20110 21091 1344/ 50101 80152 80008 9/015=
ZZYY 51647 21091 1302/ 710803 150851 6112/
22219 00273
444 20120 21091 1252/ 50101 80107 80007 9/015=
ZZYY 52618 21091 1301/ 709523 175793 6112/
22219 00279
444 20120 21091 1254/ 50101 80117 80005 9/015=
ZZYY 32709 21091 1304/ 520574 135699 6112/
22219 00245
444 20120 21091 1143/ 50101 80121 80011 9/015=
ZZYY 51900 21091 1301/ 702339 138626 6113/
22219 00259
444 20130 21091 1254/ 50101 80120 80008 9/015=
ZZYY 51652 21091 1303/ 704913 169471 6113/
22219 00273
444 20130 21091 1254/ 50101 80123 80025 9/015=
ZZYY 51788 21091 1302/ 709549 149676 6113/
22219 00275
444 20130 21091 1253/ 50101 80088 80000 9/015=
ZZYY 32830 21091 1303/ 520823 160859 6112/
22219 00259
444 20120 21091 1257/ 50101 80108 80000 9/015=
ZZYY 32684 21091 1305/ 518576 158511 6112/
22219 00262
444 20120 21091 1258/ 50101 80102 80021 9/015=
ZZYY 51657 21091 1306/ 506814 178970 6112/
22219 00281
444 20120 21091 1257/ 50101 80117 80004 9/015=
ZZYY 51808 21091 1304/ 507909 140998 6112/
22219 00265
444 20120 21091 1256/ 50101 80036 80000 9/015=
ZZYY 51649 21091 1307/ 527181 160075 6113/
22219 00208
444 50101 80008 80000 9/015=
ZZYY 17520 21091 1341/ 336023 045585 6111/
22219 00159
444 20110 21091 1332/ 50101 80094 80018 9////=
ZZYY 32827 21091 1308/ 522790 139102 6111/
22219 00240
444 50101 80102 80003 9/015=
ZZYY 13945 21091 1353/ 714814 018191 6111/
22219 00293
444 20110 21091 1052/ 50101 80146 80011 9/015=
ZZYY 15906 21091 1351/ 507592 011973 6111/
22219 00241
444 20110 21091 1344/ 50101 80082 80012 9/015=
ZZYY 51643 21091 1306/ 508521 152820 6113/
22219 00272
444 20130 21091 1257/ 50101 80117 80015 9/015=
ZZYY 32719 21091 1308/ 510540 167168 6113/
444 20130 21091 1256/ 50101 80540 80091 9/015=
ZZYY 32558 21091 1304/ 520087 153706 6113/
22219 00261
444 20130 21091 1256/ 50101 80108 80099 9/015=
ZZYY 33691 21091 1348/ 527602 002101 6113/
22219 00185
444 20130 21091 1340/ 50101 80070 80005 9/015=
ZZYY 51907 21091 1305/ 504135 159514 6111/
22219 00271
444 20110 21091 1255/ 50101 80119 80031 9/015=
ZZYY 51918 21091 1302/ 504625 170633 6112/
22219 00276
444 20120 21091 1256/ 50101 80121 80005 9/015=
ZZYY 46906 21091 1300/ 712513 149434 6113/
22219 00270
444 20130 21091 1252/ 50101 80076 9/015=
ZZYY 51639 21091 1304/ 504895 174542 6113/
444 20130 21091 1256/ 50101 80117 80255 9/015=
ZZYY 32616 21091 1308/ 522579 140360 6112/
22219 00243
444 20120 21091 1258/ 50101 80100 80021 9/015=
ZZYY 51781 21091 1306/ 505184 169539 6113/
22219 00276
444 20130 21091 1256/ 50101 80121 80047 9/015=
ZZYY 51671 21091 1304/ 306104 173491 6113/
22219 00287
444 20130 21091 1321/ 50101 80121 80041 9/015=
ZZYY 33900 21091 1330/ 319462 000438 6112/
11119 30203 40203 57019
22219 00186
444 20120 21091 1340/ 50101 80110 80011 9/015=
ZZYY 32713 21091 1306/ 305971 174946 6111/
22219 00285
444 50101 80550 80019 9/015=
ZZYY 32546 21091 1306/ 524028 135555 6112/
22219 00225
444 20120 21091 1143/ 50101 80050 80062 9/015=
ZZYY 51739 21091 1301/ 714540 153666 6111/
22219 00268
444 20110 21091 1247/ 50101 80111 80009 9/015=
