####018007945####
SSVX11 LFVW 221318 RRA
ZZYY 52081 22091 1100/ 100060 138041 6111/
33311 88872 20002 32940 43413 20025 32936 43433 20050 32936 43448
20075 32860 43496 20100 32824 43538 20125 32554 43551
20150 32354 43545 20200 31834 43530 20250 31522 43508
20300 31483 43510 20500 30818 43458 20750 30544 43451
444 20110 22091 1053/ 522//=
ZZYY 52081 22091 0500/ 100074 138041 6112/
33311 88872 20002 32956 43422 20025 32936 43436 20050 32939 43448
20075 32837 43486 20100 32841 43533 20125 32582 43554
20150 32412 43550 20200 31925 43537 20250 31702 43522
20300 31505 43508 20500 30828 43459 20750 30569 43449
444 20120 22091 0506/ 522//=
ZZYY 52081 22091 0700/ 100071 138039 6113/
33311 88872 20002 32962 43415 20025 32933 43433 20050 32931 43454
20075 32830 43489 20100 32803 43547 20125 32512 43547
20150 32338 43544 20200 31856 43533 20250 31555 43513
20300 31492 43509 20500 30814 43459 20750 30562 43450
444 20130 22091 0639/ 522//=
ZZYY 52081 22091 0300/ 100061 138041 6111/
33311 88872 20002 32938 43420 20025 32927 43432 20050 32933 43452
20075 32863 43488 20100 32849 43532 20125 32560 43551
20150 32348 43543 20200 31898 43533 20250 31554 43513
20300 31412 43509 20500 30820 43458 20750 30561 43449
444 20110 22091 0327/ 522//=
ZZYY 52083 22091 06004 107966 156035 6113/
11119 01106 10287 29081 40083
22219 00297
33311 88872 20000 32969 20002 32969 43373 20025 32966 43384
20050 32955 43417 20075 32892 43462 20100 32691 43497
20125 32371 43518 20150 32043 43491 20200 31288 43450
20250 31019 43452 20300 30936 43460 20500 30746 43454
20750 30571 43454
444 20130 22091 0640/ 522// 60381=
ZZYY 52083 22091 02004 107964 156032 6113/
11119 01311 10276 29083 40100
22219 00297
33311 88872 20000 32966 20002 32966 43373 20025 32966 43384
20050 32939 43424 20075 32857 43467 20100 32682 43498
20125 32401 43515 20150 32021 43492 20200 31333 43450
20250 31113 43454 20300 30993 43454 20500 30783 43456
20750 30608 43454
444 20130 22091 0328/ 522// 60381=
ZZYY 52083 22091 04004 107962 156035 6112/
11119 01505 10278 29085 40086
22219 00297
33311 88872 20000 32965 20002 32965 43373 20025 32966 43384
20050 32964 43401 20075 32912 43456 20100 32716 43493
20125 32391 43517 20150 32075 43493 20200 31371 43451
20250 31121 43452 20300 30976 43457 20500 30771 43456
20750 30595 43453
444 20120 22091 0353/ 522// 60381=
ZZYY 52087 22091 04004 107865 136486 6113/
11119 03002 10257 29095 40085
22219 00294
33311 88872 20000 32936 20002 32936 43341 20025 32951 43364
20050 32955 43384 20075 32871 43456 20100 32646 43489
20125 32464 43494 20150 32250 43496 20200 31606 43463
20250 31235 43452 20300 31090 43454 20500 30744 43451
20750 30585 43451
444 20130 22091 0355/ 522// 60381=
ZZYY 52087 22091 02004 107865 136490 6112/
11119 02110 10267 29090 40096
22219 00295
33311 88872 20000 32947 20002 32947 43360 20025 32950 43365
20050 32959 43380 20075 32888 43449 20100 32662 43488
20125 32432 43495 20150 32213 43495 20200 31546 43461
20250 31210 43452 20300 31044 43455 20500 30737 43451
20750 30591 43452
444 20120 22091 0132/ 522// 60381=
ZZYY 52087 22091 11004 107877 136487 6111/
11119 02412 10282 29084 40081
22219 00294
33311 88872 20000 32938 20002 32938 43349 20025 32950 43362
20050 32953 43403 20075 32863 43456 20100 32608 43491
20125 32423 43493 20150 32066 43485 20200 31458 43458
20250 31183 43452 20300 30995 43455 20500 30728 43452
20750 30575 43451
444 20110 22091 1055/ 522// 60381=
ZZYY 52087 22091 09004 107870 136487 6112/
11119 02509 10277 29085 40074
22219 00293
33311 88872 20000 32933 20002 32933 43346 20025 32954 43364
20050 32959 43377 20075 32889 43449 20100 32638 43490
20125 32426 43494 20150 32061 43484 20200 31463 43458
20250 31223 43452 20300 31009 43454 20500 30721 43452
20750 30573 43451
444 20120 22091 0932/ 522// 60381=
ZZYY 52087 22091 05004 107861 136470 6111/
11119 02202 10261 29094 40076
22219 00293
33311 88872 20000 32932 20002 32932 43337 20025 32953 43364
20050 32957 43369 20075 32926 43432 20100 32685 43484
20125 32553 43493 20150 32260 43506 20200 31576 43463
20250 31245 43453 20300 31042 43456 20500 30744 43451
20750 30577 43451
444 20110 22091 0508/ 522// 60381=
ZZYY 52087 22091 07004 107867 136488 6113/
11119 02409 10273 29087 40065
22219 00294
33311 88872 20000 32936 20002 32936 43347 20025 32952 43364
20050 32959 43373 20075 32931 43431 20100 32730 43481
20125 32506 43495 20150 32088 43487 20200 31471 43458
20250 31197 43452 20300 31005 43454 20500 30744 43451
20750 30589 43452
444 20130 22091 0641/ 522// 60381=
ZZYY 52087 22091 01004 107865 136490 6112/
11119 02011 10275 29087 40099
22219 00295
33311 88872 20000 32950 20002 32950 43363 20025 32950 43365
20050 32959 43373 20075 32875 43453 20100 32653 43488
20125 32414 43495 20150 32113 43492 20200 31441 43458
20250 31179 43452 20300 31039 43455 20500 30741 43453
20750 30592 43451
444 20120 22091 0132/ 522// 60381=
ZZYY 52087 22091 03004 107874 136490 6111/
11119 02503 10257 29092 40094
22219 00294
33311 88872 20000 32942 20002 32942 43352 20025 32950 43365
20050 32951 43400 20075 32898 43446 20100 32676 43486
20125 32484 43492 20150 32328 43498 20200 31647 43465
20250 31236 43451 20300 31084 43454 20500 30745 43450
20750 30592 43452
444 20110 22091 0329/ 522// 60381=
ZZYY 52087 22091 10004 107871 136486 6113/
11119 02611 10280 29084 40079
22219 00294
33311 88872 20000 32940 20125 32433 43493 20150 32063 43485
20200 31457 43458 20250 31192 43452 20500 30726 43451
444 20130 22091 0942/ 522// 60381=
ZZYY 52080 22091 04004 101995 138102 6113/
11119 02012 10286 29079 40088
22219 00291
33311 88872 20000 32913 20002 32913 43382 20025 32917 43427
20050 32890 43441 20075 32859 43501 20100 32857 43532
20125 32639 43541 20150 32546 43538 20200 32112 43543
20250 31508 43488 20300 31239 43462 20500 30773 43457
20750 30530 43452
444 20130 22091 0353/ 522// 60381=
ZZYY 52080 22091 02004 101997 138100 6112/
11119 01811 10278 29083 40107
22219 00291
33311 88872 20000 32905 20002 32905 43379 20025 32916 43428
20050 32884 43440 20075 32861 43501 20100 32860 43533
20125 32630 43540 20150 32537 43541 20200 31961 43525
20250 31399 43472 20300 31226 43473 20500 30773 43457
20750 30530 43452
444 20120 22091 0133/ 522// 60381=
ZZYY 52080 22091 11004 101999 138101 6111/
11119 02707 10283 29081 40102
22219 00292
33311 88872 20000 32919 20002 32919 43402 20025 32922 43428
20050 32901 43443 20075 32857 43500 20100 32852 43532
20125 32646 43541 20150 32539 43539 20200 31941 43535
20250 31390 43469 20300 31174 43469 20500 30769 43456
20750 30532 43452
444 20110 22091 1054/ 522// 60381=
ZZYY 52080 22091 09004 101993 138102 6112/
11119 02405 10282 29082 40083
22219 00292
33311 88872 20000 32919 20002 32919 43396 20025 32919 43425
20050 32901 43443 20075 32858 43500 20100 32862 43531
20125 32645 43541 20150 32542 43538 20200 31923 43531
20250 31393 43470 20300 31160 43468 20500 30759 43456
20750 30527 43452
444 20120 22091 0931/ 522// 60381=
ZZYY 52080 22091 01004 101997 138100 6112/
11119 01910 10284 29080 40112
22219 00290
33311 88872 20000 32902 20002 32902 43380 20025 32912 43434
20050 32859 43443 20075 32861 43501 20100 32871 43532
20125 32635 43540 20150 32543 43540 20200 31927 43525
20250 31355 43467 20300 31177 43473 20500 30764 43456
20750 30527 43452
444 20120 22091 0133/ 522// 60381=
ZZYY 52080 22091 03004 102005 138101 6111/
11119 0//10 10277 29080 40098
22219 00291
33311 88872 20000 32907 20002 32907 43378 20025 32917 43427
20050 32895 43442 20075 32859 43499 20100 32865 43531
20125 32640 43541 20150 32546 43539 20200 32064 43536
20250 31455 43478 20300 31217 43465 20500 30776 43456
20750 30531 43452
444 20110 22091 0328/ 522// 60381=
####018014901####
SSVX11 LFVW 221318
ZZYY 52075 22091 06004 107983 130042 6113/
11119 03208 10272 29079 40078
22219 00292
33311 88872 20000 32923 20002 32923 43327 20025 32925 43336
20050 32925 43344 20075 32885 43377 20100 32530 43487
20125 32051 43487 20150 31741 43468 20200 31235 43444
20250 30995 43450 20300 30921 43456 20500 30734 43449
444 20130 22091 0535/ 522// 60381=
ZZYY 52075 22091 02004 107985 130038 6113/
11119 02807 10289 29078 40103
22219 00294
33311 88872 20000 32935 20002 32935 43328 20025 32928 43342
20050 32919 43350 20075 32558 43487 20100 32194 43489
20125 31901 43479 20150 31588 43463 20200 31155 43442
20250 30988 43449 20300 30945 43454 20500 30742 43448
444 20130 22091 0132/ 522// 60381=
ZZYY 52075 22091 04004 107986 130042 6113/
11119 02709 10287 29079 40088
22219 00293
33311 88872 20000 32933 20002 32933 43334 20025 32928 43342
20050 32922 43347 20075 32614 43480 20100 32347 43490
20125 31987 43482 20150 31720 43468 20200 31240 43443
20250 31005 43447 20300 30953 43455 20500 30745 43448
444 20130 22091 0355/ 522// 60381=
ZZYY 52075 22091 09004 107993 130033 6112/
11119 03404 10274 29082 40081
22219 00292
33311 88872 20000 32921 20002 32921 43328 20025 32924 43338
20050 32921 43344 20075 32595 43482 20100 32161 43491
20125 31856 43474 20150 31575 43460 20200 31186 43442
20250 31004 43449 20300 30952 43455 20500 30741 43447
444 20120 22091 0933/ 522// 60381=
ZZYY 52075 22091 05004 107982 130038 6113/
11119 02908 10282 29081 40081
22219 00293
33311 88872 20000 32929 20002 32929 43333 20025 32928 43342
20050 32923 43346 20075 32733 43454 20100 32462 43491
20125 32020 43483 20150 31755 43471 20200 31257 43445
20250 30999 43444 20300 30953 43454 20500 30745 43446
444 20130 22091 0509/ 522// 60381=
ZZYY 52075 22091 07004 107984 130042 6111/
11119 02905 10272 29080 40070
22219 00292
33311 88872 20000 32924 20002 32924 43331 20025 32927 43338
20050 32924 43344 20075 32736 43447 20100 32326 43489
20125 31940 43484 20150 31625 43466 20200 31233 43444
20250 31006 43446 20300 30944 43454 20500 30738 43448
444 20110 22091 0650/ 522// 60381=
ZZYY 52075 22091 01004 107985 130038 6113/
11119 03005 10290 29076 40106
22219 00293
33311 88872 20000 32932 20002 32932 43330 20025 32928 43338
20050 32916 43351 20075 32562 43485 20100 32207 43490
20125 31901 43478 20150 31605 43463 20200 31185 43442
20250 30991 43448 20300 30944 43453 20500 30744 43446
444 20130 22091 0132/ 522// 60381=
ZZYY 52078 22091 0900/ 105040 146945 6113/
33311 88872 20002 33053 43335 20025 32950 43351 20050 32941 43358
20075 32844 43456 20100 32561 43489 20125 32316 43509
20150 31913 43480 20200 31294 43457 20250 31017 43464
20300 30916 43460 20500 30772 43458 20750 30603 43454
444 20130 22091 0931/ 522//=
ZZYY 52078 22091 0700/ 105044 146954 6112/
33311 88872 20002 33056 43332 20025 32949 43358 20050 32940 43369
20075 32829 43458 20100 32580 43487 20125 32327 43508
20150 31932 43480 20200 31299 43456 20250 31065 43460
20300 30929 43461 20500 30785 43458 20750 30614 43454
444 20120 22091 0639/ 522//=
ZZYY 52078 22091 05004 105038 146949 6113/
11119 00703 29066 40091
22219 00302
33311 88872 20000 33016 20002 33016 43333 20025 32951 43360
20050 32952 43364 20075 32874 43440 20100 32649 43483
20125 32376 43503 20150 32050 43487 20200 31292 43456
20250 31045 43462 20300 30921 43461 20500 30785 43458
20750 30608 43455
444 20130 22091 0506/ 522// 60381=
ZZYY 52078 22091 0100/ 105042 146947 6112/
11119 10281 29077 40108
22219 00293
33311 88872 20000 32934 20002 32934 43318 20025 32951 43361
20050 32951 43366 20075 32900 43428 20100 32696 43477
20125 32295 43503 20150 31919 43480 20200 31233 43456
20250 31027 43463 20300 30919 43461 20500 30763 43457
20750 30601 43454
444 20120 21091 2351/ 522//=
ZZYY 52078 22091 03004 105040 146950 6112/
11119 00904 10281 29078 40101
22219 00296
33311 88872 20000 32959 20002 32959 43328 20025 32953 43363
20050 32951 43365 20075 32867 43448 20100 32683 43478
20125 32395 43501 20150 32135 43493 20200 31375 43457
20250 31070 43461 20300 30932 43462 20500 30781 43457
20750 30609 43454
444 20120 22091 0327/ 522// 60381=
ZZYY 52078 22091 10004 105039 146944 6112/
11119 00901 10284 29078 40099
22219 00304
33311 88872 20000 33041 20002 33041 43334 20025 32950 43350
20050 32941 43360 20075 32846 43457 20100 32537 43492
20125 32298 43507 20150 31892 43479 20200 31313 43458
20250 31020 43464 20300 30914 43461 20500 30754 43456
20750 30603 43454
444 20120 22091 0939/ 522// 60381=
ZZYY 52079 22091 10004 300024 146991 6113/
11119 00808 40097
22219 00299
33311 88872 20000 32991 20002 32991 43438 20025 32944 43525
20050 32864 43540 20075 32780 43537 20100 32778 43548
20125 32721 43551 20150 32559 43563 20200 31958 43539
20250 31651 43527 20300 31221 43495 20500 30864 43462
20750 30587 43451
444 20130 22091 0940/ 522// 60381=
ZZYY 52079 22091 08004 300023 146990 6113/
11119 00808 40081
22219 00300
33311 88872 20000 33004 20002 33004 43444 20025 32948 43518
20050 32857 43538 20075 32777 43539 20100 32773 43548
20125 32714 43552 20150 32613 43563 20200 31960 43534
20250 31686 43528 20300 31303 43503 20500 30866 43462
20750 30584 43452
444 20130 22091 0638/ 522// 60381=
ZZYY 52079 22091 06004 300023 146990 6113/
11119 00708 40081
22219 00300
33311 88872 20000 32995 20002 32995 43414 20025 32935 43528
20050 32831 43536 20075 32776 43545 20100 32745 43552
20125 32695 43548 20150 32510 43567 20200 31954 43532
20250 31689 43527 20300 31241 43495 20500 30802 43459
20750 30587 43452
444 20130 22091 0638/ 522// 60381=
ZZYY 52079 22091 04004 300026 146994 6112/
11119 00808 40088
22219 00297
33311 88872 20000 32972 20002 32972 43404 20025 32906 43539
20050 32839 43537 20075 32776 43542 20100 32759 43552
20125 32707 43551 20150 32506 43567 20200 31955 43539
20250 31640 43528 20300 31104 43481 20500 30786 43458
20750 30587 43452
444 20120 22091 0352/ 522// 60381=
ZZYY 52077 22091 07004 102074 146951 6113/
11119 00702 10288 29075 40081
22219 00299
33311 88872 20000 32992 20002 32992 43355 20025 32910 43407
20050 32914 43444 20075 32919 43469 20100 32917 43476
20125 32658 43542 20150 32380 43547 20200 31604 43475
20250 31154 43454 20300 31025 43473 20500 30796 43457
20750 30529 43454
444 20130 22091 0638/ 522// 60381=
ZZYY 52077 22091 05004 102070 146952 6113/
11119 01005 10286 29076 40086
22219 00300
33311 88872 20000 33004 20002 33004 43354 20025 32907 43399
20050 32919 43443 20075 32918 43464 20100 32918 43474
20125 32674 43532 20150 32379 43547 20200 31589 43479
20250 31140 43454 20300 31024 43473 20500 30793 43458
20750 30528 43453
444 20130 22091 0505/ 522// 60381=
ZZYY 52077 22091 01004 102073 146956 6113/
11119 00603 10284 29076 40110
22219 00296
33311 88872 20000 32958 20002 32958 43362 20025 32911 43415
20050 32917 43452 20075 32919 43471 20100 32724 43521
20125 32492 43556 20150 32364 43548 20200 31851 43495
20250 31244 43454 20300 31037 43467 20500 30801 43459
20750 30528 43453
444 20130 21091 2352/ 522// 60381=
ZZYY 52077 22091 03004 102070 146956 6112/
11119 00402 10286 29075 40100
22219 00299
33311 88872 20000 32988 20002 32988 43345 20025 32908 43399
20050 32917 43446 20075 32919 43471 20100 32912 43477
20125 32629 43542 20150 32383 43549 20200 31719 43484
20250 31198 43452 20300 31036 43468 20500 30827 43460
20750 30542 43453
444 20120 22091 0326/ 522// 60381=
ZZYY 52077 22091 10004 102071 146954 6113/
11119 00407 10284 29076 40099
22219 00297
33311 88872 20000 32969 20002 32969 43359 20025 32911 43414
20050 32920 43461 20075 32869 43489 20100 32647 43546
20300 31041 43464 20750 30528 43454
444 20130 22091 0940/ 522// 60381=
ZZYY 52077 22091 12004 102071 146952 6112/
11119 01103 10276 29083 40110
22219 00292
444 20120 22091 1235/ 522// 60381=
ZZYY 52077 22091 08004 102057 146947 6111/
11119 00705 10288 29075 40084
22219 00297
33311 88872 20000 32965 20002 32965 43358 20025 32909 43401
20050 32914 43446 20075 32919 43471 20100 32914 43475
20125 32644 43543 20150 32382 43548 20200 31621 43475
20250 31165 43453 20300 31023 43472 20500 30796 43459
20750 30533 43453
444 20110 22091 0819/ 522// 60381=
ZZYY 52073 22091 02004 104854 137278 6112/
11119 02914 10248 29092 40112
22219 00290
33311 88872 20000 32902 20002 32902 43315 20025 32918 43336
20050 32908 43390 20075 32846 20100 32682 43471 20125 32435 43491
20150 31980 43479 20200 31259 43449 20250 30928 43448
20300 30886 43457 20500 30747 43454 20750 30620 43449
444 20120 22091 0132/ 522// 60381=
ZZYY 52073 22091 04004 104855 137277 6113/
11119 02703 10255 29089 40088
22219 00289
33311 88872 20000 32892 20002 32892 43308 20025 32914 43332
20050 32890 43394 20075 32832 20100 32636 43479 20125 32287 43488
20150 31764 43474 20200 31208 43446 20250 30953 43443
20300 30898 43457 20500 30765 43455 20750 30627 43450
444 20130 22091 0354/ 522// 60381=
ZZYY 52073 22091 09004 104856 137279 6112/
11119 02313 10271 29081 40087
22219 00290
33311 88872 20000 32899 20002 32899 43310 20025 32924 43340
20050 32895 43389 20075 32827 20100 32670 43473 20125 32329 43491
20150 32047 43482 20200 31306 43449 20250 30992 43442
20300 30919 43454 20500 30768 43455 20750 30619 43451
444 20120 22091 0932/ 522// 60381=
ZZYY 52073 22091 11004 104863 137275 6112/
11119 02315 10271 29085 40100
22219 00290
33311 88872 20000 32896 20002 32896 43313 20025 32927 43341
20050 32895 43388 20075 32855 20100 32675 43472 20125 32360 43487
20150 31979 43476 20200 31207 43445 20250 30951 43442
20300 30896 43457 20500 30747 43454 20750 30612 43450
444 20120 22091 1055/ 522// 60381=
ZZYY 52073 22091 05004 104852 137262 6111/
11119 02608 10264 29085 40081
22219 00290
33311 88872 20000 32898 20002 32898 43315 20025 32917 43332
20050 32894 43389 20075 32814 20100 32612 43480 20125 32338 43485
20150 31882 43473 20200 31269 43447 20250 30955 43441
20300 30894 43458 20500 30754 43454 20750 30615 43450
444 20110 22091 0508/ 522// 60381=
ZZYY 52073 22091 01004 104854 137278 6112/
11119 03015 10258 29089 40116
22219 00291
33311 88872 20000 32905 20002 32905 43326 20025 32913 43330
20050 32916 43385 20075 32858 20100 32741 43458 20125 32467 43492
20150 32034 43481 20200 31289 43448 20250 30943 43444
20300 30892 43458 20500 30748 43454 20750 30606 43450
444 20120 22091 0132/ 522// 60381=
ZZYY 52073 22091 03004 104863 137280 6111/
11119 02907 10251 29088 40101
22219 00290
33311 88872 20000 32900 20002 32900 43317 20025 32912 43331
20050 32899 43384 20075 32860 20100 32677 43473 20125 32399 43491
20150 31800 43474 20200 31178 43447 20250 30927 43448
20300 30888 43457 20500 30753 43454 20750 30626 43450
444 20110 22091 0329/ 522// 60381=
ZZYY 21210 22091 09004 138102 146385 6111/
11119 03612 10203 29081 40008
444 20110 22091 0924/ 522// 60371=
ZZYY 21210 22091 05004 138098 146403 6111/
11119 03008 10201 29089 49973
22219 00245
444 20110 22091 0509/ 522// 60371=
ZZYY 21210 22091 07004 138097 146386 6112/
11119 03410 10205 29084 49990
22219 00240
444 20120 22091 0648/ 522// 60371=
ZZYY 52085 22091 0300/ 300019 155950 6113/
11119 10279 29081 40092
22219 00295
33311 88872 20000 32945 20002 32945 43452 20025 32923 43510
20050 32884 43534 20075 32832 43544 20100 32747 43554
20125 32671 43562 20150 32403 43560 20200 31732 43509
20250 31306 43501 20300 31103 43481 20500 30771 43456
20750 30576 43453
444 20130 22091 0326/ 522//=
ZZYY 52082 22091 08004 101948 155987 6111/
11119 01301 29081 40091
22219 00299
33311 88872 20000 32992 20002 32992 20025 32967 43478
20050 32953 43508 20075 32942 43519 20100 32843 43541
20125 32759 43539 20150 32452 43528 20200 31417 43461
20250 31027 43473 20300 30982 43471 20500 30799 43459
20750 30569 43453=
ZZYY 52082 22091 06004 101953 155999 6113/
11119 01501 29079 40079
22219 00297
33311 88872 20000 32973 20002 32973 20025 32970 43472
20050 32952 43507 20075 32911 43527 20100 32834 43542
20125 32763 43539 20150 32538 43532 20200 31482 43467
20250 31028 43473 20300 30983 43471 20500 30791 43458
20750 30568 43453
444 20130 22091 0638/ 522// 60381=
ZZYY 52082 22091 02004 101953 155999 6112/
11119 02201 29082 40105
22219 00296
33311 88872 20000 32955 20002 32955 20025 32969 43466
20050 32960 43510 20075 32956 43514 20100 32852 43540
20125 32780 43539 20150 32615 43533 20200 31618 43466
20250 31030 43473 20300 30982 43470 20500 30744 43456
20750 30570 43453
444 20120 22091 0212/ 522// 60381=
ZZYY 52082 22091 04004 101951 155994 6113/
11119 02101 29081 40085
22219 00298
33311 88872 20000 32975 20002 32975 20025 32970 43470
20050 32955 43508 20075 32954 43514 20100 32849 43541
20125 32774 43540 20150 32628 43534 20200 31415 43463
20250 31020 43473 20300 30979 43471 20500 30761 43457
20750 30572 43452
444 20130 22091 0352/ 522// 60381=
ZZYY 52082 22091 09004 101954 156007 6112/
11119 01702 29082 40099
22219 00300
33311 88872 20000 33000 20002 33000 20025 32966 43484
20050 32946 43505 20075 32920 43524 20100 32835 43542
20125 32705 43538 20150 32450 43527 20200 31629 43467
20250 31033 43473 20300 30992 43471 20500 30801 43458
20750 30570 43453
444 20120 22091 0930/ 522// 60381=
ZZYY 52082 22091 11004 101952 155995 6112/
11119 01703 29081 40112
22219 00299
444 20120 22091 1053/ 522// 60381=
ZZYY 52081 22091 0800/ 100070 138038 6113/
33311 88872 20002 32961 43417 20025 32933 43433 20050 32936 43449
20075 32841 43488 20100 32827 43541 20125 32537 43549
20150 32422 43549 20200 31852 43532 20250 31534 43510
20300 31484 43508 20500 30816 43459 20750 30558 43450
444 20130 22091 0818/ 522//=
ZZYY 52081 22091 0600/ 100072 138035 6113/
33311 88872 20002 32978 43426 20025 32939 43437 20050 32933 43453
20075 32828 43490 20100 32802 43544 20125 32517 43547
20150 32333 43543 20200 31881 43535 20250 31573 43512
20300 31504 43510 20500 30819 43458 20750 30564 43450
444 20130 22091 0534/ 522//=
ZZYY 52081 22091 0400/ 100072 138039 6113/
33311 88872 20002 32944 43421 20025 32932 43435 20050 32936 43450
20075 32840 43486 20100 32848 43531 20125 32575 43550
20150 32393 43547 20200 31919 43535 20250 31590 43512
20300 31500 43509 20500 30825 43460 20750 30564 43450
444 20130 22091 0352/ 522//=
ZZYY 52081 22091 0200/ 100074 138039 6112/
33311 88872 20002 32931 43420 20025 32925 43432 20050 32931 43454
20075 32845 43486 20100 32822 43542 20125 32536 43546
20150 32331 43542 20200 31898 43533 20250 31556 43513
20300 31449 43509 20500 30822 43459 20750 30561 43451
444 20120 22091 0132/ 522//=
####018000453####
SSVX02 LFVW 221318
ZZYY 21731 22091 1246/ 145333 140207 6111/
22219 00193
444 20110 22091 1104/ 50101 80138 80006 9/015=
ZZYY 22692 22091 1245/ 133181 124575 6112/
22219 00232
444 20120 22091 0401/ 50101 80146 80008 9/015=
ZZYY 22691 22091 1245/ 138706 131751 6112/
22219 00219
444 20120 22091 1243/ 50101 80146 80001 9/015=
ZZYY 21735 22091 1244/ 137144 130595 6113/
22219 00240
444 20130 22091 1103/ 50101 80038 80007 9/015=
####018000141####
SSVX13 LFVW 221318
ZZYY 55578 22091 1150/ 339790 158174 6112/
11119 30203 40203 57009
444 20120 22091 1109/ 50101 80090 80000 9/015=
####018000449####
SSWB41 RKSL 221300
ZZYY 22102 22091 13001 13480/ 12577/ 
11109 03506 10200 40147 5//// 
22209 00208 10502 20053 21008= 
ZZYY 22103 22091 13001 13400/ 12750/ 
11109 03308 10211 40127 5//// 
22209 00216 10802 20080 21010= 
ZZYY 22104 22091 13001 13477/ 12890/ 
11109 00000 10211 4//// 5//// 
22209 00231 11103 20107 21014= 
ZZYY 22107 22091 13001 13308/ 12603/ 
11109 00406 10211 40143 5//// 
22209 00267 10503 20053 21013= 
####018000437####
SSWB41 RKSL 221300
ZZYY 22102 22091 13001 13480/ 12577/
11109 03506 10200 40147 5////
22209 00208 10502 20053 21008=
ZZYY 22103 22091 13001 13400/ 12750/
11109 03308 10211 40127 5////
22209 00216 10802 20080 21010=
ZZYY 22104 22091 13001 13477/ 12890/
11109 00000 10211 4//// 5////
22209 00231 11103 20107 21014=
ZZYY 22107 22091 13001 13308/ 12603/
11109 00406 10211 40143 5////
22209 00267 10503 20053 21013=
####018000143####
SSVX02 CWAO 210800
ZZYY 48698 21091 0800/ 172630 172661 6113/ 11131 40462 57001 22219 01012 444 20130 21091 0800/ 50101 80136 80001 9////=
####018000131####
SSVX02 CWAO 221300
ZZYY 47505 22091 1300/ 785273 066506 6113/ 11119 40157 57003 444 20130 22091 1300/ 50701 80134 80001 9////=
####018000131####
SSVX02 CWAO 221300
ZZYY 47506 22091 1300/ 784759 068398 6113/ 11119 40152 57004 444 20130 22091 1300/ 50701 80134 80001 9////=
####018000131####
SSVX02 CWAO 221300
ZZYY 47507 22091 1300/ 781490 106272 6113/ 11131 40115 52005 444 20130 22091 1300/ 50701 80140 80001 9////=
####018000269####
SSVF21 EIDB 221300
ZZYY 62091 22091 13001 753479 005424 11199 02305 10139 29075 40181 22299 00140 10402 20040 21009 33300 88872 20000 40000=
ZZYY 62093 22091 13001 754998 009998 11199 02108 10129 29089 40139 22299 00131 10808 20079 21039 33300 88872 20000 43537=
####018000134####
SSVX02 CWAO 221300
ZZYY 47505 22091 1300/ 785273 066506 6113/ 11119 40157 57003 444 20130 22091 1300/ 50701 80134 80001 9////=

####018000146####
SSVX02 CWAO 210800
ZZYY 48698 21091 0800/ 172630 172661 6113/ 11131 40462 57001 22219 01012 444 20130 21091 0800/ 50101 80136 80001 9////=

####018000134####
SSVX02 CWAO 221300
ZZYY 47507 22091 1300/ 781490 106272 6113/ 11131 40115 52005 444 20130 22091 1300/ 50701 80140 80001 9////=

####018000134####
SSVX02 CWAO 221300
ZZYY 47506 22091 1300/ 784759 068398 6113/ 11119 40152 57004 444 20130 22091 1300/ 50701 80134 80001 9////=

####018000155####
SSVX13 KARS 221320
ZZYY 22531 22091 1210/ 120776 127611 6111/
11119 30094 40094 52015
22219 00293
444 20110 22091 1239/ 50101 80110 80038 9/015=
####018000111####
SSVX07 KARS 221320
ZZYY 48534 22091 1300/ 783370 046236 6113/
11119 11171 40144
444 20130 22091 1246/=
####018010905####
SSVX02 KARS 221320
ZZYY 53604 22091 1246/ 133516 151271 6111/
22219 00275
444 20110 22091 1242/ 50101 80132 80001 9/015=
ZZYY 21907 22091 1210/ 119492 133195 6112/
11119 30092 40092 57247
22219 00289
444 20120 22091 1239/ 50101 80100 80005 9/015=
ZZYY 21907 22091 1110/ 119520 133218 6113/
11119 30089 40089 57244
22219 00290
444 20130 22091 0949/ 50101 80100 80005 9/015=
ZZYY 53601 22091 1247/ 139555 150938 6111/
22219 00235
444 20110 22091 1101/ 50101 80130 80004 9/015=
ZZYY 21896 22091 1210/ 119501 127448 6111/
11119 30092 40092 57238
22219 00292
444 20110 22091 1240/ 50101 80090 80000 9/015=
ZZYY 52919 22091 1243/ 121775 149266 6111/
22219 00281
444 20110 22091 1239/ 50101 80119 80024 9/015=
ZZYY 21514 22091 1240/ 139171 145536 6111/
11119 30040 40040 57239
22219 00217
444 20110 22091 1243/ 50101 80120 80020 9/015=
ZZYY 21514 22091 1140/ 139113 145527 6111/
11119 30037 40037 57235
22219 00218
444 20110 22091 1100/ 50101 80120 80018 9/015=
ZZYY 14940 22091 1246/ 138796 149351 6111/
444 20110 22091 0950/ 50101 9/015=
ZZYY 52920 22091 1237/ 121186 151058 6111/
22219 00283
444 20110 22091 1058/ 50101 80121 80026 9/015=
ZZYY 21915 22091 1248/ 137416 146641 6112/
22219 00247
444 20120 20091 2224/ 50101 80000 80000 9/015=
ZZYY 21968 22091 1230/ 114521 126278 6111/
11119 30091 40091 57239
22219 00303
444 20110 22091 1112/ 50101 80080 80000 9/015=
ZZYY 21968 22091 1130/ 114521 126278 6111/
11119 30085 40085 57238
22219 00304
444 20110 22091 1112/ 50101 80080 80000 9/015=
ZZYY 51957 22091 1247/ 126513 134013 6111/
22219 00271
444 20110 22091 1239/ 50101 80119 80255 9/015=
ZZYY 21616 22091 1245/ 137976 145210 6113/
22219 00226
444 20130 22091 1101/ 50101 80120 80051 9/015=
ZZYY 53597 22091 1240/ 114690 121721 6113/
22219 00281
444 20130 22091 1238/ 50101 80094 80002 9/015=
ZZYY 52593 22091 1240/ 125527 126541 6111/
11119 30120 40120 52016
22219 00276
444 20110 22091 1241/ 50101 80110 80016 9/015=
ZZYY 52593 22091 1140/ 125542 126560 6113/
11119 30116 40116 52013
22219 00276
444 20130 22091 1129/ 50101 80110 80014 9/015=
ZZYY 52836 22091 1243/ 117578 142949 6112/
22219 00290
444 20120 22091 1238/ 50101 80126 80003 9/015=
ZZYY 53524 22091 1246/ 128356 134140 6112/
22219 00277
444 20120 22091 1240/ 50101 80092 80006 9/015=
ZZYY 53581 22091 1150/ 114891 127168 6111/
11119 30088 40088 57239
22219 00301
444 20110 22091 1129/ 50101 80110 80010 9/015=
ZZYY 53907 22091 1220/ 118011 139128 6113/
11119 30106 40106 57243
22219 00291
444 20130 22091 1237/ 50101 80110 80011 9/015=
ZZYY 52594 22091 1243/ 130491 151464 6111/
22219 00273
444 20110 22091 0950/ 50101 80126 80003 9/015=
ZZYY 21973 22091 1110/ 129926 152700 6111/
11119 30164 40164 52001
22219 00275
444 20110 22091 0949/ 50101 80130 80005 9/015=
ZZYY 52665 22091 1220/ 113444 132673 6112/
11119 30089 40089 57238
22219 00301
444 20120 22091 1238/ 50101 80120 80009 9/015=
ZZYY 22528 22091 1243/ 131635 141989 6111/
22219 00260
444 50101 80096 80000 9/015=
ZZYY 52907 22091 1244/ 112355 138435 6113/
22219 00315
444 20130 22091 1238/ 50101 80120 80004 9/015=
ZZYY 53567 22091 1210/ 113195 126663 6112/
11119 30092 40092 57233
22219 00297
444 20120 22091 1238/ 50101 80120 80008 9/015=
ZZYY 52833 22091 1200/ 117211 136060 6113/
11119 30096 40096 57240
22219 00292
444 20130 22091 1127/ 50101 80120 80009 9/015=
ZZYY 52905 22091 1210/ 112342 132523 6111/
11119 30089 40089 57240
22219 00297
444 20110 22091 1237/ 50101 80110 80009 9/015=
ZZYY 53908 22091 1244/ 120653 129698 6111/
22219 00290
444 20110 22091 1239/ 50101 80138 80003 9/015=
ZZYY 53575 22091 1236/ 114702 121688 6112/
22219 00289
444 20120 22091 1128/ 50101 80092 80002 9/015=
ZZYY 21535 22091 1130/ 142499 144981 6112/
11119 30028 40028 52029
22219 00172
444 20120 22091 1123/ 50101 80120 80063 9/015=
ZZYY 52613 22091 1238/ 105667 142760 6112/
22219 00291
444 20120 22091 1125/ 50101 80120 80029 9/015=
ZZYY 53591 22091 1240/ 133139 152958 6111/
11119 30147 40147
22219 00251
444 20110 22091 1100/ 50101 80100 80010 9/015=
ZZYY 53592 22091 1150/ 135108 148269 6111/
11119 30053 40053
22219 00275
444 20110 22091 1129/ 50101 80110 80097 9/015=
ZZYY 53594 22091 1230/ 129555 135068 6112/
11119 30094 40094
22219 00266
444 20120 22091 1242/ 50101 80110 80100 9/015=
ZZYY 53571 22091 1239/ 114993 122054 6111/
22219 00269
444 50101 80105 80000 9/015=
ZZYY 52807 22091 1240/ 102056 133853 6111/
22219 00290
444 20110 22091 1236/ 50101 80120 80035 9/015=
ZZYY 21622 22091 1150/ 132189 137656 6112/
11119 30062 40062 57230
22219 00258
444 20120 22091 1129/ 50101 80100 80000 9/015=
ZZYY 22583 22091 1245/ 119401 128871 6111/
22219 00293
444 20110 22091 1240/ 50101 80140 80001 9/015=
ZZYY 52619 22091 1234/ 105357 132973 6111/
22219 00292
444 20110 22091 1116/ 50101 80120 80064 9/015=
ZZYY 21608 22091 1230/ 135456 130208 6113/
22219 00237=
ZZYY 51964 22091 1245/ 125005 122222 6111/
22219 00273
444 20110 22091 1241/ 50101 80121 80009 9/015=
ZZYY 21892 22091 1220/ 119401 135691 6113/
11119 30090 40090 52010
22219 00296
444 20130 22091 1238/ 50101 8//// 80000 9/015=
ZZYY 51859 22091 1241/ 129167 151984 6112/
22219 00276
444 20120 22091 0950/ 50101 80460 80004 9/015=
ZZYY 52614 22091 1246/ 120124 124116 6113/
22219 00290
444 20130 22091 1240/ 50101 80006 80013 9////=
ZZYY 53523 22091 1240/ 120868 120185 6111/
22219 00286
444 20110 22091 1114/ 50101 80118 80255 9/015=
ZZYY 52666 22091 1235/ 301421 134762 6112/
22219 00291
444 20120 22091 1114/ 50101 80120 80167 9/015=
ZZYY 22574 22091 1247/ 127562 130120 6112/
22219 00265
444 20120 22091 1241/ 50101 80009 80000 9////=
ZZYY 53596 22091 1245/ 121923 120436 6111/
22219 00283
444 20110 22091 1239/ 50101 80122 80255 9/015=
ZZYY 52606 22091 1241/ 106988 132117 6113/
22219 00291
444 20130 22091 1107/ 50101 80120 80014 9/015=
ZZYY 52916 22091 1247/ 127630 131131 6111/
22219 00258
444 20110 22091 1241/ 50101 80103 80012 9/015=
ZZYY 52608 22091 1239/ 106005 133286 6113/
22219 00291
444 20130 22091 1112/ 50101 80120 80026 9/015=
ZZYY 52668 22091 1239/ 114789 137941 6112/
22219 00295
444 50101 80120 80000 9/015=
ZZYY 52805 22091 1240/ 108558 132236 6112/
22219 00294
444 20120 22091 0943/ 50101 80120 80034 9/015=
ZZYY 52679 22091 1240/ 112562 138964 6113/
22219 00293
444 20130 22091 1237/ 50101 80120 80021 9/015=
ZZYY 51864 22091 1245/ 132963 147033 6112/
22219 00275
444 20120 22091 1240/ 50101 80117 80012 9/015=
ZZYY 52910 22091 1238/ 111175 136729 6112/
22219 00293
444 20120 22091 0943/ 50101 80120 80021 9/015=
ZZYY 52909 22091 1241/ 114784 139273 6112/
22219 00294
444 20120 22091 1238/ 50101 80120 80037 9/015=
ZZYY 21533 22091 1240/ 143682 150042 6112/
11119 39952 49952 52053
22219 00143
444 20120 22091 1103/ 50101 80120 80063 9/015=
ZZYY 21533 22091 1140/ 143682 150042 6112/
11119 39942 49942 52056
22219 00143
444 20120 22091 1103/ 50101 80120 80063 9/015=
ZZYY 52664 22091 1242/ 110086 133078 6113/
22219 00295
444 20130 22091 1237/ 50101 80120 80025 9/015=
ZZYY 53518 22091 1247/ 120997 113935 6113/
22219 00285
444 20130 22091 1241/ 50101 80138 80002 9/015=
ZZYY 52911 22091 1238/ 111399 136626 6113/
22219 00295
444 20130 22091 1236/ 50101 80120 80027 9/015=
ZZYY 22634 22091 1240/ 129026 149185 6111/
22219 00277
444 20110 22091 1059/ 50101 80048 80000 9////=
ZZYY 21549 22091 1210/ 141280 150138 6111/
11119 30001 40001 57229
22219 00198
444 20110 22091 1243/ 50101 80120 80016 9/015=
ZZYY 51861 22091 1245/ 134664 144094 6111/
22219 00275
444 20110 22091 1100/ 50101 80005 80000 9////=
ZZYY 21529 22091 1140/ 137974 150596 6111/
11119 30037 40037 57250
22219 00233
444 20110 22091 0952/ 50101 80120 80019 9/015=
ZZYY 52914 22091 1245/ 134941 143540 6113/
22219 00274
444 20130 22091 1241/ 50101 80051 80005 9/015=
ZZYY 21526 22091 1200/ 140226 142227 6112/
11119 30036 40036 57238
22219 00194
444 20120 22091 1102/ 50101 80120 80015 9/015=
ZZYY 22610 22091 1241/ 127608 152672 6113/
22219 00275
444 20130 22091 0935/ 50101 80009 80001 9////=
ZZYY 52673 22091 1238/ 101713 131816 6113/
22219 00290
444 20130 22091 1106/ 50101 80120 80023 9/015=
ZZYY 52662 22091 1237/ 102870 145993 6111/
22219 00292
444 20110 22091 1115/ 50101 80120 80026 9/015=
ZZYY 52598 22091 1150/ 122218 125370 6111/
11119 30110 40110 52015
22219 00288
444 20110 22091 1239/ 50101 80110 80000 9/015=
ZZYY 52598 22091 1250/ 122218 125370 6111/
11119 30114 40114 52016
22219 00288
444 20110 22091 1239/ 50101 80110 80000 9/015=
ZZYY 51829 22091 1243/ 127255 144448 6112/
22219 00273
444 20120 22091 1239/ 50101 80119 80009 9/015=
ZZYY 52838 22091 1244/ 126587 143281 6111/
22219 00274
444 20110 22091 1240/ 50101 80123 80010 9/015=
ZZYY 52615 22091 1244/ 131554 151445 6111/
22219 00273
444 20110 22091 0935/ 50101 80121 80025 9/015=
ZZYY 51668 22091 1240/ 123138 147965 6112/
444 20120 22091 1238/ 50101 80121 80025 9/015=
ZZYY 53517 22091 1246/ 117687 129629 6111/
22219 00301
444 20110 22091 1239/ 50101 80092 80006 9/015=
ZZYY 52591 22091 1239/ 122509 148120 6111/
22219 00281
444 20110 22091 1237/ 50101 80121 80014 9/015=
ZZYY 48659 22091 1300/ 788200 160959 6113/
11119 30127 40127 52009
22219 01053
444 20130 22091 1256/ 50101 80145 80001 9/015=
ZZYY 44930 22091 1301/ 765458 001673 6111/
444 20110 22091 1238/ 50101 80092 80099 9/015=
ZZYY 48656 22091 1250/ 780684 160353 6113/
22219 01023
444 20130 22091 1248/ 50101 80123 80001 9/015=
ZZYY 62926 22091 1250/ 759920 018019 6113/
22219 00117
444 20130 22091 1238/ 50101 80110 80005 9/015=
ZZYY 64930 22091 1300/ 776402 000873 6113/
22219 00048
33311 88872 20000 30480 43490
444 20130 22091 1240/ 50101 80011 80100 9////=
ZZYY 63579 22091 1300/ 169084 046738 6113/
22219 00084
444 20130 22091 1256/ 50101 80005 80004 9////=
ZZYY 63964 22091 1300/ 173833 023020 6112/
444 20120 22091 1257/ 50101 80007 80016 9/015=
ZZYY 63951 22091 1259/ 765672 001365 6112/
22219 00107
444 20120 22091 1239/ 50101 80007 80008 9/015=
ZZYY 63948 22091 1258/ 175402 035531 6112/
22219 00058
444 20120 22091 1256/ 50101 80007 80005 9/015=
ZZYY 63577 22091 1259/ 175065 067736 6113/
22219 00064
444 20130 22091 1256/ 50101 80007 80006 9/015=
ZZYY 63583 22091 1259/ 172580 046881 6113/
22219 00081
444 20130 22091 1256/ 50101 80007 80009 9/015=
ZZYY 63584 22091 1259/ 777845 002119 6111/
22219 00043
444 20110 22091 1257/ 50101 80008 80008 9/015=
ZZYY 63966 22091 1259/ 171456 015182 6111/
22219 00103
444 20110 22091 1257/ 50101 80008 80008 9/015=
####018000529####
SSVX06 KARS 221320
ZZYY 47558 22091 1300/ 773763 081534 6113/
444 20130 22091 1248/ 500// 9/000=
ZZYY 48506 22091 1302/ 779565 119237 6111/
11119 40074
444 20110 22091 1258/ 500//=
ZZYY 47554 22091 1301/ 774359 112783 6113/
444 20130 22091 1250/ 500// 9/000=
ZZYY 48505 22091 1302/ 780219 127746 6111/
11119 40075
444 20110 22091 1258/ 500//=
ZZYY 47553 22091 1301/ 779342 103379 6111/
444 20110 22091 1248/ 500// 9/000=
ZZYY 48713 22091 1258/ 175344 165808 6111/
444 20110 22091 1252/ 500// 9/000=
####018000129####
SSVX02 LFVW 221320
ZZYY 22689 22091 1308/ 735696 177894 6112/
22219 00238
444 20120 22091 1303/ 50101 80114 80006 9/015=
####018000499####
SSVX13 LFVW 221320
ZZYY 55590 22091 1130/ 328532 170196 6111/
11119 40171 52004
22219 00192
444 20110 22091 0927/ 50101 80009 80000 9/015=
ZZYY 55578 22091 1250/ 339796 158182 6111/
11119 30198 40198 57010
444 20110 22091 1302/ 50101 80090 80000 9/015=
ZZYY 55081 22091 1240/ 349668 178809 6113/
11119 30181 40181 57002
444 20130 22091 1300/ 50101 9/015=
ZZYY 52751 22091 1300/ 315935 170163 6111/
11119 40138
22219 00267
444 20110 22091 1046/ 50101 80080 80100 9/015=
####018000146####
SSVX13 LFPW 221300
ZZYY 16544 22091 1300/ 348124 107610 6113/ 11119 40067 52009 22219
 00061 444 20130 22091 1300/ 50101 80130 80006 9/015=
####018000146####
SSVX13 LFPW 221300
ZZYY 16532 22091 1300/ 346344 059598 6113/ 11119 40104 52026 22219
 00083 444 20130 22091 1300/ 50101 80144 80027 9/015=
####018000146####
SSVX13 LFPW 221300
ZZYY 48602 22091 1300/ 785085 129144 6113/ 11119 40093 52004 22219
 01043 444 20130 22091 1300/ 50101 80146 80002 9/015=
