####018000213####
SSVX07 LFVW 092138
ZZYY 48548 09070 1950/ 780783 106602 6111/
11119 10011 39374 49374
444 20110 09070 2024/=
ZZYY 48592 09070 1950/ 770049 142771 6113/
11119 10116 30111 40111
444 20130 09070 2025/=
####018008899####
SSVX02 KARS 092141
ZZYY 48672 09070 1947/ 782898 102124 6111/
444 20110 09070 2005/ 500// 9/000=
ZZYY 63969 09070 1949/ 174899 012080 6113/
22219 00063
444 20130 09070 1945/ 50101 80011 80032 9/015=
ZZYY 63974 09070 1949/ 766923 002122 6112/
22219 00094
444 20120 09070 1943/ 50101 80012 80008 9/015=
ZZYY 63966 09070 1948/ 766297 001463 6112/
22219 00090
444 20120 09070 1943/ 50101 80012 80005 9/015=
ZZYY 44924 09070 1950/ 759389 040845 6111/
22219 00099
444 20110 09070 2014/ 50101 80114 9/015=
ZZYY 64935 09070 1930/ 174543 000312 6111/
22219 00041
33311 88872 20000 30410 43485
444 20110 09070 1944/ 50101 80011 80099 9////=
ZZYY 63932 09070 1947/ 172305 033465 6111/
22219 00071
444 20110 09070 2006/ 50101 80012 80035 9/015=
ZZYY 63685 09070 1948/ 174858 035844 6113/
22219 00056
444 20130 09070 1945/ 50101 80012 80013 9////=
ZZYY 63579 09070 1949/ 770415 004624 6111/
22219 00082
444 20110 09070 1942/ 50101 80012 80005 9////=
ZZYY 63964 09070 1948/ 763613 002846 6111/
444 20110 09070 1943/ 50101 80012 80044 9/015=
ZZYY 63951 09070 1949/ 766704 009844 6112/
22219 00062
444 20120 09070 1944/ 50101 80012 80008 9/015=
ZZYY 63949 09070 1949/ 171310 018418 6113/
22219 00093
444 20130 09070 1944/ 50101 80012 80008 9/015=
ZZYY 63948 09070 1949/ 173874 024698 6112/
22219 00073
444 20120 09070 1946/ 50101 80012 80035 9/015=
ZZYY 63945 09070 1949/ 178241 004625 6112/
22219 00066
444 20120 09070 1945/ 50101 80012 80028 9/015=
ZZYY 63582 09070 1949/ 172641 021418 6113/
22219 00081
444 20130 09070 1944/ 50101 80011 80007 9/015=
ZZYY 63577 09070 1949/ 175415 038683 6112/
22219 00037
444 20120 09070 1947/ 50101 80012 80007 9/015=
ZZYY 63578 09070 1950/ 173671 032772 6112/
22219 00069
444 20120 09070 1945/ 50101 80012 80010 9/015=
ZZYY 63575 09070 1948/ 172957 023903 6113/
22219 00081
444 20130 09070 1943/ 50101 80012 80004 9/015=
ZZYY 63576 09070 1949/ 175421 003006 6112/
22219 00052
444 20120 09070 1947/ 50101 80012 80005 9////=
ZZYY 63585 09070 1949/ 174717 021431 6113/
22219 00043
444 20130 09070 1944/ 50101 80011 80006 9/015=
ZZYY 63583 09070 1949/ 173448 029224 6113/
22219 00072
444 20130 09070 1945/ 50101 80012 80037 9/015=
ZZYY 63584 09070 1949/ 172181 012826 6111/
22219 00081
444 20110 09070 1946/ 50101 80011 80042 9/015=
ZZYY 31905 09070 2126/ 529131 032169 6112/
444 20120 09070 1953/ 50101 9/015=
ZZYY 33887 09070 2050/ 553967 030686 6111/
11119 30116 40116
22219 00003
444 20110 09070 1948/ 50101 80110 80100 9/015=
ZZYY 71605 09070 2000/ 557165 020791 6111/
11119 30168 40168 52250
22219 00003
444 20110 09070 1953/ 50101 80100 80000 9/015=
ZZYY 33536 09070 2110/ 350815 027059 6113/
11119 49894 52026
22219 00016
444 20130 09070 1910/ 50101 80010 80000 9////=
ZZYY 15503 09070 2030/ 515681 011524 6111/
11119 30214 40214 52005
22219 00230
444 20110 09070 1817/ 50101 80090 80000 9/015=
ZZYY 15950 09070 2100/ 518477 010776 6112/
11119 30236 40236 52004
22219 00228
444 20120 09070 1817/ 50101 80090 80000 9/015=
ZZYY 33886 09070 2100/ 553701 030150 6112/
11119 30114 40114
22219 00009
444 20120 09070 1948/ 50101 80110 80100 9/015=
ZZYY 33676 09070 2120/ 350929 020432 6112/
11119 39896 49896
22219 00016
444 20120 09070 1909/ 50101 9/015=
ZZYY 33595 09070 2110/ 552534 014256 6112/
11119 30225 40225
22219 00019
444 20120 09070 1947/ 50101 80110 80100 9/015=
ZZYY 31985 09070 1840/ 531365 011675 6113/
11119 30285 40285 52003
444 20130 09070 1813/ 50101 8//// 80003 9////=
ZZYY 33885 09070 2050/ 547280 022886 6113/
11119 30152 40152
22219 00050
444 20130 09070 1948/ 50101 80110 80100 9/015=
ZZYY 33635 09070 2100/ 349832 002000 6111/
11119 30170 40170
22219 00030
444 20110 09070 1806/ 50101 80110 80100 9/015=
ZZYY 71626 09070 2020/ 547763 016311 6112/
11119 30230 40230 57023
22219 00055
444 20120 09070 1948/ 50101 80110 80005 9/015=
ZZYY 33952 09070 2040/ 549101 003073 6111/
11119 30211 40211 52018
22219 00028
444 20110 09070 1947/ 50101 80110 80005 9/015=
ZZYY 33559 09070 2050/ 353547 006155 6111/
11119 39994 49994
22219 00004
444 20110 09070 1944/ 50101 80110 80033 9/015=
ZZYY 33555 09070 2110/ 537425 033576 6112/
11119 30185 40185 52011
22219 00147
444 20120 09070 1952/ 50101 80120 80062 9/015=
ZZYY 31929 09070 2100/ 525635 002745 6112/
11119 30241 40241 52021
22219 00203
444 20120 09070 1946/ 50101 8//// 80100 9/015=
ZZYY 33669 09070 2040/ 334485 001506 6111/
11119 30246 40246 52025
22219 00151
444 20110 09070 1811/ 50101 8//// 80100 9////=
ZZYY 14540 09070 2126/ 336999 025864 6112/
22219 00201
444 20120 09070 1913/ 50101 80073 80008 9/015=
ZZYY 17688 09070 2110/ 529097 004571 6112/
444 20120 09070 1812/ 50101 9////=
ZZYY 33631 09070 2126/ 527137 030639 6112/
444 20120 09070 1955/ 50101 9////=
ZZYY 55595 09070 2120/ 544940 018378 6112/
11119 40157 57042
22219 00087
444 20120 09070 1949/ 50101 80010 80000 9////=
ZZYY 55595 09070 2020/ 544940 018378 6112/
11119 40174 57036
22219 00087
444 20120 09070 1949/ 50101 80010 80000 9////=
ZZYY 17680 09070 2100/ 529944 026363 6112/
11119 30263 40263 52008
444 20120 09070 1954/ 50101 80008 80000 9/015=
ZZYY 17666 09070 2030/ 532407 005327 6112/
22219 00174
444 20120 09070 1813/ 50101 9////=
ZZYY 33568 09070 2040/ 545009 001906 6111/
11119 30275 40275
22219 00063
444 20110 09070 1626/ 50101 80110 80100 9/015=
ZZYY 17509 09070 2100/ 328076 006835 6113/
11119 30185 40185
22219 00175
444 20130 09070 1946/ 50101 80110 80100 9/015=
ZZYY 17653 09070 2040/ 524056 014479 6112/
22219 00224
444 20120 09070 1814/ 50101 80008 80002 9/015=
ZZYY 33903 09070 2040/ 536871 030163 6112/
22219 00153
444 20120 09070 1951/ 50101 80070 80000 9/015=
ZZYY 15911 09070 2000/ 523420 021158 6112/
11119 30302 40302 52011
22219 00224
444 20120 09070 1955/ 50101 8//// 80055 9/015=
ZZYY 33946 09070 2120/ 536779 026121 6112/
22219 00144
444 20120 09070 1951/ 50101 80050 80020 9/015=
ZZYY 55945 09070 1950/ 342363 022221 6111/
11119 39989 49989 52033
22219 00103
444 20110 09070 1912/ 50101 8//// 80002 9////=
ZZYY 33907 09070 1940/ 533231 011485 6112/
11119 30299 40299 52010
22219 00167
444 20120 09070 1813/ 50101 8//// 80000 9////=
ZZYY 33908 09070 2110/ 529745 009682 6112/
11119 30289 40289 52016
22219 00190
444 20120 09070 1812/ 50101 8//// 80100 9/015=
ZZYY 33908 09070 2010/ 529745 009682 6112/
11119 30285 40285 52016
22219 00190
444 20120 09070 1812/ 50101 8//// 80100 9/015=
ZZYY 14559 09070 2126/ 520396 016390 6112/
444 20120 09070 1816/ 50101 9////=
ZZYY 15635 09070 2125/ 521702 006347 6112/
444 20120 09070 1635/ 50101 8//// 80009 9/015=
ZZYY 15617 09070 2020/ 524832 016498 6112/
11119 40287 52010
22219 00222
444 20120 09070 1815/ 50101 80012 80000 9/015=
ZZYY 15944 09070 2120/ 520901 001876 6112/
11119 30240 40240 52005
444 20120 09070 1814/ 50101 80090 80005 9/015=
ZZYY 15942 09070 2110/ 518344 008699 6112/
11119 30236 40236 52004
22219 00220
444 20120 09070 1816/ 50101 80070 80003 9/015=
ZZYY 15946 09070 2120/ 518099 012176 6113/
11119 30239 40239 52004
22219 00226
444 20130 09070 1817/ 50101 80060 80000 9/015=
ZZYY 15919 09070 2126/ 512230 005133 6113/
22219 00239
444 20130 09070 1638/ 50101 80116 80076 9/015=
ZZYY 15631 09070 2127/ 516946 004326 6111/
22219 00216
444 20110 09070 1817/ 50101 80114 80068 9/015=
ZZYY 33569 09070 2010/ 547413 001096 6111/
11119 30207 40207 52008
22219 00052
444 20110 09070 1945/ 50101 80120 80008 9/015=
ZZYY 33900 09070 2110/ 543005 011391 6112/
11119 30284 40284 57012
22219 00113
444 20120 09070 1949/ 50101 80120 80006 9/015=
ZZYY 17668 09070 2120/ 331471 010813 6111/
11119 30144 40144 52014
22219 00165
444 20110 09070 1811/ 50101 80120 80005 9/015=
ZZYY 34534 09070 2000/ 351327 021571 6111/
11119 49871 52005
22219 00008
444 20110 09070 1908/ 50101 80011 80007 9////=
ZZYY 17651 09070 2040/ 331770 013884 6112/
11119 30123 40123 57003
22219 00155
444 20120 09070 1915/ 50101 80120 80009 9/015=
ZZYY 17651 09070 1940/ 331770 013884 6112/
11119 30123 40123 57001
22219 00153
444 20120 09070 1915/ 50101 80120 80007 9/015=
ZZYY 33558 09070 2120/ 545888 026131 6112/
11119 39968 49968 57035
22219 00080
444 20120 09070 1949/ 50101 80110 80014 9/015=
ZZYY 33558 09070 2020/ 545888 026131 6112/
11119 39977 49977 57037
22219 00080
444 20120 09070 1949/ 50101 80110 80012 9/015=
ZZYY 33881 09070 2010/ 555592 017296 6111/
11119 30189 40189 57005
22219 00015
444 20110 09070 1953/ 50101 80110 80013 9/015=
ZZYY 34532 09070 1920/ 550213 001587 6111/
11119 40166 52015
22219 00021
444 20110 09070 1946/ 50101 80011 80008 9////=
####018000291####
SSVX07 KARS 092141
ZZYY 48533 09070 1950/ 783705 036276 6113/
11119 10055 40053
444 20130 09070 1947/=
ZZYY 48536 09070 1950/ 773998 134183 6112/
11119 10009 40032
444 20120 09070 1856/=
ZZYY 48534 09070 1950/ 783567 048058 6112/
11119 10018 40046
444 20120 09070 1946/=
####018000535####
SSVX06 KARS 092141
ZZYY 47555 09070 1950/ 777291 096034 6112/
444 20120 09070 2006/ 500// 9/000=
ZZYY 47560 09070 1951/ 779445 106920 6111/
11119 39921 49921
444 20110 09070 1948/ 500//=
ZZYY 47554 09070 1951/ 779411 108591 6111/
444 20110 09070 1948/ 500// 9/000=
ZZYY 47553 09070 1950/ 779181 102187 6112/
444 20120 09070 2007/ 500// 9/000=
ZZYY 47552 09070 1951/ 779672 104670 6111/
11119 49933
444 20110 09070 1948/ 500//=
ZZYY 48558 09070 1947/ 782437 102113 6111/
444 20110 09070 2006/ 500// 9/000=
####018000213####
SSVX12 KARS 092141
ZZYY 48522 09070 1950/ 174507 173839 6111/
11119 11004 30180 40180
444 20110 09070 2030/=
ZZYY 48525 09070 1950/ 776951 125433 6112/
11119 10002 39936 49936
444 20120 09070 2006/=
####018001453####
SSVX08 KARS 092143
ZZYY 15001 08070 1200/ 509916 009975 6112/
33311 88872 20001 32598 43656 20020 32600 43656 20040 32600 43656
20080 32493 20100 32142 20120 31880 20140 31668 20180 31329
20300 30988 20500 30766
444 20120 08070 1323/ 521//=
ZZYY 15002 08070 1200/ 700004 009875 6112/
33311 88872 20001 32366 43584 20020 32338 43563
444 20120 08070 1328/ 521//=
ZZYY 15002 09070 2100/ 700017 009873 6113/
11119 10236 29093
22219 00233
444 20130 09070 2105/ 521//=
ZZYY 13001 08070 1200/ 711476 023008 6112/
33311 88872 20001 32868 43557 20020 32773 43762 20040 32285 43612
20060 31600 43563 20080 31453 20100 31399 20120 31352 20140 31312
20180 31241 20300 31120 20500 30904
444 20120 08070 1058/ 521//=
ZZYY 15006 08070 1200/ 506019 010055 6111/
33311 88872 20001 32625 43587 20020 32629 20040 32623 43587
20060 32575 20100 31813 20120 31461 43548 20180 31173 20300 30991
20500 30748
444 20110 08070 1322/ 521//=
ZZYY 15006 09070 21004 506017 010020 6112/
11119 01317 10255 29079
22219 00258
444 20120 09070 2104/ 521// 60401=
ZZYY 13002 08070 1200/ 720448 023134 6112/
33311 88872 20001 32399 43693 20020 32396 43694 20040 32391 43692
20060 32390 43691 20080 32361 20100 32213 20120 32007 20140 31883
20180 31705 20300 31386 20500 31057
444 20120 08070 1054/ 521//=
ZZYY 13002 09070 21004 720456 023134 6111/
11119 00508 10240 29086
22219 00242
444 20110 09070 1656/ 521// 60401=
####018000105####
SSVX12 KARS 092143
ZZYY 48684 09070 2100/ 787952 110001 6113/
11119 11264 49995
444 504// 80138=
####018000201####
SSVX07 KARS 092143
ZZYY 48533 09070 2130/ 783706 036296 6113/
11119 10073 40048
444 20130 09070 2028/=
ZZYY 48534 09070 2120/ 783565 048076 6112/
11119 10016 40043
444 20120 09070 2038/=
####018009959####
SSVX02 KARS 092143 RRA
ZZYY 63569 09070 2120/ 775771 000875 6111/
22219 00042
33311 88872 20000 30415 43485
444 20110 09070 2124/ 50101 80120 80100 9/015=
ZZYY 64935 09070 2130/ 174544 000316 6112/
22219 00041
33311 88872 20000 30410 43485
444 20120 09070 2016/ 50101 80011 80099 9////=
ZZYY 25629 09070 2100/ 187055 056202 6113/
11119 30034 40034 52018
444 20130 09070 2039/ 50101 80110 80000 9////=
ZZYY 13521 09070 2110/ 725933 024663 6111/
11119 30196 40196
22219 00229
444 20110 09070 1950/ 50101 80110 80043 9/015=
ZZYY 13530 09070 2110/ 733641 028168 6113/
11119 30235 40235
22219 00236
444 20130 09070 1952/ 50101 80120 80000 9/015=
ZZYY 44840 09070 2030/ 748221 013738 6112/
11119 30134 40134 52004
22219 00170
444 20120 09070 2010/ 50101 8//// 80100 9/015=
ZZYY 14915 09070 2110/ 338826 062479 6111/
11119 30313 40313 52006
22219 00148
444 20110 09070 1939/ 50101 80120 80063 9/015=
ZZYY 16942 09070 2100/ 349491 077189 6111/
11119 39985 49985 52064
22219 00014
444 20110 09070 2123/ 50101 80120 80012 9/015=
ZZYY 33570 09070 2110/ 346675 074339 6111/
11119 40127 52037
22219 00107
444 20110 09070 1938/ 50101 80013 80000 9////=
ZZYY 33570 09070 2010/ 346675 074339 6111/
11119 40112 52032
22219 00106
444 20110 09070 1938/ 50101 80013 80000 9////=
ZZYY 33695 09070 2127/ 347607 055227 6111/
22219 00041
444 20110 09070 2123/ 50101 80086 80000 9/015=
ZZYY 17520 09070 2125/ 341611 021246 6111/
22219 00105
444 20110 09070 1911/ 50101 80084 80005 9////=
ZZYY 33951 09070 2123/ 345017 017995 6111/
22219 00067
444 20110 09070 1907/ 50101 80086 9/015=
ZZYY 17903 09070 2100/ 336472 036109 6111/
444 20110 09070 2121/ 50101 9////=
ZZYY 16559 09070 2120/ 335620 047874 6111/
11119 30271 40271 57005
22219 00182
444 20110 09070 2104/ 50101 80110 80010 9////=
ZZYY 33690 09070 2126/ 347027 020201 6112/
22219 00052
444 20120 09070 1909/ 50101 80086 9/015=
ZZYY 14558 09070 2121/ 330706 036987 6111/
22219 00223
444 20110 09070 1914/ 50101 80009 80050 9/015=
ZZYY 33692 09070 2126/ 346973 023775 6111/
22219 00053
444 20110 09070 1908/ 50101 80086 9/015=
ZZYY 17516 09070 2126/ 340405 035747 6112/
22219 00129
444 20120 09070 1912/ 50101 80084 80050 9/015=
ZZYY 16511 09070 2122/ 330311 075383 6112/
444 20120 09070 2102/ 50101 80010 80044 9////=
ZZYY 34534 09070 2100/ 351314 021626 6112/
11119 49878 52011
22219 00008
444 20120 09070 2124/ 50101 80011 80005 9////=
ZZYY 14919 09070 2123/ 330064 062320 6111/
444 20110 09070 2102/ 50101 8//// 80094 9/015=
ZZYY 34543 09070 2030/ 346959 026177 6111/
11119 49955 52058
22219 00056
444 20110 09070 2123/ 50101 80011 80007 9////=
ZZYY 34905 09070 2030/ 350553 054244 6111/
11119 40073 52007
22219 00032
444 20110 09070 1941/ 50101 80011 80004 9////=
ZZYY 17904 09070 2120/ 348230 045401 6111/
11119 30077 40077
22219 00033
444 20110 09070 2123/ 50101 80110 80100 9/015=
ZZYY 17918 09070 2030/ 351998 034246 6112/
22219 00022
444 20120 09070 2123/ 50101 80110 80064 9/015=
ZZYY 17918 09070 2130/ 351998 034246 6112/
22219 00022
444 20120 09070 2123/ 50101 80110 80060 9/015=
ZZYY 17671 09070 2120/ 340680 032108 6111/
22219 00132
444 20110 09070 1629/ 50101 80110 80100 9/015=
ZZYY 14555 09070 2121/ 333831 032999 6111/
22219 00206
444 20110 09070 1945/ 50101 80119 80006 9/015=
ZZYY 14567 09070 2121/ 326696 042335 6111/
22219 00237
444 20110 09070 2103/ 50101 80115 80013 9/015=
ZZYY 14921 09070 2120/ 323895 055787 6112/
22219 00240
444 20120 09070 2102/ 50101 80115 80007 9/015=
ZZYY 14540 09070 2123/ 336999 025864 6112/
22219 00201
444 20120 09070 1913/ 50101 80073 80008 9/015=
ZZYY 14906 09070 2121/ 328556 038658 6111/
22219 00210
444 20110 09070 1945/ 50101 80097 80003 9/015=
ZZYY 23903 09070 2119/ 319593 072721 6112/
444 20120 09070 2102/ 50101 9////=
ZZYY 71702 09070 2120/ 342088 051340 6111/
444 20110 09070 1910/ 50101 9/015=
ZZYY 33677 09070 2110/ 331236 080296 6112/
22219 00189
444 20120 09070 2102/ 50101 9/015=
ZZYY 71705 09070 2120/ 342473 078905 6111/
22219 00091
444 20110 09070 2121/ 50101 9/015=
ZZYY 16580 09070 2110/ 340441 061012 6111/
11119 30306 40306 52004
22219 00145
444 20110 09070 1938/ 50101 80120 80063 9/015=
ZZYY 16554 09070 2110/ 345736 065007 6112/
11119 30231 40231 52019
22219 00060
444 20120 09070 1940/ 50101 80110 80058 9/015=
ZZYY 14930 09070 2000/ 335361 038292 6112/
11119 30224 40224 57007
22219 00181
444 20120 09070 1913/ 50101 80120 80000 9/015=
ZZYY 16597 09070 2110/ 349423 100653 6112/
11119 39860 49860 57032
22219 00040
444 20120 09070 1938/ 50101 80120 80000 9/015=
ZZYY 14557 09070 2126/ 338079 056007 6112/
22219 00164
444 20120 09070 2104/ 50101 80117 80005 9/015=
ZZYY 16595 09070 2010/ 338088 083020 6111/
11119 30195 40195 57004
22219 00138
444 20110 09070 1936/ 50101 80120 80000 9/015=
ZZYY 14902 09070 2125/ 341675 057828 6111/
22219 00157
444 20110 09070 2104/ 50101 80117 80009 9/015=
ZZYY 33969 09070 2120/ 345674 033062 6112/
22219 00076
444 20120 09070 1910/ 50101 80009 80100 9/015=
ZZYY 14546 09070 2120/ 341770 033321 6111/
11119 30040 40040 57003
444 20110 09070 2123/ 50101 80110 80000 9/015=
ZZYY 33967 09070 2120/ 340058 069866 6111/
22219 00140
444 20110 09070 2104/ 50101 80009 9/015=
ZZYY 33678 09070 2110/ 333191 071240 6112/
22219 00172
444 20120 09070 2103/ 50101 9/015=
ZZYY 71608 09070 2110/ 346409 099223 6112/
444 20120 09070 1938/ 50101 9/015=
ZZYY 23678 09070 2120/ 321478 049961 6112/
22219 00256
444 20120 09070 2102/ 50101 80055 80000 9////=
ZZYY 43502 09070 2100/ 354524 051278 6111/
11119 49864 57044
22219 00005
444 20110 09070 2124/ 50101 80011 80000 9////=
ZZYY 33648 09070 2050/ 356599 065662 6111/
11119 49794 52006
22219 00007
444 20110 09070 2124/ 50101 80011 80006 9////=
ZZYY 33649 09070 2110/ 353925 044576 6111/
11119 49774 57060
22219 00001
444 20110 09070 2124/ 50101 80011 80002 9////=
ZZYY 71616 09070 2100/ 355505 073807 6111/
11119 49880 52032
22219 00004
444 20110 09070 2123/ 50101 80011 80003 9////=
ZZYY 71568 09070 2100/ 353318 089748 6111/
444 20110 09070 2122/ 50101 9////=
ZZYY 14929 09070 2100/ 341884 039365 6111/
11119 30211 40211
22219 00099
444 20110 09070 1912/ 50101 80110 80100 9/015=
ZZYY 71572 09070 2040/ 357532 081886 6112/
11119 49924 57012
22219 01015
444 20120 09070 2123/ 50101 80010 80100 9////=
ZZYY 71611 09070 2120/ 353427 090558 6111/
11119 49751 57007
22219 00022
444 20110 09070 2122/ 50101 80011 80000 9////=
ZZYY 16513 09070 1940/ 336194 032010 6112/
11119 30141 40141 57008
22219 00198
444 20120 09070 1912/ 50101 8//// 80000 9////=
ZZYY 71641 09070 2000/ 353878 069179 6111/
22219 00022
444 20110 09070 1940/ 50101 8//// 80074 9////=
ZZYY 71641 09070 2100/ 353869 069200 6111/
22219 00022
444 20110 09070 2123/ 50101 8//// 80057 9////=
ZZYY 17669 09070 2030/ 342217 038355 6111/
11119 30124 40124 57032
22219 00087
444 20110 09070 1909/ 50101 80110 80100 9/015=
ZZYY 17664 09070 2000/ 343696 047386 6111/
11119 30244 40244 57012
22219 00057
444 20110 09070 1944/ 50101 80110 80011 9/015=
ZZYY 33972 09070 2110/ 335771 057366 6112/
444 20120 09070 2103/ 50101 80011 80000 9////=
ZZYY 33536 09070 2010/ 350815 027059 6113/
11119 49889 52035
22219 00015
444 20130 09070 1910/ 50101 80010 80001 9////=
ZZYY 33586 09070 2100/ 352042 031521 6112/
11119 49819 52029
22219 00022
444 20120 09070 2124/ 50101 80010 80000 9/015=
ZZYY 33586 09070 2000/ 352033 031520 6111/
11119 49805 52025
22219 00022
444 20110 09070 1945/ 50101 80010 80000 9/015=
ZZYY 71632 09070 1950/ 346673 061954 6112/
11119 40223 52013
22219 00053
444 20120 09070 1942/ 50101 80010 80000 9////=
ZZYY 33587 09070 2130/ 355160 068199 6111/
22219 00019
444 20110 09070 1941/ 50101 80010 80000 9////=
ZZYY 16592 09070 2110/ 333272 075488 6112/
11119 30269 40269 57002
22219 00180
444 20120 09070 2102/ 50101 8//// 80000 9////=
ZZYY 71627 09070 2100/ 354046 000032 6112/
11119 30064 40064 52002
22219 00005
444 20120 09070 1812/ 50101 80110 80004 9/015=
ZZYY 71627 09070 2000/ 354046 000032 6112/
11119 30062 40062 52005
22219 00005
444 20120 09070 1812/ 50101 80110 80004 9/015=
ZZYY 33665 09070 2120/ 352375 058152 6111/
11119 40040 52001
22219 00019
444 20110 09070 1942/ 50101 80011 80005 9////=
ZZYY 33663 09070 2110/ 348461 053447 6111/
11119 40170 57009
22219 00040
444 20110 09070 2123/ 50101 80011 80006 9////=
ZZYY 33663 09070 2010/ 348452 053430 6112/
11119 40176 57001
22219 00040
444 20120 09070 1941/ 50101 80011 80005 9////=
ZZYY 34514 09070 2110/ 347255 056214 6111/
11119 40220 54000
22219 00048
444 20110 09070 2123/ 50101 80011 80003 9////=
ZZYY 71563 09070 1950/ 357635 068362 6111/
22219 00003
444 20110 09070 1942/ 50101 80010 80005 9////=
ZZYY 71617 09070 2120/ 356156 090158 6111/
22219 00002
444 20110 09070 2122/ 50101 80010 80004 9////=
ZZYY 16952 09070 2050/ 333226 031065 6112/
11119 30150 40150 57008
22219 00207
444 20120 09070 1914/ 50101 8//// 80000 9////=
ZZYY 16952 09070 1950/ 333226 031065 6112/
11119 30153 40153 57004
22219 00206
444 20120 09070 1914/ 50101 8//// 80000 9////=
ZZYY 33571 09070 2110/ 330553 067134 6111/
11119 30277 40277 57005
22219 00192
444 20110 09070 2103/ 50101 8//// 80093 9////=
ZZYY 55615 09070 1950/ 344087 019017 6111/
11119 30038 40038 52046
22219 00084
444 20110 09070 1910/ 50101 8//// 80100 9////=
ZZYY 55907 09070 2040/ 345443 033626 6112/
11119 39960 49960 57010
22219 00075
444 20120 09070 2122/ 50101 8//// 80100 9////=
ZZYY 33881 09070 2110/ 555592 017296 6111/
11119 30185 40185 57007
22219 00015
444 20110 09070 1953/ 50101 80110 80008 9/015=
####018014963####
SSVX02 KARS 092143
ZZYY 13571 09070 2030/ 726969 022493 6111/
11119 30195 40195 52007
22219 00225
444 20110 09070 1951/ 50101 80110 80010 9/015=
ZZYY 17509 09070 2000/ 328076 006835 6113/
11119 30182 40182
22219 00175
444 20130 09070 1946/ 50101 80110 80100 9/015=
ZZYY 33685 09070 2030/ 332167 009437 6112/
444 20120 09070 1318/ 50101 9/015=
ZZYY 17662 09070 2030/ 332887 011081 6111/
11119 30123 40123 52012
22219 00164
444 20110 09070 1945/ 50101 80110 80007 9/015=
ZZYY 17678 09070 2100/ 324095 001864 6112/
11119 30227 40227 52004
22219 00196
444 20120 09070 1947/ 50101 80120 80005 9/015=
ZZYY 17678 09070 2000/ 324095 001864 6112/
11119 30228 40228 52010
22219 00196
444 20120 09070 1947/ 50101 80120 80006 9/015=
ZZYY 17668 09070 2020/ 331471 010813 6111/
11119 30139 40139 52010
22219 00165
444 20110 09070 1811/ 50101 80120 80005 9/015=
ZZYY 41670 09070 2114/ 745750 018001 6113/
444 20130 09070 2009/ 50101 9/015=
ZZYY 41670 09070 2125/ 745743 017971 6112/
22219 00180
444 20120 09070 2119/ 50101 80008 80100 9/015=
ZZYY 33907 09070 2040/ 533231 011485 6112/
11119 30303 40303 52015
22219 00167
444 20120 09070 1813/ 50101 8//// 80079 9////=
ZZYY 17676 09070 2040/ 327795 000244 6111/
11119 30236 40236 52022
22219 00200
444 20110 09070 1945/ 50101 80120 80100 9/015=
ZZYY 15601 09070 2107/ 519221 004035 6111/
22219 00210
444 20110 09070 2103/ 50101 80109 80064 9/015=
ZZYY 44882 09070 2100/ 725694 026428 6112/
444 20120 09070 1952/ 50101 9////=
ZZYY 44882 09070 2000/ 725694 026428 6112/
11119 40191 52003
22219 00230
444 20120 09070 1952/ 50101 80011 80000 9////=
ZZYY 31929 09070 2000/ 525635 002745 6112/
11119 30236 40236 52018
22219 00203
444 20120 09070 1946/ 50101 8//// 80100 9/015=
ZZYY 15903 09070 2109/ 509120 003642 6112/
22219 00253
444 20120 09070 2104/ 50101 80116 80083 9/015=
ZZYY 15672 09070 2106/ 508085 010419 6112/
22219 00259
444 20120 09070 2104/ 50101 80116 80066 9/015=
ZZYY 15660 09070 2107/ 509401 016453 6111/
22219 00267
444 20110 09070 2104/ 50101 80116 80087 9/015=
ZZYY 15901 09070 2109/ 510445 007563 6112/
22219 00247
444 20120 09070 2104/ 50101 80114 80123 9/015=
ZZYY 15651 09070 2108/ 510354 000972 6112/
22219 00246
444 20120 09070 2104/ 50101 80114 80101 9/015=
ZZYY 15650 09070 2109/ 510777 002592 6111/
22219 00240
444 20110 09070 2105/ 50101 80116 80096 9/015=
ZZYY 17508 09070 2000/ 526133 004546 6111/
11119 30269 40269 52020
22219 00204
444 20110 09070 1946/ 50101 8//// 80073 9/015=
ZZYY 17508 09070 1900/ 526133 004546 6111/
11119 30262 40262 52016
22219 00204
444 20110 09070 1946/ 50101 8//// 80070 9/015=
ZZYY 17521 09070 2030/ 334446 001498 6111/
11119 30256 40256 52028
22219 00153
444 20110 09070 1813/ 50101 80138 80063 9/015=
ZZYY 33691 09070 2101/ 333228 013411 6112/
22219 00162
444 20120 09070 0654/ 50101 80088 9/015=
ZZYY 15919 09070 2108/ 512236 005136 6111/
22219 00239
444 20110 09070 2104/ 50101 80116 80076 9/015=
ZZYY 15646 09070 2108/ 313430 000135 6111/
22219 00228
444 20110 09070 2104/ 50101 80114 80094 9/015=
ZZYY 15631 09070 2107/ 516943 004345 6111/
22219 00216
444 20110 09070 2104/ 50101 80114 80073 9/015=
ZZYY 15649 09070 2108/ 512274 006347 6111/
22219 00240
444 20110 09070 2104/ 50101 80116 80000 9/015=
ZZYY 15641 09070 2108/ 515180 006800 6112/
22219 00221
444 20120 09070 2103/ 50101 80116 80014 9/015=
ZZYY 13908 09070 2110/ 726822 017098 6112/
22219 00223
444 20120 09070 1949/ 50101 80009 80002 9////=
ZZYY 31771 09070 2113/ 709019 013397 6112/
22219 00290
444 20120 09070 2108/ 50101 80012 80002 9////=
ZZYY 13938 09070 2108/ 702730 005254 6112/
22219 00275
444 20120 09070 1956/ 50101 80012 80010 9/015=
ZZYY 51530 09070 2110/ 703590 009562 6112/
22219 00267
444 20120 09070 2105/ 50101 80125 80032 9/015=
ZZYY 51528 09070 2110/ 703254 008505 6112/
22219 00270
444 20120 09070 2105/ 50101 80125 80007 9/015=
ZZYY 51524 09070 2109/ 702123 017915 6111/
22219 00274
444 20110 09070 2106/ 50101 80125 80032 9/015=
ZZYY 13906 09070 2109/ 715411 022966 6113/
22219 00258
444 20130 09070 1948/ 50101 80125 80029 9/015=
ZZYY 15504 09070 2106/ 510323 008074 6111/
22219 00246
444 20110 09070 2103/ 50101 80115 80049 9/015=
ZZYY 15944 09070 2010/ 520901 001876 6112/
11119 30235 40235 52005
444 20120 09070 1814/ 50101 80090 80007 9/015=
ZZYY 15942 09070 2010/ 518331 008717 6111/
11119 30232 40232 52004
22219 00220
444 20110 09070 2102/ 50101 80090 80002 9/015=
ZZYY 15946 09070 2020/ 518089 012218 6111/
11119 30235 40235 52006
22219 00226
444 20110 09070 2102/ 50101 80060 80000 9/015=
ZZYY 13567 09070 2010/ 724173 020753 6112/
11119 30159 40159 57003
22219 00233
444 20120 09070 1829/ 50101 80110 80000 9////=
ZZYY 44900 09070 2112/ 730257 018725 6111/
22219 00216
444 20110 09070 1951/ 50101 80042 80034 9////=
ZZYY 13516 09070 2113/ 732460 014053 6111/
22219 00203
444 20110 09070 1810/ 50101 80122 80016 9/015=
ZZYY 13516 09070 2118/ 732428 014063 6113/
22219 00203
444 20130 09070 2114/ 50101 80122 80014 9/015=
ZZYY 15603 09070 2107/ 516886 007927 6111/
22219 00221
444 20110 09070 2104/ 50101 80116 80020 9/015=
ZZYY 15653 09070 2110/ 507691 005453 6111/
22219 00258
444 20110 09070 2104/ 50101 80114 80030 9/015=
ZZYY 15605 09070 2108/ 512542 009683 6112/
22219 00244
444 20120 09070 2104/ 50101 80116 80019 9/015=
ZZYY 15656 09070 2106/ 505241 018192 6112/
444 20120 09070 1820/ 50101 80116 80019 9/015=
ZZYY 13590 09070 2112/ 727948 015333 6112/
22219 00215
444 20120 09070 1950/ 50101 80152 80068 9/015=
ZZYY 15635 09070 2103/ 521702 006347 6112/
444 20120 09070 1635/ 50101 80136 9/015=
ZZYY 13589 09070 2113/ 735397 019770 6112/
444 20120 09070 1954/ 50101 80122 80099 9/015=
ZZYY 13589 09070 2117/ 735404 019766 6112/
22219 00213
444 50101 80122 80099 9/015=
ZZYY 15634 09070 2104/ 520358 009860 6112/
22219 00225
444 20120 09070 1816/ 50101 80116 80099 9/015=
ZZYY 13522 09070 2020/ 730352 021972 6113/
11119 30216 40216
22219 00219
444 20130 09070 1831/ 50101 80120 80083 9/015=
ZZYY 33964 09070 2100/ 336099 029567 6112/
11119 30108 40108 57010
22219 00207
444 20120 09070 1944/ 50101 8//// 80062 9////=
ZZYY 13531 09070 2100/ 733727 026561 6113/
11119 30236 40236
22219 00230
444 20130 09070 1832/ 50101 80120 80002 9/015=
ZZYY 13527 09070 2020/ 731818 023925 6113/
11119 30231 40231
22219 00225
444 20130 09070 1831/ 50101 80120 80094 9/015=
ZZYY 48689 09070 2110/ 776337 126198 6113/
11119 39976 49976 52038
22219 01001
444 20130 09070 2036/ 50101 80120 80005 9/015=
ZZYY 65901 09070 2050/ 784457 046672 6112/
11119 30046 40046 52001
22219 00021
444 20120 09070 2039/ 50101 80120 80000 9/015=
ZZYY 65902 09070 2050/ 786179 054419 6112/
11119 30042 40042 52004
444 20120 09070 2037/ 50101 80120 80002 9/015=
ZZYY 62939 09070 2040/ 729604 024347 6111/
11119 30219 40219 52007
22219 00230
444 20110 09070 1950/ 50101 8//// 80008 9////=
ZZYY 44937 09070 2050/ 746478 031017 6112/
11119 30220 40220 52010
22219 00162
444 20120 09070 2120/ 50101 80110 80000 9/015=
ZZYY 44936 09070 2110/ 756367 026771 6112/
11119 30093 40093 52003
22219 00117
444 20120 09070 2122/ 50101 80110 80023 9/015=
ZZYY 44938 09070 2030/ 750246 047135 6112/
11119 30096 40096 57019
22219 00092
444 20120 09070 2016/ 50101 80110 80004 9/015=
ZZYY 62932 09070 2110/ 756477 013739 6111/
11119 30126 40126 52012
22219 00134
444 20110 09070 2121/ 50101 80120 80004 9/015=
ZZYY 44896 09070 2100/ 744747 034770 6112/
11119 30242 40242 52004
22219 00176
444 20120 09070 2120/ 50101 80120 80005 9/015=
ZZYY 44944 09070 2050/ 757087 043323 6113/
11119 30109 40109 57003
22219 00088
444 20130 09070 2017/ 50101 80110 80027 9/015=
ZZYY 62904 09070 2010/ 748816 014566 6112/
11119 30120 40120 52004
22219 00170
444 20120 09070 1956/ 50101 80120 80034 9/015=
ZZYY 62904 09070 2110/ 748794 014534 6112/
11119 30121 40121 52008
22219 00170
444 20120 09070 2120/ 50101 80120 80042 9/015=
ZZYY 62907 09070 2030/ 755944 024422 6111/
11119 30097 40097 52004
22219 00122
444 20110 09070 2019/ 50101 80120 80000 9/015=
ZZYY 62928 09070 2030/ 751302 018764 6112/
11119 30148 40148 52007
22219 00161
444 20120 09070 2010/ 50101 80120 80000 9/015=
ZZYY 44908 09070 2030/ 742710 042149 6111/
11119 30254 40254 57004
444 20110 09070 2016/ 50101 80120 80053 9/015=
ZZYY 44922 09070 2050/ 752332 023340 6112/
11119 30150 40150 52002
22219 00142
444 20120 09070 2119/ 50101 80120 80000 9/015=
ZZYY 44645 09070 2100/ 746683 011705 6113/
11119 30196 40196 52002
22219 00189
444 20130 09070 2120/ 50101 80060 80044 9/015=
ZZYY 44889 09070 2030/ 753207 038381 6113/
11119 30143 40143 57007
22219 00108
444 20130 09070 2019/ 50101 80120 80000 9/015=
ZZYY 44887 09070 2120/ 750812 039765 6112/
11119 30135 40135 57013
22219 00115
444 20120 09070 2122/ 50101 80110 80000 9/015=
ZZYY 44643 09070 1830/ 754834 025894 6113/
11119 30121 40121 57001
22219 00128
444 20130 09070 1837/ 50101 80090 80008 9/015=
ZZYY 44643 09070 2050/ 754847 025851 6112/
11119 30123 40123 52002
22219 00128
444 20120 09070 2121/ 50101 80090 80005 9/015=
ZZYY 41558 09070 2100/ 731452 029199 6113/
11119 40231 52002
22219 00237
444 20130 09070 1951/ 50101 80011 80000 9////=
ZZYY 41719 09070 2030/ 729775 025113 6112/
11119 40220 52005
22219 00229
444 20120 09070 1952/ 50101 80011 80000 9////=
ZZYY 44879 09070 2030/ 739765 020767 6112/
11119 40221 52001
444 20120 09070 1952/ 50101 80011 80000 9////=
ZZYY 13591 09070 2118/ 738858 022733 6112/
22219 00212
444 20120 09070 1953/ 50101 80009 80054 9////=
ZZYY 41715 09070 2110/ 755265 010301 6113/
22219 00142
444 20130 09070 2011/ 50101 80011 80000 9////=
ZZYY 44848 09070 2110/ 751388 049127 6112/
11119 30066 40066 57017
22219 00085
444 20120 09070 2123/ 50101 80110 80005 9/015=
ZZYY 62910 09070 2120/ 760407 058400 6111/
11119 30073 40073 52004
22219 00083
444 20110 09070 2124/ 50101 80110 80003 9/015=
ZZYY 62926 09070 2110/ 762487 036822 6112/
22219 00103
444 20120 09070 2122/ 50101 80110 80005 9/015=
ZZYY 44880 09070 2120/ 745911 032085 6111/
11119 30226 40226 52009
22219 00163
444 20110 09070 2121/ 50101 80110 80004 9/015=
ZZYY 44838 09070 2040/ 754750 017369 6112/
22219 00136
444 20120 09070 2012/ 50101 80011 80010 9////=
ZZYY 44841 09070 2040/ 755049 013455 6113/
11119 40135 52006
22219 00142
444 20130 09070 2010/ 50101 80011 80005 9////=
ZZYY 64930 09070 2120/ 774680 000281 6112/
22219 00040
33311 88872 20000 30400 43484
444 20120 09070 2124/ 50101 80012 80099 9////=
ZZYY 63932 09070 2124/ 172308 033451 6111/
22219 00072
444 20110 09070 2034/ 50101 80012 80035 9/015=
ZZYY 63685 09070 2126/ 174860 035842 6111/
22219 00056
444 20110 09070 2033/ 50101 80012 80008 9////=
ZZYY 63579 09070 2126/ 770432 004599 6112/
22219 00082
444 20120 09070 2122/ 50101 80012 80005 9////=
ZZYY 63964 09070 2125/ 763599 002845 6112/
444 20120 09070 2123/ 50101 80012 80044 9/015=
ZZYY 63951 09070 2125/ 766699 009829 6112/
22219 00062
444 20120 09070 2123/ 50101 80012 80006 9/015=
ZZYY 63949 09070 2126/ 171316 018480 6112/
22219 00093
444 20120 09070 2123/ 50101 80012 80008 9/015=
ZZYY 63948 09070 2125/ 173873 024680 6112/
22219 00073
444 20120 09070 2032/ 50101 80012 80036 9/015=
ZZYY 63945 09070 2125/ 178246 004580 6111/
22219 00066
444 50101 80011 80029 9/015=
ZZYY 63582 09070 2126/ 172655 021452 6111/
22219 00081
444 20110 09070 2124/ 50101 80012 80008 9/015=
ZZYY 63577 09070 2125/ 175429 038680 6112/
22219 00037
444 20120 09070 2033/ 50101 80012 80006 9/015=
ZZYY 63578 09070 2126/ 173679 032810 6111/
22219 00069
444 20110 09070 2033/ 50101 80012 80009 9/015=
ZZYY 63575 09070 2125/ 172956 023924 6111/
22219 00081
444 50101 80012 80005 9/015=
ZZYY 63576 09070 2125/ 175419 003013 6111/
22219 00052
444 20110 09070 2033/ 50101 80012 80005 9////=
ZZYY 63585 09070 2125/ 174721 021439 6111/
22219 00042
444 20110 09070 2123/ 50101 80012 80006 9/015=
ZZYY 63583 09070 2126/ 173446 029213 6111/
22219 00072
444 20110 09070 2033/ 50101 80012 80040 9/015=
ZZYY 63584 09070 2126/ 172185 012876 6113/
22219 00081
444 20130 09070 2015/ 50101 80011 80038 9/015=
ZZYY 48672 09070 2126/ 782899 102116 6113/
444 20130 09070 2038/ 500// 9/000=
ZZYY 48673 09070 2125/ 781776 107094 6111/
444 20110 09070 2037/ 500// 9/000=
ZZYY 41686 09070 2118/ 741353 022913 6112/
444 20120 09070 1953/ 50101 80004 9////=
ZZYY 41970 09070 2128/ 754679 013065 6111/
444 20110 09070 2121/ 50101 8//// 80099 9////=
ZZYY 63969 09070 2126/ 174909 012054 6111/
22219 00063
444 20110 09070 2124/ 50101 80011 80038 9/015=
ZZYY 63974 09070 2126/ 766927 002123 6112/
22219 00093
444 20120 09070 2122/ 50101 80012 80008 9/015=
ZZYY 63966 09070 2124/ 766298 001395 6112/
22219 00090
444 20120 09070 2122/ 50101 80012 80006 9/015=
ZZYY 64936 09070 2110/ 174507 000375 6112/
22219 00041
33311 88872 20000 30405 43484
444 20120 09070 2031/ 50101 80120 80100 9/015=
ZZYY 63561 09070 2130/ 174661 000111 6113/
22219 00041
33311 88872 20000 30410 43485
444 20130 09070 2124/ 50101 80120 80100 9/015=
ZZYY 64937 09070 2110/ 174544 000317 6112/
22219 00041
33311 88872 20000 30405 43485
444 20120 09070 2032/ 50101 80110 80100 9/015=
ZZYY 13568 09070 2040/ 727791 025289 6111/
11119 30209 40209 52008
22219 00229
444 20110 09070 1952/ 50101 80110 80000 9////=
ZZYY 13569 09070 2020/ 733514 013357 6113/
11119 30205 40205 52004
22219 00206
444 20130 09070 1951/ 50101 80110 80000 9////=
ZZYY 44928 09070 2127/ 753520 029567 6112/
444 20120 09070 2122/ 50101 80104 80099 9/015=
ZZYY 44930 09070 2127/ 751439 036928 6112/
444 20120 09070 1834/ 50101 80116 80099 9/015=
ZZYY 62903 09070 2124/ 742706 013883 6113/
22219 00198
444 20130 09070 2118/ 50101 80122 80010 9/015=
ZZYY 44877 09070 2118/ 740948 037708 6112/
444 20120 09070 1952/ 50101 80124 9/015=
ZZYY 62909 09070 2119/ 736762 032563 6111/
22219 00225
444 20110 09070 1953/ 50101 80124 80010 9/015=
ZZYY 62936 09070 2121/ 738748 029620 6112/
22219 00220
444 20120 09070 2118/ 50101 80122 80013 9/015=
ZZYY 13940 09070 2120/ 735260 017306 6112/
22219 00206
444 20120 09070 1952/ 50101 80122 80012 9/015=
ZZYY 13918 09070 2119/ 733037 016697 6111/
22219 00207
444 20110 09070 2116/ 50101 80124 80011 9/015=
ZZYY 62933 09070 2121/ 737487 030073 6111/
22219 00218
444 20110 09070 1955/ 50101 80122 80018 9/015=
ZZYY 62930 09070 2121/ 737158 035575 6111/
22219 00235
444 20110 09070 2014/ 50101 80122 80016 9/015=
####018000591####
SSVX06 KARS 092143
ZZYY 47554 09070 2127/ 779405 108521 6113/
444 20130 09070 2038/ 500// 9/000=
ZZYY 47553 09070 2127/ 779177 102180 6112/
444 20120 09070 2034/ 500// 9/000=
ZZYY 47552 09070 2127/ 779676 104669 6113/
11119 49915
444 20130 09070 2038/ 500//=
ZZYY 48558 09070 2125/ 782425 102105 6113/
444 20130 09070 2027/ 500// 9/000=
ZZYY 47503 09070 1800/ 771543 100448 6111/
444 20110 09070 1811/ 504//=
ZZYY 47555 09070 2126/ 777290 096034 6113/
444 20130 09070 2035/ 500// 9/000=
ZZYY 47560 09070 2127/ 779447 106886 6113/
444 20130 09070 2039/ 500//=
####018000143####
SSVX02 LFVW 092142
ZZYY 56947 09070 2110/ 328758 083097 6111/
11119 57008
22219 00189
444 20110 09070 2102/ 50101 80080 80000 9/015=
