####018000146####
SSVX13 LFPW 092045
ZZYY 64524 09070 2045/ 169816 014590 6110/ 11119 40132 57002 22219
 00099 444 20100 09070 2045/ 50101 80108 80048 9/015=
####018014877####
SSVX02 KARS 092038
ZZYY 31512 09070 2002/ 508659 030245 6111/
22219 00279
444 50101 80138 80002 9/015=
ZZYY 15921 09070 1959/ 517535 022419 6111/
22219 00250
444 20110 09070 1644/ 50101 80138 80001 9/015=
ZZYY 22536 09070 1912/ 126539 153294 6113/
22219 00273
444 20130 09070 1905/ 50101 80011 80000 9////=
ZZYY 22927 09070 1909/ 125387 161214 6112/
22219 00277
444 20120 09070 1903/ 50101 80011 80000 9////=
ZZYY 22572 09070 1911/ 129201 153248 6112/
22219 00278
444 20120 09070 1904/ 50101 80011 80000 9////=
ZZYY 22702 09070 1911/ 126690 153101 6112/
22219 00275
444 20120 09070 1905/ 50101 80062 80000 9/015=
ZZYY 34544 09070 1940/ 551802 009874 6112/
11119 40220 57001
22219 00017
444 20120 09070 1946/ 50101 80011 80011 9////=
ZZYY 34544 09070 1840/ 551822 009904 6111/
11119 40223 52005
22219 00018
444 20110 09070 1813/ 50101 80011 80010 9////=
ZZYY 34532 09070 1820/ 550213 001587 6111/
11119 40160 52014
22219 00021
444 20110 09070 1946/ 50101 80011 80008 9////=
ZZYY 21924 09070 1911/ 130586 146484 6111/
22219 00264
444 20110 09070 1905/ 50101 80008 80099 9/015=
ZZYY 21920 09070 1913/ 123771 139377 6112/
22219 00289
444 20120 09070 1907/ 50101 80008 80015 9/015=
ZZYY 33591 09070 1910/ 546028 016656 6112/
11119 30229 40229 57024
22219 00068
444 20120 09070 1948/ 50101 80110 80000 9/015=
ZZYY 33567 09070 1920/ 547347 010327 6111/
11119 30283 40283 57003
22219 00046
444 20110 09070 1946/ 50101 80110 80000 9/015=
ZZYY 33696 09070 1850/ 549575 032664 6112/
11119 30029 40029 57029
22219 00034
444 20120 09070 1816/ 50101 80110 80000 9/015=
ZZYY 33696 09070 1950/ 549614 032622 6111/
11119 30017 40017 57028
22219 00033
444 50101 80110 80000 9/015=
ZZYY 71626 09070 1920/ 547763 016311 6112/
11119 30241 40241 57021
22219 00055
444 20120 09070 1948/ 50101 80110 80005 9/015=
ZZYY 71626 09070 1820/ 547763 016311 6112/
11119 30248 40248 57017
22219 00055
444 20120 09070 1948/ 50101 80110 80006 9/015=
ZZYY 33952 09070 1940/ 549101 003073 6111/
11119 30204 40204 52014
22219 00028
444 20110 09070 1947/ 50101 80110 80003 9/015=
ZZYY 33952 09070 1840/ 549101 003073 6111/
11119 30198 40198 52011
22219 00028
444 20110 09070 1947/ 50101 80110 80006 9/015=
ZZYY 71627 09070 1900/ 354046 000032 6112/
11119 30062 40062 52014
22219 00005
444 20120 09070 1812/ 50101 80110 80005 9/015=
ZZYY 33537 09070 1850/ 542662 029000 6112/
11119 30056 40056 52021
22219 00081
444 20120 09070 1818/ 50101 80110 80023 9/015=
ZZYY 33537 09070 1950/ 542653 028979 6112/
11119 30050 40050 52021
22219 00081
444 50101 80110 80026 9/015=
ZZYY 55595 09070 1920/ 544940 018378 6112/
11119 40188 57040
22219 00087
444 20120 09070 1949/ 50101 80010 80000 9////=
ZZYY 55595 09070 1820/ 544928 018387 6111/
11119 40199 57037
22219 00087
444 20110 09070 1806/ 50101 80010 80000 9////=
ZZYY 13551 09070 2000/ 709567 034843 6112/
22219 00287
444 20120 09070 2005/ 500// 80022 9/001=
ZZYY 13551 09070 2010/ 709567 034843 6112/
22219 00287
444 20120 09070 2005/ 500// 80022 9/001=
ZZYY 13547 09070 2000/ 708931 032612 6111/
22219 00290
444 20110 09070 2005/ 500// 80020 9/001=
ZZYY 13547 09070 2010/ 708931 032612 6111/
22219 00290
444 20110 09070 2005/ 500// 80020 9/001=
ZZYY 13548 09070 2000/ 712071 029722 6112/
444 20120 09070 1948/ 500// 9/001=
ZZYY 13548 09070 2010/ 712071 029722 6112/
22219 00278
444 20120 09070 1948/ 500// 80023 9/001=
ZZYY 13546 09070 2000/ 714345 041693 6111/
22219 00272
444 20110 09070 2007/ 500// 80016 9/001=
ZZYY 13546 09070 2010/ 714345 041693 6111/
22219 00272
444 20110 09070 2007/ 500// 80016 9/001=
ZZYY 31784 09070 1910/ 532149 048547 6111/
11119 30188 40188 57002
22219 00184
444 20110 09070 1954/ 50101 80110 80000 9/015=
ZZYY 52594 09070 1912/ 121443 137191 6113/
22219 00298
444 20130 09070 1906/ 50101 80103 80000 9/015=
ZZYY 52595 09070 1914/ 116235 151724 6112/
444 20120 09070 1908/ 50101 80115 80002 9/015=
ZZYY 52807 09070 1913/ 116360 160612 6112/
22219 00287
444 20120 09070 1908/ 50101 80113 80004 9/015=
ZZYY 31785 09070 1930/ 531585 036910 6113/
11119 30216 40216 52005
22219 00193
444 20130 09070 1955/ 50101 80090 80000 9/015=
ZZYY 31748 09070 1850/ 525261 042622 6112/
11119 30190 40190 52001
22219 00244
444 20120 09070 1825/ 50101 80120 80008 9/015=
ZZYY 31748 09070 1950/ 525273 042609 6112/
11119 30195 40195 52005
22219 00244
444 20120 09070 1957/ 50101 80120 80008 9/015=
ZZYY 31753 09070 1900/ 525394 044184 6111/
11119 30182 40182 54000
22219 00234
444 20110 09070 1823/ 50101 80120 80001 9/015=
ZZYY 31753 09070 2000/ 525394 044184 6111/
11119 30187 40187 52005
22219 00233
444 20110 09070 1823/ 50101 80120 80001 9/015=
ZZYY 48672 09070 1853/ 782889 102197 6111/
444 20110 09070 1856/ 500// 9/000=
ZZYY 51942 09070 1911/ 119585 128469 6111/
22219 00305
444 20110 09070 1545/ 50101 80005 80014 9////=
ZZYY 15931 09070 2004/ 514234 033014 6113/
22219 00265
444 20130 09070 1958/ 50101 80075 80000 9////=
ZZYY 31550 09070 2003/ 512261 030266 6111/
22219 00267
444 20110 09070 1958/ 50101 80142 80073 9/015=
ZZYY 17507 09070 1910/ 528889 037312 6112/
22219 00208
444 20120 09070 1954/ 50101 80008 80100 9////=
ZZYY 13947 09070 2007/ 705635 043726 6112/
22219 00290
444 20120 09070 2003/ 50101 80010 80000 9////=
ZZYY 31701 09070 2013/ 716349 051003 6111/
22219 00287
444 20110 09070 2007/ 50101 80144 80100 9/015=
ZZYY 15679 09070 2000/ 505444 028184 6111/
22219 00278
444 50101 80114 80126 9/015=
ZZYY 15664 09070 2004/ 506007 028240 6112/
22219 00278
444 20120 09070 1648/ 50101 80116 80102 9/015=
ZZYY 15911 09070 1900/ 523420 021158 6112/
11119 30296 40296 52005
22219 00224
444 20120 09070 1955/ 50101 8//// 80050 9/015=
ZZYY 51523 09070 1911/ 116116 165853 6111/
22219 00283
444 20110 09070 1846/ 50101 80009 80045 9////=
ZZYY 31903 09070 2001/ 514741 032890 6112/
22219 00263
444 20120 09070 1957/ 50101 80142 80063 9/015=
ZZYY 41570 09070 2015/ 721634 070061 6112/
22219 00292
444 20120 09070 1839/ 50101 80110 80098 9/015=
ZZYY 15617 09070 1720/ 524819 016494 6112/
11119 40277 52002
22219 00222
444 20120 09070 1641/ 50101 80012 80002 9/015=
ZZYY 15926 09070 1955/ 522086 020051 6112/
22219 00233
444 20120 09070 1643/ 50101 80136 80063 9/015=
ZZYY 31780 09070 1958/ 516854 036135 6111/
22219 00258
444 50101 80132 80099 9/015=
ZZYY 51774 09070 1911/ 129032 152358 6112/
22219 00274
444 20120 09070 1905/ 50101 80008 80020 9////=
ZZYY 31757 09070 2003/ 523537 041430 6112/
22219 00246
444 20120 09070 1957/ 50101 80065 80026 9/015=
ZZYY 15915 09070 2001/ 527623 037916 6112/
22219 00208
444 20120 09070 1955/ 50101 80005 80005 9////=
ZZYY 31786 09070 1958/ 535737 040810 6112/
22219 00169
444 20120 09070 1821/ 50101 80073 80015 9/015=
ZZYY 31540 09070 1955/ 537761 045795 6112/
22219 00175
444 20120 09070 1950/ 50101 80069 80011 9/015=
ZZYY 31714 09070 1958/ 518197 035330 6112/
22219 00256
444 50101 80113 80010 9/015=
ZZYY 31712 09070 2000/ 521186 037109 6112/
22219 00248
444 20120 09070 1955/ 50101 80085 80032 9/015=
ZZYY 31713 09070 2003/ 521100 035951 6112/
22219 00245
444 20120 09070 1956/ 50101 80091 80009 9/015=
ZZYY 52593 09070 1911/ 128765 159611 6112/
22219 00278
444 20120 09070 1906/ 50101 80006 80255 9/015=
ZZYY 52592 09070 1914/ 117068 141379 6113/
22219 00300
444 20130 09070 1909/ 50101 80008 80007 9////=
ZZYY 13934 09070 2006/ 707266 027485 6113/
22219 00287
444 20130 09070 1947/ 50101 80125 80038 9/015=
ZZYY 13926 09070 2007/ 708771 031703 6111/
22219 00294
444 20110 09070 2004/ 50101 80125 80003 9/015=
ZZYY 31507 09070 2005/ 511945 030355 6111/
444 20110 09070 2001/ 50101 80045 80255 9/015=
ZZYY 51517 09070 1914/ 123028 136473 6113/
22219 00294
444 20130 09070 1908/ 50101 80011 80022 9////=
ZZYY 52611 09070 1913/ 124464 144152 6112/
22219 00289
444 20120 09070 1907/ 50101 80012 80073 9////=
ZZYY 52612 09070 1912/ 122933 150426 6112/
22219 00287
444 20120 09070 1905/ 50101 80009 80012 9////=
ZZYY 13943 09070 2006/ 710938 028299 6112/
22219 00285
444 20120 09070 1949/ 50101 80119 80007 9/015=
ZZYY 51681 09070 1911/ 125715 131853 6112/
22219 00285
444 20120 09070 1909/ 50101 80012 9////=
ZZYY 52614 09070 1912/ 120106 147346 6111/
22219 00294
444 20110 09070 1907/ 50101 80009 80011 9////=
ZZYY 51679 09070 1912/ 120115 133209 6113/
22219 00302
444 20130 09070 1908/ 50101 80012 80008 9////=
ZZYY 52916 09070 1913/ 121785 139790 6113/
22219 00297
444 20130 09070 1908/ 50101 80127 80032 9/015=
ZZYY 52596 09070 1913/ 118215 137872 6112/
22219 00302
444 20120 09070 1911/ 50101 80127 80023 9/015=
ZZYY 52676 09070 1911/ 118116 141230 6113/
444 20130 09070 1905/ 50101 80119 80000 9/015=
ZZYY 52671 09070 1914/ 120774 148046 6112/
22219 00294
444 20120 09070 1904/ 50101 80113 80004 9/015=
ZZYY 52667 09070 1910/ 136429 150526 6113/
22219 00209
444 20130 09070 1729/ 50101 8//// 80015 9////=
ZZYY 52809 09070 1914/ 116474 134846 6113/
22219 00304
444 20130 09070 1909/ 50101 80123 80029 9/015=
ZZYY 51861 09070 1911/ 127288 150003 6112/
22219 00287
444 20120 09070 1906/ 50101 80053 80076 9////=
ZZYY 52914 09070 1914/ 114060 131165 6113/
22219 00305
444 20130 09070 1910/ 50101 80123 80025 9/015=
ZZYY 52913 09070 1914/ 120858 135076 6113/
22219 00301
444 20130 09070 1909/ 50101 80125 80034 9/015=
ZZYY 52678 09070 1905/ 134945 160039 6112/
22219 00215
444 20120 09070 1901/ 50101 8//// 80071 9////=
ZZYY 52664 09070 1912/ 117616 134166 6112/
22219 00303
444 20120 09070 1908/ 50101 80127 80026 9/015=
ZZYY 52674 09070 1914/ 120492 143653 6112/
22219 00297
444 20120 09070 1905/ 50101 80109 80255 9/015=
ZZYY 15624 09070 2007/ 704996 049922 6111/
22219 00299
444 20110 09070 2005/ 50101 80102 80017 9/015=
ZZYY 52814 09070 1911/ 124894 149523 6111/
22219 00292
444 20110 09070 1905/ 50101 80125 80033 9/015=
ZZYY 52816 09070 1913/ 107888 162043 6112/
444 20120 09070 1909/ 50101 80087 80255 9/015=
ZZYY 15606 09070 2005/ 511921 033840 6112/
444 20120 09070 1959/ 50101 80046 80099 9/015=
ZZYY 15608 09070 2011/ 703816 050065 6111/
22219 00296
444 20110 09070 2006/ 50101 80055 80000 9/015=
ZZYY 52806 09070 1911/ 109362 154329 6113/
22219 00306
444 50101 80089 80000 9/015=
ZZYY 15914 09070 2002/ 518051 031750 6112/
22219 00256
444 20120 09070 1957/ 50101 80057 80009 9/015=
ZZYY 15615 09070 2001/ 522403 029105 6112/
22219 00236
444 20120 09070 1956/ 50101 80054 80000 9/015=
ZZYY 15611 09070 2008/ 709266 058704 6112/
22219 00294
444 50101 80056 80067 9/015=
ZZYY 31749 09070 2006/ 704060 028139 6111/
22219 00285
444 20110 09070 1948/ 50101 80115 80048 9/015=
ZZYY 54560 09070 1912/ 121447 157414 6112/
22219 00288
444 20120 09070 1908/ 50101 80007 80009 9/015=
ZZYY 52677 09070 1914/ 118398 146555 6111/
444 20110 09070 1909/ 50101 80081 80010 9/015=
ZZYY 33906 09070 1850/ 550339 030346 6111/
11119 30134 40134
22219 00022
444 20110 09070 1807/ 50101 80110 80100 9/015=
ZZYY 33906 09070 1950/ 550339 030346 6111/
11119 30117 40117
22219 00022
444 20110 09070 1807/ 50101 80110 80100 9/015=
ZZYY 33886 09070 1900/ 553680 030143 6112/
11119 30132 40132
22219 00009
444 20120 09070 1815/ 50101 80110 80100 9/015=
ZZYY 33885 09070 1850/ 547286 022898 6111/
11119 30166 40166
22219 00049
444 20110 09070 1816/ 50101 80110 80100 9/015=
ZZYY 33885 09070 1950/ 547280 022886 6113/
11119 30156 40156
22219 00049
444 20130 09070 1948/ 50101 80110 80100 9/015=
ZZYY 33884 09070 1900/ 554458 022671 6112/
11119 30191 40191
22219 00011
444 20120 09070 1814/ 50101 80110 80100 9/015=
ZZYY 33883 09070 1920/ 554654 028021 6112/
11119 30150 40150
22219 00008
444 20120 09070 1947/ 50101 80110 80100 9/015=
ZZYY 55624 09070 1830/ 559557 064815 6112/
11119 49789 52011
22219 00006
444 20120 09070 1817/ 50101 80010 80000 9////=
ZZYY 52679 09070 1911/ 124535 145836 6112/
22219 00285
444 20120 09070 1904/ 50101 80010 80000 9////=
ZZYY 52849 09070 1912/ 123295 129667 6113/
22219 00291
444 20130 09070 1908/ 50101 80012 80000 9////=
ZZYY 52817 09070 1858/ 137668 168387 6112/
22219 00196
444 20120 09070 1843/ 50101 80010 80018 9/015=
ZZYY 53522 09070 1909/ 134235 144188 6112/
22219 00242
444 20120 09070 1904/ 50101 80009 80000 9/015=
ZZYY 52829 09070 1912/ 119022 156469 6112/
22219 00290
444 20120 09070 1907/ 50101 80011 80099 9/015=
ZZYY 51631 09070 1916/ 105213 159646 6111/
22219 00290
444 20110 09070 1910/ 50101 80011 80000 9/015=
ZZYY 52841 09070 1913/ 109692 161312 6112/
22219 00287
444 20120 09070 1556/ 50101 80011 80099 9/015=
ZZYY 22596 09070 1903/ 135147 174142 6111/
22219 00235
444 20110 09070 1859/ 50101 80008 80035 9/015=
ZZYY 22718 09070 1914/ 123544 137476 6112/
22219 00296
444 20120 09070 1908/ 50101 80096 80099 9/015=
ZZYY 33901 09070 1930/ 532309 049651 6112/
11119 30196 40196 54000
22219 00214
444 20120 09070 1954/ 50101 80120 80100 9/015=
ZZYY 33555 09070 1910/ 537425 033576 6112/
11119 30176 40176 52012
22219 00147
444 20120 09070 1952/ 50101 80120 80073 9/015=
ZZYY 31541 09070 1830/ 524236 032316 6112/
444 20120 09070 1955/ 50101 80008 80040 9////=
ZZYY 31541 09070 1930/ 524236 032316 6112/
444 20120 09070 1955/ 50101 80008 80092 9////=
ZZYY 17513 09070 1800/ 530781 015283 6112/
444 20120 09070 1640/ 50101 9////=
ZZYY 17513 09070 1900/ 530781 015283 6112/
11119 30279 40279 52008
22219 00183
444 20120 09070 1640/ 50101 8//// 80000 9////=
ZZYY 21964 09070 1850/ 128001 156313 6111/
11119 30208 40208 52006
22219 00272
444 20110 09070 1845/ 50101 80010 80000 9////=
ZZYY 17685 09070 1730/ 537322 016939 6112/
11119 30258 40258 57018
22219 00131
444 20120 09070 1639/ 50101 8//// 80100 9////=
ZZYY 17685 09070 1930/ 537377 016925 6111/
11119 30251 40251 57013
22219 00130
444 20110 09070 1951/ 50101 8//// 80095 9////=
ZZYY 17685 09070 1830/ 537377 016925 6111/
11119 30254 40254 57015
22219 00131
444 20110 09070 1951/ 50101 8//// 80100 9////=
ZZYY 33881 09070 1910/ 555589 017273 6112/
11119 30191 40191 57005
22219 00015
444 20120 09070 1946/ 50101 80110 80008 9/015=
ZZYY 33880 09070 1910/ 550653 024950 6112/
11119 30147 40147 57037
22219 00026
444 20120 09070 1948/ 50101 80110 80009 9/015=
ZZYY 33631 09070 1958/ 527137 030639 6112/
22219 00211
444 20120 09070 1955/ 50101 80009 80000 9////=
ZZYY 13598 09070 2007/ 709437 029609 6112/
22219 00288
444 20120 09070 1947/ 50101 80145 80029 9/015=
####018000117####
SSVX12 KARS 092038
ZZYY 48636 09070 1900/ 177850 154106 6112/
11119 11003 30135 40135
444 20120 09070 1851/=
####018000275####
SSVX06 KARS 092038
ZZYY 47553 09070 1853/ 779180 102182 6113/
444 20130 09070 1855/ 500// 9/000=
ZZYY 47555 09070 1850/ 777285 096055 6112/
444 20120 09070 1845/ 500// 9/000=
ZZYY 47552 09070 1852/ 779661 104686 6112/
11119 49944
444 20120 09070 1847/ 500//=
####018010407####
SSVX02 KARS 092038 RRA
ZZYY 33887 09070 1850/ 553957 030689 6113/
11119 30132 40132
22219 00003
444 20130 09070 1816/ 50101 80110 80100 9/015=
ZZYY 33887 09070 1950/ 553967 030686 6111/
11119 30124 40124
22219 00003
444 20110 09070 1948/ 50101 80110 80100 9/015=
ZZYY 33595 09070 1910/ 552534 014256 6112/
11119 30240 40240
22219 00019
444 20120 09070 1947/ 50101 80110 80100 9/015=
ZZYY 33585 09070 1850/ 555091 022132 6111/
11119 30171 40171
22219 00007
444 20110 09070 1814/ 50101 80110 80100 9/015=
ZZYY 17680 09070 1700/ 529929 026394 6112/
11119 30255 40255 57011
444 20120 09070 1641/ 50101 80008 80000 9/015=
ZZYY 17680 09070 1900/ 529944 026363 6112/
11119 30255 40255 57002
444 20120 09070 1954/ 50101 80008 80000 9/015=
ZZYY 17680 09070 1800/ 529929 026394 6112/
11119 30255 40255 57003
444 20120 09070 1641/ 50101 80008 80000 9/015=
ZZYY 17680 09070 2000/ 529944 026363 6112/
11119 30259 40259 52004
444 20120 09070 1954/ 50101 80008 80000 9/015=
ZZYY 33578 09070 1800/ 514357 025930 6112/
11119 30174 40174 57012
444 20120 09070 1645/ 50101 80008 80100 9/015=
ZZYY 13597 09070 2007/ 708396 027952 6111/
22219 00287
444 20110 09070 1947/ 50101 80101 80037 9/015=
ZZYY 71701 09070 1850/ 357289 141353 6111/
11119 30094 40094
22219 00022
444 20110 09070 1856/ 50101 8//// 80094 9////=
ZZYY 17653 09070 1950/ 524064 014476 6111/
444 20110 09070 1633/ 50101 9/015=
ZZYY 15626 09070 2001/ 518262 032421 6112/
22219 00257
444 20120 09070 1956/ 50101 80055 80099 9/015=
ZZYY 22634 09070 1912/ 131999 146121 6113/
22219 00252
444 20130 09070 1904/ 50101 80055 80071 9////=
ZZYY 15620 09070 2003/ 522804 035460 6112/
22219 00234
444 20120 09070 1956/ 50101 80056 80047 9/015=
ZZYY 33569 09070 1910/ 547413 001096 6111/
11119 30205 40205 52013
22219 00052
444 20110 09070 1945/ 50101 80120 80007 9/015=
ZZYY 33569 09070 1810/ 547439 001098 6111/
11119 30203 40203 52016
22219 00053
444 20110 09070 1634/ 50101 80120 80005 9/015=
ZZYY 33900 09070 1910/ 543005 011391 6112/
11119 30288 40288 57004
22219 00113
444 20120 09070 1949/ 50101 80120 80006 9/015=
ZZYY 33900 09070 1810/ 542998 011393 6111/
11119 30296 40296 52004
22219 00113
444 20110 09070 1636/ 50101 80120 80008 9/015=
ZZYY 33900 09070 1710/ 542998 011393 6111/
11119 30296 40296 54000
22219 00113
444 20110 09070 1636/ 50101 80110 80010 9/015=
ZZYY 33557 09070 1900/ 548151 028046 6111/
11119 30013 40013 57060
22219 00049
444 20110 09070 1817/ 50101 80120 80009 9/015=
ZZYY 33558 09070 1920/ 545888 026131 6112/
11119 39989 49989 57044
22219 00078
444 20120 09070 1949/ 50101 80110 80020 9/015=
ZZYY 33558 09070 1820/ 545888 026135 6111/
11119 30003 40003 57053
22219 00078
444 20110 09070 1806/ 50101 80110 80017 9/015=
ZZYY 41988 09070 2007/ 721466 029541 6112/
22219 00248
444 20120 09070 1951/ 50101 80008 80039 9////=
ZZYY 41991 09070 2012/ 728769 049268 6112/
22219 00267
444 50101 80009 80000 9////=
ZZYY 33907 09070 1650/ 533251 011477 6112/
11119 30289 40289 52006
22219 00168
444 20120 09070 1640/ 50101 8//// 80000 9////=
ZZYY 33907 09070 1850/ 533251 011477 6112/
11119 30294 40294 52006
22219 00168
444 20120 09070 1640/ 50101 8//// 80055 9////=
ZZYY 33907 09070 1740/ 533251 011477 6112/
11119 30288 40288 52005
22219 00168
444 20120 09070 1640/ 50101 8//// 80000 9////=
ZZYY 31538 09070 2002/ 525052 035767 6113/
22219 00233
444 20130 09070 1955/ 50101 80111 80017 9/015=
ZZYY 13962 09070 2008/ 720359 065324 6112/
22219 00292
444 50101 80008 80024 9////=
ZZYY 13964 09070 2011/ 720708 038951 6112/
22219 00262
444 20120 09070 2009/ 50101 80010 80023 9////=
ZZYY 31921 09070 2000/ 525234 033258 6112/
22219 00232
444 20120 09070 1955/ 50101 80109 80017 9////=
ZZYY 31756 09070 1959/ 538903 048136 6111/
22219 00150
444 20110 09070 1952/ 50101 80008 80020 9////=
ZZYY 31758 09070 1958/ 526857 033644 6113/
22219 00221
444 20130 09070 1953/ 50101 80011 80023 9/015=
ZZYY 31706 09070 2001/ 534633 046684 6112/
22219 00184
444 20120 09070 1953/ 50101 80011 80032 9////=
ZZYY 31755 09070 2000/ 532005 040198 6111/
22219 00180
444 20110 09070 1954/ 50101 80010 80013 9////=
ZZYY 31927 09070 2001/ 533248 041412 6111/
22219 00178
444 20110 09070 1954/ 50101 80009 80015 9////=
ZZYY 31911 09070 2000/ 535282 048749 6112/
22219 00185
444 20120 09070 1953/ 50101 80111 80018 9/015=
ZZYY 31542 09070 2000/ 531188 044529 6111/
22219 00196
444 20110 09070 1954/ 50101 80115 80015 9/015=
ZZYY 31914 09070 1959/ 534014 037436 6112/
22219 00173
444 20120 09070 1954/ 50101 80097 80016 9/015=
ZZYY 31920 09070 1957/ 536035 021283 6112/
22219 00140
444 20120 09070 1951/ 50101 80010 80057 9////=
ZZYY 31917 09070 2000/ 538216 042547 6111/
22219 00170
444 20110 09070 1820/ 50101 80010 80039 9////=
ZZYY 31923 09070 1958/ 540769 040331 6112/
22219 00133
444 20120 09070 1820/ 50101 80011 80084 9////=
ZZYY 31926 09070 1959/ 534859 027102 6112/
22219 00164
444 20120 09070 1952/ 50101 80012 80020 9////=
ZZYY 31708 09070 1956/ 533219 019296 6111/
22219 00177
444 20110 09070 1952/ 50101 80011 80021 9////=
ZZYY 31537 09070 2002/ 530386 041200 6111/
22219 00213
444 20110 09070 1955/ 50101 80113 80033 9/015=
ZZYY 31711 09070 2000/ 529101 030883 6112/
22219 00197
444 20120 09070 1954/ 50101 80009 80000 9////=
ZZYY 33947 09070 1850/ 546338 067164 6113/
11119 30057 40057 57004
22219 00084
444 20130 09070 1821/ 50101 80100 80011 9/015=
ZZYY 33903 09070 1940/ 536871 030163 6112/
22219 00153
444 20120 09070 1951/ 50101 80070 80000 9/015=
ZZYY 33946 09070 1920/ 536779 026121 6112/
22219 00145
444 20120 09070 1951/ 50101 80050 80015 9/015=
ZZYY 33950 09070 1850/ 546261 067351 6112/
11119 30077 40077 57005
22219 00084
444 20120 09070 1821/ 50101 80100 80011 9/015=
ZZYY 63945 09070 1850/ 178245 004662 6111/
22219 00066
444 20110 09070 1848/ 50101 80011 80031 9/015=
ZZYY 63585 09070 1849/ 174717 021426 6111/
22219 00043
444 50101 80012 80005 9/015=
ZZYY 22715 09070 1910/ 133429 151455 6112/
22219 00238
444 20120 09070 1905/ 50101 80096 80026 9/015=
ZZYY 22711 09070 1911/ 131123 152094 6113/
22219 00266
444 20130 09070 1906/ 50101 80104 80000 9////=
ZZYY 31905 09070 1959/ 529131 032169 6112/
22219 00196
444 20120 09070 1953/ 50101 8//// 80088 9/015=
ZZYY 31991 09070 1910/ 530570 011349 6112/
11119 30289 40289 52014
22219 00188
444 20120 09070 1640/ 50101 8//// 80100 9/015=
ZZYY 31991 09070 1810/ 530570 011349 6112/
11119 30282 40282 52009
22219 00188
444 20120 09070 1640/ 50101 8//// 80087 9/015=
ZZYY 33667 09070 1830/ 541613 021998 6111/
11119 30099 40099 57023
444 20110 09070 1817/ 50101 8//// 80100 9/015=
ZZYY 33667 09070 1930/ 541618 021974 6112/
11119 30100 40100 57006
444 20120 09070 1951/ 50101 8//// 80100 9/015=
ZZYY 31710 09070 1959/ 507241 030614 6111/
22219 00282
444 20110 09070 1945/ 50101 80138 80011 9/015=
ZZYY 13922 09070 2007/ 708021 035069 6112/
22219 00294
444 20120 09070 1828/ 50101 80012 80003 9/015=
ZZYY 15922 09070 1955/ 520352 017532 6111/
22219 00236
444 20110 09070 1453/ 50101 80136 80002 9/015=
ZZYY 31773 09070 2011/ 705758 043617 6113/
22219 00292
444 20130 09070 2006/ 50101 80011 80003 9////=
ZZYY 31767 09070 2006/ 706898 027968 6111/
22219 00287
444 20110 09070 1947/ 50101 80012 80009 9/015=
ZZYY 31508 09070 2005/ 705873 030224 6111/
22219 00292
444 20110 09070 2003/ 50101 80138 80009 9/015=
ZZYY 13966 09070 2010/ 710576 037293 6113/
22219 00283
444 20130 09070 1655/ 50101 80012 80005 9/015=
ZZYY 21929 09070 1850/ 145684 178565 6111/
11119 30089 40089 57229
22219 00083
444 20110 09070 1546/ 50101 80110 80010 9/015=
ZZYY 21542 09070 1750/ 144942 174116 6111/
11119 30133 40133 57249
22219 00078
444 20110 09070 1537/ 50101 80110 80008 9/015=
ZZYY 21542 09070 1850/ 144942 174116 6111/
11119 30136 40136 57248
22219 00078
444 20110 09070 1537/ 50101 80110 80006 9/015=
ZZYY 33675 09070 1830/ 556014 040757 6112/
11119 30019 40019 52232
22219 01002
444 20120 09070 1816/ 50101 80110 80008 9/015=
ZZYY 33655 09070 1840/ 559637 058457 6111/
11119 39761 49761 57230
22219 01012
444 20110 09070 1815/ 50101 80090 80011 9/015=
ZZYY 71605 09070 1900/ 557163 020844 6112/
11119 30172 40172 52253
22219 00003
444 20120 09070 1814/ 50101 80100 80000 9/015=
ZZYY 33889 09070 1850/ 553662 042097 6112/
11119 30009 40009 52230
22219 00014
444 20120 09070 1816/ 50101 80110 80010 9/015=
ZZYY 33889 09070 1950/ 553668 042086 6112/
11119 30004 40004 52237
22219 00014
444 20120 09070 1947/ 50101 80110 80011 9/015=
ZZYY 71566 09070 1910/ 555166 044516 6112/
11119 39964 49964 52247
22219 00012
444 20120 09070 1949/ 50101 80110 80008 9/015=
ZZYY 33657 09070 1950/ 552134 009981 6111/
11119 30213 40213
22219 00011
444 20110 09070 1634/ 50101 80100 80000 9/015=
ZZYY 33657 09070 1850/ 552134 009981 6111/
11119 30214 40214 57250
22219 00012
444 20110 09070 1634/ 50101 80100 80000 9/015=
ZZYY 71634 09070 1820/ 560040 042652 6111/
11119 39933 49933 52222
22219 01018
444 20110 09070 1814/ 50101 80110 80002 9/015=
ZZYY 33944 09070 1910/ 549969 055212 6113/
11119 30019 40019 57248
22219 00046
444 20130 09070 1949/ 50101 80110 80008 9/015=
ZZYY 33672 09070 1900/ 545838 024088 6112/
11119 30041 40041 52197
22219 00090
444 20120 09070 1949/ 50101 80100 80010 9/015=
ZZYY 33672 09070 1700/ 545779 024147 6112/
11119 30083 40083 52194
22219 00091
444 20120 09070 1638/ 50101 80100 80010 9/015=
ZZYY 52905 09070 1914/ 117629 153428 6113/
22219 00293
444 20130 09070 1909/ 50101 80009 80099 9/015=
ZZYY 41992 09070 2011/ 736770 044337 6112/
22219 00256
444 20120 09070 1833/ 50101 80122 80012 9/015=
ZZYY 41910 09070 2018/ 723429 069132 6113/
22219 00291
444 20130 09070 1838/ 50101 80122 80017 9/015=
ZZYY 52663 09070 1908/ 121990 153483 6111/
22219 00287
444 20110 09070 1554/ 50101 80134 80009 9/015=
ZZYY 13932 09070 2007/ 709604 032826 6111/
22219 00286
444 20110 09070 2004/ 50101 80011 80001 9/015=
ZZYY 15639 09070 2010/ 706061 045934 6111/
22219 00296
444 20110 09070 2005/ 50101 80012 80005 9/015=
####018003037####
SSVX08 KARS 092038
ZZYY 31005 08070 1200/ 518864 034650 6111/
33311 88872 20020 32500 43711 20040 32500 43731 20060 32500
20080 32502 20100 32488 20300 31395 20500 30880
444 20110 08070 1106/ 521//=
ZZYY 52001 08070 1200/ 101998 165011 6113/
33311 88872 20001 32923 43513 20025 32922 20050 32923 20075 32909
20100 32627 20125 32453 20150 32130 20250 31212 20300 31129
20500 30881
444 20130 08070 1010/ 521//=
ZZYY 52003 08070 1200/ 105033 164998 6112/
33311 88872 20001 32913 43443 20025 32917 20050 32912 20075 32906
20100 32769 20125 32367 20150 31868 20200 31167 20250 31031
20300 30955 20500 30781
444 20120 08070 1011/ 521//=
ZZYY 31003 08070 1200/ 507915 030553 6111/
33311 88872 20001 32802 20040 32804 43625 20060 32804 20080 32698
20100 32405 20120 32174 43654 20140 31897 20180 31400 20300 31010
20500 30758
444 20110 08070 1102/ 521//=
ZZYY 31002 08070 1200/ 704087 037981 6111/
33311 88872 20020 32851 43535 20040 32859 20060 32853 20080 32841
20180 31418 20300 31086 20500 30773
444 20110 08070 1100/ 521//=
ZZYY 31002 09070 20004 704083 037978 6111/
11119 01306 10281 29079
444 20110 09070 2005/ 521// 60401=
ZZYY 41026 08070 1200/ 711495 038042 6112/
33311 88872 20060 32721 20080 32483 20100 32106 20120 31788 43627
444 20120 08070 1057/ 521//=
ZZYY 41026 09070 20004 711493 038040 6112/
11119 00512 10272 29081
444 20120 09070 2007/ 521// 60401=
ZZYY 31004 08070 1200/ 513532 032600 6112/
33311 88872 20001 32690 43694 20020 32693 43691 20040 32693 43691
20060 32691 20080 32623 20100 32436 20120 32338 43684 20140 32248
20180 31858 20300 31174
444 20120 08070 1105/ 521//=
ZZYY 52002 08070 1200/ 301993 164993 6112/
33311 88872 20001 33005 43503 20025 32996 20050 32976 20100 32914
20150 32339 20200 31483 20250 31192 20300 31117 20500 30886
444 20120 08070 1009/ 521//=
ZZYY 13008 08070 1200/ 714994 038019 6112/
33311 88872 20001 32669 20020 32668 43653 20040 32663 43624
20060 32657 43646 20080 32565 20100 32416 20120 32175 20140 32006
20180 31723 20300 31230 20500 30905
444 20120 08070 1055/ 521//=
ZZYY 13008 09070 20004 714999 038017 6112/
11119 00714 10262 29075 40140
22219 00267
444 20120 09070 2007/ 521// 60401=
ZZYY 52007 08070 1200/ 308042 164797 6111/
33311 88872 20001 32952 43447 20025 32968 20050 32960 20075 32887
20100 32793 20125 32556 20150 32415 20200 32021 20300 31310
20500 30784
444 20110 08070 1007/ 521//=
ZZYY 52004 08070 1200/ 305004 165165 6112/
33311 88872 20001 32985 43482 20025 32979 20050 32964 20075 32874
20100 32814 20125 32725 20150 32584 20200 32052 20250 31356
20300 31070 20500 30825
444 20120 08070 1006/ 521//=
ZZYY 52321 08070 1200/ 100016 165005 6112/
33311 88872 20001 32855 43545 20025 32837 43545 20050 32817 43534
20075 32784 43540 20100 32688 20125 32434 20150 32276 20200 31682
20250 31365 20300 31226 20500 30848
444 20120 08070 1010/ 521//=
ZZYY 31001 09070 2000/ 700009 035002 6111/
11119 29086
444 20110 09070 2003/ 521//=
