####018000093####
SSVB13 RJTD 091500
ZZYY 21178 09070 1500/ 133120 133620
22209 0//// 10803 20079 21016=
####018000096####
SSVB13 RJTD 091500
ZZYY 21178 09070 1500/ 133120 133620
22209 0//// 10803 20079 21016=

####018011451####
SSVX02 KARS 092115
ZZYY 51944 09070 2020/ 520671 162520 6112/
22219 00256
33311 88872 20000 32560 43592
444 20120 09070 2050/ 50101 80120 80100 9/015=
ZZYY 51944 09070 2050/ 520671 162520 6112/
22219 00257
33311 88872 20000 32565 43592
444 50101 80120 80100 9/015=
ZZYY 51945 09070 2020/ 517495 163585 6112/
22219 00272
33311 88872 20000 32715 43590
444 20120 09070 1908/ 50101 80120 80100 9/015=
ZZYY 51939 09070 2040/ 517499 163586 6111/
22219 00272
33311 88872 20000 32715 43589
444 20110 09070 2050/ 50101 80120 80100 9/015=
ZZYY 51940 09070 2040/ 521695 161930 6111/
22219 00260
33311 88872 20000 32600 43608
444 20110 09070 2051/ 50101 80110 80100 9/015=
ZZYY 51952 09070 2040/ 513459 161180 6111/
22219 00285
33311 88872 20000 32845 43560
444 20110 09070 2049/ 50101 80110 80100 9/015=
ZZYY 51953 09070 2040/ 521539 155863 6111/
22219 00248
33311 88872 20000 32480 43592
444 20110 09070 2050/ 50101 80120 80100 9/015=
ZZYY 51946 09070 2040/ 519766 161546 6111/
22219 00259
33311 88872 20000 32585 43592
444 20110 09070 1909/ 50101 80110 80100 9/015=
ZZYY 51948 09070 2040/ 514017 160073 6112/
22219 00283
33311 88872 20000 32825 43579
444 20120 09070 1907/ 50101 80110 80100 9/015=
ZZYY 51951 09070 2040/ 514486 158445 6112/
22219 00282
33311 88872 20000 32815 43579
444 20120 09070 1908/ 50101 80110 80100 9/015=
ZZYY 54949 09070 2030/ 533522 158427 6112/
11119 40160 52020
22219 00177
444 20120 09070 1912/ 50101 80011 80000 9////=
ZZYY 54949 09070 1930/ 533522 158427 6112/
11119 40153 52023
22219 00176
444 20120 09070 1912/ 50101 80011 80000 9////=
ZZYY 54943 09070 1920/ 523572 179279 6111/
11119 30182 40182 52011
22219 00242
444 20110 09070 1911/ 50101 8//// 80000 9////=
ZZYY 51808 09070 2042/ 709623 162458 6113/
444 50101 80093 80078 9/015=
ZZYY 51801 09070 2053/ 511534 167945 6112/
22219 00293
444 20120 09070 2047/ 50101 80113 80004 9/015=
ZZYY 54915 09070 2054/ 529813 157555 6112/
22219 00197
444 20120 09070 1911/ 50101 80112 9/015=
ZZYY 32806 09070 2052/ 509819 167135 6112/
22219 00294
444 20120 09070 2047/ 50101 80091 80009 9////=
ZZYY 51532 09070 2053/ 505593 174282 6112/
22219 00293
444 20120 09070 2046/ 50101 80119 80035 9/015=
ZZYY 51511 09070 2049/ 708395 168229 6112/
22219 00279
444 20120 09070 2042/ 50101 80119 80009 9/015=
ZZYY 51521 09070 2051/ 511085 159717 6111/
22219 00292
444 20110 09070 1907/ 50101 80087 80039 9/015=
ZZYY 51794 09070 2052/ 505060 176677 6111/
22219 00294
444 20110 09070 1905/ 50101 80091 80040 9/015=
ZZYY 51870 09070 2049/ 305185 155707 6113/
22219 00299
444 20130 09070 2034/ 50101 80083 80255 9/015=
ZZYY 51867 09070 2050/ 303480 160635 6111/
22219 00299
444 50101 80057 80012 9/015=
ZZYY 51810 09070 2053/ 508798 170208 6112/
22219 00294
444 20120 09070 2046/ 50101 80077 80010 9/015=
ZZYY 54911 09070 2050/ 522209 171834 6113/
22219 00248
444 20130 09070 1909/ 50101 80108 80099 9/015=
ZZYY 51891 09070 2054/ 306148 174910 6112/
22219 00294
444 20120 09070 2046/ 50101 80113 80010 9/015=
ZZYY 51898 09070 2054/ 306129 174624 6111/
22219 00298
444 20110 09070 2047/ 50101 80109 80011 9/015=
ZZYY 51881 09070 2049/ 109669 172734 6111/
22219 00282
444 20110 09070 2042/ 50101 80089 80007 9/015=
ZZYY 52903 09070 2048/ 110992 177754 6111/
22219 00277
444 20110 09070 1404/ 50101 80011 80099 9/015=
ZZYY 51790 09070 2051/ 705951 179939 6113/
22219 00282
444 20130 09070 1729/ 50101 80109 80005 9////=
ZZYY 54904 09070 2057/ 529003 162408 6112/
22219 00206
444 20120 09070 2052/ 50101 80106 80023 9/015=
ZZYY 54920 09070 2054/ 528987 162383 6112/
22219 00206
444 20120 09070 1557/ 50101 80094 80099 9/015=
ZZYY 51747 09070 2055/ 312200 170669 6113/
22219 00286
444 20130 09070 2051/ 50101 80005 80019 9////=
ZZYY 54916 09070 2054/ 517962 161146 6111/
22219 00273
444 20110 09070 2049/ 50101 80104 80099 9/015=
ZZYY 32731 09070 2056/ 515242 174658 6111/
22219 00277
444 20110 09070 1909/ 50101 80006 80006 9////=
ZZYY 51666 09070 2053/ 515672 162004 6111/
22219 00281
444 20110 09070 2049/ 50101 80011 80040 9/015=
ZZYY 51622 09070 2051/ 517596 158906 6111/
22219 00271
444 20110 09070 1908/ 50101 80008 80055 9/015=
ZZYY 51642 09070 2053/ 522615 159202 6111/
22219 00248
444 20110 09070 2049/ 50101 80012 80000 9/015=
ZZYY 51631 09070 2048/ 105190 159669 6111/
22219 00290
444 20110 09070 2044/ 50101 80011 80002 9/015=
ZZYY 51657 09070 2054/ 314852 155370 6111/
22219 00261
444 20110 09070 2051/ 50101 80011 80099 9/015=
ZZYY 51769 09070 2056/ 310545 170379 6111/
22219 00289
444 20110 09070 2048/ 50101 80071 80004 9////=
ZZYY 51613 09070 2054/ 308772 175405 6112/
22219 00295
444 20120 09070 2047/ 50101 80010 80000 9////=
ZZYY 51731 09070 2056/ 311978 172800 6112/
22219 00288
444 20120 09070 2048/ 50101 80011 80099 9/015=
ZZYY 51630 09070 2054/ 510614 174757 6112/
22219 00293
444 20120 09070 2047/ 50101 80011 80008 9////=
ZZYY 51770 09070 2053/ 514138 174454 6112/
22219 00288
444 20120 09070 2048/ 50101 80089 80018 9////=
ZZYY 51788 09070 2048/ 510927 154268 6111/
22219 00289
444 20110 09070 1906/ 50101 80085 80011 9////=
ZZYY 51615 09070 2052/ 514976 163279 6112/
22219 00284
444 20120 09070 1908/ 50101 80010 80008 9/015=
ZZYY 51768 09070 2049/ 108759 176546 6111/
22219 00283
444 20110 09070 2042/ 50101 80093 80008 9/015=
ZZYY 52668 09070 2053/ 314435 151125 6111/
22219 00268
444 20110 09070 2038/ 50101 80011 80099 9/015=
ZZYY 51725 09070 2054/ 305341 170348 6111/
22219 00298
444 20110 09070 2047/ 50101 80010 80025 9/015=
ZZYY 51670 09070 2051/ 306983 156077 6111/
22219 00271
444 20110 09070 2049/ 50101 80011 80000 9/015=
ZZYY 51712 09070 2048/ 708323 168229 6113/
22219 00279
444 20130 09070 2042/ 50101 80011 80003 9////=
ZZYY 51786 09070 2055/ 513308 169262 6111/
22219 00285
444 20110 09070 2051/ 50101 80097 80007 9////=
ZZYY 32639 09070 2052/ 518214 156466 6111/
22219 00270
444 20110 09070 1729/ 50101 80012 80010 9////=
ZZYY 33518 09070 2050/ 543500 169044 6111/
11119 30054 40054 52038
22219 00131
444 20110 09070 2056/ 50101 8//// 80063 9/015=
ZZYY 51643 09070 2052/ 505821 178494 6111/
22219 00295
444 20110 09070 2046/ 50101 80120 80058 9/015=
ZZYY 55952 09070 2000/ 547176 164541 6112/
11119 39968 49968 52039
22219 00103
444 20120 09070 2057/ 50101 80110 80009 9/015=
ZZYY 32624 09070 2054/ 512601 172067 6112/
444 20120 09070 2049/ 50101 80012 80001 9/015=
ZZYY 55927 09070 1910/ 546906 158513 6111/
11119 39895 49895 52004
22219 00102
444 20110 09070 1914/ 50101 80110 80010 9/015=
ZZYY 55950 09070 2010/ 558482 166195 6111/
11119 39871 49871 52008
444 20110 09070 1850/ 50101 80110 80026 9/015=
ZZYY 51526 09070 2053/ 516254 163096 6111/
22219 00276
444 20110 09070 2050/ 50101 80013 80043 9/015=
ZZYY 51538 09070 2051/ 509772 171421 6111/
22219 00294
444 20110 09070 2047/ 50101 80134 80005 9/015=
ZZYY 51518 09070 2057/ 316254 174693 6111/
22219 00276
444 20110 09070 2051/ 50101 80013 80015 9////=
ZZYY 51527 09070 2051/ 513748 164207 6112/
22219 00286
444 20120 09070 2049/ 50101 80072 80050 9/015=
ZZYY 51954 09070 2051/ 504262 169653 6112/
22219 00281
444 20120 09070 2044/ 50101 80143 80032 9/015=
ZZYY 51833 09070 2049/ 107766 176218 6111/
22219 00283
444 20110 09070 2042/ 50101 80010 80019 9////=
ZZYY 51780 09070 2052/ 514258 160841 6112/
22219 00283
444 20120 09070 1907/ 50101 80097 80007 9/015=
ZZYY 51674 09070 2048/ 710686 170480 6111/
22219 00275
444 20110 09070 2037/ 50101 80063 80008 9/015=
ZZYY 51739 09070 2053/ 513939 165521 6112/
22219 00287
444 20120 09070 2050/ 50101 80005 80012 9////=
ZZYY 51745 09070 2054/ 514095 169375 6112/
22219 00286
444 20120 09070 2047/ 50101 80008 80005 9////=
ZZYY 51749 09070 2049/ 709377 174363 6111/
22219 00277
444 20110 09070 2043/ 50101 80005 80013 9////=
ZZYY 51750 09070 2054/ 512105 171656 6111/
22219 00291
444 20110 09070 2047/ 50101 80008 80038 9/015=
ZZYY 51933 09070 2053/ 503777 178370 6112/
22219 00286
444 20120 09070 1732/ 50101 80143 80031 9/015=
ZZYY 51935 09070 2050/ 503745 158710 6112/
22219 00271
444 20120 09070 2045/ 50101 80141 80032 9/015=
ZZYY 51614 09070 2052/ 503279 175028 6111/
22219 00283
444 20110 09070 2045/ 50101 80118 80030 9/015=
ZZYY 54550 09070 2020/ 535460 164822 6111/
11119 40088 52015
22219 00164
444 20110 09070 2054/ 50101 80011 80007 9////=
ZZYY 51876 09070 2052/ 504183 178246 6111/
22219 00287
444 20110 09070 1906/ 50101 80114 80012 9/015=
ZZYY 51875 09070 2050/ 304480 179012 6111/
22219 00289
444 20110 09070 2046/ 50101 80118 80022 9/015=
ZZYY 51838 09070 2049/ 100599 170800 6113/
22219 00284
444 20130 09070 2032/ 50101 80125 80021 9/015=
ZZYY 51636 09070 2052/ 503937 171969 6111/
22219 00282
444 20110 09070 2045/ 50101 80125 80006 9/015=
ZZYY 54547 09070 2020/ 538969 155935 6111/
11119 40072 52020
22219 00139
444 20110 09070 2055/ 50101 80011 80006 9////=
ZZYY 54547 09070 1920/ 538958 155927 6112/
11119 40070 52021
22219 00139
444 20120 09070 1912/ 50101 80011 80006 9////=
ZZYY 51513 09070 2053/ 312169 152697 6112/
22219 00272
444 20120 09070 2037/ 50101 80007 80013 9////=
ZZYY 55942 09070 2010/ 546297 162100 6111/
11119 39904 49904 52028
22219 00106
444 20110 09070 2056/ 50101 80110 80027 9////=
ZZYY 51640 09070 2051/ 507060 174100 6112/
22219 00295
444 20120 09070 2045/ 50101 80119 80026 9/015=
ZZYY 51505 09070 2051/ 303779 166659 6113/
22219 00295
444 20130 09070 2033/ 50101 80045 80030 9/015=
ZZYY 51921 09070 2053/ 508553 178060 6112/
22219 00294
444 20120 09070 2049/ 50101 80085 80030 9/015=
ZZYY 51716 09070 2054/ 506985 179349 6111/
22219 00292
444 20110 09070 1732/ 50101 80041 80255 9/015=
ZZYY 51956 09070 2054/ 503981 179360 6112/
444 20120 09070 1732/ 50101 80067 80255 9/015=
ZZYY 51854 09070 2047/ 707999 177812 6111/
444 20110 09070 2042/ 50101 80057 80021 9/015=
ZZYY 52816 09070 2049/ 107891 162030 6111/
444 20110 09070 2044/ 50101 80075 80255 9/015=
ZZYY 51658 09070 2056/ 311093 173563 6112/
22219 00291
444 20120 09070 2048/ 50101 80073 80024 9/015=
ZZYY 52914 09070 2055/ 114056 131168 6111/
22219 00305
444 20110 09070 2050/ 50101 80123 80026 9/015=
ZZYY 52664 09070 2053/ 117609 134175 6112/
22219 00303
444 20120 09070 2049/ 50101 80127 80028 9/015=
ZZYY 16586 09070 2000/ 331228 108127 6111/
11119 30179 40179 57006
22219 00185
444 20110 09070 1933/ 50101 80110 80006 9////=
ZZYY 16586 09070 2100/ 331228 108127 6111/
11119 30179 40179 57007
22219 00185
444 20110 09070 1933/ 50101 80110 80007 9////=
ZZYY 56609 09070 2010/ 322861 110912 6111/
11119 30179 40179 57006
22219 00237
444 20110 09070 1930/ 50101 80120 80024 9/015=
ZZYY 33666 09070 0840/ 334260 090440 6111/
444 20110 09070 0811/ 50101 9/015=
ZZYY 16594 09070 2010/ 341235 099930 6111/
11119 30041 40041 52001
22219 00113
444 20110 09070 1936/ 50101 80120 80000 9/015=
ZZYY 56610 09070 2010/ 322533 110898 6111/
11119 30175 40175 57010
22219 00242
444 20110 09070 1930/ 50101 80120 80006 9/015=
ZZYY 51942 09070 2051/ 119557 128426 6113/
444 20130 09070 2049/ 50101 80005 80015 9////=
####018006687####
SSVX08 KARS 092115
ZZYY 23005 08070 1200/ 101577 090084 6111/
11119 10290 29080
33311 88872 20020 32936 43409 20040 32931 43420 20060 32918 43438
20080 32713 20100 32190 20120 31800 20180 31428 20300 31167
20500 31009
444 20110 08070 1307/ 521//=
ZZYY 23004 08070 12004 100079 089849 6111/
11119 01310 10280 29085
22219 00297
33311 88872 20000 32965 20001 32961 20020 32960 43414
20040 32956 43405
444 20110 08070 1203/ 521// 60401=
ZZYY 51010 08070 12004 500037 170035 6112/
11119 00914 10268 29076 40093
22219 00272
33311 88872 20000 32721 20001 32725 43518 20025 32723 43536
20050 32714 43537 20075 32643 43540 20100 32460 20125 32023
20150 31764 20200 31398 20250 31226 20300 31136 20500 30797
444 20120 08070 1233/ 521// 60401=
ZZYY 51010 09070 20004 500034 170037 6111/
11119 00713 10270 29078 40123
22219 00271
444 20110 09070 2043/ 521// 60401=
ZZYY 52003 08070 1200/ 105033 164998 6112/
33311 88872 20001 32913 43443 20025 32917 20050 32912 20075 32906
20100 32769 20125 32367 20150 31868 20200 31167 20250 31031
20300 30955 20500 30781
444 20120 08070 1011/ 521//=
ZZYY 52316 08070 12004 507982 179846 6111/
11119 01007 10289 29073
22219 00296
33311 88872 20000 32956 20001 32955 43480 20025 32954 20075 32836
20100 32754 20125 32662 20150 32506 20200 32054 20250 31580
20300 31247 20500 30784
444 20110 08070 1239/ 521// 60401=
ZZYY 52316 09070 20004 507981 179839 6111/
11119 02304 10275 29084
22219 00295
444 20110 09070 1907/ 521// 60401=
ZZYY 51309 08070 12004 708001 170067 6111/
11119 00417 10273 29086
22219 00281
33311 88872 20000 32805 20001 32807 43433 20025 32804 20050 32801
20075 32744 20100 32259 20125 31676 20150 31339 20200 31124
20250 31061 20300 31002 20500 30820
444 20110 08070 1232/ 521// 60401=
ZZYY 51309 09070 20004 708005 170056 6111/
11119 01111 10261 29089
22219 00280
444 20110 09070 2041/ 521// 60401=
ZZYY 51306 08070 12004 502160 170017 6111/
11119 00413 10268 29077
22219 00280
33311 88872 20000 32796 20001 32801 43560 20025 32797 20050 32796
20075 32787 20100 32658 20125 32173 20150 31777 20200 31304
20500 30848
444 20110 08070 1237/ 521// 60401=
ZZYY 51306 09070 20004 502167 170013 6111/
11119 00314 10275 29079
22219 00279
444 20110 09070 2045/ 521// 60401=
ZZYY 52002 08070 1200/ 301993 164993 6112/
33311 88872 20001 33005 43503 20025 32996 20050 32976 20100 32914
20150 32339 20200 31483 20250 31192 20300 31117 20500 30886
444 20120 08070 1009/ 521//=
ZZYY 52002 09070 20004 301995 164992 6111/
11119 00310 10288 29073
22219 00298
444 20110 09070 2035/ 521// 60401=
ZZYY 51303 08070 12004 705009 169980 6112/
11119 01511
22219 00285
33311 88872 20000 32848 20001 32850 43625 20075 32810 20100 32741
20125 32287 20200 31079 20250 30995 20300 30941 20500 30775
444 20120 08070 1233/ 521// 60401=
ZZYY 52312 08070 12004 501988 179922 6111/
11119 00809 10275 29074
22219 00287
33311 88872 20000 32867 20001 32870 43564 20025 32870 20050 32868
20075 32867 20100 32852 20125 32587 20200 31422 20250 31170
20300 31092 20500 30846
444 20110 08070 1236/ 521// 60401=
ZZYY 52007 08070 1200/ 308042 164797 6111/
33311 88872 20001 32952 43447 20025 32968 20050 32960 20075 32887
20100 32793 20125 32556 20150 32415 20200 32021 20300 31310
20500 30784
444 20110 08070 1007/ 521//=
ZZYY 52007 09070 2000/ 308047 164797 6112/
11119 10248 29091
22219 00294
444 20120 09070 2035/ 521//=
ZZYY 52004 08070 1200/ 305004 165165 6112/
33311 88872 20001 32985 43482 20025 32979 20050 32964 20075 32874
20100 32814 20125 32725 20150 32584 20200 32052 20250 31356
20300 31070 20500 30825
444 20120 08070 1006/ 521//=
ZZYY 51305 08070 12004 702014 169995 6111/
11119 01113 10272 29078
22219 00282
33311 88872 20000 32823 20001 32826 43519 20025 32824 20050 32823
20075 32741 20100 32309 20125 31657 20150 31414 20200 31198
20250 31154 20300 31106 20500 30806
444 20110 08070 1234/ 521// 60401=
ZZYY 52313 08070 12004 504988 179902 6112/
11119 00508 10284 29074
22219 00291
33311 88872 20000 32915 20001 32914 43556 20025 32903 20050 32895
20075 32885 20100 32872 20125 32864 20150 32772 20200 31890
20250 31314 20300 31061 20500 30813
444 20120 08070 1239/ 521// 60401=
ZZYY 52313 09070 20004 504977 179905 6111/
11119 00611 10289 29068
22219 00292
444 20110 09070 1906/ 521// 60401=
ZZYY 52309 08070 1200/ 704993 179909 6111/
11119 10265 29090
22219 00287
33311 88872 20000 32874 20001 32877 43465 20025 32879 20050 32879
20075 32876 20100 32614 20125 31850 20150 31419 20200 31077
20250 30974 20300 30925 20500 30765
444 20110 08070 1236/ 521//=
ZZYY 52321 08070 1200/ 100016 165005 6112/
33311 88872 20001 32855 43545 20025 32837 43545 20050 32817 43534
20075 32784 43540 20100 32688 20125 32434 20150 32276 20200 31682
20250 31365 20300 31226 20500 30848
444 20120 08070 1010/ 521//=
ZZYY 52321 09070 20004 100013 165010 6112/
11119 00206 10280 29078 40111
22219 00285
444 20120 09070 2031/ 521// 60401=
ZZYY 52001 08070 1200/ 101998 165011 6113/
33311 88872 20001 32923 43513 20025 32922 20050 32923 20075 32909
20100 32627 20125 32453 20150 32130 20250 31212 20300 31129
20500 30881
444 20130 08070 1010/ 521//=
ZZYY 52315 08070 12004 707989 179886 6111/
11119 00815 10263 29093
22219 00281
33311 88872 20000 32811 20001 32815 43436 20025 32816 20050 32812
20075 32809 20100 32603 20125 31992 20150 31467 20200 31149
20250 31040 20300 30988
444 20110 08070 1235/ 521// 60401=
ZZYY 52310 08070 12004 702014 179813 6111/
11119 01312 10280 29071
22219 00288
33311 88872 20000 32877 20001 32878 43501 20050 32876 20075 32845
20100 32456 20125 32131 20150 31887 20200 31249 20250 31144
20300 31097 20500 30859
444 20110 08070 1235/ 521// 60401=
ZZYY 52311 08070 12004 700018 179905 6111/
11119 01009 10275 29074
22219 00278
33311 88872 20000 32784 20001 32784 43551 20025 32778 20050 32756
20075 32707 20100 32626 20150 32020 20200 31583 20250 31250
20300 31143 20500 30828
444 20110 08070 1237/ 521// 60401=
ZZYY 52311 09070 20004 700021 179915 6111/
11119 00710 10275 29074
22219 00274
444 20110 09070 2045/ 521// 60401=
ZZYY 51310 08070 12004 507978 170035 6112/
11119 00709 10283 29083
22219 00296
33311 88872 20000 32963 20001 32963 43529 20025 32963 20050 32965
20075 32968 20100 32916 20125 32756 20150 32603 20200 32139
20250 31692 20300 31271 20500 30784
444 20120 08070 1238/ 521// 60401=
ZZYY 51310 09070 20004 507987 170042 6111/
11119 00814 10291 29078
22219 00296
444 20110 09070 2046/ 521// 60401=
####018001355####
SSVX13 LFVW 092114
ZZYY 53549 09070 2000/ 314128 120172 6112/
11119 40115 57005
22219 00276
444 20120 09070 1919/ 50101 80148 80000 9/015=
ZZYY 56529 09070 2050/ 324027 098097 6112/
11119 30204 40204 57011
22219 00211
444 20120 09070 1931/ 50101 80090 80003 9/015=
ZZYY 56529 09070 1950/ 324027 098097 6112/
11119 30209 40209 57013
22219 00211
444 20120 09070 1931/ 50101 80090 80003 9/015=
ZZYY 56535 09070 2050/ 317656 108027 6112/
11119 30161 40161 57008
22219 00257
444 20120 09070 1929/ 50101 80100 80003 9/015=
ZZYY 56535 09070 1950/ 317656 108027 6112/
11119 30159 40159 57010
22219 00257
444 20120 09070 1929/ 50101 80100 80003 9/015=
ZZYY 56533 09070 2100/ 329932 114530 6111/
11119 30168 40168 52008
22219 00206
444 20110 09070 1923/ 50101 80100 80003 9/015=
ZZYY 23714 09070 2000/ 309115 089770 6112/
11119 30106 40106 57015
22219 00275
444 20120 09070 1929/ 50101 80130 80062 9/015=
ZZYY 56519 09070 2020/ 319578 098582 6112/
11119 30177 40177 57007
22219 00237
444 20120 09070 2059/ 50101 80100 80000 9/015=
ZZYY 56518 09070 2100/ 328496 093244 6112/
11119 30244 40244 57011
22219 00196
444 20120 09070 1934/ 50101 80100 80057 9/015=
ZZYY 56518 09070 2000/ 328496 093244 6112/
11119 30246 40246 57007
22219 00196
444 20120 09070 1934/ 50101 80100 80057 9/015=
####018000149####
SSVX02 LFVW 092114
ZZYY 56952 09070 2100/ 327698 084590 6112/
11119 40175 52002
22219 00209
444 20120 09070 1933/ 50101 80090 80000 9/015=
####018003299####
SSVX11 LFVW 092114
ZZYY 52073 09070 1900/ 104943 137299 6113/
11119 10289 29080 40094
22219 00303
33311 88872 20000 33030 20002 33030 43390 20025 33032 43394
20050 33032 43397 20075 32954 43443 20100 32807 43457
20125 32588 43480 20150 32296 43488 20200 31518 43460
20250 31113 43449 20300 30928 43459 20500 30742 20750 30612 43454
444 20130 09070 1912/ 522//=
ZZYY 52075 09070 12004 107931 130061 6113/
11119 01104 10274 29085 40107
22219 00306
33311 88872 20000 33058 20002 33058 43417 20025 33030 43421
20050 32891 43451 20075 32671 43474 20100 32386 43485
20125 31947 43480 20150 31681 43465 20200 31251 43444
20250 31019 43441 20300 30865 43442 20500 30691 43453
20750 30563 43451
444 20130 09070 1129/ 522// 60381=
ZZYY 52075 09070 10004 107933 130066 6113/
11119 02306 10313 29073 40088
22219 00307
33311 88872 20000 33068 20002 33068 43411 20025 33032 43421
20050 32950 43446 20075 32744 43465 20100 32418 43488
20125 32016 43484 20150 31721 43466 20200 31198 43444
20250 30963 43441 20300 30840 43444 20500 30660 43452
20750 30555 43451
444 20130 09070 0932/ 522// 60381=
ZZYY 52075 09070 19004 107925 130065 6113/
11119 01314 10268 29093 40108
22219 00303
33311 88872 20000 33028 20002 33028 43424 20025 33025 43426
20050 32891 43452 20075 32653 43473 20100 32333 43487
20125 31962 43479 20150 31662 43463 20200 31356 43449
20250 31067 43441 20300 30892 43440 20500 30689 43453
20750 30571 43451
444 20130 09070 1912/ 522// 60381=
ZZYY 52075 09070 17004 107931 130066 6113/
11119 00512 10276 29087 40109
22219 00304
33311 88872 20000 33035 20002 33035 43422 20025 33020 43424
20050 32815 43461 20075 32637 43475 20100 32291 43485
20125 31896 43477 20150 31652 43463 20200 31339 43448
20250 31102 43443 20300 30946 43441 20500 30705 43453
20750 30581 43451
444 20130 09070 1729/ 522// 60381=
ZZYY 52075 09070 15004 107921 130064 6111/
11119 00110 10283 29081 40116
22219 00305
33311 88872 20000 33048 20002 33048 43421 20025 33022 43423
20050 32811 43459 20075 32531 43482 20100 32177 43487
20125 31833 43476 20150 31605 43460 20200 31278 43447
20250 31073 43442 20300 30905 43441 20500 30705 43452
20750 30591 43449
444 20110 09070 1420/ 522// 60381=
ZZYY 52075 09070 13004 107929 130068 6112/
11119 01003 10280 29082 40113
22219 00305
33311 88872 20000 33052 20002 33052 43417 20025 33026 43433
20050 32845 43454 20075 32518 43482 20100 32211 43486
20125 31836 43473 20150 31638 43463 20200 31260 43445
20250 31044 43441 20300 30879 43441 20500 30703 43453
20750 30583 43450
444 20120 09070 1310/ 522// 60381=
ZZYY 52081 09070 1200/ 100069 138044 6113/
22219 00301
33311 88872 20000 33009 20002 33009 43465 20025 33012 43469
20050 32987 43498 20075 32910 43490 20100 32835 43489
20125 32569 43535 20150 32346 43520 20200 32074 43551
20250 31402 43506 20300 31230 43491 20500 30798 43458
20750 30610 43451
444 20130 09070 1128/ 522//=
ZZYY 52081 09070 1700/ 100064 138042 6112/
33311 88872 20002 33001 43449 20025 33011 43471 20050 32981 43499
20075 32902 43489 20100 32833 43489 20125 32562 43538
20150 32354 43515 20200 32075 43551 20250 31395 43505
20300 31220 43492 20500 30798 43458 20750 30612 43452
444 20120 09070 1732/ 522//=
####018000119####
SSVX02 CWAO 092100
ZZYY 55574 09070 2100/ 345596 152301 6113/ 22219 00105 444 20130 09070 2100/ 50101 81375 9/015=
####018000122####
SSVX02 CWAO 092100
ZZYY 55574 09070 2100/ 345596 152301 6113/ 22219 00105 444 20130 09070 2100/ 50101 81375 9/015=

####018000179####
SSVX06 KARS 092117
ZZYY 47554 09070 1946/ 779402 108533 6112/
444 20120 09070 2006/ 500// 9/000=
ZZYY 47552 09070 1946/ 779675 104661 6111/
444 20110 09070 2006/ 500//=
####018000283####
SSVX13 KARS 092117
ZZYY 61503 09070 1900/ 144033 030663 6112/
11119 40120 52008
22219 00236
444 20120 09070 1935/ 50101 80112 80000 9/015=
ZZYY 17655 09070 2000/ 347382 081473 6111/
11119 39942 49942 52027
22219 00062
444 20110 09070 1938/ 50101 80110 80098 9/015=
####018005123####
SSVX02 KARS 092117
ZZYY 48672 09070 1946/ 782898 102124 6111/
444 20110 09070 2005/ 500// 9/000=
ZZYY 48673 09070 1946/ 781770 107092 6111/
444 20110 09070 2006/ 500// 9/000=
ZZYY 41970 09070 1946/ 754676 013031 6111/
444 20110 09070 1941/ 50101 8//// 80099 9////=
ZZYY 63969 09070 1945/ 174899 012084 6112/
22219 00063
444 20120 09070 1943/ 50101 80011 80032 9/015=
ZZYY 63974 09070 1945/ 766923 002120 6111/
22219 00094
444 20110 09070 1941/ 50101 80012 80008 9/015=
ZZYY 63966 09070 1944/ 766298 001461 6111/
22219 00090
444 20110 09070 1941/ 50101 80012 80005 9/015=
ZZYY 64936 09070 1910/ 174519 000437 6111/
22219 00041
33311 88872 20000 30405 43484
444 20110 09070 1856/ 50101 80120 80100 9/015=
ZZYY 63561 09070 1930/ 174655 000120 6112/
22219 00041
33311 88872 20000 30405 43485
444 20120 09070 1942/ 50101 80120 80100 9/015=
ZZYY 44928 09070 1944/ 753520 029531 6111/
444 20110 09070 1959/ 50101 80104 80099 9/015=
ZZYY 64933 09070 1930/ 774877 007326 6111/
22219 00040
33311 88872 20000 30400 43474
444 20110 09070 1857/ 50101 80012 80097 9////=
ZZYY 63569 09070 1920/ 775768 000853 6112/
22219 00042
33311 88872 20000 30420 43485
444 20120 09070 1943/ 50101 80120 80100 9/015=
ZZYY 61950 09070 1940/ 136648 035769 6112/
444 20120 09070 1932/ 500// 80018 9/001=
ZZYY 64930 09070 1930/ 774689 000254 6111/
22219 00040
33311 88872 20000 30400 43484
444 20110 09070 1844/ 50101 80012 80099 9////=
ZZYY 63685 09070 1942/ 174857 035818 6111/
22219 00056
444 20110 09070 2005/ 50101 80012 80014 9////=
ZZYY 63579 09070 1945/ 770415 004624 6111/
22219 00082
444 20110 09070 1942/ 50101 80012 80005 9////=
ZZYY 63964 09070 1937/ 763598 002842 6111/
444 20110 09070 2002/ 50101 80012 80044 9/015=
ZZYY 63951 09070 1944/ 766704 009844 6112/
22219 00062
444 20120 09070 1942/ 50101 80012 80008 9/015=
ZZYY 63949 09070 1945/ 171310 018415 6112/
22219 00093
444 20120 09070 1942/ 50101 80012 80008 9/015=
ZZYY 63948 09070 1945/ 173874 024701 6112/
22219 00073
444 20120 09070 2006/ 50101 80012 80035 9/015=
ZZYY 63945 09070 1944/ 178243 004646 6112/
22219 00066
444 50101 80012 80028 9/015=
ZZYY 63582 09070 1945/ 172641 021419 6112/
22219 00081
444 20120 09070 1942/ 50101 80011 80007 9/015=
ZZYY 63578 09070 1944/ 173669 032780 6111/
22219 00069
444 20110 09070 1942/ 50101 80012 80010 9/015=
ZZYY 63575 09070 1945/ 172957 023903 6113/
22219 00081
444 20130 09070 1943/ 50101 80012 80004 9/015=
ZZYY 63576 09070 1944/ 175425 002996 6112/
22219 00052
444 20120 09070 2004/ 50101 80012 80005 9////=
ZZYY 63585 09070 1944/ 174717 021432 6113/
22219 00043
444 20130 09070 1942/ 50101 80012 80005 9/015=
ZZYY 63583 09070 1943/ 173452 029241 6111/
22219 00072
444 20110 09070 2005/ 50101 80012 80034 9/015=
ZZYY 63584 09070 1944/ 172186 012852 6111/
22219 00081
444 20110 09070 2004/ 50101 80011 80042 9/015=
ZZYY 16936 09070 2100/ 348606 092674 6111/
11119 39811 49811 57022
22219 00072
444 20110 09070 2105/ 50101 80120 80000 9/015=
ZZYY 16558 09070 2110/ 344857 092702 6113/
11119 39914 49914 57036
22219 00092
444 20130 09070 1938/ 50101 80120 80063 9/015=
ZZYY 33517 09070 2040/ 352488 087654 6111/
11119 39743 49743 57019
22219 00031
444 20110 09070 2106/ 50101 80007 80100 9/015=
ZZYY 16588 09070 2100/ 343406 100727 6112/
11119 30003 40003 57012
22219 00106
444 20120 09070 1937/ 50101 80120 80003 9/015=
ZZYY 16587 09070 2110/ 352264 125592 6111/
11119 39872 49872 57011
22219 00038
444 20110 09070 2047/ 50101 80120 80000 9/015=
ZZYY 56901 09070 2010/ 319511 109266 6111/
11119 38500 48500 54000
22219 00250
444 20110 09070 1929/ 50101 80120 80005 9/015=
ZZYY 71606 09070 2000/ 354687 061622 6111/
22219 00013
444 20110 09070 1942/ 50101 80011 80000 9////=
ZZYY 71616 09070 2000/ 355543 073742 6112/
11119 49869 52040
22219 00004
444 20120 09070 1940/ 50101 80011 80002 9////=
ZZYY 71572 09070 1940/ 357551 081825 6112/
11119 49932 57006
22219 01014
444 50101 80010 80100 9////=
ZZYY 71611 09070 2020/ 353408 090542 6112/
11119 49754 57008
22219 00021
444 20120 09070 1940/ 50101 80011 80000 9////=
ZZYY 33958 09070 1940/ 333303 100242 6111/
11119 30182 40182 57011
22219 00165
444 20110 09070 1934/ 50101 8//// 80000 9////=
ZZYY 33958 09070 2040/ 333303 100267 6111/
11119 30180 40180 57009
22219 00165
444 20110 09070 2104/ 50101 8//// 80000 9////=
ZZYY 55612 09070 2110/ 332580 101805 6111/
11119 30177 40177 57007
22219 00174
444 20110 09070 2103/ 50101 8//// 80085 9////=
ZZYY 55612 09070 2010/ 332583 101789 6111/
11119 30183 40183 57011
22219 00174
444 20110 09070 1934/ 50101 8//// 80060 9////=
ZZYY 71563 09070 2050/ 357635 068362 6111/
22219 00004
444 20110 09070 1942/ 50101 80010 80004 9////=
ZZYY 33652 09070 2000/ 358088 079681 6111/
22219 01014
444 20110 09070 1933/ 50101 80011 80004 9////=
ZZYY 71564 09070 2010/ 356665 072083 6112/
11119 49828 52008
22219 00000
444 20120 09070 1941/ 50101 80010 80004 9////=
####018000201####
SSVX07 KARS 092117
ZZYY 48533 09070 1940/ 783706 036258 6113/
11119 10036 40051
444 20130 09070 2005/=
ZZYY 48534 09070 1940/ 783567 048059 6113/
11119 10018 40046
444 20130 09070 2005/=
####018002537####
SSVX13 LFVW 092116
ZZYY 63508 09070 1750/ 169827 018562 6112/
11119 57003
22219 00132
444 20120 09070 1126/ 50101 80090 80002 9/015=
ZZYY 56534 09070 2000/ 332259 091848 6111/
11119 30230 40230 57008
22219 00167
444 20110 09070 1934/ 50101 80100 80021 9/015=
ZZYY 56534 09070 2100/ 332261 091859 6111/
11119 30228 40228 57006
22219 00166
444 20110 09070 2102/ 50101 80100 80022 9/015=
ZZYY 56532 09070 2100/ 312695 076542 6112/
11119 30111 40111 57011
22219 00264
444 20120 09070 2101/ 50101 80100 80002 9/015=
ZZYY 56532 09070 2000/ 312693 076543 6112/
11119 30118 40118 57006
22219 00264
444 20120 09070 1930/ 50101 80100 80002 9/015=
ZZYY 23924 09070 2000/ 111270 086742 6111/
11119 30087 40087 57007
22219 00294
444 20110 09070 1921/ 50101 80130 80000 9/015=
ZZYY 23674 09070 2050/ 111253 084214 6112/
11119 30088 40088 57013
22219 00293
444 20120 09070 1923/ 50101 80100 80010 9/015=
ZZYY 23706 09070 1900/ 112385 071525 6112/
11119 38500 48500
22219 01050
444 20120 09070 1745/ 50101 80060 80000 9/015=
ZZYY 23706 09070 2100/ 112385 071525 6112/
11119 38500 48500
22219 01050
444 20120 09070 1745/ 50101 80060 80000 9/015=
ZZYY 23705 09070 1950/ 110624 088203 6113/
11119 30093 40093 57012
22219 00293
444 20130 09070 1923/ 50101 80100 80013 9/015=
ZZYY 23600 09070 2000/ 109168 071447 6111/
11119 30103 40103 57006
22219 00287
444 20110 09070 1744/ 50101 80130 80029 9/015=
ZZYY 23707 09070 2010/ 111971 071671 6111/
11119 30100 40100 57006
22219 00289
444 20110 09070 1744/ 50101 80100 80002 9/015=
ZZYY 23707 09070 1910/ 111971 071671 6111/
11119 30109 40109 52009
22219 00289
444 20110 09070 1744/ 50101 80100 80003 9/015=
ZZYY 23708 09070 1920/ 117309 061137 6113/
11119 30078 40078 52004
22219 00285
444 20130 09070 1745/ 50101 80100 80005 9/015=
ZZYY 23710 09070 2030/ 109247 073819 6111/
11119 30094 40094 57015
22219 00287
444 20110 09070 1913/ 50101 80100 80003 9/015=
ZZYY 23710 09070 1930/ 109247 073819 6111/
11119 30103 40103 57005
22219 00287
444 20110 09070 1913/ 50101 80100 80003 9/015=
ZZYY 56502 09070 2100/ 343164 114606 6112/
11119 39968 49968 57007
22219 00109
444 20120 09070 2106/ 50101 80100 80060 9/015=
ZZYY 53549 09070 2100/ 314132 120146 6113/
11119 40118 57001
22219 00276
444 20130 09070 2057/ 50101 80148 80000 9/015=
ZZYY 56524 09070 2000/ 324038 110832 6112/
11119 30196 40196 57004
22219 00216
444 20120 08070 1432/ 50101 80100 80065 9/015=
####018000755####
SSVX02 LFVW 092116
ZZYY 56938 09070 2030/ 331064 054438 6111/
11119 40279 57002
22219 00187
444 20110 09070 2102/ 50101 80110 80000 9/015=
ZZYY 56938 09070 1930/ 331063 054439 6112/
11119 40279 57003
22219 00188
444 20120 09070 1913/ 50101 80110 80000 9/015=
ZZYY 56947 09070 2010/ 328769 083123 6113/
11119 57007
22219 00189
444 20130 09070 1934/ 50101 80080 80003 9/015=
ZZYY 56939 09070 2100/ 334177 035590 6112/
11119 40202 57009
444 20120 09070 1913/ 50101 80100 80000 9/015=
ZZYY 56939 09070 2000/ 334177 035590 6112/
11119 40206 57009
444 20120 09070 1913/ 50101 80100 80000 9/015=
ZZYY 23959 09070 2050/ 105069 062108 6111/
11119 40107 57006
22219 00286
444 20110 09070 1813/ 50101 80090 80000 9/015=
####018000146####
SSVX13 LFPW 092100
ZZYY 44546 09070 2100/ 741160 024156 6110/ 11119 40203 52009 22219
 00204 444 20100 09070 2100/ 50101 80118 80008 9/015=
####018000146####
SSVX13 LFPW 092100
ZZYY 64620 09070 2100/ 758305 016320 6111/ 11119 40099 52011 22219
 00127 444 20110 09070 2100/ 50101 80146 80055 9/015=
