####018000120####
SSVX02 CWAO 221230
ZZYY 47544 22091 1230/ 771847 101398 6113/ 22219 00013 444 20130 22091 1230/ 50700 80140 80001 =
####018000123####
SSVX02 CWAO 221230
ZZYY 47544 22091 1230/ 771847 101398 6113/ 22219 00013 444 20130 22091 1230/ 50700 80140 80001 =

####018000149####
SSVX13 KARS 221240
ZZYY 71653 22091 1110/ 556908 031867 6112/
11119 39856 49856
22219 01016
444 20120 22091 1045/ 50101 80110 80100 9/015=
####018010873####
SSVX02 KARS 221240
ZZYY 15601 22091 1155/ 522842 026554 6112/
22219 00220
444 20120 22091 1144/ 50101 80049 80024 9/015=
ZZYY 31784 22091 1120/ 533200 025861 6112/
11119 30190 40190 57004
22219 00168
444 20120 22091 1152/ 50101 80050 80001 9/015=
ZZYY 31538 22091 1159/ 534718 051489 6113/
22219 00181
444 20130 22091 1153/ 50101 80085 80018 9/015=
ZZYY 15945 22091 1149/ 505623 017599 6113/
22219 00251
444 20130 22091 1138/ 50101 80084 80010 9/015=
ZZYY 56563 22091 1150/ 558617 069031 6112/
11119 30156 40156 52006
22219 00045
444 20120 22091 1047/ 50101 80100 80000 9/015=
ZZYY 71690 22091 1130/ 551540 024741 6112/
22219 00022
444 20120 22091 1155/ 50101 80110 80014 9/015=
ZZYY 23681 22091 1050/ 519978 014048 6111/
444 20110 22091 1007/ 50101 9////=
ZZYY 15924 22091 1100/ 516993 016680 6112/
11119 30214 40214 52008
22219 00218
444 20120 22091 1008/ 50101 80140 80011 9/015=
ZZYY 71679 22091 1150/ 556217 034750 6112/
11119 39880 49880 57014
22219 01004
444 20120 22091 1156/ 50101 80100 80000 9/015=
ZZYY 71679 22091 1050/ 556220 034736 6111/
11119 39884 49884 57011
22219 01004
444 20110 22091 1043/ 50101 80100 80000 9/015=
ZZYY 31921 22091 1156/ 534244 017534 6112/
22219 00165
444 20120 22091 1152/ 50101 80043 80028 9////=
ZZYY 17677 22091 1130/ 521174 017292 6112/
11119 30231 40231 52006
22219 00218
444 20120 22091 1143/ 50101 80110 80000 9/015=
ZZYY 31758 22091 1158/ 527906 033327 6112/
22219 00188
444 20120 22091 1151/ 50101 80006 80051 9/015=
ZZYY 15950 22091 1110/ 531976 035881 6111/
11119 30169 40169 52005
22219 00166
444 20110 22091 1040/ 50101 80050 80004 9/015=
ZZYY 15943 22091 1148/ 504290 017894 6112/
22219 00249
444 20120 22091 1137/ 50101 80090 80255 9/015=
ZZYY 15941 22091 1152/ 516667 032434 6111/
22219 00242
444 20110 22091 1143/ 50101 80128 80002 9/015=
ZZYY 31753 22091 1120/ 533563 031806 6112/
11119 30124 40124 52002
22219 00154
444 20120 22091 1153/ 50101 80060 80000 9/015=
ZZYY 33672 22091 1100/ 543021 044504 6112/
11119 30055 40055
22219 00085
444 20120 22091 1040/ 50101 80110 80100 9/015=
ZZYY 33579 22091 1150/ 551457 013409 6112/
11119 30119 40119
22219 00016
444 20120 22091 1013/ 50101 80110 80100 9/015=
ZZYY 33992 22091 1100/ 547202 021940 6111/
11119 40040 52216
22219 00046
444 2011/ 22091 1043/ 50101 80083 80000 9/015=
ZZYY 71673 22091 1140/ 554345 025513 6112/
11119 39882 49882
22219 00005
444 20120 22091 1046/ 50101 80110 80000 9/015=
ZZYY 15641 22091 1149/ 501999 031834 6112/
22219 00263
444 20120 22091 1143/ 50101 80124 80180 9/015=
ZZYY 33581 22091 1100/ 545731 023118 6113/
11119 30015 40015
22219 00064
444 20130 22091 1043/ 50101 80110 80100 9/015=
ZZYY 33581 22091 1200/ 545727 023116 6111/
11119 39995 49995
22219 00064
444 20110 22091 1153/ 50101 80110 80100 9/015=
ZZYY 71674 22091 1100/ 544288 034698 6113/
11119 39941 49941
22219 00067
444 20130 22091 1043/ 50101 80110 80100 9/015=
ZZYY 15677 22091 1149/ 514583 024242 6111/
22219 00238
444 20110 22091 1142/ 50101 80128 80000 9/015=
ZZYY 71671 22091 1140/ 553031 038792 6112/
11119 39889 49889
22219 00004
444 20120 22091 1154/ 50101 80110 80000 9/015=
ZZYY 71667 22091 1140/ 556659 023122 6113/
11119 39952 49952
22219 01004
444 20130 22091 1046/ 50101 80110 80100 9/015=
ZZYY 71675 22091 1120/ 550884 030686 6112/
11119 39855 49855
22219 00018
444 20120 22091 1155/ 50101 80110 80100 9/015=
ZZYY 71677 22091 1120/ 546983 028554 6113/
11119 39900 49900
22219 00039
444 20130 22091 1154/ 50101 80110 80100 9/015=
ZZYY 33533 22091 1100/ 549396 046792 6113/
11119 30069 40069
444 20130 22091 1045/ 50101 80110 80100 9/015=
ZZYY 33517 22091 1130/ 554564 031344 6112/
11119 39797 49797
22219 01009
444 20120 22091 1155/ 50101 80100 80100 9/015=
ZZYY 71661 22091 1110/ 546744 026892 6112/
11119 39927 49927
22219 00043
444 20120 22091 1043/ 50101 80110 80000 9/015=
ZZYY 33575 22091 1140/ 542786 028190 6112/
11119 39929 49929
22219 00098
444 20120 22091 1154/ 50101 80110 80100 9/015=
ZZYY 31911 22091 1157/ 527462 045049 6113/
22219 00193
444 20130 22091 1151/ 50101 80047 80000 9/015=
ZZYY 31542 22091 1158/ 532074 041268 6111/
22219 00167
444 20110 22091 1152/ 50101 80057 80015 9/015=
ZZYY 31914 22091 1153/ 534570 016297 6111/
22219 00159
444 50101 80061 80031 9/015=
ZZYY 15675 22091 1152/ 514684 025350 6111/
22219 00241
444 20110 22091 1142/ 50101 80128 80001 9/015=
ZZYY 17513 22091 1020/ 535606 012663 6112/
11119 30242 40242 52001
22219 00152
444 20120 22091 1009/ 50101 8//// 80000 9////=
ZZYY 15646 22091 1150/ 501983 031837 6112/
22219 00263
444 20120 22091 1139/ 50101 80122 80180 9/015=
ZZYY 31537 22091 1154/ 532187 021088 6111/
22219 00161
444 20110 22091 1151/ 50101 80043 80015 9/015=
ZZYY 15501 22091 1100/ 528899 011316 6113/
11119 30273 40273 52006
444 20130 22091 1008/ 50101 80110 80000 9/015=
ZZYY 17657 22091 1020/ 524328 011919 6113/
11119 30255 40255 52013
22219 00200
444 20130 22091 1007/ 50101 8//// 80100 9/015=
ZZYY 15604 22091 1157/ 525280 031130 6113/
22219 00211
444 20130 22091 1143/ 50101 80119 80011 9/015=
ZZYY 33532 22091 1120/ 548446 021653 6111/
11119 30049 40049
22219 00025
444 20110 22091 1011/ 50101 80100 80100 9/015=
ZZYY 31528 22091 1158/ 532276 031982 6111/
22219 00178
444 20110 22091 1153/ 50101 80340 80001 9/015=
ZZYY 15940 22091 1157/ 523814 036307 6112/
22219 00220
444 20120 22091 1150/ 50101 80119 80004 9/015=
ZZYY 33660 22091 1140/ 546798 024513 6112/
22219 00043
444 20120 22091 1157/ 50101 80110 80100 9/015=
ZZYY 16587 22091 1150/ 548244 055168 6112/
22219 00039
444 20120 22091 1154/ 50101 80100 80000 9/015=
ZZYY 71703 22091 1156/ 550260 044988 6111/
22219 00026
444 50101 80116 80112 9/015=
ZZYY 31902 22091 1151/ 504166 036112 6112/
22219 00262
444 20120 22091 1139/ 50101 80122 80014 9/015=
ZZYY 31519 22091 1120/ 526855 013774 6111/
11119 30230 40230 52003
22219 00195
444 20110 22091 1151/ 50101 80080 80000 9/015=
ZZYY 15605 22091 1150/ 503443 035443 6112/
22219 00265
444 20120 22091 1029/ 50101 80088 80011 9/015=
ZZYY 71635 22091 1200/ 548337 043255 6112/
22219 00046
444 20120 22091 1156/ 50101 80116 80128 9/015=
ZZYY 71701 22091 1153/ 551894 043301 6112/
22219 00012
444 20120 22091 1044/ 50101 80114 80088 9/015=
ZZYY 31993 22091 1152/ 505934 032084 6112/
22219 00265
444 20120 22091 1137/ 50101 80122 80012 9/015=
ZZYY 31998 22091 1149/ 506108 033509 6111/
22219 00263
444 20110 22091 1142/ 50101 80122 80016 9/015=
ZZYY 71696 22091 1200/ 548861 033949 6113/
22219 00038
444 20130 22091 1044/ 50101 80116 80153 9/015=
ZZYY 71576 22091 1100/ 552945 043482 6112/
11119 30003 40003 52021
22219 00010
444 20120 22091 1045/ 50101 80110 80046 9/015=
ZZYY 71709 22091 1159/ 548985 039840 6113/
22219 00023
444 20130 22091 1154/ 50101 80116 80112 9/015=
ZZYY 56561 22091 1150/ 556406 076544 6111/
11119 30230 40230 57002
22219 00047
444 20110 22091 1157/ 50101 8//// 80008 9/015=
ZZYY 31742 22091 1155/ 525920 037673 6112/
22219 00207
444 20120 22091 1021/ 50101 80116 80016 9/015=
ZZYY 15635 22091 1154/ 528003 029093 6112/
22219 00186
444 20120 22091 1150/ 50101 80086 80002 9/015=
ZZYY 71573 22091 1200/ 553915 042999 6112/
22219 00008
444 20120 22091 1155/ 50101 80116 80110 9/015=
ZZYY 33592 22091 1130/ 543269 016752 6112/
22219 00085
444 20120 22091 1156/ 50101 80110 80000 9/015=
ZZYY 31925 22091 1149/ 502877 041669 6113/
22219 00281
444 20130 22091 1141/ 50101 80118 80000 9/015=
ZZYY 33993 22091 1100/ 544899 045019 6112/
11119 40054 57221
22219 00086
444 2012/ 22091 1042/ 50101 80081 80000 9/015=
ZZYY 13548 22091 1150/ 705540 020992 6113/
22219 00278
444 20130 22091 1135/ 500// 80010 9/001=
ZZYY 33909 22091 1100/ 543261 042747 6112/
11119 30039 40039 52058
22219 00078
444 20120 22091 1043/ 50101 80110 80046 9/015=
ZZYY 15634 22091 1156/ 529421 017361 6112/
22219 00188
444 20120 22091 1150/ 50101 80096 80000 9/015=
ZZYY 33554 22091 1130/ 538226 044665 6112/
11119 30077 40077 57003
22219 00146
444 20120 22091 1041/ 50101 80110 80029 9/015=
ZZYY 31759 22091 1157/ 524306 043809 6112/
22219 00211
444 20120 22091 1143/ 50101 80116 80002 9/015=
ZZYY 55950 22091 1140/ 551296 044800 6112/
11119 30030 40030 52016
444 20120 22091 1154/ 50101 80100 80005 9/015=
ZZYY 15921 22091 1154/ 525800 035133 6111/
22219 00198
444 20110 22091 1142/ 50101 80094 80001 9/015=
ZZYY 15926 22091 1152/ 526690 031321 6112/
22219 00196
444 20120 22091 1034/ 50101 80092 80053 9/015=
ZZYY 15631 22091 1154/ 527949 040863 6112/
22219 00197
444 20120 22091 1037/ 50101 80100 80022 9/015=
ZZYY 33570 22091 1159/ 546724 045225 6111/
22219 00088
444 20110 22091 1041/ 50101 80108 80063 9/015=
ZZYY 33666 22091 1157/ 539718 046733 6113/
22219 00115
444 20130 22091 1154/ 50101 80116 80020 9/015=
ZZYY 17662 22091 1100/ 526506 026367 6113/
11119 30230 40230 52015
22219 00201
444 20130 22091 1034/ 50101 80100 80004 9/015=
ZZYY 33905 22091 1159/ 541372 050840 6111/
22219 00103
444 20110 22091 1154/ 50101 80114 80025 9/015=
ZZYY 33964 22091 1200/ 543959 030171 6112/
22219 00088
444 20120 22091 1040/ 50101 80114 80005 9/015=
ZZYY 34518 22091 1130/ 541986 046800 6111/
11119 30102 40102 52060
444 20110 22091 1153/ 50101 80110 80062 9/015=
ZZYY 31711 22091 1146/ 506928 034276 6111/
22219 00260
444 20110 22091 1139/ 50101 80122 80021 9/015=
ZZYY 17651 22091 1110/ 524279 025146 6112/
11119 30197 40197 52012
22219 00212
444 20120 22091 1036/ 50101 80100 80007 9/015=
ZZYY 34519 22091 1140/ 543795 047355 6111/
11119 30118 40118 52042
22219 00092
444 20110 22091 1153/ 50101 80110 80024 9/015=
ZZYY 15615 22091 1158/ 531533 038381 6112/
22219 00168
444 20120 22091 1144/ 50101 80050 80099 9/015=
ZZYY 33995 22091 1100/ 544932 040409 6112/
11119 49972 57236
22219 00085
444 2012/ 22091 1042/ 50101 80103 80005 9/015=
ZZYY 31786 22091 1150/ 503232 034384 6112/
22219 00266
444 20120 22091 1031/ 50101 80124 80018 9/015=
ZZYY 15602 22091 1150/ 502566 027434 6113/
22219 00263
444 20130 22091 1138/ 50101 80082 80009 9/015=
ZZYY 17672 22091 1110/ 537776 011375 6111/
11119 30257 40257 54000
22219 00125
444 20110 22091 1153/ 50101 80110 80005 9/015=
ZZYY 31508 22091 1155/ 514494 034218 6112/
22219 00254
444 20120 22091 1142/ 50101 80120 80010 9/015=
ZZYY 31990 22091 1157/ 523335 039642 6111/
22219 00231
444 20110 22091 1143/ 50101 80098 80002 9/015=
ZZYY 31989 22091 1155/ 525032 041310 6112/
22219 00220
444 20120 22091 1144/ 50101 80120 80016 9/015=
####018002849####
SSVX08 KARS 221240
ZZYY 13001 21091 1200/ 711482 022977 6111/
33311 88872 20001 32883 43513 20020 32823 43556 20040 32122 43592
20060 31725 43575 20080 31544 20100 31440 20120 31360 20140 31326
20180 31282 20300 31133 20500 30955
444 20110 21091 1155/ 521//=
ZZYY 13001 22091 11004 711489 022999 6113/
11119 01003 10285 29081 40145
22219 00289
444 20130 22091 1025/ 521// 60401=
ZZYY 31007 21091 1200/ 700027 023006 6112/
33311 88872 20001 32588 43592 20020 32577 43594 20040 32534 43598
20080 32422 20100 32133 20120 31857 20140 31585 20180 31401
20300 31198 20500 30715
444 20120 21091 1051/ 521//=
ZZYY 31007 22091 11004 700019 022999 6111/
11119 01612 10258 29084 40154
444 20110 22091 1030/ 521// 60401=
ZZYY 31003 21091 1200/ 507911 030508 6112/
33311 88872 20001 32627 43624 20020 32633 43620 20040 32632 43620
20060 32632 20080 32625 20100 32454 20120 32157 43639 20140 31927
20300 30967 20500 30724
444 20120 21091 1053/ 521//=
ZZYY 31005 21091 1200/ 518872 034688 6112/
33311 88872 20001 32379 20060 32372 43727 20100 32371 20120 32372
20140 32361 20180 32045 20300 31448
444 20120 21091 1057/ 521//=
ZZYY 31005 22091 11004 518875 034690 6112/
11119 01707 40209
22219 00239
444 20120 22091 1032/ 521// 60401=
ZZYY 31006 21091 1200/ 704038 022985 6112/
33311 88872 20001 32803 43463 20020 32798 43496 20040 32799 43499
20060 32750 43559 20080 32360 20100 31877 20120 31655 20140 31577
20180 31396 20300 31144
444 20120 21091 1051/ 521//=
ZZYY 31006 22091 11004 704037 022984 6112/
11119 01911 10270 29083
22219 00280
444 20120 22091 1028/ 521// 60401=
ZZYY 31004 21091 1200/ 513525 032608 6112/
33311 88872 20020 32538 43686 20040 32538 43700 20060 32535
20080 32535 20100 32535 20120 32546 43717 20140 32495 20180 32228
20300 31333 20500 30706
444 20120 21091 1035/ 521//=
ZZYY 31001 21091 1200/ 700011 035008 6112/
33311 88872 20001 32663 43591 20020 32661 43591 20040 32655 43595
20060 32633 20080 32563 20100 32355 20120 32117 43623 20140 31894
20180 31462 20300 31140 20500 30729
444 20120 21091 1053/ 521//=
ZZYY 31001 22091 11004 700011 035005 6112/
11119 01212 10266 29079
22219 00266
444 20120 22091 1030/ 521// 60401=
ZZYY 31002 21091 1200/ 704144 037954 6112/
33311 88872 20001 32826 43567 20020 32824 43578 20040 32823 43578
20060 32821 20080 32756 20100 32712 20120 32363 43634 20140 31857
20180 31250 20300 31019 20500 30761
444 20120 21091 1051/ 521//=
ZZYY 31002 22091 11004 704142 037942 6111/
11119 01614 10274 29080
22219 00282
444 20110 22091 1028/ 521// 60401=
ZZYY 13009 21091 1200/ 707944 038027 6111/
33311 88872 20001 32883 43440 20020 32887 43467 20060 32548
20080 32290 20100 31837 20120 31536 43564 20140 31373 20180 31169
20300 30994 20500 30794
444 20110 21091 1201/ 521//=
####018003767####
SSVD50 KWNO 221241
ZZYY 25517 22091 1100/ 785602 050629 6113/=
ZZYY 25518 22091 1100/ 785115 027504 6113/=
ZZYY 25615 22091 1059/ 184212 152615 6113/ 11119 49954 57007=
ZZYY 25616 22091 1100/ 183782 133869 6113/ 11119 40086 57006 22219
01050=
ZZYY 25617 22091 1000/ 182530 111631 6113/ 11119 40153 57012 22219
01050=
ZZYY 25618 22091 1040/ 181269 103813 6113/ 11119 11079 49829 52004
22219 01023=
ZZYY 25619 22091 1000/ 183226 131690 6113/ 11119 11104 49775 57013
22219 01046=
ZZYY 26553 22091 1100/ 185588 061757 6113/ 11119 40216 57005 22219
01050=
ZZYY 26554 22091 1100/ 189386 101566 6113/ 11119 40159 52002 22219
01050=
ZZYY 47505 22091 1000/ 785274 066497 6113/ 11119 40160 54000=
ZZYY 47506 22091 1000/ 784761 068395 6113/ 11119 40156 57003=
ZZYY 47507 22091 1000/ 781491 106268 6113/ 11119 40110 54000 22291
01014=
ZZYY 47531 22091 1100/ 784416 064714 6113/ 11131 10000=
ZZYY 47532 22091 1100/ 782988 062211 6113/ 11119 11110=
ZZYY 47533 22091 1045/ 782986 062179 6113/ 22291 01011=
ZZYY 47537 22091 1100/ 784416 064778 6113/ 22291 00003=
ZZYY 47543 22091 1100/ 784553 110429 6113/ 11119 11032 40111=
ZZYY 47544 22091 1100/ 771832 101422 6113/ 22219 00014=
ZZYY 47545 22091 1100/ 784553 110427 6113/ 22291 01013=
ZZYY 47546 22091 1000/ 783382 079633 6113/ 11119 40148 57002=
ZZYY 47549 22091 1100/ 782641 057090 6113/ 11119 11135 40147=
ZZYY 47553 22091 1046/ 779341 103382 6112/=
ZZYY 47554 22091 1049/ 774347 112596 6113/=
ZZYY 47555 22091 1100/ 771634 067544 6113/ 22219 00027=
ZZYY 47558 22091 1048/ 773762 081529 6112/=
ZZYY 48505 22091 1048/ 780209 127686 6112/ 11119 40074=
ZZYY 48506 22091 1047/ 779559 119075 6111/ 11119 40069=
ZZYY 48512 22091 1000/ 783950 154431 6112/ 11119 11186 40077=
ZZYY 48516 22091 1100/ 775138 136929 6113/ 11119 49971=
ZZYY 48517 22091 1100/ 776656 137188 6113/ 11119 40012=
ZZYY 48518 22091 1000/ 774117 156954 6112/ 11119 11001 40032 52008
22219 00226=
ZZYY 48519 22091 1040/ 780704 124828 6113/ 11119 11029 40082 52006
22219 00208=
ZZYY 48520 22091 1040/ 785909 165046 6112/ 11119 11124 40087 52019
22219 00175=
ZZYY 48526 22091 1000/ 772752 148170 6113/ 11119 49979=
ZZYY 48527 22091 1100/ 778083 155460 6113/ 11119 40058=
ZZYY 48529 22091 1100/ 775147 177662 6113/ 11119 40088=
ZZYY 48534 22091 1100/ 783372 046230 6113/ 11119 11175 40151=
ZZYY 48536 22091 1040/ 173318 154320 6112/ 11119 11010 40062=
ZZYY 48547 22091 1000/ 78387/ 15497/ 6110/ 11119 11186 40077=
ZZYY 48548 22091 1050/ 774290 128430 6112/ 11119 11006 39886 49886=
ZZYY 48602 22091 1000/ 785076 129134 6113/ 11119 40088 52007 22219
01048=
ZZYY 48611 22091 1100/ 783702 167216 6113/ 11119 40053 52013 22219
01050=
ZZYY 48630 22091 1100/ 173989 173246 6113/ 22219 01009=
ZZYY 48633 22091 1100/ 173470 175185 6113/ 11119 40109=
ZZYY 48652 22091 1050/ 788195 160969 6113/ 11119 30120 40120 52012
22219 01052=
ZZYY 48653 22091 1040/ 788129 167580 6113/ 11119 30121 40121 52013
22219 01062=
ZZYY 48656 22091 0950/ 780668 160267 6111/ 22219 01023=
ZZYY 48659 22091 1000/ 788189 160846 6112/ 11119 30119 40119 52013
22219 01055=
ZZYY 48673 22091 1048/ 776609 124538 6113/=
ZZYY 48712 22091 1100/ 775710 153694 6113/ 11132 11009 40140=
ZZYY 48713 22091 0959/ 175337 165724 6112/=
ZZYY 63561 22091 1050/ 775975 000224 6113/ 22219 00049=
ZZYY 63569 22091 0930/ 175126 002908 6113/ 22219 00059=
ZZYY 63577 22091 1101/ 175071 067691 6111/ 22219 00064=
ZZYY 63583 22091 1102/ 172576 046848 6113/ 22219 00081=
ZZYY 63584 22091 1101/ 777836 002131 6113/ 22219 00043=
ZZYY 63635 22091 1100/ 172747 018355 6113/ 11119 40073 57011 22219
00102=
ZZYY 63636 22091 1100/ 175350 008598 6113/ 11119 40105 57004 22219
00077=
####018000459####
SSVX02 LFVW 221240
ZZYY 22692 22091 1120/ 133181 124575 6112/
22219 00233
444 20120 22091 0401/ 50101 80146 80008 9/015=
ZZYY 22691 22091 1124/ 138713 131743 6113/
22219 00220
444 20130 22091 1121/ 50101 80146 80001 9/015=
ZZYY 31728 22091 1153/ 522821 043145 6112/
22219 00239
33311 88872 20000 32388 40004
444 2012/ 22091 1148/ 50101 9/015=
ZZYY 21735 22091 1119/ 137144 130595 6113/
444 20130 22091 1103/ 50101 80038 80007 9/015=
####018000125####
SSVX02 CWAO 221230
ZZYY 47533 22091 1230/ 782985 062189 6113/ 22291 01011 444 20130 22091 1230/ 50701 80138 80001 9////=
####018000125####
SSVX02 CWAO 221230
ZZYY 47537 22091 1230/ 784415 064782 6113/ 22291 00003 444 20130 22091 1230/ 50701 80138 80001 9////=
####018000125####
SSVX02 CWAO 221230
ZZYY 47531 22091 1230/ 784415 064718 6113/ 11131 10000 444 20130 22091 1230/ 50701 80138 80001 9////=
####018000125####
SSVX02 CWAO 221230
ZZYY 47532 22091 1230/ 782987 062220 6113/ 11119 11105 444 20130 22091 1230/ 50701 80134 80001 9////=
####018000125####
SSVX02 CWAO 221230
ZZYY 47545 22091 1230/ 784556 110415 6113/ 22291 01012 444 20130 22091 1230/ 50701 80140 80001 9////=
####018000413####
SSVX03 LFVW 221240
ZZYY 31374 22091 11001 528500 047360 6113/
11119 00102 10177 20112 40192
22219 00188 10903 20087 21016
33311 66699 20007 03005 20030 00009 20055 04008
444 20130 22091 1038/ 518// 60371=
ZZYY 31051 22091 11001 525280 044927 6113/
11119 00000 10200 20148 40193
22219 00208 10803 20077 21017
33311 66699 20007 13012 20030 01012 20055 12013
444 20130 22091 1039/ 518// 60371=
####018001999####
SSVX11 LFVW 221240
ZZYY 21210 22091 07004 138097 146386 6112/
11119 03410 10205 29084 49990
22219 00240
444 20120 22091 0648/ 522// 60371=
ZZYY 52075 22091 04004 107986 130042 6113/
11119 02709 10287 29079 40088
22219 00293
33311 88872 20000 32933 20002 32933 43334 20025 32928 43342
20050 32922 43347 20075 32614 43480 20100 32347 43490
20125 31987 43482 20150 31720 43468 20200 31240 43443
20250 31005 43447 20300 30953 43455 20500 30745 43448
444 20130 22091 0355/ 522// 60381=
ZZYY 52075 22091 06004 107983 130042 6113/
11119 03208 10272 29079 40078
22219 00292
33311 88872 20000 32923 20002 32923 43327 20025 32925 43336
20050 32925 43344 20075 32885 43377 20100 32530 43487
20125 32051 43487 20150 31741 43468 20200 31235 43444
20250 30995 43450 20300 30921 43456 20500 30734 43449
444 20130 22091 0535/ 522// 60381=
ZZYY 52087 22091 08004 107866 136492 6112/
11119 02408 10275 29087 40069
22219 00293
33311 88872 20000 32934 20002 32934 43347 20025 32949 43362
20050 32959 43374 20075 32923 43434 20100 32673 43486
20125 32494 43493 20150 32076 43482 20200 31431 43457
20250 31179 43451 20300 31004 43453 20500 30732 43452
20750 30576 43451
444 20120 22091 0819/ 522// 60381=
ZZYY 52087 22091 06004 107863 136489 6112/
11119 02506 10269 29091 40069
22219 00293
33311 88872 20000 32932 20002 32932 43340 20025 32954 43365
20050 32958 43378 20075 32918 43437 20100 32799 43470
20125 32588 43495 20150 32217 43497 20200 31527 43461
20250 31211 43452 20300 31010 43456 20500 30743 43452
20750 30585 43451
444 20120 22091 0535/ 522// 60381=
ZZYY 52087 22091 02004 107865 136490 6112/
11119 02110 10267 29090 40096
22219 00295
33311 88872 20000 32947 20002 32947 43360 20025 32950 43365
20050 32959 43380 20075 32888 43449 20100 32662 43488
20125 32432 43495 20150 32213 43495 20200 31546 43461
20250 31210 43452 20300 31044 43455 20500 30737 43451
20750 30591 43452
444 20120 22091 0132/ 522// 60381=
####018000129####
SSVX13 LFVW 221240
ZZYY 56547 22091 1020/ 533213 091857 6112/
22219 00151
444 20120 22091 0925/ 50101 80100 80000 9/015=
####018000128####
SSVX02 CWAO 221230
ZZYY 47532 22091 1230/ 782987 062220 6113/ 11119 11105 444 20130 22091 1230/ 50701 80134 80001 9////=

####018000128####
SSVX02 CWAO 221230
ZZYY 47533 22091 1230/ 782985 062189 6113/ 22291 01011 444 20130 22091 1230/ 50701 80138 80001 9////=

####018000128####
SSVX02 CWAO 221230
ZZYY 47545 22091 1230/ 784556 110415 6113/ 22291 01012 444 20130 22091 1230/ 50701 80140 80001 9////=

####018000128####
SSVX02 CWAO 221230
ZZYY 47537 22091 1230/ 784415 064782 6113/ 22291 00003 444 20130 22091 1230/ 50701 80138 80001 9////=

####018000128####
SSVX02 CWAO 221230
ZZYY 47531 22091 1230/ 784415 064718 6113/ 11131 10000 444 20130 22091 1230/ 50701 80138 80001 9////=

####018004125####
SSVX08 KARS 221242
ZZYY 48400 21091 12004 750128 144800 6112/
11119 02725 10111 29078
22219 00125
33311 88872 20000 31246 20001 31249 43784
444 20120 21091 1126/ 521// 60401=
ZZYY 48400 21091 12004 750128 144800 6112/
11119 02725 10111 29078
22219 00125
33311 88872 20000 31246 20001 31249 43784
444 20120 21091 1126/ 521// 60401=
ZZYY 48400 21091 12004 750128 144800 6112/
11119 02725 10111 29078
22219 00125
33311 88872 20000 31246 20001 31249 43784
444 20120 21091 1126/ 521// 60401=
ZZYY 48400 22091 12004 750129 144814 6112/
11119 02507 10108 29081
22219 00124
444 20120 22091 1116/ 521// 60401=
ZZYY 48400 22091 12004 750132 144817 6111/
11119 02507 10108 29081
22219 00124
444 20110 22091 1230/ 521// 60401=
ZZYY 31003 21091 1200/ 507911 030508 6112/
33311 88872 20001 32627 43624 20020 32633 43620 20040 32632 43620
20060 32632 20080 32625 20100 32454 20120 32157 43639 20140 31927
20300 30967 20500 30724
444 20120 21091 1053/ 521//=
ZZYY 31003 22091 08004 507919 030502 6111/
11119 01117 10253 29091
22219 00264
444 20110 22091 0843/ 521// 60401=
ZZYY 15006 21091 1200/ 506040 009994 6112/
33311 88872 20001 32441 43620 20020 32435 43619 20040 32433 43623
20080 32093 20100 31719 20120 31491 20140 31324 20180 31107
20300 30911
444 20120 21091 1025/ 521//=
ZZYY 15002 21091 1200/ 700011 009863 6112/
33311 88872 20001 32424 20020 32402 43578 20040 32216 43583
20060 32046 43605 20080 31848 20100 31616 20120 31506 20140 31467
20180 31402 20300 31065 20500 30733
444 20120 21091 1022/ 521//=
ZZYY 31005 21091 1200/ 518872 034688 6112/
33311 88872 20001 32379 20060 32372 43727 20100 32371 20120 32372
20140 32361 20180 32045 20300 31448
444 20120 21091 1057/ 521//=
ZZYY 31005 22091 08004 518877 034691 6112/
11119 00405 40191
22219 00238
444 20120 22091 0845/ 521// 60401=
ZZYY 31004 21091 1200/ 513525 032608 6112/
33311 88872 20020 32538 43686 20040 32538 43700 20060 32535
20080 32535 20100 32535 20120 32546 43717 20140 32495 20180 32228
20300 31333 20500 30706
444 20120 21091 1035/ 521//=
ZZYY 31004 22091 08004 513529 032604 6111/
11119 01113 10247 29076
444 20110 22091 0844/ 521// 60401=
ZZYY 15001 21091 1200/ 509914 009974 6112/
33311 88872 20001 32346 43645 20020 32339 43645 20040 32338 43644
20060 32339 43645 20080 32319 20100 32089 20120 31750 20140 31557
20180 31309 20300 30973 20500 30741
444 20120 21091 1024/ 521//=
ZZYY 15001 22091 08004 509904 009966 6111/
11119 01415 10229 29077 40165
22219 00234
444 20110 22091 0825/ 521// 60401=
ZZYY 13001 21091 1200/ 711482 022977 6111/
33311 88872 20001 32883 43513 20020 32823 43556 20040 32122 43592
20060 31725 43575 20080 31544 20100 31440 20120 31360 20140 31326
20180 31282 20300 31133 20500 30955
444 20110 21091 1155/ 521//=
ZZYY 13001 22091 08004 711489 022999 6113/
11119 00804 10282 29081 40133
22219 00287
444 20130 22091 0836/ 521// 60401=
ZZYY 31007 21091 1200/ 700027 023006 6112/
33311 88872 20001 32588 43592 20020 32577 43594 20040 32534 43598
20080 32422 20100 32133 20120 31857 20140 31585 20180 31401
20300 31198 20500 30715
444 20120 21091 1051/ 521//=
ZZYY 13010 21091 12004 300017 000002 6111/
11119 01812 10254 29087
22219 00262
33311 88872 20000 32615 20001 32611 20020 32609 43543
20040 32287 43570 20060 31880 20080 31713 20100 31617
20120 31543 43560 20140 31510 20180 31487 20300 31063 20500 30766
444 20110 21091 1235/ 521// 60001=
ZZYY 31006 21091 1200/ 704038 022985 6112/
33311 88872 20001 32803 43463 20020 32798 43496 20040 32799 43499
20060 32750 43559 20080 32360 20100 31877 20120 31655 20140 31577
20180 31396 20300 31144
444 20120 21091 1051/ 521//=
ZZYY 31006 22091 08004 704036 022984 6112/
11119 02012 10267 29084
22219 00280
444 20120 22091 0838/ 521// 60401=
ZZYY 31001 21091 1200/ 700011 035008 6112/
33311 88872 20001 32663 43591 20020 32661 43591 20040 32655 43595
20060 32633 20080 32563 20100 32355 20120 32117 43623 20140 31894
20180 31462 20300 31140 20500 30729
444 20120 21091 1053/ 521//=
####018000123####
SSVX12 KARS 221242
ZZYY 48512 22091 1200/ 783961 154421 6112/
11119 11170 40083
444 20120 22091 1210/ 504// 80014=
####018000143####
SSVX04 KARS 221242
ZZYY 46658 22091 1054/ 753017 153345 6111/
11119 49902 52005
22219 00104
444 20110 22091 1114/ 503// 80158 80014=
####018006859####
SSVX02 KARS 221242 RRA
ZZYY 63584 22091 1223/ 777843 002124 6112/
22219 00043
444 20120 22091 1214/ 50101 80007 80009 9/015=
ZZYY 21990 22091 1130/ 748909 158210 6112/
11119 30005 40005 54000
22219 00107
444 20120 22091 1114/ 50101 80050 80000 9/015=
ZZYY 21990 22091 1230/ 748909 158210 6112/
11119 30003 40003 57003
22219 00107
444 20120 22091 1114/ 50101 80050 80000 9/015=
ZZYY 21546 22091 1210/ 743378 155735 6112/
11119 30002 40002 52005
22219 00161
444 20120 22091 1114/ 50101 80050 80018 9/015=
ZZYY 46917 22091 1230/ 737834 144341 6112/
11119 30088 40088 57020
22219 00224
444 20120 22091 1114/ 50101 80050 80063 9/015=
ZZYY 63966 22091 1222/ 171457 015211 6113/
22219 00103
444 20130 22091 1214/ 50101 80009 80013 9/015=
ZZYY 46586 22091 1200/ 755029 146820 6113/
11119 39913 49913 52004
22219 00105
444 20130 22091 1110/ 50101 80153 80025 9/015=
ZZYY 21548 22091 1130/ 742891 162058 6112/
11119 30096 40096 52003
22219 00149
444 20120 22091 1116/ 50101 80050 80016 9/015=
ZZYY 21548 22091 1230/ 742885 162044 6111/
11119 30093 40093 57003
22219 00149
444 50101 80050 80016 9/015=
ZZYY 43540 22091 1223/ 715396 133259 6112/
444 20120 22091 1121/ 50101 80096 80016 9/015=
ZZYY 42513 22091 1224/ 728102 085710 6111/
22219 00289
444 20110 22091 1040/ 50101 80094 80001 9/015=
ZZYY 46559 22091 1225/ 712778 122531 6112/
22219 00281
444 20120 22091 1127/ 50101 80110 80009 9/015=
ZZYY 46583 22091 1223/ 716918 130743 6112/
22219 00257
444 20120 22091 1120/ 50101 9/015=
ZZYY 43553 22091 1226/ 721060 127866 6112/
22219 00228
444 20120 22091 1121/ 50101 80088 80039 9/015=
ZZYY 43553 22091 1237/ 721060 127866 6112/
22219 00228
444 20120 22091 1121/ 50101 80088 80039 9/015=
ZZYY 51623 22091 1224/ 710051 121865 6111/
22219 00276
444 20110 22091 1127/ 50101 80113 80006 9/015=
ZZYY 43551 22091 1224/ 723059 121164 6111/
22219 00221
444 20110 22091 1220/ 50101 80090 80017 9/015=
ZZYY 43551 22091 1236/ 723059 121164 6111/
22219 00221
444 20110 22091 1220/ 50101 80090 80017 9/015=
ZZYY 52801 22091 1210/ 728483 154597 6113/
11119 30189 40189 57012
22219 00257
444 20130 22091 1118/ 50101 80009 80000 9////=
ZZYY 21951 22091 1140/ 734238 171636 6113/
11119 30201 40201 54000
22219 00249
444 20130 22091 0920/ 50101 80090 80000 9/015=
ZZYY 21933 22091 1150/ 734176 165928 6112/
11119 30160 40160 52006
444 20120 22091 1118/ 50101 8//// 80082 9/015=
ZZYY 46903 22091 1236/ 730545 134547 6111/
22219 00215
444 20110 22091 1231/ 50101 80138 80000 9/015=
ZZYY 46766 22091 1235/ 723254 152393 6111/
22219 00252
444 20110 22091 1118/ 50101 80082 80023 9/015=
ZZYY 51653 22091 1236/ 718772 135970 6111/
22219 00251
444 20110 22091 1119/ 50101 80122 80024 9/015=
ZZYY 22635 22091 1237/ 722013 139888 6113/
444 20130 22091 1118/ 50101 80009 80094 9/015=
ZZYY 51973 22091 1236/ 733727 163854 6112/
22219 00253
444 20120 22091 1119/ 50101 80117 80042 9/015=
ZZYY 46924 22091 1236/ 724332 127507 6111/
22219 00217
444 20110 22091 1221/ 50101 80100 80138 9/015=
ZZYY 22616 22091 1236/ 732191 154397 6111/
22219 00257
444 20110 22091 1231/ 50101 80045 80002 9/015=
ZZYY 51974 22091 1236/ 736479 163830 6111/
22219 00238
444 20110 22091 1231/ 50101 80119 80010 9/015=
ZZYY 46539 22091 1200/ 736387 155703 6111/
11119 30070 40070 57020
22219 00240
444 20110 22091 1230/ 50101 8//// 80100 9////=
ZZYY 46607 22091 1220/ 728284 146811 6112/
11119 30190 40190
22219 00246
444 20120 22091 1117/ 50101 80100 80000 9/015=
ZZYY 46535 22091 1140/ 739213 140970 6112/
11119 30101 40101 57022
22219 00215
444 20120 22091 1115/ 50101 80123 80002 9/015=
ZZYY 21853 22091 0940/ 742005 175933 6113/
11119 30211 40211 52009
22219 00164
444 20130 22091 0921/ 50101 80120 80000 9/015=
ZZYY 21853 22091 1140/ 742005 175933 6113/
11119 30213 40213 52005
22219 00162
444 20130 22091 0921/ 50101 80120 80000 9/015=
ZZYY 21853 22091 1040/ 742005 175933 6113/
11119 30212 40212 52007
22219 00164
444 20130 22091 0921/ 50101 80120 80000 9/015=
ZZYY 46617 22091 1200/ 751189 152711 6113/
11119 39945 49945 57004
22219 00107
444 20130 22091 1229/ 50101 80153 80022 9/015=
ZZYY 46609 22091 1235/ 722170 128741 6112/
22219 00225
444 20120 22091 1118/ 50101 80112 9/015=
ZZYY 43517 22091 1210/ 734300 167456 6111/
11119 30176 40176 52008
22219 00250
444 20110 22091 1118/ 50101 8//// 80000 9////=
ZZYY 22593 22091 1236/ 739563 153993 6112/
22219 00203
444 20120 22091 1230/ 50101 80007 80099 9/015=
ZZYY 43558 22091 1236/ 722675 124694 6113/
444 20130 22091 1119/ 50101 80086 80255 9/015=
ZZYY 21986 22091 1230/ 735794 167437 6112/
11119 40170 52008
22219 00226
444 20120 22091 1119/ 50101 80010 80000 9////=
ZZYY 51931 22091 1234/ 729284 161264 6112/
22219 00265
444 20120 22091 1118/ 50101 80068 80010 9/015=
ZZYY 21916 22091 1210/ 732002 169358 6112/
11119 30177 40177 57007
22219 00261
444 20120 22091 1119/ 50101 80009 80000 9////=
ZZYY 43554 22091 1236/ 728561 126409 6111/
22219 00203
444 20110 22091 1231/ 50101 80090 80030 9/015=
ZZYY 21543 22091 1200/ 734563 151487 6111/
11119 40128 57016
22219 00245
444 20110 22091 1230/ 50101 80010 80000 9////=
ZZYY 51641 22091 1235/ 732643 172461 6112/
22219 00264
444 20120 22091 0920/ 50101 9/015=
ZZYY 22576 22091 1236/ 732682 140168 6112/
22219 00239
444 20120 22091 1230/ 50101 80010 80000 9/015=
ZZYY 14942 22091 1235/ 726807 165739 6111/
22219 00273
444 20110 22091 1120/ 50101 8//// 80000 9/015=
ZZYY 46926 22091 1235/ 724938 142975 6111/
22219 00240
444 20110 22091 1119/ 50101 80138 80002 9/015=
ZZYY 43552 22091 1234/ 728379 123301 6113/
444 20130 22091 1117/ 50101 80088 80016 9/015=
ZZYY 32626 22091 1215/ 517607 090281 6111/
22219 00186
444 20110 22091 1210/ 50101 80116 80101 9/015=
ZZYY 32683 22091 1213/ 518807 095951 6112/
444 20120 22091 1211/ 50101 80116 80042 9/015=
ZZYY 33672 22091 1200/ 543021 044504 6112/
11119 30068 40068
22219 00085
444 20120 22091 1040/ 50101 80110 80100 9/015=
ZZYY 55954 22091 1030/ 533932 100136 6112/
11119 40095 57011
22219 00154
444 20120 22091 1211/ 50101 80010 80000 9////=
ZZYY 32731 22091 1214/ 516017 082373 6112/
22219 00166
444 20120 22091 1202/ 50101 80114 80130 9/015=
ZZYY 32704 22091 1215/ 522292 083536 6112/
22219 00169
444 20120 22091 1210/ 50101 80114 80066 9/015=
ZZYY 32702 22091 1215/ 515832 081715 6112/
22219 00169
444 20120 22091 1202/ 50101 80114 80010 9/015=
ZZYY 16579 22091 0940/ 528895 093127 6113/
11119 30215 40215 57008
22219 00183
444 20130 22091 0915/ 50101 8//// 80000 9////=
ZZYY 33570 22091 1216/ 546724 045225 6111/
22219 00088
444 20110 22091 1041/ 50101 80108 80040 9/015=
####018000285####
SSVX07 KARS 221242
ZZYY 48536 22091 1220/ 173331 154339 6111/
11119 40059
444 20110 22091 1141/=
ZZYY 48536 22091 1230/ 173331 154339 6111/
11119 11011 40059
444 20110 22091 1141/=
ZZYY 48534 22091 1230/ 783371 046241 6113/
11119 11173 40147
444 20130 22091 1222/=
####018014941####
SSVX02 KARS 221242
ZZYY 31905 22091 0848/ 534402 011692 6113/
22219 00154
444 50101 8//// 80000 9/015=
ZZYY 31902 22091 0842/ 504234 035892 6113/
22219 00262
444 20130 22091 0730/ 50101 8//// 80015 9/015=
ZZYY 31915 22091 0845/ 504640 032676 6113/
22219 00267
444 20130 22091 0837/ 50101 80118 80016 9/015=
ZZYY 31993 22091 0846/ 505913 032081 6111/
22219 00264
444 20110 22091 0842/ 50101 80122 80016 9/015=
ZZYY 31998 22091 0842/ 506149 033490 6113/
22219 00263
444 20130 22091 0730/ 50101 80122 80019 9/015=
ZZYY 31742 22091 0848/ 525911 037676 6111/
22219 00207
444 50101 80116 80016 9/015=
ZZYY 15635 22091 0853/ 528002 029098 6113/
22219 00186
444 20130 22091 0854/ 50101 80086 80002 9/015=
ZZYY 15634 22091 0854/ 529385 017356 6112/
22219 00186
444 20120 22091 0857/ 50101 80096 80000 9/015=
ZZYY 33691 22091 0851/ 527732 002256 6113/
22219 00184
444 20130 22091 0846/ 50101 80070 80000 9/015=
ZZYY 31759 22091 0852/ 524309 043752 6112/
22219 00212
444 20120 22091 0847/ 50101 80116 80002 9/015=
ZZYY 15921 22091 0851/ 525803 035170 6113/
22219 00197
444 20130 22091 0847/ 50101 80094 80001 9/015=
ZZYY 15926 22091 0849/ 526686 031331 6112/
22219 00196
444 20120 22091 0845/ 50101 80092 80058 9/015=
ZZYY 15631 22091 0854/ 527948 040854 6113/
22219 00197
444 20130 22091 0859/ 50101 80100 80020 9/015=
ZZYY 33964 22091 0856/ 543967 030174 6113/
22219 00088
444 20130 22091 0901/ 50101 80114 80008 9/015=
ZZYY 31711 22091 0847/ 506996 034282 6111/
22219 00259
444 20110 22091 0851/ 50101 80120 80014 9/015=
ZZYY 31786 22091 0845/ 503231 034375 6111/
22219 00265
444 20110 22091 0852/ 50101 80124 80017 9/015=
ZZYY 31508 22091 0846/ 514509 034217 6111/
22219 00253
444 20110 22091 0842/ 50101 80120 80010 9/015=
ZZYY 31990 22091 0853/ 523311 039638 6113/
22219 00232
444 20130 22091 0856/ 50101 80098 80002 9/015=
ZZYY 31989 22091 0852/ 525052 041290 6113/
22219 00220
444 20130 22091 0847/ 50101 80120 80016 9/015=
ZZYY 15601 22091 0853/ 522841 026558 6112/
22219 00215
444 20120 22091 0856/ 50101 80067 80022 9/015=
ZZYY 13904 22091 0840/ 717101 019352 6111/
22219 00278
444 20110 22091 0838/ 50101 80128 80002 9/015=
ZZYY 31538 22091 0853/ 534635 051501 6111/
22219 00180
444 20110 22091 0850/ 50101 80071 80017 9/015=
ZZYY 15945 22091 0847/ 505643 017590 6112/
22219 00250
444 20120 22091 0851/ 50101 80084 80011 9/015=
ZZYY 15904 22091 0843/ 310756 007190 6112/
22219 00206
444 20120 22091 0823/ 50101 80152 80008 9/015=
ZZYY 13518 22091 0839/ 706518 013084 6112/
22219 00272
444 20120 22091 0835/ 50101 80134 80001 9/015=
ZZYY 15679 22091 0843/ 308767 006257 6111/
22219 00223
444 20110 22091 0837/ 50101 80152 80008 9/015=
ZZYY 31921 22091 0849/ 534268 017550 6112/
22219 00164
444 20120 22091 0854/ 50101 80061 80021 9////=
ZZYY 31758 22091 0854/ 527893 033323 6113/
22219 00187
444 20130 22091 0857/ 50101 80008 80051 9/015=
ZZYY 15943 22091 0847/ 504315 017875 6111/
22219 00248
444 20110 22091 0849/ 50101 80090 80255 9/015=
ZZYY 15941 22091 0851/ 516666 032474 6111/
22219 00241
444 20110 22091 0731/ 50101 80128 80001 9/015=
ZZYY 15618 22091 0850/ 520819 002182 6113/
22219 00190
444 20130 22091 0854/ 50101 80124 80180 9/015=
ZZYY 15641 22091 0845/ 501977 031816 6113/
22219 00263
444 20130 22091 0850/ 50101 80124 80180 9/015=
ZZYY 15677 22091 0851/ 514581 024227 6112/
22219 00238
444 20120 22091 0854/ 50101 80128 80001 9/015=
ZZYY 13959 22091 0842/ 714409 016973 6113/
22219 00280
444 20130 22091 0847/ 50101 80148 80001 9/015=
ZZYY 15928 22091 0849/ 513049 029948 6112/
22219 00248
444 20120 22091 0853/ 50101 80126 80001 9/015=
ZZYY 15944 22091 0840/ 302026 002790 6111/
22219 00250
444 20110 22091 0835/ 50101 80152 9/015=
ZZYY 15905 22091 0839/ 312881 008026 6111/
444 20110 22091 0851/ 50101 8//// 80008 9/015=
ZZYY 31911 22091 0853/ 527470 045052 6112/
22219 00191
444 20120 22091 0848/ 50101 80061 80000 9/015=
ZZYY 31542 22091 0855/ 532068 041292 6111/
22219 00166
444 50101 80039 80012 9/015=
ZZYY 31914 22091 0856/ 534597 016303 6113/
22219 00159
444 50101 80075 80029 9/015=
ZZYY 15675 22091 0851/ 514677 025360 6112/
22219 00241
444 20120 22091 0853/ 50101 80128 80001 9/015=
ZZYY 15912 22091 0845/ 303551 003746 6111/
22219 00240
444 20110 22091 0848/ 50101 80152 80006 9/015=
ZZYY 15942 22091 0844/ 305405 004576 6112/
22219 00244
444 20120 22091 0849/ 50101 80152 80008 9/015=
ZZYY 15929 22091 0843/ 306929 005044 6112/
22219 00228
444 20120 22091 0837/ 50101 80138 80009 9/015=
ZZYY 15646 22091 0844/ 501957 031829 6112/
22219 00263
444 20120 22091 0851/ 50101 80122 80180 9/015=
ZZYY 31926 22091 0853/ 533187 006167 6113/
22219 00167
444 20130 22091 0858/ 50101 80008 80027 9////=
ZZYY 31537 22091 0856/ 532195 021081 6111/
22219 00159
444 50101 80061 80017 9/015=
ZZYY 13943 22091 0842/ 708068 029896 6112/
22219 00282
444 20120 22091 0848/ 50101 80075 80255 9/015=
ZZYY 13945 22091 0840/ 714807 018210 6112/
22219 00288
444 20120 22091 0844/ 50101 80146 80010 9/015=
ZZYY 15604 22091 0853/ 525264 031124 6113/
22219 00211
444 20130 22091 0857/ 50101 80119 80013 9/015=
ZZYY 15906 22091 0848/ 507465 012117 6112/
22219 00238
444 20120 22091 0852/ 50101 80082 80016 9/015=
ZZYY 31528 22091 0854/ 532253 032035 6112/
22219 00178
444 20120 22091 0857/ 50101 80340 80001 9/015=
ZZYY 15940 22091 0853/ 523792 036316 6112/
22219 00219
444 20120 22091 0855/ 50101 80119 80004 9/015=
ZZYY 71703 22091 0859/ 550249 044991 6112/
22219 00026
444 20120 22091 0856/ 50101 80118 80108 9/015=
ZZYY 71703 22091 1220/ 550260 044988 6111/
22219 00026
444 20110 22091 1155/ 50101 80118 80104 9/015=
ZZYY 15605 22091 0844/ 503452 035405 6111/
22219 00264
444 20110 22091 0837/ 50101 80088 80013 9/015=
ZZYY 71635 22091 0859/ 548345 043240 6113/
22219 00046
444 20130 22091 0857/ 50101 80114 80139 9/015=
ZZYY 71696 22091 0856/ 548873 033944 6112/
22219 00038
444 20120 22091 0903/ 50101 80116 80149 9/015=
ZZYY 71573 22091 0900/ 553932 042954 6112/
22219 00008
444 20120 22091 0857/ 50101 80116 80112 9/015=
ZZYY 71573 22091 1220/ 553923 043005 6111/
22219 00008
444 20110 22091 1218/ 50101 80116 80106 9/015=
ZZYY 33993 22091 0800/ 544926 045058 6113/
11119 40020 57236
22219 00086
444 2013/ 22091 0741/ 50101 80082 80005 9/015=
ZZYY 15615 22091 0855/ 531543 038405 6113/
22219 00168
444 50101 80050 80099 9/015=
ZZYY 33995 22091 0800/ 544955 040417 6112/
11119 49953 52255
22219 00085
444 2012/ 22091 0741/ 50101 80103 80000 9/015=
ZZYY 15602 22091 0847/ 502551 027425 6113/
22219 00262
444 20130 22091 0850/ 50101 80082 80011 9/015=
ZZYY 33648 22091 1220/ 553177 133959 6112/
11119 40105 57002
22219 00065
444 20120 22091 1146/ 50101 80010 80000 9////=
ZZYY 33587 22091 1200/ 551457 124275 6112/
22219 00065
444 20120 22091 1004/ 50101 80009 80000 9////=
ZZYY 33587 22091 1100/ 551457 124275 6112/
22219 00065
444 20120 22091 1004/ 50101 80009 80000 9////=
ZZYY 71640 22091 1200/ 557174 118429 6111/
22219 00025
444 20110 22091 1148/ 50101 80009 80000 9////=
ZZYY 71606 22091 1140/ 556889 118427 6112/
22219 00025
444 20120 22091 1222/ 50101 80010 80000 9////=
ZZYY 71568 22091 1200/ 559987 116573 6113/
11119 40008 57019
22219 00014
444 20130 22091 1222/ 50101 80009 80000 9////=
ZZYY 71568 22091 1100/ 559994 116563 6111/
11119 40013 57024
22219 00014
444 20110 22091 1052/ 50101 80009 80000 9////=
ZZYY 55957 22091 1210/ 536770 108195 6111/
11119 49992 52008
22219 00132
444 20110 22091 1000/ 50101 80010 80000 9////=
ZZYY 55957 22091 1110/ 536770 108195 6111/
444 20110 22091 1000/ 50101 9////=
ZZYY 55953 22091 1150/ 536689 099059 6112/
11119 40058 52005
22219 00134
444 20120 22091 1210/ 50101 80009 80000 9////=
ZZYY 71611 22091 1200/ 558199 121965 6112/
11119 40030 57015
22219 00011
444 20120 22091 1222/ 50101 80010 80000 9////=
ZZYY 55910 22091 1110/ 553497 112254 6111/
11119 39886 49886 57015
22219 00052
444 20110 22091 1039/ 50101 80100 80000 9/015=
ZZYY 55910 22091 1210/ 553493 112257 6112/
11119 39885 49885 57009
22219 00053
444 20120 22091 1220/ 50101 80100 80000 9/015=
ZZYY 55600 22091 0950/ 534998 089747 6112/
11119 40195 57013
22219 00145
444 20120 22091 0915/ 50101 80010 80000 9////=
ZZYY 55600 22091 1150/ 535023 089726 6113/
11119 40203 52005
22219 00144
444 20130 22091 1211/ 50101 80010 80000 9////=
ZZYY 55600 22091 1050/ 535023 089726 6113/
11119 40196 57004
22219 00144
444 20130 22091 1211/ 50101 80010 80000 9////=
ZZYY 55638 22091 1040/ 539977 112867 6112/
11119 39923 49923 52018
22219 00108
444 20120 22091 1000/ 50101 80100 80022 9/015=
ZZYY 55638 22091 1140/ 539977 112867 6112/
11119 39931 49931 52020
22219 00108
444 20120 22091 1000/ 50101 80100 80018 9/015=
ZZYY 33533 22091 1200/ 549387 046804 6111/
11119 30075 40075
444 20110 22091 1155/ 50101 80110 80100 9/015=
ZZYY 16607 22091 1000/ 537305 096293 6113/
22219 00131
444 20130 22091 0926/ 50101 80010 80006 9////=
ZZYY 16942 22091 1140/ 558986 118449 6112/
11119 30013 40013 57015
22219 00016
444 20120 22091 1222/ 50101 80090 80000 9/015=
ZZYY 55934 22091 1150/ 557531 114626 6112/
22219 00044
444 20120 22091 1222/ 50101 8//// 80000 9////=
ZZYY 54923 22091 1110/ 530961 105247 6112/
11119 30126 40126 57001
22219 00178
444 20120 22091 0957/ 50101 8//// 80000 9////=
ZZYY 32805 22091 1218/ 532875 101654 6112/
22219 00170
444 20120 22091 1211/ 50101 80104 80060 9/015=
ZZYY 71701 22091 1219/ 551890 043298 6112/
22219 00012
444 20120 22091 1217/ 50101 80114 80092 9/015=
ZZYY 71709 22091 1215/ 548985 039840 6113/
22219 00022
444 20130 22091 1154/ 50101 8//// 80144 9/015=
ZZYY 71576 22091 1200/ 552946 043479 6111/
11119 30004 40004 52018
22219 00010
444 20110 22091 1153/ 50101 80110 80044 9/015=
ZZYY 33909 22091 1200/ 543250 042737 6112/
11119 30051 40051 52051
22219 00078
444 20120 22091 1154/ 50101 80110 80058 9/015=
ZZYY 55927 22091 1040/ 540179 106845 6111/
11119 39899 49899 52028
22219 00117
444 20110 22091 1000/ 50101 80100 80016 9/015=
ZZYY 16522 22091 1150/ 543479 102627 6112/
11119 49837 57008
22219 00090
444 20120 22091 1219/ 50101 80010 80022 9////=
ZZYY 16522 22091 1050/ 543478 102665 6111/
11119 49837 57021
22219 00090
444 20110 22091 1002/ 50101 80010 80030 9////=
ZZYY 56604 22091 1150/ 547618 106242 6112/
11119 39812 49812 57024
22219 00070
444 20120 22091 1221/ 50101 80110 80011 9/015=
ZZYY 56604 22091 1050/ 547603 106237 6111/
11119 39814 49814 57036
22219 00070
444 20110 22091 1003/ 50101 80110 80010 9/015=
ZZYY 46589 22091 1200/ 748466 167702 6112/
11119 30028 40028 54000
22219 00099
444 20120 22091 1114/ 50101 80140 80009 9/015=
ZZYY 64936 22091 1220/ 176162 007151 6113/
22219 00073
33311 88872 20000 30725 43512
444 20130 22091 1215/ 50101 80100 80100 9/015=
ZZYY 46564 22091 1200/ 747386 168448 6113/
11119 30060 40060 52010
22219 00110
444 20130 22091 0814/ 50101 80130 80070 9/015=
ZZYY 63561 22091 1220/ 775984 000266 6112/
22219 00049
33311 88872 20000 30490 42048
444 20120 22091 1214/ 50101 80070 80100 9/015=
ZZYY 21899 22091 1210/ 748617 178067 6113/
11119 30153 40153 52017
22219 00108
444 20130 22091 0920/ 50101 80140 80013 9/015=
ZZYY 46916 22091 1210/ 748722 175485 6113/
11119 30119 40119 52023
22219 00104
444 20130 22091 0921/ 50101 80077 80007 9/015=
ZZYY 46537 22091 1210/ 747561 173469 6113/
11119 30114 40114 52014
22219 00106
444 20130 22091 0922/ 50101 80140 80009 9/015=
ZZYY 46608 22091 1210/ 738650 161320 6112/
11119 30108 40108 52019
22219 00211
444 20120 22091 1117/ 50101 8//// 80100 9/015=
ZZYY 48673 22091 1230/ 776611 124590 6113/
444 20130 22091 1226/ 500// 9/000=
ZZYY 46533 22091 1200/ 753695 147092 6113/
11119 39929 49929 54000
22219 00110
444 20130 22091 1228/ 50101 80145 80058 9/015=
ZZYY 46927 22091 1231/ 733110 145643 6113/
22219 00241
444 20130 22091 1116/ 50101 80138 80003 9/015=
ZZYY 46927 22091 1236/ 733110 145643 6113/
22219 00241
444 20130 22091 1116/ 50101 80138 80003 9/015=
ZZYY 46587 22091 1200/ 753919 172578 6112/
11119 30059 40059 52019
22219 00085
444 20120 22091 0923/ 50101 80138 80044 9/015=
ZZYY 46587 22091 1100/ 753916 172578 6111/
11119 30052 40052 52017
22219 00085
444 20110 22091 1230/ 50101 80138 80043 9/015=
ZZYY 21997 22091 1210/ 742688 159557 6112/
11119 30079 40079 52007
22219 00161
444 20120 22091 1114/ 50101 80110 80035 9/015=
ZZYY 46910 22091 1200/ 746588 171585 6112/
11119 30114 40114 52015
22219 00112
444 20120 22091 1115/ 50101 80140 80013 9/015=
ZZYY 14945 22091 1231/ 739303 158811 6112/
22219 00197
444 20120 22091 1116/ 50101 8//// 80025 9/015=
ZZYY 14945 22091 1236/ 739291 158823 6111/
22219 00197
444 20110 22091 1230/ 50101 8//// 80025 9/015=
ZZYY 21998 22091 1130/ 744301 145389 6113/
11119 39839 49839 57078
22219 00157
444 20130 22091 1114/ 50101 80100 80000 9/015=
ZZYY 21998 22091 1230/ 744292 145391 6111/
11119 39857 49857 57019
22219 00157
444 20110 22091 1228/ 50101 80100 80000 9/015=
ZZYY 21544 22091 1140/ 746459 142408 6113/
11119 39923 49923 57093
22219 00145
444 20130 22091 1114/ 50101 80100 80063 9/015=
ZZYY 22910 22091 1231/ 740393 151359 6112/
22219 00198
444 20120 22091 1114/ 50101 80009 80099 9////=
ZZYY 22910 22091 1234/ 740393 151359 6112/
22219 00198
444 20120 22091 1114/ 50101 80009 80099 9////=
ZZYY 22927 22091 1231/ 741377 152081 6113/
22219 00174
444 20130 22091 1114/ 50101 80009 80099 9////=
ZZYY 22927 22091 1236/ 741340 152089 6111/
22219 00174
444 20110 22091 1229/ 50101 80009 80099 9////=
ZZYY 46516 22091 1232/ 735435 139932 6111/
22219 00232
444 20110 22091 1116/ 50101 80094 80073 9////=
ZZYY 46516 22091 1236/ 735441 139927 6112/
22219 00232
444 20120 22091 1230/ 50101 80094 80073 9////=
ZZYY 44930 22091 1223/ 765450 001704 6112/
444 20120 22091 1213/ 50101 80092 80099 9/015=
ZZYY 63579 22091 1221/ 169072 046759 6113/
22219 00083
444 20130 22091 1215/ 50101 80005 80004 9////=
ZZYY 63964 22091 1222/ 173829 023023 6112/
444 20120 22091 1215/ 50101 80009 80012 9/015=
ZZYY 63951 22091 1222/ 765671 001358 6113/
22219 00107
444 20130 22091 1214/ 50101 80008 80008 9/015=
ZZYY 63948 22091 1223/ 175404 035535 6113/
22219 00057
444 20130 22091 1216/ 50101 80008 80006 9/015=
ZZYY 63577 22091 1221/ 175070 067719 6113/
22219 00064
444 20130 22091 1159/ 50101 80009 80005 9/015=
ZZYY 63583 22091 1222/ 172581 046871 6112/
22219 00081
444 20120 22091 1214/ 50101 80007 80009 9/015=
####018000499####
SSVX06 KARS 221242
ZZYY 47558 22091 1226/ 773763 081537 6113/
444 20130 22091 1222/ 500// 9/000=
ZZYY 48506 22091 1225/ 779553 119171 6111/
11119 40070=
ZZYY 48505 22091 1232/ 780210 127691 6111/
11119 40075
444 20110 22091 1224/ 500//=
ZZYY 48713 22091 1224/ 175337 165724 6112/
444 20120 22091 0931/ 500// 9/000=
ZZYY 47554 22091 1230/ 774356 112728 6113/
444 20130 22091 1211/ 500// 9/000=
ZZYY 47553 22091 1226/ 779339 103373 6112/
444 20120 22091 1221/ 500// 9/000=
####018000175####
SSVX13 LFVW 221242
ZZYY 15955 22091 0520/ 503682 018068 6112/
11119 40131
22219 00250
33311 88872 20000 32503 43624
444 20120 22091 0417/ 50101 80118 80011 9/015=
####018000277####
SSVX02 LFVW 221242
ZZYY 31728 22091 0849/ 522820 043143 6111/
22219 00207
33311 88872 20000 32074 40004
444 2011/ 22091 0847/ 50101 9/015=
ZZYY 15966 22091 0849/ 524134 011818 6111/
22219 00199
33311 88872 20000 31990 43560
444 2011/ 22091 0845/ 50101 9/015=
####018000217####
SSVX03 LFVW 221242
ZZYY 31051 22091 08001 525280 044927 6113/
11119 00000 10195 20146 40174
22219 00208 10903 20087 21016
33311 66699 20007 15018 20030 02019 20055 16016
444 20130 22091 0735/ 518// 60371=
