####018000146####
SSVX13 LFPW 091945
ZZYY 64524 09070 1945/ 169833 014389 6110/ 11119 40134 57002 22219
 00099 444 20100 09070 1845/ 50101 80108 80048 9/015=
####018000777####
SSVX02 LFVW 091936
ZZYY 56949 09070 1910/ 331920 104566 6112/
11119 40207 57009
22219 00173
444 20120 09070 1751/ 50101 80080 80028 9/015=
ZZYY 56949 09070 1810/ 331920 104566 6112/
11119 40208 57010
22219 00172
444 20120 09070 1751/ 50101 80080 80028 9/015=
ZZYY 56947 09070 1910/ 328771 083127 6112/
11119 57007
22219 00190
444 20120 09070 1922/ 50101 80080 80001 9/015=
ZZYY 56947 09070 1810/ 328776 083156 6111/
11119 57003
22219 00190
444 20110 09070 1732/ 50101 80080 80000 9/015=
ZZYY 56952 09070 1800/ 327684 084613 6111/
11119 40173 57009
22219 00209
444 20110 09070 1732/ 50101 80090 80000 9/015=
ZZYY 56952 09070 1900/ 327695 084594 6112/
11119 40176 57009
22219 00209
444 20120 09070 1922/ 50101 80090 80000 9/015=
####018014705####
SSVX11 LFVW 091936
ZZYY 52087 09070 11004 107862 136489 6112/
11119 00707 10284 29079 40100
22219 00303
33311 88872 20000 33029 20002 33029 43394 20025 33030 43395
20050 33030 43400 20075 32978 43438 20100 32775 43463
20125 32319 43489 20150 31880 43475 20200 31346 43455
20250 31059 43455 20300 30934 43455 20500 30779 43455
20750 30606 43452=
ZZYY 52087 09070 16004 107860 136488 6113/
11119 01505 10293 29075 40106
22219 00303=
ZZYY 52087 09070 18004 107861 136485 6112/
11119 01610 10281 29079 40097
22219 00303
33311 88872 20000 33026 20002 33026 43395 20025 33029 43395
20050 32982 43437 20075 32882 43448 20100 32733 43465
20300 30992 43455 20750 30624 43452
444 20120 09070 1739/ 522// 60381=
ZZYY 52087 09070 10004 107862 136489 6112/
11119 00511 10283 29078 40092
22219 00303
33311 88872 20000 33030 20002 33030 43393 20025 33032 43393
20050 33028 43401 20075 32963 43442 20100 32775 43459
20125 32341 43485 20150 31887 43474 20200 31332 43456
20250 31079 43455 20300 30983 43457 20500 30773 43454
20750 30607 43452
444 20120 09070 1100/ 522// 60381=
ZZYY 52087 09070 08004 107866 136497 6111/
11119 00408 10287 29076 40080
22219 00303
33311 88872 20000 33034 20002 33034 43391 20025 33031 43393
20050 33009 43411 20075 32925 43445 20100 32754 43461
20125 32326 43485 20150 31930 43478 20200 31407 43458
20250 31128 43453 20300 31010 43457 20500 30779 43455
20750 30604 43451
444 20110 09070 0753/ 522// 60381=
ZZYY 52088 09070 1400/ 302018 155959 6112/
11119 10282 29076 30108 40108
22219 00299
33311 88872 20000 32985 20002 32985 43550 20025 32982 43548
20050 32976 43548 20075 32969 43546 20100 32964 43551
20125 32830 43559 20150 32484 43569 20200 31549 43522
20250 31145 43484 20300 31052 43476 20500 30856 43466
20750 30610 43453
444 20120 09070 1409/ 522//=
ZZYY 52080 09070 11004 101993 138099 6111/
11119 02004 10292 29073 40097
22219 00304
33311 88872 20000 33036 20002 33036 43426 20025 33031 43445
20050 33022 43465 20075 33019 43463 20100 33019 43465
20125 32666 43467 20150 32280 43499 20200 31873 43542
20250 31489 43515 20300 31238 43481 20500 30762 43457
20750 30580 43453
444 20110 09070 1057/ 522// 60381=
ZZYY 52080 09070 16004 101996 138102 6112/
11119 01803 10291 29075 40104
22219 00303
33311 88872 20000 33033 20002 33033 43427 20025 33030 43451
20050 33020 43464 20075 33012 43458 20100 33005 43459
20125 32633 43469 20150 32209 43497 20200 31871 43542
20250 31510 43518 20300 31223 43478 20500 30759 43455
20750 30571 43452=
ZZYY 52080 09070 18004 101983 138101 6112/
11119 02103 10287 29077 40095
22219 00304
33311 88872 20000 33036 20002 33036 43424 20025 33024 43448
20050 33018 43461 20075 33005 43455 20100 32815 43455
20125 32509 43481 20150 32116 43514 20200 31837 43540
20250 31486 43516 20300 31197 43478 20500 30762 43457
20750 30596 43452
444 20120 09070 1742/ 522// 60381=
ZZYY 52080 09070 12004 101996 138109 6111/
11119 02002 10292 29073 40102
22219 00304
33311 88872 20000 33037 20002 33037 43426 20025 33031 43440
20050 33023 43464 20075 33015 43461 20100 33020 43466
20125 32752 43457 20150 32293 43496 20200 31863 43541
20250 31488 43514 20300 31236 43483 20500 30759 43456
20750 30584 43453
444 20110 09070 1128/ 522// 60381=
ZZYY 52086 09070 15004 305023 156020 6112/
11119 01206 10271 29076 30104 40104
22219 00299
33311 88872 20000 32986 20002 32986 43483 20025 32988 43486
20050 32996 43495 20075 32991 43524 20100 32975 43536
20125 32932 43543 20150 32720 43564 20200 31900 43555
20250 31256 43498 20300 31059 43479 20500 30841 43462
20750 30628 43453
444 20120 09070 1420/ 522// 60401=
ZZYY 52086 09070 14004 305029 156032 6112/
11119 01207 10272 29076 30106 40106
22219 00299
33311 88872 20000 32988 20002 32988 43484 20025 32990 43487
20050 32997 43495 20075 32989 43524 20100 32962 43537
20125 32916 43546 20150 32672 43564 20200 31932 43555
20250 31239 43495 20300 31052 43477 20500 30838 43461
20750 30629 43454
444 20120 09070 1410/ 522// 60401=
ZZYY 52086 09070 13004 305025 156012 6111/
11119 01109 10278 29072 30108 40108
22219 00299
33311 88872 20000 32990 20002 32990 43484 20025 32990 43488
20050 33003 43505 20075 32985 43533 20100 32942 43541
20125 32854 43552 20150 32630 43567 20200 31887 43552
20250 31220 43493 20300 31047 43477 20500 30830 43460
20750 30632 43453
444 20110 09070 1235/ 522// 60401=
ZZYY 52086 09070 12004 305028 156022 6113/
11119 01109 10279 29071 30108 40108
22219 00299
33311 88872 20000 32993 20002 32993 43484 20025 32989 43488
20050 33003 43513 20075 32984 43535 20100 32942 43540
20125 32839 43555 20150 32650 43566 20200 31866 43557
20250 31178 43494 20300 31020 43476 20500 30825 43461
20750 30627 43453
444 20130 09070 1125/ 522// 60401=
ZZYY 52086 09070 09004 305031 156022 6112/
11119 01309 10277 29072 30100 40100
22219 00300
33311 88872 20000 32998 20002 32998 43485 20025 32989 43488
20050 33000 43517 20075 32983 43533 20100 32943 43541
20125 32893 43549 20150 32710 43563 20200 31812 43549
20250 31194 43492 20300 31029 43477 20500 30815 43461
20750 30621 43454
444 20120 09070 0927/ 522// 60401=
ZZYY 52086 09070 11004 305028 156026 6113/
11119 01209 10279 29070 30106 40106
22219 00299
33311 88872 20000 32994 20002 32994 43484 20025 32988 43487
20050 33002 43515 20075 32983 43534 20100 32942 43540
20125 32853 43555 20150 32693 43565 20200 31865 43553
20250 31148 43489 20300 31000 43474 20500 30824 43461
20750 30626 43453
444 20130 09070 1055/ 522// 60401=
ZZYY 52086 09070 10004 305028 156022 6113/
11119 01210 10279 29068 30104 40104
22219 00300
33311 88872 20000 32995 20002 32995 43485 20025 32988 43488
20050 32999 43516 20075 32981 43535 20100 32940 43540
20125 32835 43557 20150 32670 43566 20200 31799 43547
20250 31139 43486 20300 30988 43473 20500 30813 43460
20750 30626 43453
444 20130 09070 0946/ 522// 60401=
ZZYY 52073 09070 1100/ 104944 137295 6112/
11119 10293 29079 40098
22219 00307
33311 88872 20000 33070 20002 33070 43376 20025 33032 43395
20050 33033 43397 20075 32974 43441 20100 32812 43455
20125 32560 43478 20150 32278 43486 20200 31325 43460
20250 31095 43450 20300 30949 43461 20500 30742 20750 30611 43453=
ZZYY 52073 09070 1800/ 104942 137300 6113/
33311 88872 20002 33032 43391 20025 33033 43394 20050 33033 43397
20075 32964 43441 20100 32844 43450 20300 30937 43460
20750 30607 43452
444 20130 09070 1741/ 522//=
ZZYY 52073 09070 1600/ 104942 137292 6113/
33311 88872 20002 33036 43390 20025 33031 43395 20050 33033 43397
20075 32963 43441 20100 32822 43453 20125 32603 43477
20150 32250 43487 20200 31391 43456 20250 31107 43449
20300 30968 43459 20500 30742 20750 30596 43452=
ZZYY 52073 09070 0800/ 104944 137307 6111/
11119 10299 29077 40080
22219 00309
33311 88872 20000 33092 20002 33092 43397 20025 33032 43395
20050 33032 43397 20075 33030 43405 20100 32859 43451
20125 32622 43474 20150 32341 43484 20200 31433 43455
20250 31099 43449 20300 30945 43459 20500 30769 20750 30610 43453
444 20110 09070 0752/ 522//=
ZZYY 52084 09070 16004 104972 156033 6113/
11119 00209 10279 29069 30105 40105
22219 00293
33311 88872 20000 32926 20125 32262 43492 20150 31872 43479
20200 31260 43453 20250 31019 43460 20500 30775 43457
444 20130 09070 1558/ 522// 60401=
ZZYY 52084 09070 18004 104972 156030 6111/
11119 00209 10280 29072 30099 40099
22219 00293
444 20110 09070 1735/ 522// 60401=
ZZYY 52084 09070 15004 104972 156036 6112/
11119 00209 10278 29074 30111 40111
22219 00293
33311 88872 20000 32928 20002 32928 20025 32961 43418
20050 32961 43429 20075 32919 43449 20100 32690 43487
20125 32284 43490 20150 31920 43481 20200 31249 43457
20250 31002 43461 20300 30912 43462 20500 30780 43457
20750 30599 43454
444 20120 09070 1417/ 522// 60401=
ZZYY 52075 09070 09004 107933 130066 6113/
11119 02406 10337 29063 40082
22219 00308
33311 88872 20000 33078 20002 33078 43410 20025 33034 43423
20050 32939 43447 20075 32614 43478 20100 32319 43486
20125 31988 43482 20150 31698 43466 20200 31214 43445
20250 30989 43442 20300 30849 43445 20500 30662 43453
20750 30560 43452
444 20130 09070 0932/ 522// 60381=
ZZYY 52075 09070 11004 107934 130064 6111/
11119 00108 10273 29083 40099
22219 00306
33311 88872 20000 33058 20002 33058 43411 20025 33033 43423
20050 32926 43448 20075 32689 43471 20100 32391 43485
20125 31956 43481 20150 31690 43466 20200 31232 43444
20250 31021 43441 20300 30859 43442 20500 30685 43453
20750 30558 43450
444 20110 09070 1101/ 522// 60381=
ZZYY 52075 09070 16004 107934 130066 6112/
11119 00209 10278 29085 40108
22219 00304
444 20120 09070 1558/ 522// 60381=
ZZYY 52075 09070 18004 107930 130063 6113/
11119 00912 10273 29090 40107
22219 00303
33311 88872 20000 33034 20002 33034 43421 20025 33018 43423
20050 32813 43462 20075 32603 43478 20100 32248 43487
20125 31858 43475 20150 31612 43460 20200 31298 43448
20250 31069 43442 20300 30918 43442 20500 30695 43454
20750 30574 43450
444 20130 09070 1740/ 522// 60381=
ZZYY 52075 09070 14004 107921 130064 6111/
11119 00105 10283 29083 40114
22219 00305
33311 88872 20000 33047 20002 33047 43420 20025 33027 43428
20050 32837 43456 20075 32505 43484 20100 32208 43486
20125 31848 43475 20150 31624 43462 20200 31256 43446
20250 31043 43442 20300 30887 43440 20500 30704 43453
20750 30588 43450
444 20110 09070 1420/ 522// 60381=
ZZYY 52075 09070 12004 107931 130061 6113/
11119 01104 10274 29085 40107
22219 00306
33311 88872 20000 33058 20002 33058 43417 20025 33030 43421
20050 32891 43451 20075 32671 43474 20100 32386 43485
20125 31947 43480 20150 31681 43465 20200 31251 43444
20250 31019 43441 20300 30865 43442 20500 30691 43453
20750 30563 43451
444 20130 09070 1129/ 522// 60381=
ZZYY 52081 09070 1100/ 100064 138048 6112/
22219 00301
33311 88872 20000 33011 20002 33011 43466 20025 33010 43469
20050 32990 43500 20075 32910 43490 20100 32831 43490
20125 32565 43536 20150 32344 43521 20200 32075 43551
20250 31395 43506 20300 31222 43491 20500 30792 43457
20750 30609 43452
444 20120 09070 1058/ 522//=
ZZYY 52081 09070 1600/ 100072 138035 6113/
22219 00300
33311 88872 20000 33004 20002 33004 43451 20025 33011 43468
20050 32981 43497 20075 32906 43490 20100 32835 43489
20300 31222 43492 20750 30616 43452=
ZZYY 52081 09070 1800/ 100066 138041 6112/
22219 00300
33311 88872 20000 33000 20002 33000 43455 20025 33012 43473
20050 32980 43497 20075 32907 43489 20100 32840 43487
20125 32586 43534 20150 32360 43514 20200 32079 43551
20250 31402 43506 20300 31221 43492 20500 30795 43457
20750 30610 43452
444 20120 09070 1742/ 522//=
ZZYY 52081 09070 1200/ 100069 138044 6113/
22219 00301
33311 88872 20000 33009 20002 33009 43465 20025 33012 43469
20050 32987 43498 20075 32910 43490 20100 32835 43489
20125 32569 43535 20150 32346 43520 20200 32074 43551
20250 31402 43506 20300 31230 43491 20500 30798 43458
20750 30610 43451
444 20130 09070 1128/ 522//=
ZZYY 52081 09070 1400/ 100055 138054 6111/
22219 00301
33311 88872 20000 33009 20002 33009 43459 20025 33011 43469
20050 32982 43495 20075 32913 43490 20100 32846 43487
20125 32592 43532 20150 32349 43517 20200 32072 43552
20250 31400 43508 20300 31244 43494 20500 30814 43459
20750 30618 43452
444 20110 09070 1307/ 522//=
ZZYY 52077 09070 12004 101991 147028 6112/
11119 00508 10291 30110 40110
22219 00301
33311 88872 20000 33012 20002 33012 43433 20025 32993 43451
20050 33008 43479 20075 33002 43488 20100 32810 43511
20125 32494 43504 20150 32402 43523 20200 31874 43548
20250 31229 43467 20300 30991 43472 20500 30797 43456
20750 30567 43452
444 20120 09070 1127/ 522// 60381=
ZZYY 52077 09070 08004 101989 147031 6112/
11119 00805 10298 30091 40091
22219 00305
33311 88872 20000 33051 20002 33051 43438 20025 32994 43451
20050 33010 43479 20075 32993 43485 20100 32827 43506
20125 32527 43503 20150 32438 43525 20200 31900 43549
20250 31484 43501 20300 30993 43472 20500 30801 43457
20750 30571 43453
444 20120 09070 0750/ 522// 60381=
ZZYY 52077 09070 10004 101992 147031 6111/
11119 00607 10291 30101 40101
22219 00302
33311 88872 20000 33021 20002 33021 43434 20025 32997 43447
20050 33006 43475 20075 32990 43483 20100 32831 43506
20125 32552 43504 20150 32420 43524 20200 31845 43546
20250 31293 43474 20300 30991 43472 20500 30799 43457
20750 30571 43453
444 20110 09070 0949/ 522// 60381=
ZZYY 52077 09070 09004 101991 147022 6112/
11119 00705 10291 30095 40095
22219 00303
33311 88872 20000 33034 20002 33034 43436 20025 33000 43446
20050 33004 43473 20075 32996 43484 20100 32868 43498
20125 32580 43504 20150 32441 43525 20200 31894 43551
20250 31404 43488 20300 30992 43472 20500 30804 43457
20750 30573 43453
444 20120 09070 0930/ 522// 60381=
ZZYY 52077 09070 16004 101990 147027 6112/
11119 00408 10289 30099 40099
22219 00300=
ZZYY 52077 09070 02004 101990 147027 6112/
11119 01002 10294 30108 40108
22219 00303
33311 88872 20000 33034 20002 33034 43451 20025 32983 43457
20050 33004 43486 20075 32979 43486 20100 32812 43510
20125 32501 43503 20150 32223 43521 20200 31805 43540
20250 31257 43467 20300 30991 43472 20500 30830 43460
20750 30607 43452
444 20120 09070 0305/ 522// 60381=
ZZYY 52079 09070 13004 100054 147013 6112/
11119 00308 10290 29069 30114 40114
22219 00301
33311 88872 20000 33010 20002 33010 43489 20025 33000 43505
20050 32989 43509 20075 32956 43522 20100 32866 43542
20125 32645 43521 20150 32462 43536 20200 31960 43552
20250 31399 43507 20300 31158 43485 20500 30838 43462
20750 30571 43453
444 20120 09070 1236/ 522// 60401=
ZZYY 52079 09070 12004 100056 147011 6112/
11119 00307 10290 29068 30109 40109
22219 00301
33311 88872 20000 33014 20002 33014 43489 20025 33001 43506
20050 32987 43509 20075 32954 43523 20100 32802 43543
20125 32610 43520 20150 32459 43540 20200 31718 43537
20250 31389 43505 20300 31156 43486 20500 30838 43462
20750 30573 43452
444 20120 09070 1127/ 522// 60401=
ZZYY 52079 09070 09004 100057 147006 6112/
11119 00408 10289 29068 30095 40095
22219 00303
33311 88872 20000 33025 20002 33025 43488 20025 33001 43506
20050 32973 43515 20075 32922 43534 20100 32677 43523
20125 32537 43520 20150 32439 43556 20200 31634 43534
20250 31371 43503 20300 31149 43485 20500 30833 43462
20750 30573 43452
444 20120 09070 0930/ 522// 60401=
####018004321####
SSVX13 LFVW 091936
ZZYY 53549 09070 1900/ 314128 120171 6112/
11119 40115 57007
22219 00276
444 20120 09070 1919/ 50101 80148 80000 9/015=
ZZYY 53549 09070 1800/ 314128 120171 6112/
11119 40119 57005
22219 00276
444 20120 09070 1919/ 50101 80148 80000 9/015=
ZZYY 53550 09070 1900/ 322244 112866 6112/
11119 40218 52030
22219 00244
444 20120 09070 1751/ 50101 80128 80100 9/015=
ZZYY 53550 09070 1800/ 322244 112866 6112/
11119 40191 52003
22219 00244
444 20120 09070 1751/ 50101 80128 80100 9/015=
ZZYY 56530 09070 1850/ 327138 113679 6111/
11119 30174 40174 52001
22219 00211
444 20110 09070 1920/ 50101 80090 80003 9/015=
ZZYY 55572 09070 1700/ 335416 158273 6112/
11119 30290 40290 57001
444 20120 09070 1611/ 50101 9/015=
ZZYY 56533 09070 1900/ 329916 114517 6111/
11119 30160 40160 52006
22219 00209
444 20110 09070 1921/ 50101 80100 80002 9/015=
ZZYY 55643 09070 1910/ 318247 162025 6111/
11119 40149
22219 00248
33311 88872 20000 32480 43540
444 20110 09070 1916/ 50101 80120 80000 9/015=
ZZYY 55641 09070 1920/ 317629 157019 6112/
11119 40152
22219 00264
33311 88872 20000 32635 43536
444 20120 09070 1738/ 50101 80110 80100 9/015=
ZZYY 55642 09070 1900/ 315023 160988 6111/
11119 40133
22219 00263
33311 88872 20000 32625 43536
444 20110 09070 1916/ 50101 80120 80100 9/015=
ZZYY 52750 09070 1900/ 314502 144988 6113/
11119 40142
22219 00230
33311 88872 20000 32300 42054
444 20130 09070 1917/ 50101 80110 80000 9/015=
ZZYY 56504 09070 1800/ 350940 159591 6111/
11119 30288 40288 57004
22219 00087
444 20110 09070 1926/ 50101 80100 80060 9/015=
ZZYY 56502 09070 1900/ 343159 114599 6113/
11119 39970 49970 57017
22219 00109
444 20130 09070 1926/ 50101 80100 80060 9/015=
ZZYY 56511 09070 1910/ 349806 123318 6112/
11119 39845 49845 57001
22219 00057
444 20120 09070 1927/ 50101 80110 80000 9/015=
ZZYY 56511 09070 1810/ 349799 123267 6113/
11119 39844 49844 57004
22219 00057
444 20130 09070 1754/ 50101 80110 80000 9/015=
ZZYY 56529 09070 1850/ 324025 098096 6111/
11119 30209 40209 57019
22219 00211
444 20110 09070 1922/ 50101 80090 80005 9/015=
ZZYY 56529 09070 1750/ 324017 098097 6112/
11119 30215 40215 57013
22219 00211
444 50101 80090 80005 9/015=
ZZYY 56534 09070 1900/ 332257 091839 6112/
11119 30229 40229 57011
22219 00167
444 20120 09070 1921/ 50101 80100 80017 9/015=
ZZYY 56534 09070 1800/ 332260 091824 6111/
11119 30234 40234 57008
22219 00167
444 20110 09070 1743/ 50101 80100 80021 9/015=
ZZYY 56536 09070 1800/ 315548 095902 6111/
11119 30159 40159 57005
22219 00259
444 20110 09070 1739/ 50101 80110 80014 9/015=
ZZYY 56535 09070 1850/ 317653 108040 6112/
11119 30163 40163 57007
22219 00258
444 20120 09070 1748/ 50101 80100 80003 9/015=
ZZYY 56535 09070 1800/ 317653 108040 6112/
11119 30169 40169 52001
22219 00258
444 20120 09070 1748/ 50101 80100 80002 9/015=
ZZYY 56532 09070 1900/ 312693 076542 6111/
11119 30122 40122 52002
22219 00264
444 20110 09070 1922/ 50101 80100 80002 9/015=
ZZYY 56532 09070 1800/ 312684 076548 6113/
11119 30122 40122 52005
22219 00264
444 20130 09070 1737/ 50101 80100 80002 9/015=
ZZYY 23714 09070 1900/ 309093 089774 6111/
11119 30111 40111 57011
22219 00276
444 20110 09070 1628/ 50101 80130 80067 9/015=
ZZYY 56519 09070 1920/ 319570 098593 6112/
11119 30179 40179 57009
22219 00237
444 20120 09070 1750/ 50101 80100 80000 9/015=
ZZYY 56519 09070 1820/ 319570 098593 6112/
11119 30183 40183 57006
22219 00237
444 20120 09070 1750/ 50101 80100 80000 9/015=
ZZYY 56518 09070 1900/ 328494 093238 6112/
11119 30253 40253 57001
22219 00196
444 20120 09070 1923/ 50101 80100 80057 9/015=
ZZYY 56518 09070 1800/ 328492 093236 6111/
11119 30255 40255 57005
22219 00196
444 20110 09070 1752/ 50101 80100 80056 9/015=
ZZYY 56524 09070 1800/ 324038 110832 6112/
11119 30200 40200 57004
22219 00216
444 20120 08070 1432/ 50101 80100 80065 9/015=
ZZYY 56526 09070 1910/ 312286 096137 6112/
11119 30126 40126 57013
22219 00272
444 20120 09070 1748/ 50101 80110 80002 9/015=
ZZYY 56526 09070 1810/ 312286 096137 6112/
11119 30132 40132 57007
22219 00272
444 20120 09070 1748/ 50101 80110 80002 9/015=
####018007359####
SSVX11 LFVW 091936 RRA
ZZYY 52079 09070 11004 100056 147010 6112/
11119 00407 10289 29070 30106 40106
22219 00302
33311 88872 20000 33019 20002 33019 43490 20025 33001 43505
20050 32984 43511 20075 32949 43526 20100 32710 43532
20125 32540 43522 20150 32449 43547 20200 31669 43535
20250 31381 43506 20300 31155 43485 20500 30832 43462
20750 30571 43453
444 20120 09070 1057/ 522// 60401=
ZZYY 52079 09070 08004 100054 147008 6111/
11119 00307 10292 29067 30093 40093
22219 00304
33311 88872 20000 33044 20002 33044 43489 20025 33001 43507
20050 32967 43516 20075 32902 43538 20100 32656 43524
20125 32528 43532 20150 32415 43555 20200 31608 43530
20250 31358 43503 20300 31144 43484 20500 30837 43462
20750 30574 43452
444 20110 09070 0750/ 522// 60401=
ZZYY 52079 09070 10004 100061 147007 6111/
11119 00307 10290 29068 30101 40101
22219 00302
33311 88872 20000 33023 20002 33023 43490 20025 33001 43506
20050 32978 43513 20075 32935 43530 20100 32685 43528
20125 32533 43526 20150 32449 43550 20200 31677 43536
20250 31370 43504 20300 31148 43485 20500 30829 43461
20750 30572 43453
444 20110 09070 0949/ 522// 60401=
ZZYY 52079 09070 19004 100053 147009 6111/
11119 00308 10289 29070 30096 40096
22219 00299
33311 88872 20000 32992 20002 32992 43494 20025 33000 43509
20050 32963 43516 20075 32941 43529 20100 32795 43541
20125 32540 43522 20150 32457 43540 20200 31915 43555
20250 31403 43509 20300 31176 43487 20500 30858 43463
20750 30593 43452
444 20110 09070 1912/ 522// 60401=
ZZYY 52082 09070 1900/ 102035 156021 6111/
33311 88872 20002 32979 43457 20025 32980 43462 20050 32981 43460
20075 32982 43470 20100 32824 20300 31034 43474 20750 30589 43453
444 20110 09070 1912/ 522//=
ZZYY 52082 09070 16004 102036 156023 6113/
11119 00208 10282 29073 30105 40105
22219 00298
33311 88872 20000 32979 20002 32979 43458 20025 32981 43462
20050 32981 43460 20075 32984 43466 20100 32813 20125 32485 43502
20150 32056 43495 20200 31402 43464 20250 31136 43474
20300 31025 43474 20500 30818 43458 20750 30599 43453=
ZZYY 52082 09070 18004 102036 156022 6112/
11119 00309 10285 29071 30098 40098
22219 00298
444 20120 09070 1734/ 522// 60401=
ZZYY 52082 09070 17004 102036 156022 6112/
11119 00208 10283 29072 30100 40100
22219 00298
33311 88872 20000 32979 20125 32550 43485 20150 32112 43502
20200 31416 43464 20250 31142 43474 20500 30817 43459
444 20120 09070 1734/ 522// 60401=
ZZYY 52085 09070 15004 100014 156047 6113/
11119 00311 10286 29074 30108 40108
22219 00294
33311 88872 20000 32939 20002 32939 43506 20025 32940 43514
20050 32933 43513 20075 32869 43539 20100 32660 43518
20125 32528 43530 20150 32332 43556 20200 31736 43527
20250 31400 43504 20300 31140 43481 20500 30787 43460
20750 30569 43452
444 20130 09070 1419/ 522// 60401=
ZZYY 52085 09070 12004 100017 156047 6113/
11119 00309 10288 29070 30114 40114
22219 00295
33311 88872 20000 32945 20002 32945 43505 20025 32938 43515
20050 32919 43522 20075 32790 43528 20100 32574 43518
20125 32522 43542 20150 32311 43559 20200 31741 43531
20250 31428 43508 20300 31142 43480 20500 30818 43460
20750 30579 43453
444 20130 09070 1126/ 522// 60401=
ZZYY 52085 09070 11004 100016 156046 6113/
11119 00308 10288 29072 30111 40111
22219 00295
33311 88872 20000 32948 20002 32948 43506 20025 32937 43516
20050 32918 43524 20075 32790 43528 20100 32575 43519
20125 32512 43545 20150 32307 43558 20200 31718 43532
20250 31430 43508 20300 31143 43480 20500 30811 43460
20750 30578 43453
444 20130 09070 1057/ 522// 60401=
ZZYY 52085 09070 08004 100014 156045 6113/
11119 00308 10287 29072 30095 40095
22219 00296
33311 88872 20000 32963 20002 32963 43507 20025 32937 43516
20050 32916 43525 20075 32765 43523 20100 32570 43518
20125 32538 43543 20150 32332 43552 20200 31748 43532
20250 31456 43510 20300 31146 43480 20500 30830 43460
20750 30590 43452
444 20130 09070 0749/ 522// 60401=
ZZYY 52085 09070 10004 100015 156045 6113/
11119 00408 10288 29071 30108 40108
22219 00296
33311 88872 20000 32957 20002 32957 43506 20025 32937 43516
20050 32917 43525 20075 32772 43524 20100 32563 43519
20125 32444 43539 20150 32307 43558 20200 31719 43534
20250 31431 43508 20300 31142 43481 20500 30830 43460
20750 30585 43452
444 20130 09070 0947/ 522// 60401=
ZZYY 52078 09070 13004 104959 147032 6113/
11119 00808 30114 40114
22219 00297
33311 88872 20000 32966 20002 32966 43385 20025 32966 43383
20050 32969 43416 20075 32913 43446 20100 32701 43478
20125 32524 43488 20150 31910 43471 20200 31187 43454
20250 30992 43459 20300 30911 43460 20500 30754 43456
20750 30594 43453
444 20130 09070 1237/ 522// 60401=
ZZYY 52078 09070 15004 104961 147034 6112/
11119 00904 30108 40108
22219 00297
33311 88872 20000 32965 20002 32965 43385 20025 32967 43384
20050 32974 43406 20075 32931 43443 20100 32747 43473
20125 32534 43488 20150 31926 43474 20200 31277 43453
20250 31002 43458 20300 30909 43461 20500 30762 43457
20750 30596 43453
444 20120 09070 1548/ 522// 60401=
ZZYY 52078 09070 12004 104960 147030 6113/
11119 00809 30114 40114
22219 00297
33311 88872 20000 32966 20002 32966 43385 20025 32964 43382
20050 32975 43404 20075 32921 43446 20100 32704 43477
20125 32519 43488 20150 31873 43472 20200 31167 43455
20250 30987 43458 20300 30903 43462 20500 30749 43457
20750 30600 43454
444 20130 09070 1127/ 522// 60401=
ZZYY 52078 09070 09004 104960 147032 6113/
11119 00907 30098 40098
22219 00298
33311 88872 20000 32977 20002 32977 43387 20025 32967 43384
20050 32975 43406 20075 32917 43446 20100 32725 43475
20125 32532 43488 20150 32319 43479 20200 31436 43460
20250 31022 43458 20300 30923 43461 20500 30773 43458
20750 30600 43454
444 20130 09070 0930/ 522// 60401=
ZZYY 52078 09070 11004 104960 147031 6113/
11119 00809 30110 40110
22219 00297
33311 88872 20000 32969 20002 32969 43385 20025 32965 43382
20050 32975 43405 20075 32918 43446 20100 32701 43478
20125 32518 43489 20150 31938 43478 20200 31237 43457
20250 30992 43459 20300 30904 43460 20500 30762 43457
20750 30598 43454=
ZZYY 52078 09070 10004 104960 147031 6113/
11119 00807 30104 40104
22219 00297
33311 88872 20000 32972 20002 32972 43386 20025 32966 43384
20050 32974 43407 20075 32915 43447 20100 32704 43477
20125 32521 43488 20150 32176 43489 20200 31323 43460
20250 30999 43459 20300 30907 43461 20500 30774 43458
20750 30602 43453
444 20130 09070 0950/ 522// 60401=
ZZYY 52083 09070 0900/ 108010 155961 6111/
11119 10286 29076 30115 40115
22219 00296
33311 88872 20000 32957 20002 32957 43416 20025 32934 43416
20050 32934 43419 20075 32932 43425 20100 32879 43450
20125 32558 43476 20150 31838 43471 20200 31132 43449
20250 30996 43459 20300 30946 43462 20500 30779 43456
20750 30582 43452
444 20110 09070 0919/ 522//=
ZZYY 52083 09070 1100/ 108015 155945 6111/
11119 10285 29080 30126 40126
22219 00295
33311 88872 20000 32945 20002 32945 43416 20025 32933 43416
20050 32933 43420 20075 32924 43428 20100 32825 43456
20125 32500 43479 20150 31939 43473 20200 31217 43449
20250 31022 43456 20300 30960 43460 20500 30780 43456
20750 30572 43452
444 20110 09070 1058/ 522//=
####018000413####
SSVX02 KARS 091938 RRA
ZZYY 14926 09070 1840/ 325121 071670 6111/
11119 30206 40206 57005
444 20110 09070 1804/ 50101 8//// 80100 9/015=
ZZYY 33571 09070 1910/ 330558 067153 6111/
11119 30280 40280 57002
22219 00193
444 20110 09070 1923/ 50101 8//// 80084 9////=
ZZYY 33571 09070 1810/ 330574 067157 6112/
11119 30282 40282 52001
22219 00192
444 20120 09070 1802/ 50101 8//// 80076 9////=
####018014923####
SSVX02 KARS 091938
ZZYY 23682 09070 1810/ 309540 081555 6111/
11119 30111 40111 54000
22219 00271
444 20110 09070 1738/ 50101 80120 80063 9/015=
ZZYY 23682 09070 1910/ 309540 081555 6111/
11119 30108 40108 57008
22219 00271
444 20110 09070 1738/ 50101 80120 80063 9/015=
ZZYY 14915 09070 1910/ 338807 062475 6112/
11119 30307 40307 52003
22219 00148
444 20120 09070 1801/ 50101 80120 80063 9/015=
ZZYY 16936 09070 1900/ 348592 092607 6111/
11119 39827 49827 57031
22219 00072
444 20110 09070 1923/ 50101 80120 80000 9/015=
ZZYY 16942 09070 1900/ 349538 077053 6111/
11119 39934 49934 52034
22219 00011
444 20110 09070 1757/ 50101 80120 80017 9/015=
ZZYY 16942 09070 1800/ 349538 077053 6111/
11119 39921 49921 52031
22219 00011
444 20110 09070 1757/ 50101 80120 80016 9/015=
ZZYY 16599 09070 1900/ 336489 061175 6112/
11119 30324 40324 52005
22219 00149
444 20120 09070 1801/ 50101 80120 80027 9/015=
ZZYY 16565 09070 1920/ 337141 086055 6111/
11119 30192 40192 57010
22219 00137
444 20110 09070 1755/ 50101 80110 80006 9////=
ZZYY 16593 09070 1910/ 324999 090594 6111/
11119 30219 40219 57004
22219 00206
444 20110 09070 1752/ 50101 80110 80010 9////=
ZZYY 16593 09070 1810/ 324999 090594 6111/
11119 30225 40225 57003
22219 00206
444 20110 09070 1752/ 50101 80110 80010 9////=
ZZYY 16530 09070 1820/ 331183 104599 6112/
22219 00176
444 20120 09070 1753/ 50101 8//// 80013 9////=
ZZYY 14543 09070 1830/ 330223 069839 6111/
11119 40268 57001
22219 00205
444 20110 09070 1802/ 50101 80011 80005 9////=
ZZYY 14919 09070 1926/ 330071 062321 6112/
444 20120 09070 1803/ 50101 8//// 80097 9/015=
ZZYY 34545 09070 1830/ 352751 069981 6112/
11119 49959 52067
22219 00021
444 20120 09070 1801/ 50101 80011 80004 9////=
ZZYY 34512 09070 1920/ 351162 054990 6111/
11119 40084 52002
22219 00029
444 20110 09070 1759/ 50101 80011 80005 9////=
ZZYY 34512 09070 1820/ 351162 054990 6111/
11119 40086 52003
22219 00029
444 20110 09070 1759/ 50101 80011 80004 9////=
ZZYY 17506 09070 1900/ 332890 093593 6112/
22219 00175
444 20120 09070 1922/ 50101 80010 80100 9/015=
ZZYY 16951 09070 1920/ 324680 095300 6113/
22219 00208
444 20130 09070 1922/ 50101 9/015=
ZZYY 17667 09070 1850/ 330732 070871 6112/
22219 00203
444 20120 09070 1922/ 50101 8//// 80095 9/015=
ZZYY 56605 09070 1920/ 340238 115137 6111/
11119 30016 40016 54000
22219 00121
444 20110 09070 1924/ 50101 80110 80000 9/015=
ZZYY 33575 09070 1900/ 328873 071894 6111/
11119 30255 40255 52001
444 20110 09070 1922/ 50101 80006 80100 9////=
ZZYY 17512 09070 1850/ 331823 084487 6113/
22219 00177
444 20130 09070 1922/ 50101 9/015=
ZZYY 33677 09070 1910/ 331258 080288 6113/
22219 00189
444 20130 09070 1922/ 50101 9/015=
ZZYY 14907 09070 1840/ 331404 068436 6111/
22219 00183
444 20110 09070 1802/ 50101 9/015=
ZZYY 33666 09070 0450/ 334328 090465 6112/
444 20120 09070 0151/ 50101 9/015=
ZZYY 56554 09070 1840/ 326035 060127 6112/
11119 30240 40240 52001
22219 00235
444 20120 09070 1805/ 50101 80008 80100 9////=
ZZYY 71705 09070 1920/ 342491 078872 6111/
22219 00089
444 20110 09070 1923/ 50101 9/015=
ZZYY 16580 09070 1910/ 340449 061017 6112/
11119 30305 40305 52007
22219 00145
444 20120 09070 1759/ 50101 80120 80058 9/015=
ZZYY 16580 09070 1810/ 340449 061017 6112/
11119 30302 40302 52006
22219 00145
444 20120 09070 1759/ 50101 80120 80051 9/015=
ZZYY 16955 09070 1840/ 332968 059900 6113/
22219 00167
444 20130 09070 1802/ 50101 9/015=
ZZYY 16554 09070 1910/ 345733 064962 6112/
11119 30220 40220 52018
22219 00056
444 20120 09070 1758/ 50101 80110 80057 9/015=
ZZYY 16573 09070 1910/ 342705 100906 6111/
11119 30014 40014 57012
22219 00109
444 20110 09070 1922/ 50101 80110 80063 9/015=
ZZYY 14908 09070 1830/ 332727 074360 6112/
22219 00169
444 20120 09070 1923/ 50101 8//// 80013 9/015=
ZZYY 17659 09070 1820/ 329906 071502 6111/
22219 00189
444 20110 09070 1802/ 50101 9/015=
ZZYY 17659 09070 1920/ 329895 071492 6112/
22219 00190
444 20120 09070 1924/ 50101 9/015=
ZZYY 16558 09070 1910/ 344857 092707 6111/
11119 39938 49938 57035
22219 00094
444 20110 09070 1923/ 50101 80120 80040 9/015=
ZZYY 14932 09070 1910/ 324777 060991 6112/
11119 30229 40229 57002
22219 00229
444 20120 09070 1805/ 50101 80120 80004 9/015=
ZZYY 16584 09070 1920/ 352823 112848 6112/
11119 39860 49860 52015
22219 00019
444 20120 09070 1757/ 50101 80110 80063 9/015=
ZZYY 16584 09070 1820/ 352823 112848 6112/
11119 39853 49853 52006
22219 00019
444 20120 09070 1757/ 50101 80110 80063 9/015=
ZZYY 16597 09070 1810/ 349410 100595 6112/
11119 39892 49892 57018
22219 00045
444 20120 09070 1756/ 50101 80120 80000 9/015=
ZZYY 33517 09070 1840/ 352457 087652 6112/
11119 39753 49753 57029
22219 00031
444 20120 09070 1759/ 50101 80007 80100 9/015=
ZZYY 16595 09070 1910/ 338085 083016 6111/
11119 30196 40196 57005
22219 00138
444 20110 09070 1922/ 50101 80120 80000 9/015=
ZZYY 16595 09070 1810/ 338090 082994 6111/
11119 30191 40191 57013
22219 00138
444 20110 09070 1756/ 50101 80120 80000 9/015=
ZZYY 17672 09070 1830/ 332457 085008 6112/
22219 00178
444 20120 09070 1744/ 50101 9/015=
ZZYY 16588 09070 1900/ 343404 100714 6112/
11119 30006 40006 57013
22219 00105
444 20120 09070 1922/ 50101 80120 80004 9/015=
ZZYY 16588 09070 1800/ 343398 100703 6112/
11119 30015 40015 57007
22219 00105
444 20120 09070 1755/ 50101 80120 80005 9/015=
ZZYY 16594 09070 1910/ 341237 099937 6112/
11119 30033 40033 57011
22219 00113
444 20120 09070 1923/ 50101 80120 80000 9/015=
ZZYY 16594 09070 1810/ 341252 099929 6112/
11119 30031 40031 57015
22219 00113
444 20120 09070 1754/ 50101 80120 80000 9/015=
ZZYY 16561 09070 1910/ 342600 089799 6112/
11119 30019 40019 57023
22219 00113
444 20120 09070 1923/ 50101 80110 80000 9/015=
ZZYY 16561 09070 1810/ 342614 089739 6111/
11119 30029 40029 57018
22219 00113
444 20110 09070 1756/ 50101 80110 80000 9/015=
ZZYY 33967 09070 1820/ 340062 069827 6112/
22219 00140
444 20120 09070 1800/ 50101 80009 9/015=
ZZYY 33967 09070 1920/ 340075 069856 6111/
22219 00140
444 20110 09070 1924/ 50101 80009 9/015=
ZZYY 33678 09070 1910/ 333200 071258 6112/
22219 00172
444 20120 09070 1923/ 50101 9/015=
ZZYY 33509 09070 1910/ 342001 094096 6112/
22219 00118
444 20120 09070 1923/ 50101 8//// 80099 9/015=
ZZYY 71608 09070 1920/ 346409 099227 6111/
22219 00052
444 20110 09070 1923/ 50101 9/015=
ZZYY 56570 09070 1910/ 356620 115458 6113/
11119 39826 49826 57011
22219 00015
444 20130 09070 1758/ 50101 80110 80008 9/015=
ZZYY 56570 09070 1810/ 356620 115458 6113/
11119 39826 49826 57015
22219 00015
444 20130 09070 1758/ 50101 80110 80005 9/015=
ZZYY 56566 09070 1910/ 359936 112637 6112/
11119 39760 49760 57018
22219 01006
444 20120 09070 1758/ 50101 80110 80012 9/015=
ZZYY 56566 09070 1810/ 359936 112637 6112/
11119 39764 49764 57023
22219 01006
444 20120 09070 1758/ 50101 80110 80016 9/015=
ZZYY 23908 09070 1900/ 307034 093044 6112/
11119 30102 40102 57014
22219 00287
444 20120 09070 1600/ 50101 80120 80005 9/015=
ZZYY 56610 09070 1910/ 322541 110897 6111/
11119 30179 40179 57009
22219 00242
444 20110 09070 1922/ 50101 80120 80008 9/015=
ZZYY 56901 09070 1910/ 319520 109278 6111/
11119 38500 48500 54000
22219 00250
444 20110 09070 1922/ 50101 80120 80004 9/015=
ZZYY 16529 09070 1920/ 348861 111433 6113/
22219 00058
444 20130 09070 1745/ 50101 9/015=
ZZYY 17914 09070 1830/ 335794 079168 6113/
22219 00156
444 20130 09070 1732/ 50101 80010 80100 9/015=
ZZYY 33971 09070 1840/ 344766 066352 6112/
22219 00064
444 20120 09070 1800/ 50101 80008 80100 9/015=
ZZYY 71641 09070 1900/ 353873 069160 6111/
22219 00022
444 20110 09070 1801/ 50101 8//// 80068 9////=
ZZYY 17664 09070 1900/ 343713 047363 6112/
11119 30248 40248 57012
22219 00056
444 20120 09070 1802/ 50101 80110 80003 9/015=
ZZYY 16578 09070 1830/ 344086 106320 6112/
22219 00101
444 20120 09070 1755/ 50101 8//// 80009 9////=
ZZYY 33535 09070 1840/ 353403 072260 6111/
22219 00017
444 20110 09070 1801/ 50101 80010 80000 9////=
ZZYY 33972 09070 1910/ 335782 057364 6112/
444 20120 09070 1805/ 50101 80011 80000 9////=
ZZYY 33972 09070 1810/ 335782 057364 6112/
444 20120 09070 1805/ 50101 80011 80000 9////=
ZZYY 71640 09070 1920/ 348055 078308 6111/
11119 49971 52022
22219 00044
444 20110 09070 1800/ 50101 80010 80003 9////=
ZZYY 33628 09070 1830/ 354194 062673 6111/
11119 49978 52018
22219 00015
444 20110 09070 1802/ 50101 80011 80007 9////=
ZZYY 33629 09070 1840/ 345951 067499 6112/
11119 40198 52014
22219 00048
444 20120 09070 1758/ 50101 80011 80005 9////=
ZZYY 33665 09070 1820/ 352370 058092 6111/
11119 40039 52007
22219 00018
444 20110 09070 1757/ 50101 80011 80006 9////=
ZZYY 33663 09070 1810/ 348430 053383 6111/
11119 40179 57003
22219 00040
444 20110 09070 1729/ 50101 80011 80006 9////=
ZZYY 34514 09070 1810/ 347232 056145 6111/
11119 40220 57001
22219 00049
444 20110 09070 1800/ 50101 80011 80004 9////=
ZZYY 16962 09070 1840/ 327935 078534 6113/
11119 40240 57001
22219 00211
444 20130 09070 1923/ 50101 80010 80000 9////=
ZZYY 16963 09070 1840/ 328018 071951 6111/
11119 40248 57001
22219 00206
444 20110 09070 1802/ 50101 80010 80000 9////=
ZZYY 16609 09070 1840/ 326088 071825 6111/
11119 40221 57003
22219 00211
444 20110 09070 1802/ 50101 80011 80003 9////=
ZZYY 71563 09070 1850/ 357673 068346 6111/
22219 00004
444 20110 09070 1802/ 50101 80010 80006 9////=
ZZYY 33652 09070 1900/ 358119 079657 6111/
22219 01011
444 20110 09070 1802/ 50101 80011 80004 9////=
ZZYY 71564 09070 1800/ 356703 072045 6112/
444 20120 09070 1801/ 50101 9////=
ZZYY 71617 09070 1820/ 356144 090069 6112/
22219 00002
444 20120 09070 1759/ 50101 80010 80005 9////=
ZZYY 33661 09070 1900/ 345547 062299 6111/
22219 00081
444 20110 09070 1801/ 50101 8//// 80100 9/015=
ZZYY 31992 09070 1820/ 329864 065028 6112/
11119 30280 40280 52003
22219 00203
444 20120 09070 1803/ 50101 8//// 80003 9////=
ZZYY 31992 09070 1920/ 329865 065004 6111/
11119 30277 40277 57004
22219 00203
444 20110 09070 1923/ 50101 8//// 80002 9////=
ZZYY 33593 09070 1900/ 342814 065593 6111/
11119 40266 52011
22219 00112
444 20110 09070 1924/ 50101 80011 80001 9/015=
ZZYY 33570 09070 1810/ 346698 074253 6112/
11119 40090 52026
22219 00103
444 20120 09070 1759/ 50101 80013 80000 9////=
ZZYY 33695 09070 1927/ 347587 055184 6111/
22219 00041
444 20110 09070 1758/ 50101 80086 80005 9/015=
ZZYY 16511 09070 1926/ 330307 075401 6112/
444 20120 09070 1922/ 50101 80010 80056 9////=
ZZYY 17683 09070 1840/ 335543 054357 6112/
11119 30309 40309 57001
444 20120 09070 1802/ 50101 8//// 80100 9/015=
ZZYY 14938 09070 1922/ 304620 089154 6111/
22219 00291
444 20110 09070 1629/ 50101 80119 80012 9/015=
ZZYY 14933 09070 1923/ 306844 084846 6112/
22219 00285
444 20120 09070 1628/ 50101 80111 80030 9/015=
ZZYY 23903 09070 1926/ 319616 072762 6111/
444 20110 09070 1922/ 50101 8//// 80000 9////=
ZZYY 14557 09070 1926/ 338097 056026 6112/
22219 00164
444 20120 09070 1801/ 50101 80117 80005 9/015=
ZZYY 14935 09070 1920/ 303170 086712 6112/
22219 00289
444 20120 09070 1559/ 50101 80097 80033 9/015=
ZZYY 14902 09070 1926/ 341701 057817 6112/
22219 00157
444 20120 09070 1801/ 50101 80117 80008 9/015=
ZZYY 16562 09070 1910/ 325560 067561 6111/
444 20110 09070 1923/ 50101 8//// 80100 9/015=
ZZYY 56559 09070 1920/ 316407 081630 6113/
11119 30128 40128 57004
22219 00249
444 20130 09070 1736/ 50101 8//// 80000 9////=
ZZYY 56559 09070 1820/ 316407 081630 6113/
11119 30131 40131 57001
22219 00249
444 20130 09070 1736/ 50101 8//// 80000 9////=
ZZYY 71614 09070 1830/ 347828 066427 6111/
22219 00036
444 20110 09070 1759/ 50101 80011 80003 9////=
ZZYY 14566 09070 1820/ 326838 063056 6112/
11119 40254 52006
444 20120 09070 1804/ 50101 80010 80000 9////=
ZZYY 71616 09070 1800/ 355579 073668 6111/
11119 49848 52060
22219 00004
444 20110 09070 1802/ 50101 80011 80000 9////=
ZZYY 71568 09070 1830/ 353333 089750 6111/
11119 49753 57014
22219 00021
444 20110 09070 1758/ 50101 80010 80000 9////=
ZZYY 71611 09070 1920/ 353392 090511 6112/
11119 49752 57014
22219 00021
444 20120 09070 1759/ 50101 80011 80000 9////=
ZZYY 71611 09070 1820/ 353392 090511 6112/
11119 49758 57011
22219 00021
444 20120 09070 1759/ 50101 80011 80000 9////=
ZZYY 71609 09070 1900/ 355928 065061 6111/
22219 00010
444 20110 09070 1801/ 50101 80011 80000 9////=
ZZYY 33647 09070 1840/ 353613 076939 6112/
22219 00012
444 20120 09070 1800/ 50101 80011 80000 9////=
ZZYY 16943 09070 1850/ 330347 056491 6113/
11119 30278 40278 57004
22219 00196
444 20130 09070 1806/ 50101 8//// 80000 9////=
ZZYY 16940 09070 1900/ 320432 087722 6111/
11119 30172 40172 57012
22219 00231
444 20110 09070 1922/ 50101 8//// 80000 9////=
ZZYY 33633 09070 1640/ 341764 058070 6111/
11119 30296 40296 52007
22219 00157
444 20110 09070 1620/ 50101 8//// 80032 9////=
ZZYY 33958 09070 1840/ 333301 100239 6112/
11119 30183 40183 57015
22219 00166
444 20120 09070 1923/ 50101 8//// 80000 9////=
ZZYY 16592 09070 1910/ 333270 075486 6113/
11119 30271 40271 57003
22219 00179
444 20130 09070 1923/ 50101 8//// 80000 9////=
ZZYY 16592 09070 1810/ 333271 075479 6111/
11119 30271 40271 57002
22219 00179
444 20110 09070 1801/ 50101 8//// 80000 9////=
ZZYY 55612 09070 1910/ 332580 101792 6113/
11119 30182 40182 57014
22219 00174
444 20130 09070 1923/ 50101 8//// 80084 9////=
ZZYY 55612 09070 1810/ 332586 101778 6113/
11119 30184 40184 57017
22219 00174
444 20130 09070 1752/ 50101 8//// 80057 9////=
ZZYY 14554 09070 1750/ 331486 082041 6111/
11119 40263 57002
22219 00185
444 20110 09070 1743/ 50101 80011 80000 9////=
ZZYY 14554 09070 1850/ 331488 082035 6112/
11119 40264 57003
22219 00185
444 20120 09070 1922/ 50101 80011 80000 9////=
ZZYY 16957 09070 1840/ 325590 088311 6111/
11119 40233 57002
22219 00203
444 20110 09070 1732/ 50101 80010 80000 9////=
ZZYY 16957 09070 1740/ 325590 088311 6111/
11119 40229 52003
22219 00204
444 20110 09070 1732/ 50101 80010 80000 9////=
ZZYY 55948 09070 1900/ 351058 080558 6112/
22219 00031
444 20120 09070 1759/ 50101 8//// 80002 9////=
ZZYY 55934 09070 1810/ 346887 072050 6111/
22219 00044
444 20110 09070 1759/ 50101 8//// 80002 9////=
ZZYY 14926 09070 1740/ 325124 071674 6112/
11119 30211 40211 52005
444 20120 09070 1734/ 50101 8//// 80065 9/015=
####018000423####
SSVX13 KARS 091938
ZZYY 16601 09070 1900/ 339812 071260 6112/
11119 30254 40254 52012
22219 00139
444 20120 09070 1923/ 50101 80120 80000 9/015=
ZZYY 17655 09070 1900/ 347420 081428 6111/
11119 39933 49933 52012
22219 00056
444 20110 09070 1758/ 50101 80110 80100 9/015=
ZZYY 17655 09070 1800/ 347420 081428 6111/
11119 39911 49911 57005
22219 00053
444 20110 09070 1758/ 50101 80110 80100 9/015=
####018002905####
SSVX08 KARS 091938
ZZYY 23006 08070 12004 103974 089600 6111/
11119 01511 10292 29081
22219 00295
33311 88872 20000 32950 20001 32944 43377 20020 32942 43378
20040 32942 43378 20060 32935 43385 20080 32530 20100 32057
20120 31791 20140 31580 20180 31414 20300 31159 20500 30989
444 20110 08070 1204/ 521// 60401=
ZZYY 23002 08070 1200/ 101575 080496 6112/
33311 88872 20001 32909 43459 20020 32911 43459 20040 32911 43453
20060 32911 43458 20100 32345 20120 32098 20140 31882 20180 31564
20300 31166 20500 31019
444 20120 08070 1307/ 521//=
ZZYY 53005 08070 1200/ 308012 080465 6112/
33311 88872 20001 32812 43542 20020 32783 43540 20040 32727 43539
20060 31946 43469 20080 31728 20100 31596 20120 31469 20140 31358
20180 31255 20300 31091 20500 30907
444 20120 08070 1307/ 521//=
ZZYY 53005 09070 19004 308013 080473 6112/
11119 00608 10275 29085 40100
22219 00281
444 20120 09070 1627/ 521// 60401=
ZZYY 23003 08070 1200/ 301520 080526 6112/
33311 88872 20001 32939 43490 20040 32939 43490 20060 32928 43499
20080 32806 20100 32446 20120 32107 20140 31954 20180 31595
20300 31190 20500 30984
444 20120 08070 1307/ 521//=
ZZYY 53006 08070 1200/ 311995 080502 6111/
33311 88872 20001 32649 43445 20020 32620 43446 20040 32615 43446
20060 32611 43448 20080 32358 20100 32199 20120 32091 20140 31967
20180 31562 20300 31124 20500 30868
444 20110 08070 1306/ 521//=
ZZYY 53006 09070 19004 311996 080503 6112/
11119 00909 10262 29090 40113
22219 00265
444 20120 09070 1627/ 521// 60401=
ZZYY 23005 08070 1200/ 101577 090084 6111/
11119 10290 29080
33311 88872 20020 32936 43409 20040 32931 43420 20060 32918 43438
20080 32713 20100 32190 20120 31800 20180 31428 20300 31167
20500 31009
444 20110 08070 1307/ 521//=
ZZYY 23004 08070 12004 100079 089849 6111/
11119 01310 10280 29085
22219 00297
33311 88872 20000 32965 20001 32961 20020 32960 43414
20040 32956 43405
444 20110 08070 1203/ 521// 60401=
ZZYY 23004 09070 19004 100043 089829 6111/
11119 02112 10266 29093
22219 00295
444 20110 09070 1420/ 521// 60401=
ZZYY 23001 08070 1200/ 100071 080553 6111/
33311 88872 20001 32909 43448 20020 32911 43448 20040 32913 43448
20060 32921 43468 20080 32772 20100 32229 20120 32059 20140 31748
20180 31479 20300 31204 20500 30991
444 20110 08070 1307/ 521//=
ZZYY 23010 08070 1200/ 304005 080521 6112/
33311 88872 20001 32844 43530 20040 32856 43547 20060 32519 43540
20080 32250 20100 32031 20120 31884 20140 31710 20180 31585
20300 31144 20500 30950
444 20120 08070 1307/ 521//=
ZZYY 23008 08070 12004 111941 089904 6112/
11119 02109 10291 29081
22219 00294
33311 88872 20000 32942 20001 32928 43260 20020 32939 43286
20040 32950 43304 20060 32931 43392 20080 32655 20100 32284
20120 32032 20140 31823 20180 31483 20300 31176 20500 31001
444 20120 08070 1310/ 521// 60401=
####018000248####
SSVF11 LIIB 091700
ZZYY 61010 09070 17001 143848 009108 6113/
11119  02803 10275 29070 30180 40184
33340 88872 20006 32409 4////
20012 3//// 4////
20020 3//// 4////
20028 31741 4////
20036 3//// 4////
444 10010 20030 51600 6140/=
####018000248####
SSVF11 LIIB 091600
ZZYY 61010 09070 16001 143848 009107 6113/
11119  02502 10275 29071 30179 40183
33340 88872 20006 32415 4////
20012 3//// 4////
20020 3//// 4////
20028 31736 4////
20036 3//// 4////
444 10010 20030 51600 6140/=
####018000248####
SSVF11 LIIB 091400
ZZYY 61010 09070 14001 143848 009107 6113/
11119  02302 10274 29066 30184 40188
33340 88872 20006 32447 4////
20012 3//// 4////
20020 3//// 4////
20028 31682 4////
20036 3//// 4////
444 10010 20030 51600 6140/=
####018000248####
SSVF11 LIIB 091300
ZZYY 61010 09070 13001 143848 009106 6113/
11119  02303 10273 29067 30188 40192
33340 88872 20006 32478 4////
20012 3//// 4////
20020 3//// 4////
20028 31686 4////
20036 3//// 4////
444 10010 20030 51600 6140/=
####018000248####
SSVF11 LIIB 091200
ZZYY 61010 09070 12001 143847 009106 6113/
11119  02102 10272 29070 30188 40192
33340 88872 20006 32429 4////
20012 3//// 4////
20020 3//// 4////
20028 31675 4////
20036 3//// 4////
444 10010 20030 51600 6140/=
####018000248####
SSVF11 LIIB 091500
ZZYY 61010 09070 15001 143848 009107 6113/
11119  02302 10275 29069 30181 40185
33340 88872 20006 32422 4////
20012 3//// 4////
20020 3//// 4////
20028 31694 4////
20036 3//// 4////
444 10010 20030 51600 6140/=
