####018000125####
SSVX02 CWAO 211815
ZZYY 47531 21091 1815/ 784418 064754 6113/ 11131 10000 444 20130 21091 1815/ 50701 80138 80001 9////=
####018000125####
SSVX02 CWAO 211815
ZZYY 47532 21091 1815/ 782991 062214 6113/ 11119 11058 444 20130 21091 1815/ 50701 80138 80001 9////=
####018000125####
SSVX02 CWAO 211815
ZZYY 47537 21091 1815/ 784418 064818 6113/ 22291 00003 444 20130 21091 1815/ 50701 80138 80001 9////=
####018000125####
SSVX02 CWAO 211815
ZZYY 47533 21091 1815/ 782989 062183 6113/ 22291 01005 444 20130 21091 1815/ 50701 80138 80001 9////=
####018000143####
SSVX02 CWAO 192300
ZZYY 48698 19091 2300/ 173043 172539 6113/ 11131 40475 52006 22219 01014 444 20130 19091 2300/ 50101 80136 80001 9////=
####018000117####
SSVX07 LFVW 211823
ZZYY 48548 21091 1810/ 774309 127577 6111/
11119 11011 39961 49961
444 20110 21091 1803/=
####018000289####
SSVX13 LFVW 211823
ZZYY 23999 21091 1710/ 318088 050879 6111/
11119 30216 40216 52019
22219 00246
444 20110 21091 1624/ 50101 80100 80011 9/015=
ZZYY 23998 21091 1730/ 314754 057779 6111/
11119 30199 40199 52018
22219 00249
444 20110 21091 1642/ 50101 80100 80011 9/015=
####018000128####
SSVX02 CWAO 211815
ZZYY 47532 21091 1815/ 782991 062214 6113/ 11119 11058 444 20130 21091 1815/ 50701 80138 80001 9////=

####018000128####
SSVX02 CWAO 211815
ZZYY 47537 21091 1815/ 784418 064818 6113/ 22291 00003 444 20130 21091 1815/ 50701 80138 80001 9////=

####018000128####
SSVX02 CWAO 211815
ZZYY 47531 21091 1815/ 784418 064754 6113/ 11131 10000 444 20130 21091 1815/ 50701 80138 80001 9////=

####018000146####
SSVX02 CWAO 192300
ZZYY 48698 19091 2300/ 173043 172539 6113/ 11131 40475 52006 22219 01014 444 20130 19091 2300/ 50101 80136 80001 9////=

####018000128####
SSVX02 CWAO 211815
ZZYY 47533 21091 1815/ 782989 062183 6113/ 22291 01005 444 20130 21091 1815/ 50701 80138 80001 9////=

####018000669####
SSVX08 KARS 211824
ZZYY 14046 20091 12004 316004 055000 6111/
11119 01116 10246 29087 40174
33311 88872 20020 32456 43535 20040 32455 43555 20060 32455 43531
20080 32458 20100 32409 20120 32239 20140 32082 20500 30956
444 20110 20091 1212/ 521// 60401=
ZZYY 14046 21091 18004 316001 055000 6112/
11119 01113 10244 29083 40201
444 20120 21091 1642/ 521// 60401=
ZZYY 14042 20091 12004 312037 054984 6111/
11119 00914 10259 29089 40144
22219 00259
33311 88872 20000 32595 20001 32587 43552 20020 32585 43557
20040 32584 43557 20060 32586 43560 20080 32576 20100 32301
20140 31871 20180 31655 20300 31199
444 20110 20091 1213/ 521// 60401=
####018005679####
SSVX02 KARS 211824
ZZYY 16593 21091 1740/ 328583 056730 6111/
11119 30233 40233 52009
22219 00211
444 20110 21091 1757/ 50101 80100 80009 9////=
ZZYY 14549 21091 1650/ 332711 059870 6112/
11119 30226 40226 52016
22219 00178
444 20120 21091 1638/ 50101 8//// 80005 9////=
ZZYY 14923 21091 1750/ 315082 051528 6112/
11119 30198 40198 52015
22219 00244
444 20120 21091 1804/ 50101 80145 80008 9/015=
ZZYY 14923 21091 1650/ 315082 051528 6112/
11119 30197 40197 52023
22219 00245
444 20120 21091 1804/ 50101 80145 80008 9/015=
ZZYY 16962 21091 1700/ 327281 047528 6113/
22219 00220
444 20130 21091 1640/ 50101 80009 80000 9////=
ZZYY 16962 21091 1800/ 327249 047530 6112/
22219 00221
444 20120 21091 1804/ 50101 80008 80000 9////=
ZZYY 33908 21091 1730/ 331388 004405 6112/
11119 30279 40279 52005
22219 00171
444 20120 21091 1700/ 50101 8//// 80000 9/015=
ZZYY 14925 21091 1750/ 310378 046855 6111/
11119 30159 40159 52016
22219 00247
444 20110 21091 1644/ 50101 80153 80009 9/015=
ZZYY 17653 21091 1730/ 337918 004661 6112/
11119 30259 40259 52001
22219 00126
444 20120 21091 1658/ 50101 80080 80012 9/015=
ZZYY 14930 21091 1650/ 309756 046815 6111/
11119 30152 40152 52020
22219 00252
444 20110 21091 1645/ 50101 80145 80010 9/015=
ZZYY 14918 21091 1710/ 333367 046587 6113/
11119 30223 40223 52019
22219 00182
444 20130 21091 1639/ 50101 80123 80006 9/015=
ZZYY 33571 21091 1740/ 328436 043040 6113/
11119 30229 40229 52021
22219 00231
444 20130 21091 1756/ 50101 8//// 80093 9////=
ZZYY 33687 21091 1803/ 333695 061792 6111/
22219 00151
444 20110 21091 1756/ 50101 80070 80000 9/015=
ZZYY 16963 21091 1710/ 325393 059856 6111/
444 20110 21091 1641/ 50101 9////=
ZZYY 16609 21091 1710/ 327364 051387 6113/
11119 40204 52008
22219 00217
444 20130 21091 1640/ 50101 80010 80002 9////=
ZZYY 16608 21091 1750/ 330413 044544 6113/
11119 40234 52014
22219 00199
444 20130 21091 1756/ 50101 80010 80004 9////=
ZZYY 14939 21091 1750/ 319591 055471 6112/
11119 30219 40219 52008
22219 00238
444 20120 21091 1641/ 50101 80145 80010 9/015=
ZZYY 55946 21091 1740/ 355978 026810 6112/
11119 39874 49874 57012
22219 00003
444 20120 21091 1753/ 50101 80100 80004 9/015=
ZZYY 14947 21091 1650/ 309256 046647 6111/
11119 30153 40153 52022
22219 00253
444 20110 21091 1645/ 50101 80138 80011 9/015=
ZZYY 11948 21091 1500/ 308163 048587 6113/
22219 00264=
ZZYY 11948 21091 1800/ 308178 048587 6113/
22219 00264=
ZZYY 33900 21091 1730/ 319451 000404 6112/
11119 30205 40205 52005
22219 00186
444 20120 21091 1703/ 50101 80110 80010 9/015=
ZZYY 33557 21091 1640/ 335845 046439 6113/
11119 30228 40228 52029
22219 00157
444 20130 21091 1638/ 50101 80110 80004 9/015=
ZZYY 33557 21091 1740/ 335833 046421 6112/
11119 30235 40235 52027
22219 00157
444 20120 21091 1755/ 50101 80110 80004 9/015=
ZZYY 33558 21091 1800/ 328852 007722 6111/
11119 30267 40267 52003
22219 00167
444 20110 21091 1803/ 50101 80110 80005 9/015=
ZZYY 15912 21091 1809/ 303640 003711 6113/
22219 00242
444 20130 21091 1715/ 50101 80152 80007 9/015=
ZZYY 14922 21091 1710/ 310601 047332 6112/
11119 30158 40158 52020
22219 00248
444 20120 21091 1644/ 50101 80110 80011 9/015=
ZZYY 31708 21091 1809/ 331509 009950 6111/
22219 00166
444 20110 21091 1804/ 50101 80006 80031 9////=
ZZYY 17671 21091 1740/ 327409 055731 6112/
22219 00207
444 20120 21091 1639/ 50101 80080 80100 9/015=
ZZYY 15904 21091 1809/ 310814 007209 6111/
22219 00206
444 20110 21091 1807/ 50101 80152 80006 9/015=
ZZYY 71630 21091 1800/ 338268 038936 6112/
11119 30262 40262 52038
22219 00133
444 20120 21091 1754/ 50101 80100 80000 9/015=
ZZYY 14914 21091 1800/ 301076 050177 6112/
11119 30139 40139 52017
22219 00278
444 20120 21091 1646/ 50101 80120 80022 9/015=
ZZYY 15679 21091 1809/ 308934 006310 6111/
22219 00224
444 20110 21091 1532/ 50101 80152 80009 9/015=
ZZYY 33696 21091 1720/ 333187 050225 6112/
11119 30224 40224 52017
22219 00165
444 20120 21091 1756/ 50101 80100 80000 9/015=
ZZYY 14563 21091 1700/ 323615 041339 6113/
11119 30195 40195 57239
22219 00239
444 20130 21091 1641/ 50101 80110 80002 9/015=
ZZYY 14545 21091 1750/ 317661 055485 6111/
11119 30210 40210 57242
22219 00240
444 20110 21091 1642/ 50101 80110 80014 9/015=
ZZYY 14545 21091 1650/ 317661 055485 6111/
11119 30207 40207 57237
22219 00240
444 20110 21091 1642/ 50101 80110 80011 9/015=
ZZYY 17679 21091 1800/ 333504 051671 6112/
444 20120 21091 1756/ 50101 80070 80059 9/015=
ZZYY 15508 21091 1740/ 332102 013400 6113/
11119 30278 40278 52004
22219 00183
444 20130 21091 1519/ 50101 80050 80000 9/015=
ZZYY 14550 21091 1810/ 332375 036907 6113/
11119 30253 40253
22219 00194
444 20130 21091 1757/ 50101 80110 80100 9/015=
ZZYY 17520 21091 1807/ 336015 045546 6113/
22219 00161
444 20130 21091 1755/ 50101 80094 80000 9////=
ZZYY 33520 21091 1650/ 338900 055260 6112/
11119 30194 40194 52027
22219 00153
444 20120 21091 1637/ 50101 80100 80000 9/015=
ZZYY 14948 21091 1720/ 321242 050219 6112/
11119 30206 40206 57238
22219 00242
444 20120 21091 1640/ 50101 80110 80008 9/015=
ZZYY 33555 21091 1720/ 339662 006356 6111/
11119 30227 40227 57008
22219 00119
444 20110 21091 1657/ 50101 80100 80093 9/015=
ZZYY 16943 21091 1710/ 331049 050557 6113/
11119 30225 40225 52017
22219 00179
444 20130 21091 1639/ 50101 8//// 80000 9////=
ZZYY 14926 21091 1800/ 332090 054370 6111/
11119 30221 40221 52009
444 20110 21091 1757/ 50101 8//// 80000 9/015=
####018000135####
SSVX02 LFVW 211825
ZZYY 56939 21091 1800/ 336707 051124 6113/
11119 40215 52028
444 20130 21091 1755/ 50101 80090 80000 9/015=
####018001155####
SSVX13 LFVW 211825
ZZYY 55590 21091 1630/ 328476 170182 6112/
11119 40177 57024
22219 00192
444 20120 21091 1628/ 50101 80009 80000 9/015=
ZZYY 51682 21091 1800/ 311400 159680 6112/
11119 40095
22219 00286
444 20120 21091 1625/ 50101 80080 80086 9/015=
ZZYY 52751 21091 1800/ 315988 170305 6112/
11119 40129
22219 00268
444 20120 21091 1624/ 50101 80080 80100 9/015=
ZZYY 55577 21091 1800/ 333191 158359 6111/
11119 30217 40217 52008
444 20110 21091 1806/ 50101 80110 80000 9/015=
ZZYY 55577 21091 1700/ 333228 158378 6112/
11119 30212 40212 52008
444 20120 21091 1630/ 50101 80110 80000 9/015=
ZZYY 55578 21091 1650/ 339906 158098 6113/
11119 30145 40145 52011
444 20130 21091 1631/ 50101 80090 80000 9/015=
ZZYY 23925 21091 1800/ 330818 048562 6113/
11119 30235 40235 52018
22219 00180
444 20130 21091 1801/ 50101 80130 80000 9/015=
ZZYY 56518 21091 1800/ 311731 050910 6112/
11119 30189 40189 52018
22219 00250
444 20120 21091 1806/ 50101 80060 80003 9/015=
ZZYY 56518 21091 1700/ 311735 050911 6111/
11119 30185 40185 52020
22219 00250
444 20110 21091 1626/ 50101 80060 80002 9/015=
####018013797####
SSVX11 LFVW 211825
ZZYY 52084 21091 11004 105022 155967 6112/
11119 00307 10279 29085 40110
22219 00295
33311 88872 20000 32952 20002 32952 43366 20025 32939 43365
20050 32942 43366 20075 32904 43410 20100 32693 43484
20125 32480 43513 20150 32187 43497 20200 31222 43456
20250 31010 43463 20300 30944 43463 20500 30785 43458 20750 30575
444 20120 21091 1115/ 522// 60381=
ZZYY 52084 21091 07004 105021 155967 6113/
11119 03609 10278 29090 40083
22219 00297
33311 88872 20000 32971 20002 32971 43367 20025 32940 43369
20050 32942 43370 20075 32917 43402 20100 32749 43470
20125 32489 43510 20150 32135 43489 20200 31134 43456
20250 30987 43462 20300 30915 43463 20500 30750 43457 20750 30581
444 20130 21091 0703/ 522// 60381=
ZZYY 52084 21091 09004 105018 155955 6111/
11119 00407 10277 29089 40094
22219 00295
33311 88872 20000 32954 20002 32954 43367 20025 32942 43369
20050 32940 43369 20075 32906 43411 20100 32727 43476
20125 32504 43509 20150 32177 43495 20200 31164 43456
20250 31003 43462 20300 30933 43464 20500 30761 43458 20750 30574
444 20110 21091 0934/ 522// 60381=
ZZYY 52082 21091 13004 101949 156000 6111/
11119 00305 29084 40106
22219 00295
33311 88872 20000 32951 20002 32951 20025 32963 43479
20050 32959 43509 20075 32934 43519 20100 32812 43541
20125 32716 43538 20150 32496 43529 20200 31615 43463
20250 31054 43466 20300 31005 43473 20500 30819 43459
20750 30570 43453
444 20110 21091 1326/ 522// 60381=
ZZYY 52082 21091 11004 101954 156001 6112/
11119 00104 29087 40106
22219 00298
33311 88872 20000 32978 20002 32978 20025 32961 43486
20050 32960 43509 20075 32940 43520 20100 32810 43542
20125 32715 43537 20150 32545 43531 20200 31538 43461
20250 31035 43474 20300 30983 43470 20500 30783 43458
20750 30563 43452
444 20120 21091 1113/ 522// 60381=
ZZYY 52082 21091 14004 101949 156000 6111/
11119 00204 29086 40099
22219 00295
33311 88872 20000 32952 20002 32952 20025 32965 43475
20050 32960 43508 20075 32950 43515 20100 32822 43542
20125 32745 43539 20150 32591 43533 20200 31681 43475
20250 31049 43466 20300 31004 43472 20500 30819 43459
20750 30571 43453
444 20110 21091 1326/ 522// 60381=
ZZYY 52082 21091 16004 101954 156000 6113/
11119 00909 29089 40093
22219 00294
33311 88872 20000 32939 20002 32939 20025 32964 43472
20050 32960 43508 20075 32949 43516 20100 32829 43542
20125 32741 43539 20150 32578 43533 20200 31342 43460
20250 31027 43474 20300 30983 43470 20500 30802 43458
20750 30569 43453
444 20130 21091 1621/ 522// 60381=
ZZYY 52078 21091 12004 105043 146947 6112/
11119 00805 10248 29099 40123
22219 00291
33311 88872 20000 32905 20002 32905 43290 20025 32951 43362
20050 32943 43377 20075 32852 43438 20100 32656 43480
20125 32330 43506 20150 31926 43479 20200 31236 43454
20250 31049 43461 20300 30919 43461 20500 30763 43457
20750 30605 43453
444 20120 21091 1117/ 522// 60381=
ZZYY 52078 21091 10004 105037 146920 6111/
11119 02805 10253 29096 40106
22219 00292
33311 88872 20000 32922 20002 32922 43314 20025 32946 43360
20050 32951 43368 20075 32850 43439 20100 32585 43486
20125 32231 43499 20150 31869 43480 20200 31156 43457
20250 31021 43463 20300 30921 43461 20500 30762 43457
20750 30598 43454
444 20110 21091 1003/ 522// 60381=
ZZYY 52079 21091 15004 300022 146991 6113/
11119 00503 40101
22219 00293
33311 88872 20000 32931 20002 32931 43407 20025 32922 43535
20050 32857 43538 20075 32776 43544 20100 32723 43553
20125 32679 43548 20150 32432 43574 20200 31946 43534
20250 31640 43528 20300 31105 43481 20500 30790 43458
20750 30588 43451
444 20130 21091 1507/ 522// 60381=
ZZYY 52079 21091 13004 300025 146989 6112/
11119 00903 40110
22219 00298
33311 88872 20000 32977 20002 32977 43420 20025 32937 43533
20050 32854 43539 20075 32778 43542 20100 32723 43551
20125 32674 43545 20150 32488 43568 20200 31940 43539
20250 31597 43528 20300 31102 43481 20500 30820 43459
20750 30586 43452
444 20120 21091 1113/ 522// 60381=
ZZYY 52079 21091 14004 300022 146991 6113/
11119 00603 40106
22219 00294
33311 88872 20000 32939 20002 32939 43411 20025 32931 43534
20050 32861 43539 20075 32779 43542 20100 32728 43553
20125 32684 43545 20150 32499 43569 20200 31949 43537
20250 31639 43527 20300 31110 43483 20500 30803 43459
20750 30587 43451
444 20130 21091 1507/ 522// 60381=
ZZYY 52079 21091 16004 300024 146989 6113/
11119 00203 40097
22219 00294
33311 88872 20000 32937 20002 32937 43430 20025 32925 43535
20050 32867 43539 20075 32781 43542 20100 32741 43553
20125 32696 43546 20150 32546 43565 20200 31950 43532
20250 31649 43528 20300 31142 43485 20500 30791 43458
20750 30584 43452
444 20130 21091 1622/ 522// 60381=
ZZYY 52077 21091 08004 102075 146955 6113/
11119 02503 10280 29078 40085
22219 00296
33311 88872 20000 32960 20002 32960 43437 20025 32914 43444
20050 32918 43463 20075 32920 43474 20100 32917 43475
20125 32697 43513 20150 32402 43551 20200 31568 43467
20250 31131 43453 20300 31003 43471 20500 30822 43460
20750 30528 43454
444 20130 21091 0704/ 522// 60381=
ZZYY 52077 21091 0600/ 102082 146953 6111/
33311 88872 20002 32946 43435 20025 32912 43440 20050 32919 43464
20075 32919 43474 20100 32917 43476 20125 32671 43519
20150 32401 43551 20200 31569 43467 20250 31190 43451
20300 31026 43474 20500 30827 43460 20750 30520 43453
444 20110 21091 0524/ 522//=
ZZYY 52077 21091 15004 102075 146955 6113/
11119 03006 10276 29083 40105
22219 00291
33311 88872 20000 32912 20002 32912 43435 20025 32914 43442
20050 32919 43469 20075 32917 43472 20100 32867 43484
20125 32547 43551 20150 32369 43549 20200 31668 43479
20250 31225 43452 20300 31036 43468 20500 30818 43459
20750 30522 43453
444 20130 21091 1507/ 522// 60381=
ZZYY 52077 21091 17004 102072 146952 6112/
11119 02706 10272 29084 40099
22219 00291
33311 88872 20000 32911 20002 32911 43431 20025 32916 43443
20050 32919 43468 20075 32919 43471 20100 32916 43473
20125 32686 43522 20150 32384 43551 20200 31546 43468
20250 31090 43456 20300 30986 43470 20500 30777 43457
20750 30517 43453
444 20120 21091 1647/ 522// 60381=
ZZYY 52077 21091 16004 102076 146954 6113/
11119 03108 10265 29086 40102
22219 00291
33311 88872 20000 32913 20002 32913 43433 20025 32916 43442
20050 32919 43468 20075 32918 43472 20100 32915 43472
20125 32622 43542 20150 32368 43550 20200 31551 43473
20250 31172 43452 20300 31015 43473 20500 30795 43458
20750 30520 43454
444 20130 21091 1621/ 522// 60381=
ZZYY 52077 21091 18004 102076 146957 6113/
11119 02808 10276 29082 40094
22219 00292=
ZZYY 52073 21091 07004 104853 137277 6113/
11119 02712 10276 29081 40063
22219 00292
33311 88872 20000 32915 20002 32915 43338 20025 32917 43339
20050 32929 43395 20075 32862 20100 32736 43456 20125 32352 43491
20150 31996 43481 20200 31289 43450 20250 31017 43442
20300 30924 43454 20500 30779 43455 20750 30610 43451
444 20130 21091 0705/ 522// 60381=
ZZYY 52086 21091 1100/ 304967 156012 6111/
11119 10274 29077 40106
22219 00292
33311 88872 20000 32921 20002 32921 43436 20025 32961
20050 32962 43490 20075 32963 20100 32899 43556 20125 32828
20150 32702 43574 20200 32178 43595 20250 31504 43521
20300 31083 43485 20500 30814 43460 20750 30592 43454
444 20110 21091 1111/ 522//=
ZZYY 52086 21091 0700/ 304968 156017 6113/
11119 10266 29079 40084
22219 00295
33311 88872 20000 32948 20002 32948 43453 20025 32962
20050 32962 43490 20075 32963 20100 32937 43545 20125 32865
20150 32801 43568 20200 32371 43592 20250 31527 43522
20300 31024 43477 20500 30765 43459 20750 30572 43454=
ZZYY 52086 21091 1400/ 304962 156020 6111/
11119 10276 29077 40102
22219 00292
33311 88872 20000 32923 20002 32923 43441 20025 32961
20050 32961 43489 20075 32963 20100 32911 43552 20125 32830
20150 32703 43572 20200 32015 43576 20250 31484 43518
20300 31036 43478 20500 30801 43459 20750 30598 43454
444 20110 21091 1328/ 522//=
ZZYY 52086 21091 1600/ 304966 156016 6113/
11119 10277 29078 40089
22219 00292
33311 88872 20000 32924 20002 32924 43445 20025 32959
20050 32960 43489 20075 32962 20100 32954 43527 20125 32872
20150 32788 43568 20200 32130 43583 20250 31494 43519
20300 30990 43474 20500 30803 43459 20750 30593 43454
444 20130 21091 1623/ 522//=
ZZYY 52081 21091 0900/ 100077 138028 6111/
33311 88872 20002 32956 43427 20025 32935 43440 20050 32924 43459
20075 32871 43492 20100 32811 43501 20125 32569 43555
20150 32290 43542 20200 31896 43537 20250 31566 43515
20300 31455 43511 20500 30788 43458 20750 30555 43451
444 20110 21091 0842/ 522//=
ZZYY 52081 21091 0700/ 100070 138039 6113/
33311 88872 20002 32954 43406 20025 32935 43440 20050 32923 43462
20075 32875 43493 20100 32817 43506 20125 32498 43553
20150 32173 43550 20200 31874 43537 20250 31548 43512
20300 31404 43507 20500 30788 43458 20750 30546 43451
444 20130 21091 0703/ 522//=
ZZYY 52081 21091 1600/ 100074 138038 6113/
33311 88872 20002 32920 43426 20025 32940 43441 20050 32929 43455
20075 32868 43490 20100 32786 43548 20125 32514 43551
20150 32244 43548 20200 31876 43534 20250 31562 43515
20300 31488 43509 20500 30821 43460 20750 30558 43450
444 20130 21091 1622/ 522//=
ZZYY 52088 21091 11004 302011 155982 6111/
11119 02006 10279 29083 40105
22219 00295
33311 88872 20000 32947 20002 32947 43521 20025 32944 43524
20050 32940 43524 20075 32939 43528 20100 32878 43542
20125 32814 43560 20150 32683 43572 20200 31519 43522
20250 31016 43473 20300 31001 43473 20500 30752 43457
20750 30587 43451
444 20110 21091 1112/ 522// 60381=
ZZYY 52088 21091 07004 302013 155984 6113/
11119 02109 10283 29083 40081
22219 00296
33311 88872 20000 32962 20002 32962 43520 20025 32942 43523
20050 32941 43524 20075 32939 43527 20100 32895 43538
20125 32831 43552 20150 32803 43569 20200 32068 43585
20250 31095 43482 20300 31014 43473 20500 30771 43457
20750 30548 43453=
ZZYY 52085 21091 1200/ 300017 155953 6112/
11119 10287 29077 40106
22219 00295
33311 88872 20000 32946 20002 32946 43495 20025 32923 43517
20050 32893 43533 20075 32840 43543 20100 32787 43552
20125 32752 43556 20150 32624 43571 20200 31889 43529
20250 31309 43500 20300 31112 43480 20500 30760 43458
20750 30564 43454
444 20120 21091 1113/ 522//=
ZZYY 52085 21091 0800/ 300018 155950 6111/
11119 10287 29074 40084
22219 00303
33311 88872 20000 33034 20002 33034 43494 20025 32923 43515
20050 32915 43525 20075 32846 43542 20100 32787 43552
20125 32753 43560 20150 32465 43567 20200 31943 43523
20250 31363 43506 20300 31114 43482 20500 30747 43455
20750 30562 43454
444 20110 21091 0801/ 522//=
ZZYY 52085 21091 0600/ 300020 155954 6113/
11119 10291 29074 40075
22219 00304
33311 88872 20000 33038 20002 33038 43496 20025 32925 43513
20050 32920 43522 20075 32851 43542 20100 32807 43555
20125 32754 43559 20150 32509 43570 20200 31788 43532
20250 31296 43498 20300 31115 43482 20500 30765 43457
20750 30577 43455
444 20130 21091 0522/ 522//=
ZZYY 52085 21091 1600/ 300017 155952 6113/
11119 10253 29089 40093
22219 00296
33311 88872 20000 32962 20002 32962 43471 20025 32923 43515
20050 32886 43533 20075 32833 43544 20100 32742 43547
20125 32698 43564 20150 32341 43549 20200 31800 43533
20250 31315 43500 20300 31109 43480 20500 30788 43459
20750 30574 43454
444 20130 21091 1621/ 522//=
ZZYY 52085 21091 1800/ 300018 155950 6112/
11119 10256 29089 40095
22219 00290=
ZZYY 52083 21091 15004 107965 156036 6112/
11119 00710 10288 29075 40096
22219 00297
33311 88872 20000 32967 20125 32448 43513 20150 32033 43493
20200 31380 43452 20250 31113 43452 20500 30780 43456
444 20120 21091 1504/ 522// 60381=
ZZYY 52083 21091 11004 107967 156035 6112/
11119 00711 10288 29078 40110
22219 00297
33311 88872 20000 32969 20002 32969 43377 20025 32971 43386
20050 32965 43399 20075 32928 43449 20100 32767 43489
20125 32377 43520 20150 32014 43494 20200 31331 43451
20250 31067 43457 20300 30957 43459 20500 30771 43456
20750 30570 43453
444 20120 21091 1115/ 522// 60381=
ZZYY 52083 21091 09004 107978 156032 6111/
11119 00606 10280 29081 40099
22219 00297
33311 88872 20000 32970 20002 32970 43376 20025 32972 43387
20050 32945 43425 20075 32868 43465 20100 32610 43510
20125 32337 43520 20150 31997 43494 20200 31324 43452
20250 31031 43455 20300 30950 43461 20500 30775 43457
20750 30579 43454
444 20110 21091 0825/ 522// 60381=
ZZYY 52080 21091 07004 101996 138104 6113/
11119 02708 10285 29076 40070
22219 00291
33311 88872 20000 32907 20002 32907 43346 20025 32913 43436
20050 32843 43467 20075 32862 43497 20100 32868 43518
20125 32661 43544 20150 32554 43540 20200 32006 43551
20250 31453 43493 20300 31214 43476 20500 30770 43457
20750 30533 43451
444 20130 21091 0703/ 522// 60381=
ZZYY 52080 21091 14004 101994 138107 6112/
11119 01905 10283 29077 40108
22219 00290
33311 88872 20000 32898 20002 32898 43367 20025 32922 43428
20050 32900 43443 20075 32858 43495 20100 32863 43512
20125 32701 43547 20150 32552 43540 20200 32097 43546
20250 31484 43486 20300 31259 43481 20500 30766 43457
20750 30529 43452
444 20120 21091 1253/ 522// 60381=
ZZYY 52080 21091 16004 101997 138103 6113/
11119 02507 10279 29081 40098
22219 00290
33311 88872 20000 32898 20002 32898 43369 20025 32922 43428
20050 32901 43443 20075 32856 43494 20100 32865 43514
20125 32676 43544 20150 32554 43539 20200 32066 43540
20250 31410 43478 20300 31194 43475 20500 30766 43457
20750 30528 43453
444 20130 21091 1622/ 522// 60381=
