####018000185####
SSVX01 DEMS 220430
ZZYY 23100 22091 03001 117938 089702 111// 00907 10280 40046 222// 00276 1////=
ZZYY 23495 22091 03281 110495 072276 111// 035// 10/// 40126 222// 00273 1////=
####018000188####
SSVX01 DEMS 220430
ZZYY 23100 22091 03001 117938 089702 111// 00907 10280 40046 222// 00276 1////=
ZZYY 23495 22091 03281 110495 072276 111// 035// 10/// 40126 222// 00273 1////=

####018000201####
SSVX07 KARS 220429
ZZYY 48536 22091 0420/ 173250 154258 6111/
11119 11005 40064
444 20110 22091 0414/=
ZZYY 48534 22091 0420/ 783370 046230 6113/
11119 11136 40161
444 20130 22091 0421/=
####018000123####
SSVX12 KARS 220429
ZZYY 48512 22091 0400/ 783944 154457 6112/
11119 11139 40048
444 20120 22091 0350/ 504// 80014=
####018000365####
SSVX06 KARS 220429
ZZYY 47558 22091 0423/ 773765 081534 6113/
444 20130 22091 0246/ 500// 9/000=
ZZYY 48506 22091 0423/ 779558 119095 6111/
11119 40069
444 20110 22091 0420/ 500//=
ZZYY 48505 22091 0421/ 780192 127759 6111/
11119 40060
444 20110 22091 0416/ 500//=
ZZYY 47553 22091 0426/ 779339 103400 6112/
444 20120 22091 0305/ 500// 9/000=
####018002329####
SSVX08 KARS 220429
ZZYY 51307 21091 1200/ 708024 125004 6111/
33311 88872 20001 32765 43385 20020 32736 20040 32746 20060 32502
20080 31619 20100 31337 20120 31255 20140 31204 20180 31128
20300 31010 20500 30820
444 20110 21091 1138/ 521//=
ZZYY 51307 22091 0400/ 708016 124988 6111/
11119 10270 29084
22219 00277
444 20110 22091 0245/ 521//=
ZZYY 43001 21091 1200/ 708055 110126 6112/
33311 88872 20001 32743 43313 20020 32744 20040 32737 20060 32401
20080 31724 20100 31437 20120 31283 20140 31231 20180 31170
20300 31035 20500 30878
444 20120 21091 0956/ 521//=
ZZYY 32317 21091 1200/ 501932 110405 6111/
33311 88872 20001 32227 43478 20020 32187 20040 32048 20060 31987
20080 31638 20100 31372 20120 31333 20140 31316 20180 31284
20300 31175 20500 30865
444 20110 21091 1000/ 521//=
ZZYY 32317 22091 0400/ 501875 110510 6111/
11119 10226 29089
22219 00224
444 20110 22091 0241/ 521//=
ZZYY 51015 21091 1200/ 705088 124944 6111/
33311 88872 20001 32688 43480 20020 32685 20040 32684 20060 32679
20080 32586 20100 32476 20120 32240 20140 31721 20180 31173
20300 30963 20500 30799
444 20110 21091 1113/ 521//=
ZZYY 51015 22091 04004 705091 124939 6111/
11119 01914 10261 29082
22219 00269
444 20110 22091 0244/ 521// 60401=
ZZYY 32318 21091 1200/ 504980 110007 6111/
33311 88872 20001 32410 43524 20040 32406 20060 32381 20080 31680
20100 31451 20120 31383 20140 31336 20180 31292 20300 31158
20500 30854
444 20110 21091 1001/ 521//=
ZZYY 32318 22091 04004 504995 110005 6111/
11119 01115 10232 29082
22219 00239
444 20110 21091 2218/ 521// 60401=
ZZYY 32315 21091 1200/ 705004 110057 6111/
33311 88872 20001 32688 43401 20020 32689 20040 32690 20060 32690
20080 32678 20100 32011 20120 31581 20140 31321 20180 31143
20300 31034 20500 30804
444 20110 21091 1357/ 521//=
ZZYY 32315 22091 04004 705007 110058 6111/
11119 01710 10246 29079
22219 00268
444 20110 22091 0243/ 521// 60401=
ZZYY 32316 21091 1200/ 702051 110046 6111/
33311 88872 20001 32252 43447 20040 32152 20060 31682 20080 31483
20100 31394 20120 31353 20140 31337 20180 31318 20300 31133
20500 30825
444 20110 21091 1357/ 521//=
ZZYY 32316 22091 04004 702046 110043 6111/
11119 01218 10211 29085
22219 00221
444 20110 21091 2219/ 521// 60401=
####018005605####
SSVX02 KARS 220429
ZZYY 51513 22091 0415/ 708890 106965 6111/
22219 00275
444 20110 22091 0250/ 50101 80117 80024 9/015=
ZZYY 51958 22091 0414/ 706938 113751 6112/
22219 00273
444 20120 22091 0238/ 50101 80079 80013 9/015=
ZZYY 32551 22091 0410/ 704275 119248 6112/
11119 30120 40120 52024
444 20120 22091 0238/ 50101 80077 80000 9/015=
ZZYY 46924 22091 0414/ 724325 127504 6112/
22219 00218
444 20120 22091 0305/ 50101 80100 80151 9/015=
ZZYY 41955 22091 0340/ 729457 077492 6111/
11119 30194 40194
22219 00290
444 20110 22091 0227/ 50101 80110 80098 9/015=
ZZYY 41954 22091 0330/ 728631 078471 6112/
11119 30189 40189
22219 00279
444 20120 22091 0228/ 50101 80110 80100 9/015=
ZZYY 41937 22091 0340/ 728592 078222 6112/
11119 30192 40192 52004
22219 00282
444 20120 22091 0228/ 50101 80120 80079 9/015=
ZZYY 41945 22091 0410/ 730806 079439 6112/
11119 30191 40191
22219 00292
444 20120 22091 0228/ 50101 80110 80062 9/015=
ZZYY 46769 22091 0415/ 721392 123399 6112/
22219 00241
444 20120 22091 0305/ 50101 80116 80103 9/015=
ZZYY 43556 22091 0415/ 720206 129048 6112/
22219 00227
444 20120 22091 0304/ 50101 80078 80017 9/015=
ZZYY 51620 22091 0414/ 707615 096840 6112/
22219 00276
444 20120 22091 0238/ 50101 80115 80007 9/015=
ZZYY 43555 22091 0415/ 717850 129734 6112/
22219 00253
444 20120 22091 0252/ 50101 80088 80017 9/015=
ZZYY 46616 22091 0415/ 721918 119212 6111/
22219 00236
444 20110 22091 0305/ 50101 80114 80095 9/015=
ZZYY 42513 22091 0415/ 728102 085665 6112/
22219 00290
444 20120 22091 0251/ 50101 80094 80001 9/015=
ZZYY 51975 22091 0415/ 709986 123256 6111/
22219 00277
444 20110 22091 0250/ 50101 80093 80009 9/015=
ZZYY 46559 22091 0415/ 712756 122414 6112/
22219 00283
444 20120 22091 0251/ 50101 80110 80009 9/015=
ZZYY 46583 22091 0415/ 716927 130666 6111/
22219 00255
444 20110 22091 0251/ 50101 80098 80027 9/015=
ZZYY 43558 22091 0415/ 722675 124671 6112/
444 20120 22091 0305/ 50101 80086 80255 9/015=
ZZYY 43553 22091 0414/ 721050 127822 6111/
22219 00228
444 20110 22091 0250/ 50101 80088 80036 9/015=
ZZYY 51882 22091 0415/ 711529 112481 6112/
22219 00286
444 20120 22091 0250/ 50101 80110 80000 9/015=
ZZYY 51623 22091 0414/ 710039 122098 6111/
22219 00279
444 20110 22091 0251/ 50101 80113 80006 9/015=
ZZYY 43551 22091 0415/ 723083 121180 6112/
22219 00221
444 20120 22091 0305/ 50101 80090 80015 9/015=
ZZYY 43543 22091 0414/ 720601 120946 6112/
22219 00242
444 20120 22091 0305/ 50101 80054 9/015=
ZZYY 51904 22091 0414/ 709400 111459 6112/
22219 00275
444 20120 22091 0238/ 50101 80078 80002 9/015=
ZZYY 51670 22091 0415/ 710199 106536 6111/
444 20110 22091 0237/ 50101 80111 80004 9/015=
ZZYY 64936 22091 0420/ 176128 007143 6112/
22219 00073
33311 88872 20000 30725 43511
444 20120 22091 0421/ 50101 80100 80100 9/015=
ZZYY 44514 22091 0426/ 749300 022030 6112/
22219 00146
444 20120 22091 0400/ 50101 80142 80001 9/015=
ZZYY 44513 22091 0425/ 750897 033889 6112/
22219 00132
444 20120 22091 0359/ 50101 80142 80010 9/015=
ZZYY 63561 22091 0420/ 775994 000161 6111/
22219 00049
33311 88872 20000 30485 42048
444 50101 80070 80100 9/015=
ZZYY 44932 22091 0425/ 750897 025331 6112/
22219 00141
444 20120 22091 0358/ 50101 80142 80003 9/015=
ZZYY 44517 22091 0421/ 751777 019993 6112/
22219 00137
444 20120 22091 0359/ 50101 80142 9/015=
ZZYY 44519 22091 0425/ 750853 019503 6112/
22219 00145
444 20120 22091 0355/ 50101 80140 80002 9/015=
ZZYY 48673 22091 0418/ 776596 124293 6112/
444 20120 22091 0337/ 500// 9/000=
ZZYY 44927 22091 0150/ 751730 043136 6112/
11119 30012 40012 52001
22219 00107
444 20120 21091 1905/ 50101 80138 80001 9/015=
ZZYY 44927 22091 0350/ 751730 043136 6112/
11119 30012 40012 54000
22219 00108
444 20120 21091 1905/ 50101 80138 80002 9/015=
ZZYY 44930 22091 0423/ 765375 001676 6111/
444 20110 22091 0420/ 50101 80092 80099 9/015=
ZZYY 48656 22091 0350/ 780670 160314 6112/
22219 01022
444 20120 22091 0346/ 50101 80123 80001 9/015=
ZZYY 44917 22091 0420/ 742542 015373 6112/
11119 30251 40251 57008
444 20120 22091 0401/ 50101 80100 80063 9/015=
ZZYY 62723 22091 0426/ 740043 030275 6113/
22219 00222
444 20130 22091 0400/ 50101 80079 80006 9/015=
ZZYY 63579 22091 0424/ 169022 046960 6112/
22219 00085
444 20120 22091 0412/ 50101 80005 80006 9////=
ZZYY 63964 22091 0421/ 173799 023054 6112/
444 20120 22091 0419/ 50101 80009 80010 9/015=
ZZYY 63951 22091 0422/ 765677 001331 6112/
22219 00106
444 20120 22091 0420/ 50101 80008 80027 9/015=
ZZYY 63948 22091 0423/ 175386 035562 6113/
22219 00056
444 20130 22091 0412/ 50101 80008 80006 9/015=
ZZYY 63577 22091 0421/ 175088 067600 6113/
22219 00061
444 20130 22091 0412/ 50101 80009 80005 9/015=
ZZYY 63583 22091 0422/ 172532 046786 6112/
22219 00081
444 20120 22091 0413/ 50101 80007 80010 9/015=
ZZYY 63584 22091 0422/ 777807 002164 6112/
22219 00042
444 20120 22091 0419/ 50101 80007 80012 9/015=
ZZYY 64932 22091 0410/ 770674 013654 6112/
33311 88872 20000 43477
444 20120 22091 0352/ 50101 80011 80100 9////=
ZZYY 63569 22091 0400/ 175119 002923 6113/
22219 00059
33311 88872 20000 30590 42048
444 20130 22091 0351/ 50101 80080 80100 9/015=
ZZYY 63966 22091 0422/ 171471 015149 6112/
22219 00103
444 20120 22091 0420/ 50101 80009 80007 9/015=
ZZYY 44923 22091 0420/ 752637 028203 6111/
11119 39991 49991 57096
22219 00124
444 20110 22091 0423/ 50101 80130 80002 9/015=
####018000117####
SSVX07 LFVW 220430
ZZYY 48548 22091 0420/ 774323 128050 6111/
11119 11007 39898 49898
444 20110 22091 0337/=
####018003437####
SSVX02 KARS 220431
ZZYY 41912 22091 0410/ 734876 056724 6111/
11119 30263 40263 57002
22219 00272
444 20110 22091 0232/ 50101 80110 80063 9/015=
ZZYY 42547 22091 0426/ 738458 037144 6112/
22219 00237
444 20120 22091 0400/ 50101 80094 80001 9/015=
ZZYY 44514 22091 0429/ 749307 022027 6113/
22219 00146
444 20130 22091 0424/ 50101 80142 80001 9/015=
ZZYY 44516 22091 0429/ 749146 026282 6113/
22219 00152
444 20130 22091 0359/ 50101 80140 80030 9/015=
ZZYY 44515 22091 0426/ 745268 025776 6112/
22219 00168
444 20120 22091 0358/ 50101 80142 80013 9/015=
ZZYY 44885 22091 0420/ 744827 032980 6113/
11119 30163 40163 57001
22219 00188
444 20130 22091 0401/ 50101 80110 80036 9/015=
ZZYY 44518 22091 0428/ 743104 022844 6112/
22219 00200
444 20120 22091 0359/ 50101 80142 80001 9/015=
ZZYY 44517 22091 0429/ 751775 019986 6112/
22219 00137
444 20120 22091 0422/ 50101 80142 80009 9/015=
ZZYY 44519 22091 0428/ 750856 019498 6112/
22219 00145
444 20120 22091 0423/ 50101 80140 80002 9/015=
ZZYY 41573 22091 0420/ 727460 038019 6113/
11119 30214 40214 57011
22219 00269
444 20130 22091 0405/ 50101 80120 80000 9/015=
ZZYY 41997 22091 0425/ 744041 040061 6113/
444 20130 22091 0359/ 50101 80094 9/015=
ZZYY 62729 22091 0429/ 739740 026324 6112/
22219 00219
444 20120 22091 0405/ 50101 80116 80016 9/015=
ZZYY 62725 22091 0428/ 742308 020380 6112/
22219 00203
444 20120 22091 0400/ 50101 80118 80017 9/015=
ZZYY 41914 22091 0428/ 739264 036315 6112/
22219 00238
444 20120 22091 0400/ 50101 80116 80014 9/015=
ZZYY 44943 22091 0350/ 737760 054054 6112/
11119 30260 40260 57004
22219 00265
444 20120 22091 0233/ 50101 80100 80016 9/015=
ZZYY 44930 22091 0428/ 765379 001688 6112/
444 20120 22091 0420/ 50101 80092 80099 9/015=
ZZYY 41903 22091 0427/ 736597 040738 6113/
22219 00246
444 20130 22091 0401/ 50101 9/015=
ZZYY 41983 22091 0429/ 741064 038854 6111/
22219 00231
444 20110 22091 0402/ 50101 80078 80024 9/015=
ZZYY 41606 22091 0429/ 735314 041589 6112/
22219 00263
444 20120 22091 0405/ 50101 80057 80006 9/015=
ZZYY 44921 22091 0429/ 738170 030199 6113/
22219 00236
444 20130 22091 0400/ 50101 80080 80001 9/015=
ZZYY 44894 22091 0428/ 742201 033360 6113/
22219 00209
444 20130 22091 0402/ 50101 80078 80005 9/015=
ZZYY 62727 22091 0427/ 741567 019735 6112/
444 20120 22091 0400/ 50101 80118 80017 9/015=
ZZYY 41998 22091 0428/ 745796 041876 6112/
444 20120 22091 0055/ 50101 80068 80018 9/015=
ZZYY 63964 22091 0425/ 173799 023055 6112/
444 20120 22091 0419/ 50101 80009 80010 9/015=
ZZYY 63951 22091 0426/ 765677 001331 6112/
22219 00106
444 20120 22091 0420/ 50101 80008 80027 9/015=
ZZYY 62905 22091 0410/ 736820 053953 6111/
11119 30256 40256 57008
22219 00269
444 20110 22091 0233/ 50101 8//// 80000 9/015=
ZZYY 63584 22091 0426/ 777807 002164 6112/
22219 00042
444 20120 22091 0419/ 50101 80007 80012 9/015=
ZZYY 41957 22091 0410/ 733358 028378 6113/
11119 30218 40218 57009
22219 00256
444 20130 22091 0401/ 50101 80110 80034 9/015=
ZZYY 44505 22091 0430/ 745755 046294 6112/
22219 00126
444 20120 22091 0053/ 50101 9/050=
ZZYY 63966 22091 0427/ 171471 015145 6112/
22219 00103
444 20120 22091 0420/ 50101 80009 80007 9/015=
ZZYY 44911 22091 0420/ 753445 012292 6111/
11119 30152 40152 52002
444 20110 22091 0421/ 50101 80123 80002 9/015=
####018000179####
SSVX06 KARS 220431
ZZYY 47558 22091 0426/ 773761 081531 6111/
444 20110 22091 0423/ 500// 9/000=
ZZYY 48506 22091 0425/ 779558 119095 6111/
444 20110 22091 0420/ 500//=
####018000593####
SXPA01 KWNB 220400
ZZYY 51018 22091 04001 505030 124872 6113/ 11119 01308 10249
29075 22219 00254 33311 88872 20001 32541 43550 20020 32543 20040
32542 20060 32538 20080 32528 20100 32001 20120 31541 20140 31347
20180 31254 20300 31086 20500 30807 444 20130 22091 0400/ 34983
40500 521// 60401=
ZZYY 51007 22091 04001 705019 139978 6113/ 11119 01606 10258
29071 22219 00261 33311 88872 20001 32609 43464 20020 32606 20040
32580 20060 32552 20080 32532 20100 32522 20120 32517 20140 32425
20180 32149 20300 31017 20500 30849 444 20130 22091 0400/ 35025
40500 521// 60401=
