####018000146####
SSVX13 LFPW 220500
ZZYY 64607 22091 0500/ 762269 056289 6110/ 11119 40116 52001 22219
 00060 444 20100 22091 0500/ 50101 80108 80003 9/015=
####018004161####
SSVX02 KARS 220500
ZZYY 46903 22091 0451/ 730524 134516 6111/
22219 00216
444 20110 22091 0448/ 50101 80138 80000 9/015=
ZZYY 51973 22091 0449/ 733746 163849 6111/
22219 00254
444 20110 22091 0322/ 50101 80117 80044 9/015=
ZZYY 51974 22091 0452/ 736560 163846 6111/
22219 00238
444 20110 22091 0450/ 50101 80119 80011 9/015=
ZZYY 48673 22091 0454/ 776599 124332 6113/
444 20130 22091 0442/ 500// 9/000=
ZZYY 46535 22091 0440/ 739165 141028 6112/
11119 30142 40142 52003
22219 00216
444 20120 22091 0437/ 50101 80123 80002 9/015=
ZZYY 46769 22091 0448/ 721398 123399 6112/
22219 00241
444 20120 22091 0435/ 50101 80116 80103 9/015=
ZZYY 43556 22091 0448/ 720194 129049 6113/
22219 00227
444 20130 22091 0435/ 50101 80078 80017 9/015=
ZZYY 46927 22091 0453/ 733088 145704 6112/
22219 00242
444 20120 22091 0449/ 50101 80138 80002 9/015=
ZZYY 43555 22091 0448/ 717832 129738 6112/
22219 00253
444 20120 22091 0434/ 50101 80088 80017 9/015=
ZZYY 46616 22091 0448/ 721915 119209 6113/
22219 00235
444 20130 22091 0433/ 50101 80114 80092 9/015=
ZZYY 46609 22091 0449/ 722179 128711 6112/
22219 00225
444 20120 22091 0434/ 50101 80112 80144 9/015=
ZZYY 46540 22091 0440/ 742444 144560 6112/
11119 30052 40052 57040
22219 00184
444 20120 22091 0436/ 50101 80123 80008 9/015=
ZZYY 46583 22091 0448/ 716926 130687 6111/
22219 00255
444 20110 22091 0434/ 50101 80098 80026 9/015=
ZZYY 43557 22091 0448/ 722393 120060 6112/
22219 00232
444 20120 22091 0435/ 50101 80088 80017 9/015=
ZZYY 43558 22091 0448/ 722674 124667 6113/
444 20130 22091 0434/ 50101 80086 80255 9/015=
ZZYY 43532 22091 0449/ 718810 141655 6111/
22219 00249
444 20110 22091 0435/ 50101 80074 80021 9/015=
ZZYY 43553 22091 0449/ 721048 127829 6113/
22219 00228
444 20130 22091 0434/ 50101 80088 80037 9/015=
ZZYY 43540 22091 0447/ 715423 133217 6111/
22219 00262
444 20110 22091 0434/ 50101 80096 80015 9/015=
ZZYY 51931 22091 0450/ 729312 161283 6112/
22219 00267
444 20120 22091 0435/ 50101 80068 80009 9/015=
ZZYY 43554 22091 0449/ 728568 126423 6113/
22219 00204
444 20130 22091 0436/ 50101 80090 80034 9/015=
ZZYY 43551 22091 0448/ 723080 121173 6113/
22219 00221
444 20130 22091 0434/ 50101 80090 80016 9/015=
ZZYY 22576 22091 0452/ 732670 140231 6111/
22219 00241
444 20110 22091 0449/ 50101 80010 80000 9/015=
ZZYY 46926 22091 0449/ 724954 142994 6112/
22219 00241
444 20120 22091 0436/ 50101 80138 80001 9/015=
ZZYY 14942 22091 0449/ 726816 165743 6111/
22219 00277
444 20110 22091 0435/ 50101 8//// 80000 9/015=
ZZYY 14945 22091 0454/ 739454 158792 6111/
22219 00197
444 20110 22091 0449/ 50101 8//// 80030 9/015=
ZZYY 43552 22091 0450/ 728414 123283 6113/
444 20130 22091 0435/ 50101 80088 80019 9/015=
ZZYY 22910 22091 0455/ 740414 151549 6113/
22219 00200
444 20130 22091 0450/ 50101 80009 80099 9////=
ZZYY 46762 22091 0447/ 720333 136251 6112/
22219 00232
444 20120 22091 0435/ 50101 80000 80033 9/015=
ZZYY 22927 22091 0453/ 741489 152246 6112/
22219 00175
444 20120 22091 0437/ 50101 80009 80099 9////=
ZZYY 46766 22091 0447/ 723276 152345 6113/
22219 00253
444 20130 22091 0436/ 50101 80082 80026 9/015=
ZZYY 46516 22091 0453/ 735425 140015 6111/
22219 00232
444 20110 22091 0449/ 50101 80094 80057 9////=
ZZYY 46904 22091 0448/ 719353 140165 6113/
22219 00246
444 20130 22091 0435/ 50101 80072 80079 9/015=
ZZYY 22635 22091 0449/ 722015 139789 6113/
444 20130 22091 0435/ 50101 80009 80069 9/015=
ZZYY 52667 22091 0453/ 741625 154613 6111/
22219 00171
444 20110 22091 0449/ 50101 8//// 80014 9////=
ZZYY 46924 22091 0448/ 724325 127499 6112/
22219 00218
444 20120 22091 0435/ 50101 80100 80156 9/015=
ZZYY 22616 22091 0452/ 732181 154438 6111/
22219 00259
444 20110 22091 0449/ 50101 80045 80000 9/015=
ZZYY 21853 22091 0440/ 742151 176101 6112/
11119 30193 40193 52010
22219 00165
444 20120 22091 0333/ 50101 80120 80000 9/015=
ZZYY 48652 22091 0450/ 788177 160371 6113/
11119 30087 40087 52020
22219 01052
444 20130 22091 0443/ 50101 80110 80004 9/015=
####018000447####
SSVX06 KARS 220500
ZZYY 48506 22091 0456/ 779544 119088 6112/
11119 40069
444 20120 22091 0443/ 500//=
ZZYY 48505 22091 0455/ 780195 127695 6113/
11119 40061
444 20130 22091 0446/ 500//=
ZZYY 48713 22091 0454/ 175328 165609 6113/
444 20130 22091 0447/ 500// 9/000=
ZZYY 47554 22091 0455/ 774357 112122 6112/
444 20120 22091 0427/ 500// 9/000=
ZZYY 47553 22091 0456/ 779341 103381 6112/
444 20120 22091 0429/ 500// 9/000=
####018000721####
SSVX08 KARS 220500
ZZYY 51006 21091 12004 709008 140233 6112/
11119 00416 10251 29092
22219 00277
33311 88872 20000 32768 20001 32773 43393 20020 32784 20040 32699
20060 32246 20080 31586 20100 31269 20120 31226 20140 31164
20180 31099 20300 31000 20500 30822
444 20120 21091 1137/ 521// 60401=
ZZYY 51006 22091 04004 709010 140245 6111/
11119 02216 10249 29096
22219 00278
444 20110 22091 0317/ 521// 60401=
ZZYY 48400 21091 12004 750128 144800 6112/
11119 02725 10111 29078
22219 00125
33311 88872 20000 31246 20001 31249 43784
444 20120 21091 1126/ 521// 60401=
ZZYY 48400 22091 04004 750121 144798 6111/
11119 02417 10114 29075
22219 00124
444 20110 22091 0423/ 521// 60401=
####018000149####
SSVX13 KARS 220502
ZZYY 13587 22091 0300/ 709997 048082 6112/
11119 40113 57006
22219 00291
444 20120 22091 0435/ 50101 80127 80002 9/015=
####018004145####
SSVX08 KARS 220502
ZZYY 23002 21091 1200/ 101571 080508 6111/
33311 88872 20001 32919 43444 20020 32895 43446 20040 32876 43462
20060 32718 43491 20080 32454 20100 32194 20120 31927 20140 31774
20180 31393 20300 31166
444 20110 21091 1306/ 521//=
ZZYY 23001 21091 1200/ 100101 080534 6111/
33311 88872 20001 32967 43417 20020 32895 43440 20040 32743 43463
20060 32542 43531 20080 32366 20100 32210 20120 32080 20140 31904
20180 31512 20300 31153 20500 30961
444 20110 21091 1306/ 521//=
ZZYY 53005 21091 1200/ 307996 080465 6111/
33311 88872 20001 32829 43479 20020 32829 43478 20040 32827 43480
20060 32559 43512 20080 32441 20100 32256 20120 32047 20140 31942
20180 31715 20300 31204 20500 30963
444 20110 21091 1323/ 521//=
ZZYY 53005 22091 04004 307993 080521 6111/
11119 00709 10283 29077
22219 00284
444 20110 22091 0330/ 521// 60401=
ZZYY 23010 21091 1200/ 303984 080505 6111/
33311 88872 20001 32861 43435 20020 32870 43455 20040 32872 43459
20060 32869 43458 20080 32740 20100 32453 20120 32031 20140 31598
20180 31358 20300 31092 20500 30918
444 20110 21091 1306/ 521//=
ZZYY 13001 21091 1200/ 711482 022977 6111/
33311 88872 20001 32883 43513 20020 32823 43556 20040 32122 43592
20060 31725 43575 20080 31544 20100 31440 20120 31360 20140 31326
20180 31282 20300 31133 20500 30955
444 20110 21091 1155/ 521//=
ZZYY 13001 22091 04004 711490 022996 6111/
11119 01703 10277 29082 40115
22219 00287
444 20110 22091 0410/ 521// 60401=
ZZYY 31007 21091 1200/ 700027 023006 6112/
33311 88872 20001 32588 43592 20020 32577 43594 20040 32534 43598
20080 32422 20100 32133 20120 31857 20140 31585 20180 31401
20300 31198 20500 30715
444 20120 21091 1051/ 521//=
ZZYY 31007 22091 04004 700025 023009 6111/
11119 01612 10253 29085 40124
22219 00258
444 20110 22091 0412/ 521// 60401=
ZZYY 31003 21091 1200/ 507911 030508 6112/
33311 88872 20001 32627 43624 20020 32633 43620 20040 32632 43620
20060 32632 20080 32625 20100 32454 20120 32157 43639 20140 31927
20300 30967 20500 30724
444 20120 21091 1053/ 521//=
ZZYY 31003 22091 04004 507916 030516 6111/
11119 01112 10257 29083
22219 00264
444 20110 21091 2314/ 521// 60401=
ZZYY 13002 21091 1200/ 720460 023120 6111/
33311 88872 20001 32497 43644 20020 32494 43644 20040 31995 43539
20060 31761 43572 20080 31715 20100 31663 20120 31617 20140 31582
20180 31537 20300 31407 20500 31195
444 20110 21091 1155/ 521//=
ZZYY 31006 21091 1200/ 704038 022985 6112/
33311 88872 20001 32803 43463 20020 32798 43496 20040 32799 43499
20060 32750 43559 20080 32360 20100 31877 20120 31655 20140 31577
20180 31396 20300 31144
444 20120 21091 1051/ 521//=
ZZYY 31006 22091 04004 704037 022982 6111/
11119 01809 10266 29082
22219 00280
444 20110 22091 0411/ 521// 60401=
ZZYY 31004 21091 1200/ 513525 032608 6112/
33311 88872 20020 32538 43686 20040 32538 43700 20060 32535
20080 32535 20100 32535 20120 32546 43717 20140 32495 20180 32228
20300 31333 20500 30706
444 20120 21091 1035/ 521//=
ZZYY 31001 21091 1200/ 700011 035008 6112/
33311 88872 20001 32663 43591 20020 32661 43591 20040 32655 43595
20060 32633 20080 32563 20100 32355 20120 32117 43623 20140 31894
20180 31462 20300 31140 20500 30729
444 20120 21091 1053/ 521//=
ZZYY 31002 21091 1200/ 704144 037954 6112/
33311 88872 20001 32826 43567 20020 32824 43578 20040 32823 43578
20060 32821 20080 32756 20100 32712 20120 32363 43634 20140 31857
20180 31250 20300 31019 20500 30761
444 20120 21091 1051/ 521//=
ZZYY 31002 22091 04004 704147 037990 6111/
11119 01513 10272 29081
22219 00282
444 20110 22091 0411/ 521// 60401=
ZZYY 13009 21091 1200/ 707944 038027 6111/
33311 88872 20001 32883 43440 20020 32887 43467 20060 32548
20080 32290 20100 31837 20120 31536 43564 20140 31373 20180 31169
20300 30994 20500 30794
444 20110 21091 1201/ 521//=
ZZYY 13008 21091 1200/ 714985 038019 6111/
33311 88872 20001 32728 43668 20020 32730 43667 20040 32728 43668
20060 32537 43686 20080 32357 20100 32197 20120 31999 20140 31851
20180 31636 20300 31288 20500 30954=
####018005185####
SSVX02 KARS 220502
ZZYY 11905 22091 0150/ 110798 066453 6113/
11119 30119 40119 52014
22219 00283
444 20130 22091 0039/ 50101 80138 80001 9/015=
ZZYY 14551 22091 0454/ 100896 082568 6111/
22219 00292
444 20110 22091 0152/ 50101 80126 80003 9/015=
ZZYY 11908 22091 0340/ 105678 053499 6112/
11119 30127 40127 52016
22219 00264
444 20120 22091 0328/ 50101 80138 80002 9/015=
ZZYY 14928 22091 0453/ 105972 087878 6111/
22219 00284
444 20110 22091 0329/ 50101 80093 80005 9/015=
ZZYY 14949 22091 0210/ 106997 064822 6111/
11119 30116 40116 57239
22219 00287
444 20110 22091 0150/ 50101 80110 80006 9/015=
ZZYY 14912 22091 0450/ 105689 065846 6111/
11119 30131 40131 57235
22219 00296
444 20110 22091 0329/ 50101 80110 80008 9/015=
ZZYY 13624 22091 0444/ 711924 029886 6113/
22219 00283
444 20130 22091 0436/ 50101 80132 80001 9/015=
ZZYY 15637 22091 0443/ 709685 058571 6112/
22219 00296
444 20120 22091 0435/ 50101 80126 80001 9/015=
ZZYY 13569 22091 0440/ 728587 043575 6111/
11119 30226 40226 57013
22219 00278
444 20110 22091 0428/ 50101 80100 80000 9////=
ZZYY 31984 22091 0420/ 701300 029362 6113/
11119 30123 40123
22219 00276
444 20130 22091 0437/ 50101 80110 80100 9/015=
ZZYY 15641 22091 0442/ 501917 031732 6111/
22219 00263
444 20110 22091 0045/ 50101 80124 80180 9/015=
ZZYY 15928 22091 0444/ 513068 029894 6111/
22219 00249
444 20110 22091 0037/ 50101 80126 80001 9/015=
ZZYY 13926 22091 0441/ 706166 023133 6113/
22219 00280
444 20130 22091 0436/ 50101 80109 80004 9/015=
ZZYY 13599 22091 0443/ 721895 066713 6111/
22219 00286
444 20110 22091 0436/ 50101 80109 80008 9/015=
ZZYY 42508 22091 0441/ 735873 049406 6113/
22219 00272
444 20130 22091 0427/ 50101 80126 80002 9/015=
ZZYY 41575 22091 0440/ 728758 050826 6112/
11119 30244 40244 57011
22219 00280
444 20120 22091 0430/ 50101 80110 80045 9/015=
ZZYY 13928 22091 0443/ 723554 034671 6112/
22219 00262
444 20120 22091 0433/ 50101 80124 80180 9/015=
ZZYY 13929 22091 0442/ 720816 029449 6112/
22219 00256
444 20120 22091 0430/ 50101 80124 80180 9/015=
ZZYY 15646 22091 0443/ 501903 031748 6111/
22219 00263
444 20110 22091 0046/ 50101 80122 80180 9/015=
ZZYY 41961 22091 0410/ 728200 069669 6111/
11119 30208 40208 57001
22219 00280
444 20110 22091 0436/ 50101 80138 80004 9/015=
ZZYY 13943 22091 0442/ 708054 029921 6112/
22219 00282
444 20120 22091 0437/ 50101 80075 80255 9/015=
ZZYY 13616 22091 0444/ 720763 063358 6113/
22219 00284
444 20130 22091 0435/ 50101 80052 80099 9/015=
ZZYY 41956 22091 0440/ 730661 064161 6113/
444 20130 22091 0430/ 50101 9/015=
ZZYY 13623 22091 0443/ 722688 048973 6113/
22219 00279
444 20130 22091 0431/ 50101 80049 80099 9/015=
ZZYY 13636 22091 0442/ 723636 063556 6111/
22219 00284
444 20110 22091 0435/ 50101 80099 80008 9/015=
ZZYY 44886 22091 0442/ 728973 036930 6112/
22219 00267
444 20120 22091 0428/ 50101 80074 80003 9/015=
ZZYY 44553 22091 0441/ 729718 059897 6112/
22219 00282
444 20120 22091 0430/ 50101 80087 80010 9/015=
ZZYY 13903 22091 0442/ 724244 027835 6113/
22219 00252
444 20130 22091 0430/ 50101 80130 80100 9/015=
ZZYY 44929 22091 0441/ 726613 031532 6112/
22219 00262
444 20120 22091 0434/ 50101 80072 80009 9/015=
ZZYY 31902 22091 0443/ 504392 035532 6112/
22219 00263
444 20120 22091 0046/ 50101 80120 80021 9/015=
ZZYY 41610 22091 0440/ 731655 056623 6113/
22219 00288
444 20130 22091 0430/ 50101 80094 80001 9/015=
ZZYY 15605 22091 0443/ 503510 035231 6111/
22219 00264
444 20110 22091 0045/ 50101 80088 80008 9/015=
ZZYY 31915 22091 0443/ 504645 032640 6111/
22219 00267
444 20110 21091 2318/ 50101 80118 80014 9/015=
ZZYY 31993 22091 0444/ 505876 032038 6112/
22219 00265
444 20120 22091 0045/ 50101 80122 80013 9/015=
ZZYY 31998 22091 0443/ 506195 033456 6111/
22219 00263
444 20110 22091 0044/ 50101 80122 80013 9/015=
ZZYY 31901 22091 0443/ 501748 044651 6113/
22219 00271
444 20130 22091 0046/ 50101 80118 80000 9/015=
ZZYY 31781 22091 0441/ 721083 068777 6111/
22219 00285
444 20110 22091 0436/ 50101 80120 80016 9/015=
ZZYY 41999 22091 0441/ 731028 060524 6112/
22219 00284
444 20120 22091 0432/ 50101 80110 80084 9/015=
ZZYY 13548 22091 0440/ 705566 021076 6112/
22219 00278
444 20120 22091 0412/ 500// 80010 9/001=
ZZYY 42518 22091 0440/ 728758 039115 6111/
22219 00274
444 20110 22091 0430/ 50101 80118 80001 9/015=
ZZYY 31785 22091 0443/ 706049 050791 6112/
22219 00294
444 20120 22091 0436/ 50101 80122 80012 9/015=
ZZYY 31711 22091 0443/ 507151 034259 6112/
22219 00260
444 20120 22091 0046/ 50101 80120 80016 9/015=
ZZYY 41616 22091 0210/ 712809 048929 6113/
11119 30126 40126 57001
22219 00285
444 20130 22091 0049/ 50101 80120 80052 9/015=
ZZYY 31786 22091 0444/ 503280 034273 6111/
22219 00265
444 20110 22091 0046/ 50101 80124 80012 9/015=
ZZYY 15602 22091 0444/ 502562 027404 6111/
22219 00263
444 20110 22091 0044/ 50101 80082 80014 9/015=
ZZYY 31508 22091 0444/ 514543 034198 6112/
22219 00254
444 20120 22091 0043/ 50101 80120 80010 9/015=
####018000146####
SSVX13 LFPW 220500
ZZYY 41632 22091 0500/ 722518 039835 6113/ 11119 40192 57014 22219
 00268 444 20130 22091 0455/ 50101 80124 80061 9/015=
####018000146####
SSVX13 LFPW 220457
ZZYY 17930 22091 0457/ 548993 013978 6113/ 11119 40124 52012 22219
 00035 444 20130 21091 2356/ 50101 80136 80011 9/015=
####018000146####
SSVX13 LFPW 220457
ZZYY 17932 22091 0457/ 545106 018294 6113/ 11119 40166 57022 22219
 00081 444 20130 22091 0255/ 50101 80140 80010 9/015=
####018000146####
SSVX13 LFPW 220457
ZZYY 64516 22091 0457/ 761811 012122 6113/ 11119 49953 52019 22219
 00116 444 20130 22091 0259/ 50101 80132 80010 9/015=
####018000146####
SSVX13 LFPW 220457
ZZYY 17929 22091 0457/ 547221 055208 6113/ 11119 40179 52022 22219
 00061 444 20130 22091 0255/ 50101 80140 80005 9/015=
####018000551####
SSVX13 LFVW 220502
ZZYY 23996 22091 0210/ 114124 093367 6113/
11119 30094 40094 52025
22219 00260
444 20130 21091 2259/ 50101 80100 80002 9/015=
ZZYY 23996 22091 0310/ 114124 093367 6113/
11119 30101 40101 52023
22219 00260
444 20130 21091 2259/ 50101 80100 80002 9/015=
ZZYY 23995 22091 0010/ 118601 084873 6111/
11119 30019 40019 52008
22219 00284
444 20110 21091 2301/ 50101 80110 80002 9/015=
ZZYY 17572 22091 0500/ 344465 147398 6110/
11119 40038 57046
22219 00132
444 20100 22091 0458/ 50101 80114 80000 9/015=
####018000146####
SSVX13 LFPW 220457
ZZYY 64517 22091 0457/ 763019 010514 6113/ 11119 49919 52018 22219
 00101 444 20130 22091 0255/ 50101 80132 80002 9/015=
####018000146####
SSVX13 LFPW 220457
ZZYY 17934 22091 0457/ 348050 013883 6113/ 11119 49964 52039 22219
 00055 444 20130 22091 0255/ 50101 80140 80006 9/015=
####018002065####
SSVX11 LFVW 220502
ZZYY 53057 21091 17004 301603 090074 6113/
11119 03515 10281 29073 40125
33311 88872 20001 32869 43216 20024 32870 43417 20040 32867 43418
20061 32506 20080 32203 20103 32028 43531 20120 31863 20140 31637
20206 31305 20312 31174 20514 30985
444 20130 22091 0312/ 522// 60311=
ZZYY 53057 21091 18004 301603 090074 6113/
11119 03214 10280 29075 40118
33311 88872 20001 32868 43216 20023 32869 43417 20040 32869 43418
20069 32491 20080 32197 20102 32012 43530 20120 31802 20140 31562
20206 31296 20311 31172 20513 30988
444 20130 22091 0312/ 522// 60311=
ZZYY 53057 21091 19004 301603 090074 6113/
11119 03213 10277 29075 40110
33311 88872 20001 32868 43216 20024 32869 43417 20040 32868 43418
20059 32350 20080 32191 20103 32010 43533 20120 31853 20140 31562
20206 31290 20311 31170 20513 30998
444 20130 22091 0312/ 522// 60311=
ZZYY 53057 21091 20004 301603 090074 6113/
11119 03512 10279 29076 40103
33311 88872 20001 32865 43218 20024 32868 43417 20041 32868 43418
20056 32454 20080 32195 20104 31957 43533 20120 31695 20140 31517
20206 31287 20312 31163 20514 30991
444 20130 22091 0312/ 522// 60311=
ZZYY 53057 21091 21004 301603 090074 6113/
11119 03012 10278 29075 40102
33311 88872 20001 32866 43217 20024 32866 43417 20040 32867 43418
20062 32497 20079 32190 20103 31987 43527 20120 31757 20139 31559
20205 31296 20310 31170 20512 30991
444 20130 22091 0312/ 522// 60311=
ZZYY 53056 22091 0000/ 305042 095056 6112/
11119 10264 29083
22219 00270
33311 88872 20000 32701 20001 32701 43407 20011 32702 43412
20020 32703 43422 20040 32698 43421 20081 32081 20100 31862 43501
20119 31415 20140 31251 20200 31197 20300 31093 20500 30942
444 20120 22091 0012/ 522//=
ZZYY 53056 22091 0200/ 305040 095061 6113/
11119 10267 29081
22219 00270
33311 88872 20000 32702 20001 32702 43406 20011 32702 43411
20020 32702 43421 20040 32702 43421 20081 32136 20100 31870 43499
20120 31427 20140 31260 20200 31206 20300 31096 20500 30943
444 20130 22091 0152/ 522//=
####018000129####
SSVX02 LFVW 220502
ZZYY 22691 22091 0304/ 138808 131835 6113/
22219 00218
444 20130 21091 2110/ 50101 80146 80000 9/015=
