####018005959####
SSVX11 LFVW 211827
ZZYY 52075 21091 14004 107986 130041 6112/
11119 03004 10277 29080 40107
22219 00292
33311 88872 20000 32921 20002 32921 43328 20025 32927 43333
20050 32910 43344 20075 32558 43484 20100 32296 43490
20125 32027 43484 20150 31698 43465 20200 31195 43442
20250 31002 43443 20300 30943 43453 20500 30739 43450
444 20120 21091 1258/ 522// 60381=
ZZYY 52075 21091 10004 107981 130042 6111/
11119 02704 10284 29077 40087
22219 00293
33311 88872 20000 32926 20002 32926 43329 20025 32928 43338
20050 32886 43363 20075 32543 43486 20100 32148 43488
20125 31752 43468 20150 31549 43458 20200 31119 43440
20250 30983 43449 20300 30940 43454 20500 30738 43449
444 20110 21091 1005/ 522// 60381=
ZZYY 52075 21091 12004 107982 130034 6111/
11119 02503 10284 29078 40102
22219 00292
33311 88872 20000 32921 20002 32921 43325 20025 32927 43334
20050 32904 43349 20075 32556 43485 20100 32268 43492
20125 31788 43474 20150 31541 43459 20200 31114 43439
20250 30977 43449 20300 30939 43454 20500 30737 43450
444 20110 21091 1145/ 522// 60381=
ZZYY 52075 21091 06004 107983 130038 6112/
11119 03111 10278 29085 40072
22219 00293
33311 88872 20000 32926 20002 32926 43331 20025 32928 43337
20050 32896 43356 20075 32645 43476 20100 32379 43490
20125 32039 43485 20150 31679 43466 20200 31158 43441
20250 30976 43451 20300 30931 43455 20500 30737 43450
444 20120 21091 0546/ 522// 60381=
ZZYY 52075 21091 08004 107981 130042 6112/
11119 02708 10282 29080 40072
22219 00293
33311 88872 20000 32926 20002 32926 43329 20025 32929 43337
20050 32887 43363 20075 32555 43488 20100 32179 43491
20125 31807 43477 20150 31599 43463 20200 31177 43443
20250 31000 43450 20300 30948 43453 20500 30740 43449
444 20120 21091 0844/ 522// 60381=
ZZYY 52073 21091 10004 104854 137278 6112/
11119 02810 10281 29082 40087
22219 00292
33311 88872 20000 32915 20002 32915 43338 20025 32918 43339
20050 32929 43390 20075 32833 20100 32641 43474 20125 32307 43490
20150 31947 43479 20200 31212 43447 20250 30951 43440
20300 30904 43456 20500 30752 43455 20750 30601 43449
444 20120 21091 1003/ 522// 60381=
ZZYY 52073 21091 12004 104850 137282 6111/
11119 02707 10282 29082 40100
22219 00292
33311 88872 20000 32916 20002 32916 43338 20025 32919 43339
20050 32932 43393 20075 32857 20100 32729 43461 20125 32401 43486
20150 32090 43484 20200 31233 43448 20250 30943 43442
20300 30890 43456 20500 30729 43454 20750 30593 43450
444 20110 21091 1144/ 522// 60381=
ZZYY 52073 21091 08004 104844 137282 6112/
11119 02712 10278 29080 40067
22219 00292
33311 88872 20000 32916 20002 32916 43338 20025 32918 43339
20050 32929 43396 20075 32856 20100 32610 43482 20125 32287 43491
20150 31913 43478 20200 31239 43447 20250 31009 43442
20300 30926 43454 20500 30782 43455 20750 30620 43450
444 20120 21091 0843/ 522// 60381=
ZZYY 52073 21091 06004 104837 137290 6112/
11119 02713 10273 29082 40066
22219 00292
33311 88872 20000 32915 20002 32915 43338 20025 32916 43338
20050 32926 43396 20075 32852 20100 32764 43451 20125 32433 43487
20150 32055 43483 20200 31319 43449 20250 31010 43442
20300 30917 43456 20500 30772 43454 20750 30609 43452
444 20120 21091 0544/ 522// 60381=
ZZYY 52081 21091 1400/ 100071 138041 6112/
33311 88872 20002 32916 43424 20025 32941 43441 20050 32928 43454
20075 32901 43494 20100 32847 43515 20125 32609 43559
20150 32259 43551 20200 31867 43535 20250 31564 43515
20300 31443 43508 20500 30788 43458 20750 30544 43451
444 20120 21091 1254/ 522//=
ZZYY 52081 21091 1200/ 100068 138046 6111/
33311 88872 20002 32933 43424 20025 32941 43443 20050 32926 43458
20075 32872 43490 20100 32830 43528 20125 32506 43553
20150 32256 43546 20200 31877 43535 20250 31550 43510
20300 31434 43507 20500 30796 43459 20750 30542 43452
444 20110 21091 1140/ 522//=
ZZYY 52081 21091 1000/ 100070 138039 6113/
33311 88872 20002 32947 43426 20025 32936 43442 20050 32924 43460
20075 32865 43490 20100 32833 43530 20125 32498 43555
20150 32266 43543 20200 31891 43537 20250 31568 43515
20300 31425 43509 20500 30775 43458 20750 30546 43451
444 20130 21091 1001/ 522//=
ZZYY 52080 21091 14004 101994 138107 6112/
11119 01905 10283 29077 40108
22219 00290
33311 88872 20000 32898 20002 32898 43367 20025 32922 43428
20050 32900 43443 20075 32858 43495 20100 32863 43512
20125 32701 43547 20150 32552 43540 20200 32097 43546
20250 31484 43486 20300 31259 43481 20500 30766 43457
20750 30529 43452
444 20120 21091 1253/ 522// 60381=
ZZYY 52080 21091 10004 101994 138101 6113/
11119 02507 10284 29076 40091
22219 00289
33311 88872 20000 32892 20002 32892 43339 20025 32911 43438
20050 32852 43488 20075 32862 43499 20100 32847 43538
20125 32633 43541 20150 32532 43542 20200 31859 43533
20250 31420 43484 20300 31189 43473 20500 30766 43456
20750 30530 43452
444 20130 21091 1001/ 522// 60381=
ZZYY 52080 21091 12004 101987 138103 6112/
11119 02205 10284 29078 40110
22219 00290
33311 88872 20000 32895 20002 32895 43355 20025 32919 43433
20050 32886 43442 20075 32862 43498 20100 32871 43521
20125 32647 43543 20150 32553 43540 20200 32028 43542
20250 31436 43484 20300 31277 43488 20500 30768 43457
20750 30530 43452
444 20120 21091 1143/ 522// 60381=
ZZYY 52080 21091 06004 101984 138102 6112/
11119 02708 10286 29075 40072
22219 00291
33311 88872 20000 32908 20002 32908 43352 20025 32907 43438
20050 32847 43481 20075 32862 43498 20100 32871 43534
20125 32623 43540 20150 32547 43540 20200 32029 43544
20250 31472 43494 20300 31277 43489 20500 30768 43457
20750 30532 43451
444 20120 21091 0543/ 522// 60381=
ZZYY 52080 21091 1800/ 102002 138108 6112/
33311 88872 20002 32897 43370 20025 32919 43426 20050 32898 43443
20075 32857 43496 20100 32864 43511 20300 31163 43472
20750 30530 43452
444 20120 21091 1801/ 522//=
####018006409####
SSVX02 KARS 211829
ZZYY 17904 21091 1810/ 345455 124203 6112/
11119 30000 40000
22219 00095
444 20120 21091 1657/ 50101 80100 80100 9/015=
ZZYY 52666 21091 1811/ 301550 134747 6113/
22219 00290
444 20130 21091 1758/ 50101 80120 80255 9/015=
ZZYY 33567 21091 1740/ 343129 111396 6113/
11119 30149 40149 52004
22219 00101
444 20130 21091 1657/ 50101 80100 80000 9/015=
ZZYY 17522 21091 1800/ 339732 098496 6113/
11119 30153 40153
444 20130 21091 1657/ 50101 80090 80100 9/015=
ZZYY 33695 21091 1815/ 339734 130830 6112/
22219 00126
444 20120 21091 1657/ 50101 80072 80000 9/015=
ZZYY 33695 21091 1819/ 339739 130854 6112/
22219 00126
444 20120 21091 1812/ 50101 80072 80000 9/015=
ZZYY 33952 21091 1710/ 348562 126463 6112/
11119 39916 49916 52019
22219 00093
444 20120 21091 1657/ 50101 80100 80013 9/015=
ZZYY 33952 21091 1810/ 348562 126463 6112/
11119 39924 49924 52024
22219 00093
444 20120 21091 1657/ 50101 80100 80016 9/015=
ZZYY 33632 21091 1800/ 341907 136543 6112/
22219 00106
444 20120 21091 1658/ 50101 80010 80000 9////=
ZZYY 34540 21091 1810/ 343177 134939 6112/
11119 49964 57009
22219 00104
444 20120 21091 1657/ 50101 80010 80004 9////=
ZZYY 34540 21091 1710/ 343177 134939 6112/
11119 49965 57014
22219 00104
444 20120 21091 1657/ 50101 80010 80006 9////=
ZZYY 16594 21091 1740/ 340812 136707 6112/
11119 30056 40056 57022
22219 00121
444 20120 21091 1657/ 50101 80090 80000 9/015=
ZZYY 17660 21091 1750/ 327472 101337 6111/
11119 30252 40252 57008
22219 00202
444 20110 21091 1811/ 50101 80110 80073 9////=
ZZYY 16956 21091 1730/ 346561 132857 6113/
11119 39866 49866 57023
22219 00090
444 20130 21091 1657/ 50101 80110 80003 9/015=
ZZYY 17669 21091 1750/ 342473 121612 6111/
11119 30059 40059 52042
22219 00107
444 20110 21091 1657/ 50101 80080 80100 9/015=
ZZYY 33690 21091 1812/ 342360 099577 6112/
22219 00108
444 20120 21091 1658/ 50101 80074 9/015=
ZZYY 33690 21091 1818/ 342356 099581 6112/
22219 00108
444 20120 21091 1812/ 50101 80074 80113 9/015=
ZZYY 14915 21091 1740/ 329057 094822 6111/
11119 30284 40284 57008
22219 00171
444 20110 21091 1658/ 50101 80090 80004 9/015=
ZZYY 33692 21091 1814/ 341201 091001 6111/
22219 00108
444 20110 21091 1659/ 50101 80074 80068 9/015=
ZZYY 33692 21091 1817/ 341206 091002 6111/
22219 00108
444 20110 21091 1813/ 50101 80074 80068 9/015=
ZZYY 55907 21091 1810/ 336200 111920 6112/
11119 30204 40204 52006
22219 00152
444 20120 21091 1811/ 50101 8//// 80085 9////=
ZZYY 55907 21091 1710/ 336231 111937 6112/
11119 30203 40203 52006
22219 00153
444 20120 21091 1657/ 50101 8//// 80100 9////=
ZZYY 55595 21091 1740/ 341218 091551 6111/
11119 40189 52013
22219 00106
444 20110 21091 1657/ 50101 80009 80000 9////=
ZZYY 23678 21091 1815/ 340016 089040 6111/
22219 00113
444 20110 21091 1659/ 50101 80049 80099 9////=
ZZYY 23678 21091 1819/ 340009 089037 6111/
22219 00113
444 20110 21091 1813/ 50101 80049 80099 9////=
ZZYY 16513 21091 1800/ 336509 099516 6112/
11119 30199 40199 57015
22219 00141
444 20120 21091 1658/ 50101 8//// 80000 9////=
ZZYY 34544 21091 1810/ 345868 112570 6111/
11119 40123 52008
22219 00099
444 20110 21091 1657/ 50101 80010 80017 9////=
ZZYY 34544 21091 1710/ 345868 112570 6111/
11119 40121 52011
22219 00099
444 20110 21091 1657/ 50101 80010 80021 9////=
ZZYY 33880 21091 1730/ 345686 085772 6112/
11119 30110 40110 57013
22219 00082
444 20120 21091 1702/ 50101 80110 80024 9/015=
ZZYY 34543 21091 1810/ 340638 115283 6113/
11119 40154 52018
22219 00109
444 20130 21091 1656/ 50101 80010 80013 9////=
ZZYY 34902 21091 1710/ 340808 128992 6112/
11119 49977 57021
22219 00115
444 20120 21091 1656/ 50101 80010 80012 9////=
ZZYY 21608 21091 1800/ 135390 130072 6113/
22219 00235=
ZZYY 21607 21091 1200/ 133068 126430 6113/
22219 00270=
ZZYY 63577 21091 1812/ 175196 067690 6113/
22219 00063
444 20130 21091 1803/ 50101 80009 80006 9/015=
ZZYY 21549 21091 1710/ 141329 149879 6112/
11119 30017 40017 52220
22219 00207
444 20120 21091 1639/ 50101 80120 80018 9/015=
ZZYY 21526 21091 1700/ 140552 142289 6111/
11119 39824 49824 52141
22219 00198
444 20110 21091 1638/ 50101 80120 80029 9/015=
ZZYY 16575 21091 1740/ 338864 077709 6112/
11119 30187 40187 57017
22219 00127
444 20120 21091 1635/ 50101 80110 80000 9/015=
ZZYY 16563 21091 1730/ 335073 092260 6111/
11119 30251 40251 57005
22219 00134
444 20110 21091 1659/ 50101 80110 80000 9/015=
ZZYY 17656 21091 1800/ 333123 080970 6113/
11119 30292 40292 57007
22219 00150
444 20130 21091 1636/ 50101 80110 80000 9/015=
ZZYY 56908 21091 1800/ 356963 138020 6112/
11119 39901 49901 52015
22219 00018
444 20120 21091 1816/ 50101 80110 80012 9/015=
ZZYY 14929 21091 1750/ 336025 081951 6112/
11119 30253 40253
22219 00129
444 20120 21091 1634/ 50101 80100 80100 9/015=
ZZYY 55945 21091 1810/ 343549 122043 6112/
11119 30046 40046 52038
22219 00099
444 20120 21091 1656/ 50101 8//// 80000 9////=
ZZYY 33951 21091 1819/ 338959 087160 6112/
22219 00116
444 20120 21091 1633/ 50101 80072 80027 9/015=
ZZYY 16595 21091 1740/ 327844 089205 6111/
11119 30295 40295 57006
22219 00201
444 20110 21091 1813/ 50101 80080 80000 9/015=
ZZYY 16595 21091 1640/ 327842 089205 6112/
11119 30302 40302 52003
22219 00201
444 20120 21091 1614/ 50101 80080 80000 9/015=
ZZYY 56909 21091 1800/ 359229 132000 6113/
11119 39873 49873 52016
22219 01001
444 20130 21091 1702/ 50101 80110 80012 9/015=
ZZYY 17517 21091 1750/ 333985 080868 6112/
11119 30285 40285 57008
22219 00149
444 20120 21091 1636/ 50101 80110 80000 9/015=
ZZYY 17517 21091 1650/ 333985 080868 6112/
11119 30289 40289 57002
22219 00149
444 20120 21091 1636/ 50101 80110 80000 9/015=
ZZYY 56907 21091 1730/ 348190 141816 6112/
11119 39965 49965 57023
444 20120 21091 1657/ 50101 80123 80000 9/015=
ZZYY 17654 21091 1730/ 349868 138747 6112/
11119 39894 49894 57029
22219 00069
444 20120 21091 1658/ 50101 80110 80009 9/015=
ZZYY 16516 21091 1820/ 333409 126651 6112/
11119 30107 40107 52003
22219 00158
444 20120 21091 1810/ 50101 80110 80004 9/015=
ZZYY 16517 21091 1810/ 344789 123252 6112/
22219 00096
444 20120 21091 1813/ 50101 80123 80001 9/015=
####018000179####
SSVX06 KARS 211829
ZZYY 48506 21091 1811/ 779550 119112 6111/
444 20110 21091 1735/ 500//=
ZZYY 48713 21091 1810/ 175309 165364 6112/
444 20120 21091 1806/ 500// 9/000=
####018000349####
SSVX08 KARS 211829
ZZYY 53009 20091 1200/ 311878 093317 6111/
33311 88872 20020 32655 43402 20040 32653 43408 20060 32652 43405
20080 32652 20100 32639 20120 32539 20180 31954 20300 31234
20500 30911
444 20110 20091 1314/ 521//=
ZZYY 53009 21091 18004 311874 093319 6111/
11119 01117 10246 29086
444 20110 21091 1441/ 521// 60401=
####018000926####
SSVX01 DEMS 211830
ZZYY 23459 21091 17001 111000 086505 111// 0//// 10289 40094 222// 00/// 1////=
ZZYY 23095 21091 17001 110504 094031 111// 02209 10277 40107 222// 00/// 1////=
ZZYY 23094 21091 17001 114219 082884 111// 022// 10291 40073 222// 00/// 1//03=
ZZYY 23093 21091 17001 116511 088003 111// 02407 10284 40049 222// 00/// 1////=
ZZYY 23091 21091 17001 118155 089684 111// 02107 10276 4//// 222// 00/// 10705=
ZZYY 23173 21091 18001 116290 070000 111// 00805 10272 40104 222// 00277 1////=
ZZYY 23496 21091 18001 117360 070714 111// 02505 10271 40106 222// 00/// 1////=
ZZYY 23499 21091 18001 106254 085898 111// 02009 10280 40113 222// 00277 106//=
ZZYY 23494 21091 18001 108495 073017 111// 0//// 10274 40129 222// 00280 1////=
ZZYY 23171 21091 18001 112002 068987 111// 0//// 10275 40122 222// 00/// 1////=
ZZYY 23097 21091 18001 114988 069009 111// 02803 10266 40115 222// 00/// 1////=

####018000453####
SSVX02 LFVW 211829
ZZYY 22691 21091 1814/ 138857 131842 6111/
22219 00222
444 20110 21091 1304/ 50101 80146 80002 9/015=
ZZYY 22691 21091 1823/ 138833 131827 6112/
22219 00222
444 20120 21091 1819/ 50101 80146 80002 9/015=
ZZYY 22692 21091 1822/ 133158 124552 6112/
22219 00232
444 20120 21091 1757/ 50101 80146 80010 9/015=
ZZYY 21735 21091 1823/ 137243 130604 6111/
22219 00241
444 20110 21091 1819/ 50101 80038 80006 9/015=
####018000923####
SSVX01 DEMS 211830
ZZYY 23459 21091 17001 111000 086505 111// 0//// 10289 40094 222// 00/// 1////=
ZZYY 23095 21091 17001 110504 094031 111// 02209 10277 40107 222// 00/// 1////=
ZZYY 23094 21091 17001 114219 082884 111// 022// 10291 40073 222// 00/// 1//03=
ZZYY 23093 21091 17001 116511 088003 111// 02407 10284 40049 222// 00/// 1////=
ZZYY 23091 21091 17001 118155 089684 111// 02107 10276 4//// 222// 00/// 10705=
ZZYY 23173 21091 18001 116290 070000 111// 00805 10272 40104 222// 00277 1////=
ZZYY 23496 21091 18001 117360 070714 111// 02505 10271 40106 222// 00/// 1////=
ZZYY 23499 21091 18001 106254 085898 111// 02009 10280 40113 222// 00277 106//=
ZZYY 23494 21091 18001 108495 073017 111// 0//// 10274 40129 222// 00280 1////=
ZZYY 23171 21091 18001 112002 068987 111// 0//// 10275 40122 222// 00/// 1////=
ZZYY 23097 21091 18001 114988 069009 111// 02803 10266 40115 222// 00/// 1////=
####018000149####
SSVX11 LFVW 211829
ZZYY 21210 21091 10004 138109 146389 6112/
11119 01720 10259 29090 40027
22219 00251
444 20120 21091 0952/ 522// 60371=
####018002017####
SSVX02 KARS 211830
ZZYY 21608 21091 1500/ 135387 130035 6113/
22219 00235=
ZZYY 21896 21091 1810/ 119550 127551 6113/
11119 30081 40081 52243
22219 00292
444 20130 21091 1754/ 50101 80090 80000 9/015=
ZZYY 21607 21091 1500/ 133066 126471 6113/
22219 00268=
ZZYY 51964 21091 1824/ 124848 122121 6112/
22219 00276
444 20120 21091 1755/ 50101 80121 80008 9/015=
ZZYY 52614 21091 1824/ 120422 124444 6112/
22219 00289
444 20120 21091 1822/ 50101 80006 80012 9////=
ZZYY 53523 21091 1822/ 120837 120339 6111/
22219 00288
444 20110 21091 1641/ 50101 80120 80255 9/015=
ZZYY 22574 21091 1825/ 127441 130058 6111/
22219 00263
444 20110 21091 1822/ 50101 80009 80099 9////=
ZZYY 53596 21091 1826/ 121658 120507 6112/
22219 00283
444 20120 21091 1754/ 50101 80122 80255 9/015=
ZZYY 52916 21091 1824/ 127720 130698 6112/
22219 00257
444 20120 21091 1820/ 50101 80107 80015 9/015=
ZZYY 53518 21091 1824/ 121044 114213 6113/
22219 00288
444 20130 21091 1821/ 50101 80138 80002 9/015=
ZZYY 51957 21091 1824/ 126625 133907 6112/
22219 00272
444 20120 21091 1821/ 50101 80117 80255 9/015=
ZZYY 52914 21091 1819/ 134937 143133 6112/
22219 00275
444 20120 21091 1754/ 50101 9/015=
ZZYY 53597 21091 1822/ 115278 122089 6113/
22219 00288
444 20130 21091 1756/ 50101 80094 80003 9/015=
ZZYY 53524 21091 1822/ 128328 134194 6112/
22219 00278
444 20120 21091 1755/ 50101 80092 80012 9/015=
ZZYY 52665 21091 1820/ 113317 132695 6113/
11119 30078 40078 52245
22219 00300
444 20130 21091 1757/ 50101 80120 80009 9/015=
ZZYY 53908 21091 1826/ 120641 129737 6113/
22219 00289
444 20130 21091 1822/ 50101 80138 80004 9/015=
ZZYY 53575 21091 1824/ 115363 122535 6112/
22219 00282
444 20120 21091 1259/ 50101 80092 80005 9/015=
ZZYY 53517 21091 1825/ 117505 129549 6111/
22219 00295
444 20110 21091 1822/ 50101 80092 80006 9/015=
ZZYY 22583 21091 1825/ 119480 128970 6111/
22219 00293
444 20110 21091 1822/ 50101 80140 80002 9/015=
####018000289####
SSVX13 KARS 211830
ZZYY 22531 21091 1710/ 120764 127636 6112/
11119 30092 40092 57010
22219 00293
444 20120 21091 1642/ 50101 80110 80038 9/015=
ZZYY 22531 21091 1810/ 120765 127625 6112/
11119 30087 40087 57013
22219 00293
444 20120 21091 1821/ 50101 80110 80053 9/015=
