####018000125####
SSVX02 CWAO 221445
ZZYY 47537 22091 1445/ 784414 064789 6113/ 22291 00003 444 20130 22091 1445/ 50701 80138 80001 9////=
####018000125####
SSVX02 CWAO 221445
ZZYY 47533 22091 1445/ 782984 062218 6113/ 22291 01011 444 20130 22091 1445/ 50701 80138 80001 9////=
####018000125####
SSVX02 CWAO 221445
ZZYY 47531 22091 1445/ 784414 064726 6113/ 11131 10000 444 20130 22091 1445/ 50701 80138 80001 9////=
####018000125####
SSVX02 CWAO 221445
ZZYY 47532 22091 1445/ 782986 062249 6113/ 11119 11094 444 20130 22091 1445/ 50701 80136 80001 9////=
####018000483####
SSVX13 LFVW 221455
ZZYY 13575 22091 1300/ 703329 027612 6112/
11119 40143
22219 00283
33311 88872 20000 32831 43520
444 20120 22091 1406/ 50101 80118 80010 9/015=
ZZYY 13575 22091 1100/ 703380 027597 6112/
11119 40151
22219 00281
33311 88872 20000 32812 43519
444 20120 22091 1029/ 50101 80118 80010 9/015=
ZZYY 15955 22091 1150/ 503665 018125 6112/
11119 40159
22219 00251
33311 88872 20000 32506 43624
444 20120 22091 1030/ 50101 80118 80016 9/015=
####018000387####
SSVX11 LFVW 221455
ZZYY 52085 22091 0400/ 300018 155953 6113/
11119 10260 29090 40087
22219 00294
33311 88872 20000 32940 20002 32940 43439 20025 32922 43506
20050 32909 43528 20075 32846 43543 20100 32772 43548
20125 32712 43561 20150 32576 43572 20200 31734 43510
20250 31300 43500 20300 31104 43481 20500 30759 43456
20750 30567 43454
444 20130 22091 0351/ 522//=
####018000128####
SSVX02 CWAO 221445
ZZYY 47531 22091 1445/ 784414 064726 6113/ 11131 10000 444 20130 22091 1445/ 50701 80138 80001 9////=

####018000128####
SSVX02 CWAO 221445
ZZYY 47533 22091 1445/ 782984 062218 6113/ 22291 01011 444 20130 22091 1445/ 50701 80138 80001 9////=

####018000128####
SSVX02 CWAO 221445
ZZYY 47537 22091 1445/ 784414 064789 6113/ 22291 00003 444 20130 22091 1445/ 50701 80138 80001 9////=

####018000128####
SSVX02 CWAO 221445
ZZYY 47532 22091 1445/ 782986 062249 6113/ 11119 11094 444 20130 22091 1445/ 50701 80136 80001 9////=

####018000149####
SSVX13 KARS 221454
ZZYY 55644 22091 1400/ 336953 171746 6113/
11119 40139 52001
22219 00144
444 20130 22091 1327/ 50101 80112 80031 9/015=
####018012259####
SSVX02 KARS 221454
ZZYY 31905 22091 1402/ 534441 011707 6113/
22219 00156
444 20130 22091 1355/ 50101 8//// 80001 9/015=
ZZYY 15601 22091 1401/ 522844 026545 6112/
22219 00221
444 20120 22091 1356/ 50101 80049 80019 9/015=
ZZYY 13904 22091 1411/ 717008 019314 6112/
22219 00282
444 20120 22091 1416/ 50101 80128 80001 9/015=
ZZYY 15904 22091 1408/ 310732 007171 6111/
22219 00209
444 20110 22091 1356/ 50101 80152 80007 9/015=
ZZYY 15666 22091 1403/ 314838 008612 6112/
22219 00181
444 20120 22091 1355/ 50101 80152 80011 9/015=
ZZYY 23681 22091 1150/ 519978 014048 6111/
22219 00263
444 20110 22091 1007/ 50101 80010 80014 9////=
ZZYY 71690 22091 1330/ 551564 024738 6112/
22219 00022
444 20120 22091 1347/ 50101 80110 80014 9/015=
ZZYY 31921 22091 1402/ 534238 017505 6111/
22219 00162
444 20110 22091 1354/ 50101 80043 80024 9////=
ZZYY 15941 22091 1403/ 516667 032434 6111/
22219 00247
444 20110 22091 1143/ 50101 80128 80001 9/015=
ZZYY 15508 22091 1340/ 332054 013413 6113/
11119 30286 40286 57004
22219 00182
444 20130 22091 1214/ 50101 80050 80000 9/015=
ZZYY 33992 22091 1300/ 547242 021929 6111/
11119 49996 52195
22219 00046
444 2011/ 22091 1354/ 50101 80083 80000 9/015=
ZZYY 15618 22091 1406/ 520806 002187 6111/
22219 00190
444 20110 22091 1355/ 50101 80124 80180 9/015=
ZZYY 15641 22091 1404/ 501999 031834 6112/
444 20120 22091 1143/ 50101 80124 80180 9/015=
ZZYY 33581 22091 1300/ 545726 023115 6112/
11119 39971 49971
22219 00064
444 20120 22091 1153/ 50101 80110 80100 9/015=
ZZYY 15677 22091 1408/ 514587 024256 6112/
22219 00239
444 20120 22091 1356/ 50101 80128 80001 9/015=
ZZYY 71671 22091 1340/ 553034 038793 6111/
11119 39899 49899
22219 00004
444 20110 22091 1218/ 50101 80110 80002 9/015=
ZZYY 15928 22091 1406/ 513039 029985 6111/
22219 00250
444 20110 22091 1401/ 50101 80126 80001 9/015=
ZZYY 17681 22091 1320/ 523787 002461 6111/
11119 30241 40241 57021
22219 00191
444 20110 22091 1330/ 50101 80110 80000 9/015=
ZZYY 31914 22091 1402/ 534561 016283 6113/
22219 00161
444 20130 22091 1355/ 50101 80061 80047 9/015=
ZZYY 15675 22091 1406/ 514690 025351 6111/
22219 00242
444 20110 22091 1356/ 50101 80128 80002 9/015=
ZZYY 15942 22091 1408/ 305434 004589 6113/
22219 00248
444 20130 22091 1357/ 50101 80152 80005 9/015=
ZZYY 15929 22091 1408/ 306926 005040 6112/
22219 00231
444 20120 22091 1356/ 50101 80138 80006 9/015=
ZZYY 31926 22091 1403/ 533239 006183 6113/
22219 00166
444 20130 22091 1354/ 50101 80007 80025 9////=
ZZYY 31708 22091 1402/ 331356 009801 6112/
22219 00167
444 20120 22091 1355/ 50101 80006 80028 9////=
ZZYY 31537 22091 1400/ 532185 021124 6113/
22219 00162
444 20130 22091 1355/ 50101 80043 80015 9/015=
ZZYY 15501 22091 1400/ 528944 011303 6113/
11119 30261 40261 57012
444 20130 22091 1354/ 50101 80110 80000 9/015=
ZZYY 17657 22091 1320/ 524326 011980 6112/
11119 30242 40242 57013
22219 00202
444 20120 22091 1355/ 50101 8//// 80054 9/015=
ZZYY 46767 22091 1316/ 715762 168762 6111/
22219 00273
444 20110 22091 1301/ 50101 80084 80028 9/015=
ZZYY 15906 22091 1407/ 507427 012167 6112/
22219 00240
444 20120 22091 1356/ 50101 80082 80012 9/015=
ZZYY 13548 22091 1400/ 705533 020971 6112/
22219 00280
444 20120 22091 1414/ 500// 80010 9/001=
ZZYY 15634 22091 1402/ 529444 017361 6113/
22219 00190
444 20130 22091 1356/ 50101 80096 80000 9/015=
ZZYY 33691 22091 1405/ 527764 002318 6111/
22219 00186
444 20110 22091 1356/ 50101 80070 80014 9/015=
ZZYY 17662 22091 1400/ 526520 026363 6111/
11119 30216 40216 57014
22219 00213
444 20110 22091 1355/ 50101 80100 80004 9/015=
ZZYY 17662 22091 1300/ 526520 026363 6111/
11119 30224 40224 57002
22219 00208
444 20110 22091 1355/ 50101 80100 80004 9/015=
ZZYY 15923 22091 1300/ 514825 021533 6111/
11119 30193 40193 57010
22219 00232
444 20110 22091 1401/ 50101 80120 80011 9/015=
ZZYY 15923 22091 1400/ 514825 021533 6111/
11119 30186 40186 57017
22219 00232
444 20110 22091 1401/ 50101 80120 80011 9/015=
ZZYY 17651 22091 1210/ 524280 025140 6113/
11119 30195 40195 52004
22219 00216
444 20130 22091 1143/ 50101 80100 80008 9/015=
ZZYY 43502 22091 1430/ 545098 158723 6113/
11119 40110 57005
22219 00093
444 20130 22091 1301/ 50101 80010 80000 9////=
ZZYY 43502 22091 1330/ 545098 158723 6113/
11119 40113 57006
22219 00093
444 20130 22091 1301/ 50101 80010 80000 9////=
ZZYY 33649 22091 1340/ 349513 177339 6113/
11119 40188 52001
22219 00073
444 20130 22091 1326/ 50101 80010 80000 9////=
ZZYY 33649 22091 1440/ 349527 177343 6113/
11119 40187 57001
22219 00074
444 20130 22091 1438/ 50101 80010 80000 9////=
ZZYY 71614 22091 1400/ 344660 149432 6113/
22219 00109
444 20130 22091 1328/ 50101 80010 80000 9////=
ZZYY 51512 22091 1441/ 319609 176799 6112/
22219 00246
444 20120 22091 1432/ 50101 80115 80031 9/015=
ZZYY 33536 22091 1440/ 350906 164448 6111/
11119 40114 57002
22219 00081
444 50101 80009 80000 9////=
ZZYY 33536 22091 1340/ 350890 164408 6112/
11119 40118 52001
22219 00081
444 20120 22091 1327/ 50101 80009 80000 9////=
ZZYY 33586 22091 1430/ 351154 166418 6113/
22219 00080
444 20130 22091 1439/ 50101 80009 80000 9/015=
ZZYY 51940 22091 1440/ 525330 169899 6113/
22219 00222
33311 88872 20000 32220 43547
444 20130 22091 1432/ 50101 80080 80000 9/015=
ZZYY 51727 22091 1438/ 509490 177477 6113/
22219 00283
444 20130 22091 1425/ 50101 80109 80255 9/015=
ZZYY 71575 22091 1410/ 349239 155794 6113/
22219 00085
444 20130 22091 1440/ 50101 80009 80000 9////=
ZZYY 33632 22091 1400/ 341831 136715 6111/
22219 00108
444 20110 22091 1329/ 50101 80010 80002 9////=
ZZYY 33663 22091 1340/ 347250 144959 6112/
11119 49875 57016
22219 00090
444 20120 22091 1328/ 50101 80010 80004 9////=
ZZYY 33663 22091 1440/ 347240 144971 6112/
11119 49877 57005
22219 00090
444 50101 80010 80004 9////=
ZZYY 34540 22091 1410/ 343070 135259 6111/
11119 40119 52042
22219 00105
444 20110 22091 1328/ 50101 80010 80003 9////=
ZZYY 16594 22091 1440/ 340848 136931 6111/
11119 30079 40079 52067
22219 00120
444 20110 22091 1328/ 50101 80090 80000 9/015=
ZZYY 16594 22091 1340/ 340848 136931 6111/
11119 30058 40058 52069
22219 00121
444 20110 22091 1328/ 50101 80090 80000 9/015=
ZZYY 16956 22091 1430/ 346378 132976 6112/
11119 30102 40102 52042
22219 00090
444 20120 22091 1247/ 50101 80110 80004 9/015=
ZZYY 71627 22091 1430/ 353780 175700 6113/
22219 00051
444 20130 22091 1440/ 50101 80110 80005 9/015=
ZZYY 51965 22091 1441/ 316457 175918 6112/
22219 00272
444 20120 22091 1426/ 50101 80119 80007 9/015=
ZZYY 33629 22091 1400/ 339131 141974 6111/
11119 40103 52036
22219 00143
444 20110 22091 1328/ 50101 80010 80010 9////=
ZZYY 51802 22091 1442/ 522527 174951 6112/
22219 00234
444 20120 22091 1432/ 50101 80053 80006 9/015=
ZZYY 14547 22091 1430/ 348943 176052 6113/
11119 30186 40186 52008
22219 00072
444 20130 22091 1439/ 50101 80100 80063 9/015=
ZZYY 16960 22091 1440/ 354109 163513 6111/
22219 00076
444 50101 80100 80000 9/015=
ZZYY 51913 22091 1440/ 515744 173315 6113/
22219 00241
444 20130 22091 1427/ 50101 80115 80017 9/015=
ZZYY 56907 22091 1430/ 348260 141933 6111/
11119 39919 49919 52030
444 20110 22091 1440/ 50101 80123 80000 9/015=
ZZYY 51669 22091 1438/ 511909 174928 6113/
22219 00280
444 20130 22091 1425/ 50101 80105 80009 9/015=
ZZYY 51614 22091 1442/ 318783 173078 6111/
22219 00255
444 20110 22091 1432/ 50101 80046 80020 9/015=
ZZYY 56904 22091 1400/ 350120 156375 6112/
11119 30023 40023 57009
22219 00079
444 20120 22091 1327/ 50101 80100 80035 9/015=
ZZYY 55911 22091 1330/ 536975 157317 6112/
11119 40001 57015
22219 00143
444 20120 22091 1325/ 50101 80010 80019 9////=
ZZYY 51531 22091 1438/ 307344 154990 6112/
22219 00292
444 20120 22091 1432/ 50101 80115 80005 9/015=
ZZYY 51901 22091 1439/ 312824 159215 6112/
22219 00280
444 20120 22091 1432/ 50101 80115 80006 9/015=
ZZYY 51655 22091 1438/ 528485 169859 6112/
22219 00186
444 20120 22091 1434/ 50101 80107 80009 9/015=
ZZYY 51663 22091 1437/ 512370 170580 6113/
22219 00277
444 20130 22091 1426/ 50101 80111 80006 9/015=
ZZYY 32725 22091 1438/ 513237 167867 6113/
22219 00276
444 20130 22091 1426/ 50101 80121 80005 9/015=
ZZYY 51753 22091 1438/ 521413 163092 6112/
22219 00256
444 20120 22091 1432/ 50101 80083 80005 9/015=
ZZYY 55614 22091 1400/ 538290 168968 6113/
11119 30026 40026 52013
22219 00138
444 20130 22091 1327/ 50101 80110 80000 9/015=
ZZYY 51657 22091 1438/ 506891 179272 6113/
22219 00282
444 20130 22091 1426/ 50101 80117 80004 9/015=
ZZYY 33695 22091 1447/ 339650 131175 6112/
22219 00126
444 20120 22091 1247/ 50101 80072 80005 9/015=
ZZYY 16573 22091 1440/ 338591 141005 6112/
11119 30131 40131 52038
22219 00145
444 20120 22091 1441/ 50101 80100 80063 9/015=
ZZYY 16573 22091 1340/ 338578 140950 6111/
11119 30120 40120 52041
22219 00142
444 20110 22091 1328/ 50101 80100 80042 9/015=
ZZYY 51624 22091 1439/ 516319 174189 6113/
22219 00274
444 20130 22091 1427/ 50101 80087 80015 9/015=
ZZYY 17654 22091 1430/ 349860 139028 6112/
11119 39947 49947 52051
22219 00067
444 20120 22091 1441/ 50101 80110 80073 9/015=
ZZYY 51972 22091 1440/ 311563 167503 6112/
22219 00287
444 20120 22091 1426/ 50101 80081 80008 9/015=
ZZYY 51644 22091 1439/ 311061 154441 6112/
22219 00281
444 20120 22091 1430/ 50101 80085 80008 9/015=
ZZYY 51538 22091 1439/ 319114 167850 6113/
22219 00242
444 20130 22091 1432/ 50101 80086 80000 9/015=
ZZYY 32617 22091 1441/ 324493 170146 6111/
22219 00230
444 20110 22091 1432/ 50101 80082 80002 9/015=
ZZYY 51671 22091 1438/ 306168 173264 6113/
22219 00287
444 20130 22091 1425/ 50101 80121 80030 9/015=
ZZYY 34534 22091 1430/ 351573 138300 6113/
11119 49952 52045
22219 00057
444 20130 22091 1441/ 50101 80010 80012 9////=
ZZYY 32713 22091 1439/ 305925 174500 6112/
22219 00285
444 20120 22091 1425/ 50101 80550 80000 9/015=
ZZYY 51870 22091 1437/ 304339 173240 6112/
444 20120 22091 1425/ 50101 80111 80013 9/015=
ZZYY 34512 22091 1350/ 548047 177499 6113/
11119 40205 52005
22219 00070
444 20130 22091 1327/ 50101 80010 80005 9////=
ZZYY 44514 22091 1306/ 749403 021969 6112/
22219 00146
444 20120 22091 1238/ 50101 80142 80001 9/015=
ZZYY 44513 22091 1306/ 750813 033872 6111/
22219 00131
444 20110 22091 1239/ 50101 80142 80008 9/015=
ZZYY 44516 22091 1305/ 749204 026289 6111/
22219 00152
444 20110 22091 1238/ 50101 80138 80043 9/015=
ZZYY 44932 22091 1303/ 750927 025322 6111/
22219 00142
444 20110 22091 1240/ 50101 80142 80004 9/015=
ZZYY 44517 22091 1306/ 751739 019928 6113/
22219 00137
444 20130 22091 1240/ 50101 80142 80006 9/015=
ZZYY 44519 22091 1306/ 750922 019431 6112/
22219 00146
444 20120 22091 1240/ 50101 80140 80002 9/015=
ZZYY 44924 22091 1305/ 748635 033933 6111/
22219 00155
444 20110 22091 1241/ 50101 80102 9/015=
ZZYY 44930 22091 1306/ 765458 001704 6112/
444 20120 22091 1259/ 50101 80092 80099 9/015=
ZZYY 41998 22091 1304/ 745792 041772 6111/
444 20110 22091 1325/ 50101 80068 80019 9/015=
ZZYY 63579 22091 1302/ 169083 046738 6113/
22219 00085
444 20130 22091 1256/ 50101 80005 80004 9////=
ZZYY 63964 22091 1303/ 173835 023016 6112/
444 20120 22091 1257/ 50101 80007 80016 9/015=
ZZYY 63951 22091 1304/ 765672 001361 6112/
22219 00108
444 20120 22091 1259/ 50101 80007 80008 9/015=
ZZYY 63948 22091 1303/ 175407 035530 6113/
22219 00058
444 20130 22091 1256/ 50101 80007 80005 9/015=
ZZYY 63577 22091 1302/ 175066 067737 6113/
22219 00064
444 20130 22091 1256/ 50101 80007 80006 9/015=
ZZYY 63583 22091 1303/ 172581 046880 6113/
22219 00080
444 20130 22091 1256/ 50101 80009 80011 9/015=
ZZYY 63584 22091 1304/ 777851 002135 6111/
22219 00043
444 20110 22091 1257/ 50101 80008 80008 9/015=
ZZYY 63966 22091 1303/ 171453 015185 6113/
22219 00103
444 20130 22091 1257/ 50101 80008 80008 9/015=
####018009095####
SSVX08 KARS 221454
ZZYY 13001 21091 1200/ 711482 022977 6111/
33311 88872 20001 32883 43513 20020 32823 43556 20040 32122 43592
20060 31725 43575 20080 31544 20100 31440 20120 31360 20140 31326
20180 31282 20300 31133 20500 30955
444 20110 21091 1155/ 521//=
ZZYY 13001 22091 14004 711492 023003 6112/
11119 01007 10285 29080 40131
22219 00294
444 20120 22091 1411/ 521// 60401=
ZZYY 31007 21091 1200/ 700027 023006 6112/
33311 88872 20001 32588 43592 20020 32577 43594 20040 32534 43598
20080 32422 20100 32133 20120 31857 20140 31585 20180 31401
20300 31198 20500 30715
444 20120 21091 1051/ 521//=
ZZYY 31007 22091 14004 700015 023013 6111/
11119 01611 10258 29083 40137
22219 00260
444 20110 22091 1405/ 521// 60401=
ZZYY 31003 21091 1200/ 507911 030508 6112/
33311 88872 20001 32627 43624 20020 32633 43620 20040 32632 43620
20060 32632 20080 32625 20100 32454 20120 32157 43639 20140 31927
20300 30967 20500 30724
444 20120 21091 1053/ 521//=
ZZYY 31003 22091 14004 507921 030491 6112/
11119 01315 10264 29081
22219 00265
444 20120 22091 1145/ 521// 60401=
ZZYY 52002 21091 1200/ 302005 164985 6112/
22219 00290
33311 88872 20000 32903 43553 20500 30781
444 20120 21091 1326/ 521//=
ZZYY 52002 21091 1200/ 302005 164985 6112/
22219 00290
33311 88872 20000 32903 43553 20500 30781
444 20120 21091 1326/ 521//=
ZZYY 52002 22091 13004 302008 164986 6111/
11119 01211 10285 29073
22219 00290
444 20110 22091 1316/ 521// 60001=
ZZYY 52002 22091 14004 302008 164986 6111/
11119 01210 10284 29074
22219 00289
444 20110 22091 1316/ 521// 60001=
ZZYY 15006 21091 1200/ 506040 009994 6112/
33311 88872 20001 32441 43620 20020 32435 43619 20040 32433 43623
20080 32093 20100 31719 20120 31491 20140 31324 20180 31107
20300 30911
444 20120 21091 1025/ 521//=
ZZYY 15006 22091 13004 506031 009995 6111/
11119 01513 10240 29083
22219 00244
444 20110 22091 1404/ 521// 60401=
ZZYY 51304 21091 12004 504996 170020 6112/
11119 01213 10276 29076
22219 00277
33311 88872 20000 32772 20001 32777 43543 20025 32775 20050 32774
20125 32674 20150 32508 20200 31866 20250 31307 20300 31059
20500 30810
444 20120 21091 1144/ 521// 60401=
ZZYY 51304 21091 12004 504996 170020 6112/
11119 01213 10276 29076
22219 00277
33311 88872 20000 32772 20001 32777 43543 20025 32775 20050 32774
20125 32674 20150 32508 20200 31866 20250 31307 20300 31059
20500 30810
444 20120 21091 1144/ 521// 60401=
ZZYY 51304 22091 13004 505009 170022 6112/
11119 01213 10272 29077
22219 00277
444 20120 22091 1249/ 521// 60401=
ZZYY 52313 21091 1200/ 305787 176686 6111/
33311 88872 20001 32842 43557 20025 32840 20050 32839 20075 32838
20100 32838 20125 32839 20150 32836 20200 32259 20250 31633
20300 31214 20500 30830
444 20110 21091 1300/ 521//=
ZZYY 52313 22091 13004 305706 176596 6112/
11119 01009 10278 29077
22219 00284
444 20120 22091 1314/ 521// 60401=
ZZYY 15002 21091 1200/ 700011 009863 6112/
33311 88872 20001 32424 20020 32402 43578 20040 32216 43583
20060 32046 43605 20080 31848 20100 31616 20120 31506 20140 31467
20180 31402 20300 31065 20500 30733
444 20120 21091 1022/ 521//=
ZZYY 15002 22091 13004 700010 009861 6111/
11119 01411 10243 29090
22219 00243
444 20110 22091 1404/ 521// 60401=
ZZYY 13002 21091 1200/ 720460 023120 6111/
33311 88872 20001 32497 43644 20020 32494 43644 20040 31995 43539
20060 31761 43572 20080 31715 20100 31663 20120 31617 20140 31582
20180 31537 20300 31407 20500 31195
444 20110 21091 1155/ 521//=
ZZYY 13002 22091 14004 720458 023124 6112/
11119 00610 10252 29089
22219 00253
444 20120 22091 1411/ 521// 60401=
ZZYY 13010 21091 12004 300017 000002 6111/
11119 01812 10254 29087
22219 00262
33311 88872 20000 32615 20001 32611 20020 32609 43543
20040 32287 43570 20060 31880 20080 31713 20100 31617
20120 31543 43560 20140 31510 20180 31487 20300 31063 20500 30766
444 20110 21091 1235/ 521// 60001=
ZZYY 13010 22091 14004 300015 000002 6112/
11119 01811 10253 29084
22219 00262
444 20120 22091 1404/ 521// 60001=
ZZYY 31006 21091 1200/ 704038 022985 6112/
33311 88872 20001 32803 43463 20020 32798 43496 20040 32799 43499
20060 32750 43559 20080 32360 20100 31877 20120 31655 20140 31577
20180 31396 20300 31144
444 20120 21091 1051/ 521//=
ZZYY 31006 22091 14004 704037 022982 6112/
11119 02112 10270 29082
22219 00280
444 20120 22091 1407/ 521// 60401=
ZZYY 52003 21091 1200/ 105099 165032 6112/
33311 88872 20001 32942 43392 20025 32938 20050 32937 20075 32949
20100 32880 20125 32545 20150 32036 20200 31175 20250 30991
20300 30933 20500 30789
444 20120 21091 1324/ 521//=
ZZYY 52003 22091 13004 105083 165018 6111/
11119 01107 10271 29087
22219 00295
444 20110 22091 1315/ 521// 60401=
ZZYY 31004 21091 1200/ 513525 032608 6112/
33311 88872 20020 32538 43686 20040 32538 43700 20060 32535
20080 32535 20100 32535 20120 32546 43717 20140 32495 20180 32228
20300 31333 20500 30706
444 20120 21091 1035/ 521//=
ZZYY 31001 21091 1200/ 700011 035008 6112/
33311 88872 20001 32663 43591 20020 32661 43591 20040 32655 43595
20060 32633 20080 32563 20100 32355 20120 32117 43623 20140 31894
20180 31462 20300 31140 20500 30729
444 20120 21091 1053/ 521//=
ZZYY 31001 22091 14004 700015 035018 6111/
11119 01313 10267 29079
22219 00267
444 20110 22091 1140/ 521// 60401=
ZZYY 15001 21091 1200/ 509914 009974 6112/
33311 88872 20001 32346 43645 20020 32339 43645 20040 32338 43644
20060 32339 43645 20080 32319 20100 32089 20120 31750 20140 31557
20180 31309 20300 30973 20500 30741
444 20120 21091 1024/ 521//=
ZZYY 15001 22091 13004 509916 009974 6112/
11119 01318 10227 29079 40156
22219 00234
444 20120 22091 0851/ 521// 60401=
ZZYY 51310 21091 1200/ 508023 170059 6111/
33311 88872 20001 32809 43555 20025 32808 20050 32807 20075 32807
20100 32808 20125 32797 20150 32704 20200 32265
444 20110 21091 1145/ 521//=
ZZYY 51310 21091 1200/ 508023 170059 6111/
33311 88872 20001 32809 43555 20025 32808 20050 32807 20075 32807
20100 32808 20125 32797 20150 32704 20200 32265
444 20110 21091 1145/ 521//=
ZZYY 51310 22091 13004 508020 170067 6112/
11119 01013 10274 29077
22219 00281
444 20120 22091 1316/ 521// 60401=
ZZYY 51303 21091 1200/ 705026 169984 6112/
11119 10248 29088
22219 00275
33311 88872 20000 32745 20001 32755 43518 20025 32754 20050 32754
20075 32753 20100 32751 20200 31609 20250 31113 20300 31009
20500 30845
444 20120 21091 1141/ 521//=
ZZYY 52310 21091 12004 702024 179838 6112/
11119 01015 10279 29084
22219 00280
33311 88872 20000 32804 20001 32810 43515 20050 32796 20075 32793
20100 32788 20125 32770 20150 32444 20200 31308 20250 31173
20300 31109 20500 30841
444 20120 21091 1258/ 521// 60401=
ZZYY 52310 22091 13004 702018 179837 6112/
11119 01114 10277 29078
22219 00280
444 20120 22091 1315/ 521// 60401=
ZZYY 52007 21091 1200/ 308026 164771 6112/
33311 88872 20001 32916 43534 20025 32908 20050 32905
444 20120 21091 1328/ 521//=
ZZYY 52316 21091 1200/ 507988 179855 6112/
33311 88870 20025 32854 20050 32852 20075 32852 20100 32852
20125 32843 20150 32754 20200 32331 20300 31445 20500 30799
444 20120 21091 1442/ 521//=
ZZYY 52311 21091 12004 700045 179905 6111/
11119 00913 10268 29084
22219 00278
33311 88872 20000 32777 20001 32779 43539 20025 32775 20050 32770
20075 32756 20100 32687 20125 32346 20150 32077 20200 31485
20250 31330 20500 30812
444 20110 21091 1324/ 521// 60401=
ZZYY 52311 22091 14004 700035 179917 6112/
11119 01011 10272 29078
22219 00277
444 20120 22091 1314/ 521// 60401=
ZZYY 51010 21091 12004 500029 170066 6112/
11119 00912 10265 29083 40103
22219 00268
33311 88872 20000 32682 20001 32687 43520 20025 32676 43522
20050 32660 43524 20125 32094 20150 31819 20200 31471 20250 31267
20300 31166 20500 30831
444 20120 21091 1144/ 521// 60401=
ZZYY 52004 21091 1200/ 305000 165164 6111/
33311 88872 20001 32917 43556 20025 32913 20075 32907 20100 32903
20125 32893 20150 32744 20200 31985
444 20110 21091 1326/ 521//=
ZZYY 52004 22091 14004 305005 165167 6112/
11119 01009 10284 29077
22219 00292
444 20120 22091 1429/ 521// 60401=
ZZYY 52321 21091 1200/ 100000 164971 6112/
33311 88872 20001 32892 20025 32881 43520 20050 32871 43528
20075 32855 43535 20100 32784 20125 32496 20150 32258 20200 31720
20250 31319 20500 30775
444 20120 21091 1326/ 521//=
ZZYY 52321 22091 14004 100005 164977 6111/
11119 00909 10278 29086 40092
22219 00286
444 20110 22091 1429/ 521// 60401=
ZZYY 52312 21091 12004 501980 179927 6112/
11119 01013 10279 29082
22219 00282
33311 88872 20000 32820 20001 32823 43546 20025 32821 20050 32819
20075 32819 20100 32819 20125 32749 20150 32336 20200 31335
20250 31150 20300 31106 20500 30829
444 20120 21091 1300/ 521// 60401=
ZZYY 52312 22091 14004 501984 179927 6111/
11119 01014 10276 29081
22219 00282
444 20110 22091 1315/ 521// 60401=
####018000357####
SSVX06 KARS 221454
ZZYY 47558 22091 1306/ 773763 081534 6113/
444 20130 22091 1248/ 500// 9/000=
ZZYY 48506 22091 1305/ 779567 119194 6111/
11119 40074
444 20110 22091 1300/ 500//=
ZZYY 47554 22091 1304/ 774359 112783 6113/
444 20130 22091 1250/ 500// 9/000=
ZZYY 47553 22091 1305/ 779342 103379 6111/
444 20110 22091 1248/ 500// 9/000=
####018000146####
SSVX13 LFPW 221500
ZZYY 64611 22091 1500/ 763321 025851 6110/ 11119 40002 52001 22219
 00109 444 20100 22091 1500/ 50101 80129 80000 9/015=
####018001233####
SSVX13 LFVW 221457
ZZYY 55081 22091 1340/ 349667 178810 6113/
11119 30181 40181 57002
444 20130 22091 1327/ 50101 9/015=
ZZYY 55081 22091 1440/ 349667 178809 6113/
11119 30182 40182 57001
444 20130 22091 1441/ 50101 9/015=
ZZYY 55590 22091 1430/ 328501 170201 6111/
11119 40156 57015
22219 00192
444 20110 22091 1325/ 50101 80009 80000 9/015=
ZZYY 55590 22091 1330/ 328501 170201 6111/
11119 40165 57007
22219 00192
444 20110 22091 1325/ 50101 80009 80000 9/015=
ZZYY 51682 22091 1400/ 311280 159448 6112/
11119 40109
22219 00285
444 20120 22091 1434/ 50101 80080 80100 9/015=
ZZYY 51682 22091 1430/ 311280 159448 6112/
11119 40105
22219 00285
444 20120 22091 1434/ 50101 80080 80100 9/015=
ZZYY 23997 22091 1420/ 312097 064521 6111/
11119 30144 40144 52011
22219 00257
444 20110 22091 1318/ 50101 80110 80003 9/015=
ZZYY 52751 22091 1430/ 315936 170129 6113/
11119 40126
22219 00267
444 20130 22091 1435/ 50101 80080 80100 9/015=
ZZYY 55577 22091 1400/ 332815 158178 6113/
11119 30230 40230 57008
444 20130 22091 1327/ 50101 80110 80000 9/015=
ZZYY 55578 22091 1350/ 339795 158176 6113/
11119 30193 40193 57014
444 20130 22091 1327/ 50101 80090 80000 9/015=
####018012455####
SSVX11 LFVW 221457
ZZYY 52086 22091 0700/ 304968 156015 6113/
11119 10276 29075 40087
22219 00294
33311 88872 20000 32939 20002 32939 43455 20025 32960
20050 32961 43490 20075 32955 20100 32893 43559 20125 32837
20150 32716 43571 20200 32192 43584 20250 31501 43519
20300 31046 43478 20500 30776 43459 20750 30576 43455
444 20130 22091 0636/ 522//=
ZZYY 52086 22091 0300/ 304969 156017 6113/
11119 10256 29087 40095
22219 00293
33311 88872 20000 32927 20002 32927 43444 20025 32961
20050 32960 43489 20075 32963 20100 32926 43547 20125 32854
20150 32732 43570 20200 32051 43577 20250 31388 43509
20300 30982 43473 20500 30786 43459 20750 30578 43455
444 20130 22091 0324/ 522//=
ZZYY 52086 22091 0500/ 304975 156021 6112/
11119 10267 29079 40080
22219 00293
33311 88872 20000 32933 20002 32933 43440 20025 32961
20050 32960 43489 20075 32964 20100 32932 43546 20125 32878
20150 32788 43568 20200 32081 43580 20250 31423 43513
20300 30984 43473 20500 30758 43460 20750 30566 43455
444 20120 22091 0456/ 522//=
ZZYY 52086 22091 1200/ 304955 156013 6111/
11119 10281 29076 40114
22219 00294
33311 88872 20000 32936 20002 32936 43466 20025 32963
20050 32961 43489 20075 32963 20100 32903 43553 20125 32812
20150 32655 43576 20200 32154 43583 20250 31484 43518
20300 31018 43476 20500 30793 43459 20750 30594 43454
444 20110 22091 1231/ 522//=
ZZYY 52086 22091 1400/ 304966 156013 6112/
11119 10253 29090 40110
22219 00294
33311 88872 20000 32936 20125 32891 20150 32741 43569
20200 32116 43585 20250 31444 43515 20500 30796 43460
444 20120 22091 1431/ 522//=
ZZYY 52086 22091 1000/ 304969 156009 6111/
11119 10280 29074 40110
22219 00293
33311 88872 20000 32932 20002 32932 43459 20025 32961
20050 32961 43490 20075 32961 20100 32897 43556 20125 32808
20150 32666 43574 20200 32150 43589 20250 31438 43513
20300 30985 43473 20500 30817 43460 20750 30606 43455
444 20110 22091 0928/ 522//=
ZZYY 52086 22091 0400/ 304967 156017 6113/
11119 10258 29084 40088
22219 00293
33311 88872 20000 32932 20002 32932 43447 20025 32962
20050 32960 43489 20075 32963 20100 32951 43538 20125 32875
20150 32769 43569 20200 32120 43584 20250 31410 43511
20300 30976 43473 20500 30772 43460 20750 30568 43454
444 20130 22091 0350/ 522//=
ZZYY 52086 22091 0600/ 304968 156015 6113/
11119 10273 29077 40082
22219 00294
33311 88872 20000 32937 20002 32937 43446 20025 32960
20050 32960 43490 20075 32966 20100 32920 43550 20125 32862
20150 32753 43570 20200 32055 43579 20250 31474 43516
20300 30996 43474 20500 30759 43460 20750 30568 43454
444 20130 22091 0636/ 522//=
ZZYY 52088 22091 07004 302012 155984 6113/
11119 02503 10277 29085 40087
22219 00296
33311 88872 20000 32956 20002 32956 43492 20025 32947 43522
20050 32941 43524 20075 32938 43526 20100 32930 43531
20125 32873 43548 20150 32844 43570 20200 31904 43569
20250 31071 43481 20300 31015 43474 20500 30780 43459
20750 30564 43452
444 20130 22091 0638/ 522// 60381=
ZZYY 52088 22091 03004 302013 155984 6113/
11119 02509 10282 29083 40089
22219 00298
33311 88872 20000 32982 20002 32982 43518 20025 32946 43522
20050 32944 43524 20075 32938 43528 20100 32919 43532
20125 32865 43557 20150 32749 43571 20200 31936 43566
20250 31126 43488 20300 31015 43474 20500 30813 43460
20750 30578 43451
444 20130 22091 0325/ 522// 60381=
ZZYY 52088 22091 05004 302017 155981 6112/
11119 03405 10253 29091 40085
22219 00295
33311 88872 20000 32953 20002 32953 43463 20025 32947 43523
20050 32940 43524 20075 32937 43529 20100 32908 43534
20125 32863 43560 20150 32761 43573 20200 32188 43585
20250 31166 43488 20300 31015 43474 20500 30828 43460
20750 30570 43452
444 20120 22091 0458/ 522// 60381=
ZZYY 52088 22091 12004 302015 155981 6111/
11119 01106 10274 29082 40115
22219 00294
444 20110 22091 1230/ 522// 60381=
ZZYY 52088 22091 14004 302010 155984 6112/
11119 00910 10269 29088 40105
22219 00295
33311 88872 20000 32946 20002 32946 43514 20025 32950 43524
20050 32940 43523 20075 32937 43529 20100 32901 43535
20125 32852 43560 20150 32682 43570 20200 31632 43534
20250 31157 43493 20300 31012 43474 20500 30773 43459
20750 30570 43452
444 20120 22091 1430/ 522// 60381=
ZZYY 52088 22091 08004 302002 155973 6111/
11119 02602 10277 29086 40094
22219 00296
33311 88872 20000 32959 20002 32959 43504 20025 32947 43523
20050 32940 43523 20075 32937 43527 20100 32932 43530
20125 32872 43549 20150 32840 43570 20200 31795 43563
20250 31056 43479 20300 31012 43474 20500 30752 43457
20750 30568 43453=
ZZYY 52088 22091 10004 302013 155984 6111/
11119 00406 10267 29089 40111
22219 00295
33311 88872 20000 32951 20002 32951 43508 20025 32949 43524
20050 32939 43524 20075 32937 43527 20100 32918 43533
20125 32859 43558 20150 32727 43570 20200 31951 43583
20250 31050 43480 20300 31007 43474 20500 30735 43455
20750 30571 43452
444 20110 22091 0939/ 522// 60381=
ZZYY 52085 22091 0400/ 300018 155953 6113/
11119 10260 29090 40087
22219 00294
33311 88872 20000 32940 20002 32940 43439 20025 32922 43506
20050 32909 43528 20075 32846 43543 20100 32772 43548
20125 32712 43561 20150 32576 43572 20200 31734 43510
20250 31300 43500 20300 31104 43481 20500 30759 43456
20750 30567 43454
444 20130 22091 0351/ 522//=
ZZYY 52085 22091 1100/ 300017 155954 6113/
11119 10273 29081 40114
22219 00292
33311 88872 20000 32920 20002 32920 43438 20025 32928 43500
20050 32899 43532 20075 32843 43543 20100 32748 43546
20125 32718 43562 20150 32537 43579 20200 31816 43528
20250 31322 43503 20300 31100 43481 20500 30750 43457
20750 30564 43454
444 20130 22091 1051/ 522//=
ZZYY 52085 22091 0700/ 300019 155953 6113/
11119 10263 29089 40088
22219 00291
33311 88872 20000 32907 20002 32907 43364 20025 32924 43497
20050 32919 43520 20075 32859 43542 20100 32806 43555
20125 32753 43561 20150 32637 43569 20200 31727 43509
20250 31241 43497 20300 31102 43481 20500 30755 43456
20750 30575 43453
444 20130 22091 0637/ 522//=
ZZYY 52085 22091 0900/ 300019 155955 6112/
11119 10269 29084 40102
22219 00290
33311 88872 20000 32901 20002 32901 43403 20025 32925 43500
20050 32911 43527 20075 32853 43543 20100 32787 43552
20125 32735 43562 20150 32593 43571 20200 31771 43517
20250 31315 43502 20300 31103 43481 20500 30759 43457
20750 30569 43454
444 20120 22091 0929/ 522//=
ZZYY 52085 22091 0300/ 300019 155950 6113/
11119 10279 29081 40092
22219 00295
33311 88872 20000 32945 20002 32945 43452 20025 32923 43510
20050 32884 43534 20075 32832 43544 20100 32747 43554
20125 32671 43562 20150 32403 43560 20200 31732 43509
20250 31306 43501 20300 31103 43481 20500 30771 43456
20750 30576 43453
444 20130 22091 0326/ 522//=
ZZYY 52085 22091 0500/ 300022 155951 6113/
11119 10257 29087 40085
22219 00293
33311 88872 20000 32925 20002 32925 43440 20025 32922 43506
20050 32911 43526 20075 32848 43543 20100 32785 43552
20125 32755 43560 20150 32643 43565 20200 31762 43514
20250 31283 43500 20300 31104 43481 20500 30758 43457
20750 30567 43454
444 20130 22091 0458/ 522//=
ZZYY 52084 22091 03004 105020 155960 6113/
11119 01710 10261 29094 40093
22219 00296
33311 88872 20000 32957 20002 32957 43361 20025 32942 43364
20050 32940 43376 20075 32888 43422 20100 32681 43492
20125 32456 43523 20150 32284 43513 20200 31343 43454
20250 31060 43460 20300 30948 43463 20500 30765 43457 20750 30588
444 20130 22091 0327/ 522// 60381=
ZZYY 52084 22091 05004 105025 155964 6112/
11119 02204 10263 29095 40081
22219 00296
33311 88872 20000 32955 20002 32955 43357 20025 32942 43364
20050 32943 43374 20075 32896 43421 20100 32735 43482
20125 32480 43518 20150 32317 43513 20200 31355 43455
20250 31054 43460 20300 30954 43463 20500 30780 43458 20750 30605=
ZZYY 52084 22091 14004 105014 155966 6111/
11119 02203 10273 29087 40099
22219 00293
33311 88872 20000 32929 20002 32929 43339 20025 32945 43365
20050 32940 43375 20075 32883 43435 20100 32635 43501
20125 32447 43521 20150 32268 43509 20200 31266 43452
20250 31037 43460 20300 30952 43463 20500 30767 43457 20750 30581
444 20110 22091 1429/ 522// 60381=
ZZYY 52084 22091 08004 105043 155958 6111/
11119 02106 10269 29092 40094
22219 00295
33311 88872 20000 32945 20002 32945 43343 20025 32945 43363
20050 32942 43369 20075 32916 43411 20100 32648 43496
20125 32451 43522 20150 32263 43510 20200 31227 43454
20250 31030 43462 20300 30957 43463 20500 30774 43459 20750 30580
444 20110 22091 0801/ 522// 60381=
ZZYY 52084 22091 10004 105024 155970 6112/
11119 02104 10267 29090 40107
22219 00292
33311 88872 20000 32916 20002 32916 43311 20025 32945 43364
20050 32940 43369 20075 32915 43412 20100 32644 43498
20300 30966 43463 20750 30575
444 20120 22091 0941/ 522// 60381=
ZZYY 52082 22091 03004 101951 155997 6113/
11119 02102 29082 40094
22219 00297
33311 88872 20000 32967 20002 32967 20025 32970 43460
20050 32959 43509 20075 32959 43513 20100 32852 43540
20125 32778 43539 20150 32622 43535 20200 31509 43469
20250 31024 43473 20300 30979 43471 20500 30746 43456
20750 30571 43453
444 20130 22091 0325/ 522// 60381=
ZZYY 52082 22091 1200/ 101945 155991 6111/
33311 88872 20002 32976 20025 32973 43465 20050 32955 43508
20075 32947 43505 20100 32860 43538 20125 32779 43540
20150 32533 43530 20200 31638 43473 20250 31035 43473
20300 30992 43472 20500 30807 43458 20750 30568 43454
444 20110 22091 1233/ 522//=
ZZYY 52082 22091 08004 101948 155987 6111/
11119 01301 29081 40091
22219 00299
33311 88872 20000 32992 20002 32992 20025 32967 43478
20050 32953 43508 20075 32942 43519 20100 32843 43541
20125 32759 43539 20150 32452 43528 20200 31417 43461
20250 31027 43473 20300 30982 43471 20500 30799 43459
20750 30569 43453=
ZZYY 52082 22091 10004 101955 156009 6111/
11119 01902 29081 40106
22219 00302
33311 88872 20000 33021 20002 33021 20025 32965 43486
20050 32946 43505 20075 32917 43522 20100 32838 43542
20125 32723 43539 20150 32477 43528 20200 31630 43473
20250 31032 43473 20300 30997 43472 20500 30811 43459
20750 30570 43454
444 20110 22091 0940/ 522// 60381=
ZZYY 53056 22091 1200/ 305038 095054 6112/
11119 10268 29083
22219 00271
33311 88872 20000 32710 20001 32710 43400 20011 32709 43407
20021 32706 43415 20040 32703 43420 20081 32232 20100 31881 43493
20119 31474 20140 31315 20200 31198 20300 31099 20500 30951
444 20120 22091 1139/ 522//=
ZZYY 53056 22091 0800/ 305040 095059 6113/
11119 10269 29083
22219 00272
33311 88872 20000 32721 20001 32721 43403 20011 32714 43408
20020 32704 43417 20040 32702 43412 20081 32542 20100 31941 43474
20120 31512 20140 31274 20200 31192 20300 31078 20500 30944
444 20130 22091 0830/ 522//=
ZZYY 53056 22091 1000/ 305042 095056 6113/
11119 10269 29083
22219 00272
33311 88872 20000 32716 20001 32716 43401 20011 32712 43408
20021 32702 43416 20040 32703 43418 20081 32247 20100 31876 43496
20120 31415 20140 31254 20200 31190 20300 31073 20500 30939=
ZZYY 52083 22091 05004 107968 156036 6113/
11119 01204 10282 29083 40081
22219 00297
33311 88872 20000 32966 20002 32966 43373 20025 32966 43384
20050 32967 43392 20075 32928 43450 20100 32730 43491
20125 32365 43517 20150 32026 43489 20200 31312 43450
20250 31055 43455 20300 30944 43460 20500 30749 43455
20750 30578 43454
444 20130 22091 0501/ 522// 60381=
ZZYY 52083 22091 03004 107964 156032 6113/
11119 01506 10272 29088 40091
22219 00297
33311 88872 20000 32965 20002 32965 43372 20025 32966 43384
20050 32966 43394 20075 32925 43449 20100 32753 43490
20125 32504 43509 20150 32258 43513 20200 31390 43450
20250 31111 43453 20300 30985 43457 20500 30784 43456
20750 30613 43453
444 20130 22091 0328/ 522// 60381=
ZZYY 52083 22091 12004 107904 156033 6111/
11119 01205 10269 29084 40114
22219 00296
444 20110 22091 1234/ 522// 60381=
ZZYY 52083 22091 14004 107969 156037 6111/
11119 01410 10270 29085 40101
22219 00295
33311 88872 20000 32950 20002 32950 43360 20025 32966 43383
20050 32959 43412 20075 32932 43445 20100 32824 43482
20125 32512 43510 20150 32007 43494 20200 31249 43449
20250 31046 43455 20300 30953 43460 20500 30775 43457
20750 30584 43453
444 20110 22091 1428/ 522// 60381=
####018000097####
SSVX07 LFVW 221457
ZZYY 25518 22091 1500/ 785115 027518 6113/
444 20130 22091 1430/ 504//=
####018000111####
SSVX07 KARS 221456
ZZYY 48534 22091 1440/ 783369 046243 6113/
11119 11161 40140
444 20130 22091 1428/=
####018001115####
SSVX08 KARS 221456
ZZYY 23006 21091 12004 103957 089581 6111/
11119 02212 10278 29076
22219 00289
33311 88872 20000 32888 20001 32882 20020 32875 43317
20040 32871 43324 20060 32830 43347 20080 32263 20100 31831
20120 31600 20140 31479 20180 31364 20300 31224 20500 31028
444 20110 21091 1206/ 521// 60401=
ZZYY 53009 21091 1200/ 311887 093328 6111/
33311 88872 20020 32651 43401 20040 32651 43407 20060 32651 43403
20080 32650 20100 32613 20120 32488 20180 31930 20300 31219
20500 30915
444 20110 21091 1201/ 521//=
ZZYY 23007 21091 12004 108020 088998 6111/
11119 02216 10286 29081
33311 88872 20020 32851 43431 20040 32851 43438 20060 32854 43455
20080 32751 20100 32409 20120 32154 20140 31855 20180 31475
20300 31185 20500 31000
444 20110 21091 1207/ 521// 60401=
ZZYY 23005 21091 12004 101558 090080 6112/
11119 01511 10274 29082
22219 00287
33311 88872 20000 32866 20001 32865 43325 20020 32867 43352
20040 32888 43397 20060 32748 43430 20080 32172 20100 31996
20120 31830 20140 31636 20180 31421 20300 31221 20500 31002
444 20120 21091 1205/ 521// 60401=
####018000417####
SSVX13 KARS 221456
ZZYY 23926 22091 1400/ 114493 090638 6111/
11119 40071 57230
22219 00284
444 2011/ 22091 1420/ 50101 80120 80002 9/015=
ZZYY 22531 22091 1410/ 120776 127611 6111/
11119 30100 40100 52012
22219 00293
444 20110 22091 1239/ 50101 80110 80037 9/015=
ZZYY 22531 22091 1310/ 120776 127611 6111/
11119 30099 40099 52017
22219 00293
444 20110 22091 1239/ 50101 80110 80034 9/015=
####018000447####
SSVX06 KARS 221456
ZZYY 47558 22091 1441/ 773761 081534 6112/
444 20120 22091 1428/ 500// 9/000=
ZZYY 48506 22091 1441/ 779559 119215 6112/
11119 40069
444 20120 22091 1354/ 500//=
ZZYY 47554 22091 1441/ 774361 112941 6113/
444 20130 22091 1430/ 500// 9/000=
ZZYY 48505 22091 1441/ 780218 127773 6112/
11119 40075
444 20120 22091 1403/ 500//=
ZZYY 47553 22091 1441/ 779339 103375 6112/
444 20120 22091 1428/ 500// 9/000=
####018003809####
SSVX02 KARS 221456
ZZYY 21608 22091 1400/ 135467 130225 6113/
22219 00237=
ZZYY 21896 22091 1310/ 119501 127448 6111/
11119 30095 40095 57242
22219 00291
444 20110 22091 1240/ 50101 80090 80000 9/015=
ZZYY 21896 22091 1410/ 119501 127448 6111/
11119 30092 40092 57250
22219 00291
444 20110 22091 1240/ 50101 80090 80000 9/015=
ZZYY 21607 22091 1400/ 133031 126547 6113/
22219 00267=
ZZYY 21898 22091 1310/ 112845 120775 6113/
11119 30099 40099 57245
22219 00244
444 20130 22091 0535/ 50101 80100 80000 9/015=
ZZYY 51964 22091 1424/ 124985 122218 6111/
22219 00272
444 20110 22091 1421/ 50101 80121 80008 9/015=
ZZYY 52666 22091 1413/ 301416 134739 6111/
22219 00291
444 20110 22091 1234/ 50101 8//// 80255 9/015=
ZZYY 53523 22091 1424/ 120868 120185 6111/
22219 00286
444 20110 22091 1114/ 50101 80120 80255 9/015=
ZZYY 52614 22091 1421/ 120124 124116 6113/
22219 00290
444 20130 22091 1240/ 50101 80006 80012 9////=
ZZYY 53596 22091 1425/ 121966 120420 6111/
22219 00282
444 20110 22091 1420/ 50101 80122 80255 9/015=
ZZYY 52606 22091 1417/ 106988 132117 6113/
22219 00291
444 20130 22091 1107/ 50101 80120 80016 9/015=
ZZYY 21968 22091 1330/ 114521 126269 6112/
11119 30094 40094 57241
22219 00301
444 20120 22091 1416/ 50101 80080 80000 9/015=
ZZYY 53518 22091 1426/ 120986 113911 6112/
22219 00284
444 20120 22091 1420/ 50101 80138 80003 9/015=
ZZYY 52673 22091 1417/ 101710 131815 6111/
22219 00290
444 20110 22091 1237/ 50101 80120 80024 9/015=
ZZYY 53597 22091 1424/ 114699 121721 6112/
22219 00276
444 20120 22091 1420/ 50101 80094 80002 9/015=
ZZYY 52593 22091 1340/ 125527 126541 6111/
11119 30122 40122 52013
22219 00276
444 20110 22091 1241/ 50101 80110 80015 9/015=
ZZYY 52598 22091 1350/ 122218 125370 6111/
11119 30111 40111 52007
22219 00288
444 20110 22091 1239/ 50101 80110 80000 9/015=
ZZYY 53581 22091 1350/ 114906 127140 6111/
11119 30094 40094 57246
22219 00298
444 20110 22091 1418/ 50101 80110 80010 9/015=
ZZYY 53567 22091 1410/ 113197 126694 6111/
11119 30094 40094 57248
22219 00296
444 20110 22091 1418/ 50101 80120 80008 9/015=
ZZYY 53567 22091 1310/ 113195 126663 6112/
11119 30095 40095 57241
22219 00296
444 20120 22091 1238/ 50101 80120 80009 9/015=
ZZYY 14928 22091 1421/ 106044 087818 6112/
22219 00284
444 20120 22091 1303/ 50101 80099 80006 9/015=
ZZYY 53517 22091 1422/ 117687 129629 6111/
22219 00299
444 20110 22091 1239/ 50101 80092 80006 9/015=
ZZYY 22583 22091 1420/ 119401 128871 6111/
22219 00293
444 20110 22091 1240/ 50101 80140 80002 9/015=
ZZYY 44930 22091 1441/ 765471 001714 6111/
444 20110 22091 1438/ 50101 80092 80099 9/015=
ZZYY 48673 22091 1441/ 776606 124648 6113/
444 20130 22091 1432/ 500// 9/000=
ZZYY 63579 22091 1439/ 169086 046739 6113/
22219 00084
444 20130 22091 1436/ 50101 80005 80007 9////=
ZZYY 63964 22091 1439/ 173834 023006 6111/
444 20110 22091 1437/ 50101 80007 80013 9/015=
ZZYY 63951 22091 1440/ 765678 001374 6112/
22219 00107
444 20120 22091 1421/ 50101 80007 80007 9/015=
ZZYY 63948 22091 1439/ 175411 035542 6112/
22219 00058
444 20120 22091 1436/ 50101 80007 80005 9/015=
ZZYY 63577 22091 1438/ 175057 067763 6112/
22219 00063
444 20120 22091 1434/ 50101 80009 80004 9/015=
ZZYY 63583 22091 1439/ 172581 046877 6113/
22219 00080
444 20130 22091 1436/ 50101 80007 80009 9/015=
ZZYY 63584 22091 1439/ 777852 002103 6112/
22219 00043
444 20120 22091 1437/ 50101 80008 80008 9/015=
ZZYY 64933 22091 1440/ 769240 003126 6113/
22219 00101
33311 88872 20000 31010 43512
444 20130 22091 1438/ 50101 80010 80017 9////=
ZZYY 63966 22091 1439/ 171455 015128 6111/
22219 00103
444 20110 22091 1437/ 50101 80009 80008 9/015=
####018000155####
SSVX13 LFVW 221459
ZZYY 23995 22091 1310/ 118601 084873 6111/
11119 30017 40017 52017
22219 00293
444 20110 21091 2301/ 50101 80110 80003 9/015=
####018000809####
SSVX11 LFVW 221459
ZZYY 52075 22091 05004 107982 130038 6113/
11119 02908 10282 29081 40081
22219 00293
33311 88872 20000 32929 20002 32929 43333 20025 32928 43342
20050 32923 43346 20075 32733 43454 20100 32462 43491
20125 32020 43483 20150 31755 43471 20200 31257 43445
20250 30999 43444 20300 30953 43454 20500 30745 43446
444 20130 22091 0509/ 522// 60381=
ZZYY 53056 22091 1300/ 305042 095064 6113/
33311 88872 20081 32363 20100 31896 43486 20120 31526 20140 31321
20200 31198=
ZZYY 53056 22091 0300/ 305041 095063 6113/
11119 10268 29082
22219 00270
33311 88872 20000 32703 20001 32703 43406 20011 32702 43411
20021 32701 43421 20040 32701 43422 20081 32137 20100 31833 43495
20119 31448 20140 31277 20200 31206 20300 31098 20500 30946
444 20130 22091 0319/ 522//=
