####018000713####
SSVX11 LFVW 220159
ZZYY 52086 21091 1200/ 304967 156012 6111/
11119 10276 29077 40109
22219 00292
33311 88872 20000 32918 20002 32918 43436 20025 32961
20050 32961 43490 20075 32962 20100 32929 43546 20125 32836
20150 32727 43570 20200 32109 43586 20250 31488 43520
20300 31040 43480 20500 30815 43460 20750 30596 43455
444 20110 21091 1111/ 522//=
ZZYY 52086 21091 1400/ 304962 156020 6111/
11119 10276 29077 40102
22219 00292
33311 88872 20000 32923 20002 32923 43441 20025 32961
20050 32961 43489 20075 32963 20100 32911 43552 20125 32830
20150 32703 43572 20200 32015 43576 20250 31484 43518
20300 31036 43478 20500 30801 43459 20750 30598 43454
444 20110 21091 1328/ 522//=
####018000141####
SSVX13 LFVW 220159
ZZYY 55577 21091 2300/ 333097 158304 6112/
11119 30240 40240 52009
444 20120 21091 2234/ 50101 80110 80000 9/015=
####018000146####
SSVX13 LFPW 220200
ZZYY 41632 22091 0200/ 722524 039830 6113/ 11119 40206 57007 22219
 00268 444 20130 22091 0155/ 50101 80124 80089 9/015=
####018000146####
SSVX13 LFPW 220200
ZZYY 64607 22091 0200/ 762295 056246 6110/ 11119 40115 52001 22219
 00060 444 20100 22091 0200/ 50101 80108 80005 9/015=
####018000140####
SSVB05 RJTD 220200
ZZYY 21599 22091 0200/ 133325 142743
11109 0//// 1//// 2//// 30013 40013 5////
22209 00277 10910 20092 21052=

####018000137####
SSVB05 RJTD 220200
ZZYY 21599 22091 0200/ 133325 142743
11109 0//// 1//// 2//// 30013 40013 5////
22209 00277 10910 20092 21052=
####018000146####
SSVX13 LFPW 220157
ZZYY 17934 22091 0157/ 348056 013828 6113/ 11119 49926 57012 22219
 00055 444 20130 21091 2355/ 50101 80140 80006 9/015=
