####018000149####
SSVX13 LFVW 211859
ZZYY 17572 21091 1900/ 344264 147463 6110/
11119 40115 52006
22219 00127
444 20100 21091 1858/ 50101 80114 80000 9/015=
####018000146####
SSVX13 LFPW 211900
ZZYY 64607 21091 1900/ 762373 056053 6110/ 11119 40104 52004 22219
 00059 444 20100 21091 1900/ 50101 80108 80003 9/015=
####018000137####
SSVB04 RJTD 211800
ZZYY 21595 21091 1800/ 137990 142262
11109 0//// 1//// 2//// 39921 49921 5////
22209 00221 11010 20098 21050=
####018000140####
SSVB04 RJTD 211800
ZZYY 21595 21091 1800/ 137990 142262
11109 0//// 1//// 2//// 39921 49921 5////
22209 00221 11010 20098 21050=

####018003855####
SSVX02 KARS 211901
ZZYY 31538 21091 1850/ 534484 051322 6112/
22219 00183
444 20120 21091 1735/ 50101 80071 80019 9/015=
ZZYY 15950 21091 1810/ 531993 036106 6111/
11119 30166 40166 57008
22219 00172
444 20110 21091 1704/ 50101 80050 80010 9/015=
ZZYY 31753 21091 1820/ 533361 031953 6112/
11119 30194 40194 54000
22219 00163
444 20120 21091 1733/ 50101 80060 80000 9/015=
ZZYY 33672 21091 1800/ 543065 044402 6112/
11119 30072 40072
22219 00087
444 20120 21091 1728/ 50101 80110 80100 9/015=
ZZYY 33510 21091 1830/ 548976 054002 6112/
11119 30062 40062
22219 00051
444 20120 21091 1729/ 50101 80110 80100 9/015=
ZZYY 15940 21091 1848/ 523734 036325 6111/
22219 00219
444 20110 21091 1728/ 50101 80119 80004 9/015=
ZZYY 55609 21091 1840/ 528809 089713 6113/
22219 00173
444 20130 21091 1528/ 50101 80010 80000 9////=
ZZYY 55609 21091 1740/ 528809 089713 6113/
22219 00173
444 20130 21091 1528/ 50101 80010 80000 9////=
ZZYY 16587 21091 1750/ 548583 055204 6112/
22219 00038
444 20120 21091 1733/ 50101 80100 80000 9/015=
ZZYY 71671 21091 1840/ 553156 038980 6112/
11119 39905 49905
22219 00005
444 20120 21091 1717/ 50101 80110 80000 9/015=
ZZYY 32731 21091 1849/ 516024 082332 6112/
22219 00167
444 20120 21091 1525/ 50101 80114 80124 9/015=
ZZYY 54558 21091 1840/ 529036 080508 6112/
11119 30213 40213 57013
22219 00160
444 20120 21091 1848/ 50101 80100 80062 9/015=
ZZYY 54558 21091 1740/ 529040 080498 6111/
11119 30221 40221 57006
22219 00159
444 20110 21091 1734/ 50101 80100 80063 9/015=
ZZYY 32704 21091 1851/ 522309 083527 6111/
22219 00170
444 20110 21091 1735/ 50101 80114 80073 9/015=
ZZYY 71576 21091 1800/ 552928 043433 6111/
11119 39932 49932 52012
22219 00007
444 20110 21091 1717/ 50101 80110 80035 9/015=
ZZYY 32702 21091 1851/ 515834 081594 6111/
22219 00172
444 20110 21091 1848/ 50101 80114 80012 9/015=
ZZYY 54947 21091 1800/ 536057 087405 6113/
11119 40175 54000
22219 00142
444 20130 21091 1536/ 50101 80010 80000 9////=
ZZYY 54947 21091 1700/ 536057 087405 6113/
11119 40176 52004
22219 00141
444 20130 21091 1536/ 50101 80010 80000 9////=
ZZYY 54947 21091 1600/ 536057 087405 6113/
11119 40176 52012
22219 00141
444 20130 21091 1536/ 50101 80010 80000 9////=
ZZYY 33533 21091 1800/ 549470 046845 6111/
11119 39981 49981
444 20110 21091 1729/ 50101 80110 80100 9/015=
ZZYY 33554 21091 1830/ 538141 044692 6112/
11119 30088 40088 57013
22219 00146
444 20120 21091 1735/ 50101 80110 80020 9/015=
ZZYY 55626 21091 1830/ 536811 082068 6111/
11119 30174 40174 57011
22219 00130
444 20110 21091 1732/ 50101 80100 80008 9/015=
ZZYY 55950 21091 1840/ 551425 044930 6112/
11119 39946 49946 57006
444 20120 21091 1729/ 50101 80100 80005 9/015=
ZZYY 31759 21091 1851/ 524423 043612 6112/
22219 00218
444 20120 21091 1734/ 50101 80116 80003 9/015=
ZZYY 15631 21091 1851/ 527968 040769 6113/
22219 00197
444 20130 21091 1733/ 50101 80102 80024 9/015=
ZZYY 31911 21091 1851/ 527449 045056 6112/
22219 00191
444 20120 21091 1848/ 50101 80061 80000 9/015=
ZZYY 34518 21091 1830/ 542194 046974 6112/
11119 30073 40073 57031
444 20120 21091 1733/ 50101 80110 80038 9/015=
ZZYY 34519 21091 1740/ 543900 047374 6112/
11119 30048 40048 57030
22219 00093
444 20120 21091 1728/ 50101 80110 80024 9/015=
ZZYY 55932 21091 1750/ 527229 080804 6111/
11119 40214 57013
22219 00164
444 20110 21091 1734/ 50101 80010 80006 9////=
ZZYY 55931 21091 1640/ 530587 088167 6113/
22219 00178
444 20130 21091 1528/ 50101 80010 80003 9////=
ZZYY 55931 21091 1840/ 530587 088167 6113/
22219 00190
444 20130 21091 1528/ 50101 80010 80003 9////=
ZZYY 31990 21091 1851/ 523120 039656 6111/
22219 00237
444 20110 21091 1734/ 50101 80098 80002 9/015=
####018000146####
SSVX13 LFPW 211900
ZZYY 41632 21091 1900/ 722519 039823 6113/ 11119 40202 57003 22219
 00268 444 20130 21091 1855/ 50101 80124 80069 9/015=
