####018003171####
SSVX02 KARS 221059
ZZYY 31905 22091 1017/ 534413 011692 6113/
444 20130 22091 1011/ 50101 9/015=
ZZYY 33648 22091 0250/ 553318 134030 6112/
444 20120 22091 0259/ 50101 9////=
ZZYY 33648 22091 1020/ 553220 133988 6112/
11119 40106 52001
22219 00065
444 20120 22091 0849/ 50101 80010 80000 9////=
ZZYY 31921 22091 1017/ 534256 017542 6111/
22219 00165
444 20110 22091 1010/ 50101 80059 80019 9////=
ZZYY 71640 22091 1000/ 557171 118401 6111/
22219 00026
444 20110 22091 1027/ 50101 80009 80000 9////=
ZZYY 71606 22091 0940/ 556911 118394 6113/
22219 00025
444 20130 22091 0847/ 50101 80010 80000 9////=
ZZYY 71568 22091 1000/ 559996 116563 6112/
11119 40020 57027
22219 00014
444 20120 22091 1027/ 50101 80009 80000 9////=
ZZYY 33510 22091 0930/ 548995 054287 6111/
11119 30192 40192
22219 00051
444 20110 22091 1019/ 50101 80110 80100 9/015=
ZZYY 71611 22091 1000/ 558243 121933 6111/
11119 40042 57013
22219 00012
444 20110 22091 0926/ 50101 80010 80002 9////=
ZZYY 71664 22091 1010/ 555341 024471 6111/
11119 39901 49901
22219 01000
444 20110 22091 1014/ 50101 80110 80100 9/015=
ZZYY 16942 22091 0940/ 558997 118511 6113/
11119 30019 40019 57022
22219 00014
444 20130 22091 0846/ 50101 80090 80000 9/015=
ZZYY 31542 22091 1017/ 532065 041303 6111/
22219 00166
444 20110 22091 1011/ 50101 80057 80013 9/015=
ZZYY 31914 22091 1018/ 534587 016293 6111/
22219 00159
444 20110 22091 1009/ 50101 80061 80043 9/015=
ZZYY 31926 22091 1017/ 533198 006172 6113/
22219 00167
444 20130 22091 1008/ 50101 80008 80025 9////=
ZZYY 31537 22091 1018/ 532191 021090 6113/
22219 00159
444 20130 22091 1009/ 50101 80043 80018 9/015=
ZZYY 31528 22091 1018/ 532268 032012 6111/
22219 00178
444 20110 22091 1010/ 50101 80340 80001 9/015=
ZZYY 71635 22091 1018/ 548337 043263 6111/
22219 00046
444 20110 22091 1012/ 50101 80116 80101 9/015=
ZZYY 71701 22091 1022/ 551898 043311 6111/
22219 00012
444 20110 22091 1013/ 50101 80114 80094 9/015=
ZZYY 71696 22091 1022/ 548868 033946 6112/
22219 00038
444 20120 22091 1012/ 50101 80116 80137 9/015=
ZZYY 71709 22091 1021/ 548955 039915 6113/
22219 00021
444 20130 22091 1012/ 50101 80116 80137 9/015=
ZZYY 71573 22091 1021/ 553926 042983 6113/
22219 00008
444 20130 22091 1013/ 50101 80116 80104 9/015=
ZZYY 33909 22091 0800/ 543285 042776 6112/
11119 39981 49981 57013
22219 00079
444 20120 22091 0740/ 50101 80110 80043 9/015=
ZZYY 15634 22091 1018/ 529396 017369 6112/
22219 00186
444 20120 22091 1008/ 50101 80096 80000 9/015=
ZZYY 33570 22091 1020/ 546731 045223 6111/
22219 00088
444 20110 22091 1012/ 50101 80108 80038 9/015=
ZZYY 55915 22091 0930/ 548526 003469 6112/
11119 30124 40124 52071
22219 00043
444 20120 22091 1011/ 50101 80100 80005 9/015=
ZZYY 33964 22091 1019/ 543961 030168 6113/
22219 00088
444 20130 22091 1012/ 50101 80114 80005 9/015=
ZZYY 15615 22091 1018/ 531543 038393 6112/
22219 00168
444 20120 22091 1011/ 50101 80050 80099 9/015=
ZZYY 34905 22091 1000/ 550878 149609 6112/
22219 00067
444 20120 22091 0848/ 50101 80010 80005 9////=
####018000155####
SSVX13 KARS 221059
ZZYY 17655 22091 0930/ 557010 128150 6112/
11119 30082 40082 57008
22219 00029
444 20120 22091 0847/ 50101 80110 80060 9/015=
####018000146####
SSVX13 LFPW 221100
ZZYY 64607 22091 1100/ 762208 056267 6110/ 11119 40128 52007 22219
 00056 444 20100 22091 1000/ 50101 80108 80002 9/015=
