####018003795####
SSVX02 KARS 220417
ZZYY 21856 22091 0350/ 145258 162651 6113/
11119 30151 40151 57025
22219 00162
444 20130 22091 0334/ 50101 80140 80063 9/015=
ZZYY 33648 22091 0320/ 553318 134030 6112/
11119 40105 52001
22219 00067
444 20120 22091 0259/ 50101 80010 80000 9////=
ZZYY 56563 22091 0350/ 558680 069061 6111/
11119 30151 40151 57012
22219 00045
444 20110 22091 0404/ 50101 80100 80000 9/015=
ZZYY 55948 22091 0330/ 562671 123632 6112/
22219 00008
444 20120 22091 0257/ 50101 8//// 80000 9////=
ZZYY 55934 22091 0350/ 557572 114673 6111/
22219 00044
444 20110 22091 0404/ 50101 8//// 80000 9////=
ZZYY 33587 22091 0400/ 551513 124272 6113/
22219 00064
444 20130 22091 0300/ 50101 80009 80000 9////=
ZZYY 71606 22091 0340/ 556921 118320 6111/
22219 00031
444 20110 22091 0404/ 50101 80010 80002 9////=
ZZYY 71616 22091 0340/ 561246 130762 6112/
11119 40144 57005
22219 01003
444 20120 22091 0404/ 50101 80010 80000 9////=
ZZYY 71568 22091 0400/ 560021 116480 6112/
11119 40068 57018
22219 00015
444 20120 22091 0404/ 50101 80009 80000 9////=
ZZYY 55957 22091 0410/ 536824 108361 6111/
11119 49961 52034
22219 00138
444 20110 22091 0226/ 50101 80010 80000 9////=
ZZYY 55954 22091 0330/ 533893 100288 6112/
11119 40103 52005
22219 00155
444 20120 22091 0238/ 50101 80010 80002 9////=
ZZYY 55956 22091 0220/ 535703 124151 6111/
11119 40041 52026
22219 00144
444 20110 22091 0305/ 50101 80010 80002 9////=
ZZYY 71611 22091 0400/ 558301 121891 6111/
11119 40061 57008
22219 00010
444 20110 22091 0403/ 50101 80010 80002 9////=
ZZYY 33628 22091 0400/ 547973 137473 6112/
22219 00079
444 20120 22091 0301/ 50101 80010 80003 9////=
ZZYY 55910 22091 0310/ 553474 112154 6112/
11119 39923 49923 57002
22219 00052
444 20120 22091 0259/ 50101 80100 80000 9/015=
ZZYY 56561 22091 0350/ 556424 076625 6113/
11119 30246 40246 57009
22219 00048
444 20130 22091 0404/ 50101 8//// 80010 9/015=
ZZYY 71576 22091 0400/ 552930 043496 6112/
11119 39972 49972 52001
22219 00007
444 20120 22091 0222/ 50101 80110 80036 9/015=
ZZYY 54947 22091 0400/ 536052 087207 6112/
11119 40208 52009
22219 00138
444 20120 22091 0225/ 50101 80010 80000 9////=
ZZYY 55952 22091 0330/ 538708 116101 6111/
444 20110 22091 0301/ 50101 80090 80011 9/015=
ZZYY 55927 22091 0340/ 540217 107030 6112/
11119 39847 49847 54000
22219 00113
444 20120 22091 0225/ 50101 80100 80018 9/015=
ZZYY 55927 22091 0240/ 540217 107030 6112/
11119 39847 49847 57001
22219 00114
444 20120 22091 0225/ 50101 80100 80017 9/015=
ZZYY 16607 22091 0300/ 537273 096332 6111/
22219 00131
444 20110 22091 0225/ 50101 80010 80006 9////=
ZZYY 16942 22091 0340/ 559029 118582 6111/
11119 30058 40058 57010
22219 00013
444 20110 22091 0403/ 50101 80090 80000 9/015=
ZZYY 55591 22091 0400/ 538604 124652 6112/
22219 00137
444 20120 22091 0304/ 50101 80010 80000 9////=
ZZYY 55570 22091 0400/ 538439 116610 6112/
22219 00133
444 20120 22091 0123/ 50101 80010 80002 9////=
ZZYY 55569 22091 0410/ 533121 098873 6112/
22219 00160
444 20120 22091 0123/ 50101 80009 80002 9////=
ZZYY 56570 22091 0350/ 558961 129626 6113/
11119 30127 40127 57041
22219 00022
444 20130 22091 0258/ 50101 80100 80005 9/015=
ZZYY 16522 22091 0350/ 543497 102688 6112/
11119 49894 57019
22219 00090
444 20120 22091 0225/ 50101 80010 80028 9////=
ZZYY 54547 22091 0350/ 540634 115986 6112/
22219 00110
444 20120 22091 0301/ 50101 80010 80005 9////=
ZZYY 56604 22091 0350/ 547558 106197 6111/
11119 39883 49883 57013
22219 00070
444 20110 22091 0259/ 50101 80110 80011 9/015=
ZZYY 44518 22091 0407/ 743104 022845 6112/
22219 00200
444 20120 22091 0359/ 50101 80142 80002 9/015=
####018000155####
SSVX13 KARS 220417
ZZYY 17655 22091 0330/ 557019 128096 6112/
11119 30097 40097 57003
22219 00027
444 20120 22091 0259/ 50101 80110 80092 9/015=
####018000129####
SSVX08 KARS 220417
ZZYY 28401 21091 1200/ 132429 144535 6111/
33311 88872 20001 32741 43300
444 20110 21091 1010/ 521//=
####018000749####
SSWB41 RKSL 220400
ZZYY 22101 22091 04001 13723/ 12602/
11109 02904 10201 40135 5////
22209 00218 10501 20053 21005=
ZZYY 22102 22091 04001 13480/ 12577/
11109 00207 10199 40141 5////
22209 00207 10502 20053 21011=
ZZYY 22103 22091 04001 13400/ 12750/
11109 00005 10207 40125 5////
22209 00211 10703 20071 21015=
ZZYY 22104 22091 04001 13477/ 12890/
11109 03502 10200 40123 5////
22209 00231 10905 20091 21023=
ZZYY 22105 22091 04001 13753/ 13000/
11109 03306 10198 40112 5////
22209 00222 10905 20091 21024=
ZZYY 22106 22091 04001 13635/ 12978/
11109 03506 10198 40112 5////
22209 00213 11104 20107 21020=
ZZYY 22107 22091 04001 13308/ 12603/
11109 00208 10205 40135 5////
22209 00268 10503 20053 21015=
####018000770####
SSWB41 RKSL 220400
ZZYY 22101 22091 04001 13723/ 12602/ 
11109 02904 10201 40135 5//// 
22209 00218 10501 20053 21005= 
ZZYY 22102 22091 04001 13480/ 12577/ 
11109 00207 10199 40141 5//// 
22209 00207 10502 20053 21011= 
ZZYY 22103 22091 04001 13400/ 12750/ 
11109 00005 10207 40125 5//// 
22209 00211 10703 20071 21015= 
ZZYY 22104 22091 04001 13477/ 12890/ 
11109 03502 10200 40123 5//// 
22209 00231 10905 20091 21023= 
ZZYY 22105 22091 04001 13753/ 13000/ 
11109 03306 10198 40112 5//// 
22209 00222 10905 20091 21024= 
ZZYY 22106 22091 04001 13635/ 12978/ 
11109 03506 10198 40112 5//// 
22209 00213 11104 20107 21020= 
ZZYY 22107 22091 04001 13308/ 12603/ 
11109 00208 10205 40135 5//// 
22209 00268 10503 20053 21015= 
####018000269####
SSVF21 EIDB 220400
ZZYY 62091 22091 04001 753481 005424 11199 02509 10128 29074 40153 22299 00141 10403 20042 21014 33300 88872 20000 40000=
ZZYY 62093 22091 04001 754998 009999 11199 02708 10127 29074 40121 22299 00131 10911 20091 21055 33300 88872 20000 43537=
####018000143####
SSVX02 CWAO 210100
ZZYY 48698 21091 0100/ 172735 172664 6113/ 11192 40470 57001 22219 01004 444 20130 21091 0100/ 50101 80136 80001 9////=
####018000143####
SSVX02 CWAO 220400
ZZYY 47507 22091 0400/ 781484 106253 6113/ 11119 40103 52004 22291 01018 444 20130 22091 0400/ 50701 80140 80001 9////=
####018000143####
SSVX02 CWAO 202300
ZZYY 48698 20091 2300/ 172768 172622 6113/ 11131 40471 52004 22219 01006 444 20130 20091 2300/ 50101 80136 80001 9////=
####018000131####
SSVX02 CWAO 220400
ZZYY 47506 22091 0400/ 784762 068412 6113/ 11119 40153 52005 444 20130 22091 0400/ 50701 80134 80001 9////=
####018000131####
SSVX02 CWAO 220400
ZZYY 48712 22091 0400/ 775726 153825 6113/ 11132 11009 40139 444 20130 22091 0400/ 50301 80126 80001 9////=
####018000143####
SSVX02 CWAO 210000
ZZYY 48698 21091 0000/ 172752 172645 6113/ 11192 40472 52001 22219 01002 444 20130 21091 0000/ 50101 80136 80001 9////=
####018000131####
SSVX02 CWAO 220400
ZZYY 47505 22091 0400/ 785276 066523 6113/ 11119 40155 52006 444 20130 22091 0400/ 50701 80134 80001 9////=
####018000134####
SSVX02 CWAO 220400
ZZYY 48712 22091 0400/ 775726 153825 6113/ 11132 11009 40139 444 20130 22091 0400/ 50301 80126 80001 9////=

####018000134####
SSVX02 CWAO 220400
ZZYY 47506 22091 0400/ 784762 068412 6113/ 11119 40153 52005 444 20130 22091 0400/ 50701 80134 80001 9////=

####018000146####
SSVX02 CWAO 220400
ZZYY 47507 22091 0400/ 781484 106253 6113/ 11119 40103 52004 22291 01018 444 20130 22091 0400/ 50701 80140 80001 9////=

####018000146####
SSVX02 CWAO 210000
ZZYY 48698 21091 0000/ 172752 172645 6113/ 11192 40472 52001 22219 01002 444 20130 21091 0000/ 50101 80136 80001 9////=

####018000146####
SSVX02 CWAO 210100
ZZYY 48698 21091 0100/ 172735 172664 6113/ 11192 40470 57001 22219 01004 444 20130 21091 0100/ 50101 80136 80001 9////=

####018000134####
SSVX02 CWAO 220400
ZZYY 47505 22091 0400/ 785276 066523 6113/ 11119 40155 52006 444 20130 22091 0400/ 50701 80134 80001 9////=

####018000146####
SSVX02 CWAO 202300
ZZYY 48698 20091 2300/ 172768 172622 6113/ 11131 40471 52004 22219 01006 444 20130 20091 2300/ 50101 80136 80001 9////=

