####018000146####
SSVX13 LFPW 100045
ZZYY 64524 10070 0045/ 169911 014441 6110/ 11119 40123 57005 22219
 00100 444 20100 09070 2345/ 50101 80108 80048 9/015=
####018001771####
SSVX02 KARS 100037
ZZYY 17521 09070 2330/ 334463 001483 6111/
11119 30275 40275 52019
22219 00153
444 20110 09070 2236/ 50101 80138 80065 9/015=
ZZYY 17662 09070 2330/ 332876 011070 6112/
11119 30139 40139 52016
22219 00164
444 20120 09070 2300/ 50101 80120 80014 9/015=
ZZYY 15950 10070 0000/ 518469 010810 6112/
11119 30237 40237 57001
22219 00227
444 20120 09070 2238/ 50101 80090 80000 9/015=
ZZYY 14568 10070 0024/ 325276 037149 6112/
22219 00228
444 20120 09070 2255/ 50101 80071 80013 9/015=
ZZYY 15903 10070 0023/ 509121 003651 6112/
22219 00253
444 20120 09070 2242/ 50101 80116 80093 9/015=
ZZYY 15653 10070 0025/ 507682 005451 6112/
22219 00258
444 20120 09070 2243/ 50101 80116 80032 9/015=
ZZYY 15504 10070 0025/ 510332 008079 6112/
22219 00246
444 20120 09070 2244/ 50101 80117 80089 9/015=
ZZYY 17509 10070 0000/ 328072 006846 6111/
11119 30192 40192
22219 00176
444 20110 09070 2237/ 50101 80110 80100 9/015=
ZZYY 15651 10070 0024/ 510359 000970 6112/
22219 00246
444 20120 09070 2242/ 50101 80116 80100 9/015=
ZZYY 15650 10070 0024/ 510772 002593 6112/
22219 00240
444 20120 09070 2242/ 50101 80116 80091 9/015=
ZZYY 17903 10070 0000/ 336475 036123 6111/
11119 40181 57025
22219 00181
444 20110 09070 2259/ 50101 80011 80024 9////=
ZZYY 15944 10070 0010/ 520898 001892 6112/
11119 30235 40235 57003
444 20120 09070 2239/ 50101 80090 80006 9/015=
ZZYY 15649 10070 0025/ 512261 006352 6112/
22219 00240
444 20120 09070 2241/ 50101 80116 80000 9/015=
ZZYY 17678 10070 0000/ 324092 001858 6112/
11119 30221 40221 57006
22219 00196
444 20120 09070 2238/ 50101 80120 80006 9/015=
ZZYY 61950 10070 0030/ 136671 035769 6112/
444 20120 10070 0020/ 500// 9/001=
####018000155####
SSVX13 KARS 100037
ZZYY 16641 10070 0020/ 337482 025404 6111/
11119 30069 40069 57005
22219 00143
444 20110 09070 2300/ 50101 80080 80007 9/015=
