####018000125####
SSVX02 CWAO 220215
ZZYY 47531 22091 0215/ 784419 064727 6113/ 11131 10000 444 20130 22091 0215/ 50701 80138 80001 9////=
####018000125####
SSVX02 CWAO 220215
ZZYY 47532 22091 0215/ 782992 062224 6113/ 11119 11097 444 20130 22091 0215/ 50701 80136 80001 9////=
####018000131####
SSVX02 CWAO 202100
ZZYY 48698 20091 2100/ 172798 172573 6113/ 11131 40471 52002 444 20130 20091 2100/ 50101 80136 80001 9////=
####018000143####
SSVX02 CWAO 202200
ZZYY 48698 20091 2200/ 172783 172598 6113/ 11131 40471 52003 22219 01014 444 20130 20091 2200/ 50101 80136 80001 9////=
####018000125####
SSVX02 CWAO 220215
ZZYY 47537 22091 0215/ 784419 064790 6113/ 22291 00003 444 20130 22091 0215/ 50701 80138 80001 9////=
####018000125####
SSVX02 CWAO 220215
ZZYY 47533 22091 0215/ 782990 062193 6113/ 22291 01007 444 20130 22091 0215/ 50701 80138 80001 9////=
####018000131####
SSVX02 CWAO 202000
ZZYY 48698 20091 2000/ 172811 172551 6113/ 11131 40468 57004 444 20130 20091 2000/ 50101 80136 80001 9////=
####018000128####
SSVX02 CWAO 220215
ZZYY 47531 22091 0215/ 784419 064727 6113/ 11131 10000 444 20130 22091 0215/ 50701 80138 80001 9////=

####018000146####
SSVX02 CWAO 202200
ZZYY 48698 20091 2200/ 172783 172598 6113/ 11131 40471 52003 22219 01014 444 20130 20091 2200/ 50101 80136 80001 9////=

####018000128####
SSVX02 CWAO 220215
ZZYY 47532 22091 0215/ 782992 062224 6113/ 11119 11097 444 20130 22091 0215/ 50701 80136 80001 9////=

####018000128####
SSVX02 CWAO 220215
ZZYY 47537 22091 0215/ 784419 064790 6113/ 22291 00003 444 20130 22091 0215/ 50701 80138 80001 9////=

####018000128####
SSVX02 CWAO 220215
ZZYY 47533 22091 0215/ 782990 062193 6113/ 22291 01007 444 20130 22091 0215/ 50701 80138 80001 9////=

####018000134####
SSVX02 CWAO 202100
ZZYY 48698 20091 2100/ 172798 172573 6113/ 11131 40471 52002 444 20130 20091 2100/ 50101 80136 80001 9////=

####018000134####
SSVX02 CWAO 202000
ZZYY 48698 20091 2000/ 172811 172551 6113/ 11131 40468 57004 444 20130 20091 2000/ 50101 80136 80001 9////=

####018014881####
SSVX02 KARS 220227
ZZYY 32676 21091 2250/ 501069 115354 6111/
11119 30100 40100 57015
22219 00223
444 20110 21091 2248/ 50101 80120 80060 9/015=
ZZYY 32676 21091 2350/ 501069 115354 6111/
11119 30102 40102 57005
22219 00222
444 20110 21091 2248/ 50101 80120 80068 9/015=
ZZYY 32676 22091 0050/ 501113 115381 6112/
11119 30110 40110 52010
22219 00223
444 20120 22091 0133/ 50101 80120 80068 9/015=
ZZYY 56906 21091 2240/ 324241 079318 6113/
11119 30254 40254 57012
22219 00219
444 20130 21091 2135/ 50101 80090 80100 9/015=
ZZYY 16565 21091 2150/ 323528 077034 6113/
11119 30253 40253 57017
22219 00218
444 20130 21091 2134/ 50101 80100 80006 9////=
ZZYY 16565 21091 2350/ 323523 076973 6112/
11119 30253 40253 57005
22219 00218
444 20120 22091 0049/ 50101 80100 80008 9////=
ZZYY 16565 21091 2250/ 323528 077034 6113/
11119 30251 40251 57012
22219 00218
444 20130 21091 2134/ 50101 80100 80008 9////=
ZZYY 16565 22091 0050/ 323523 076973 6112/
11119 30256 40256 52003
22219 00218
444 50101 80100 80008 9////=
ZZYY 16593 21091 2340/ 328610 056753 6112/
11119 30212 40212 57008
22219 00210
444 20120 21091 2315/ 50101 80100 80008 9////=
ZZYY 16593 22091 0040/ 328620 056762 6112/
11119 30216 40216 57003
22219 00209
444 20120 22091 0052/ 50101 80100 80007 9////=
ZZYY 14549 21091 2350/ 332700 059798 6112/
11119 30210 40210 57006
22219 00177
444 20120 21091 2317/ 50101 8//// 80006 9////=
ZZYY 14925 21091 2350/ 310344 046681 6111/
11119 30142 40142 57014
22219 00246
444 20110 21091 2309/ 50101 80153 80011 9/015=
ZZYY 14930 21091 2350/ 309773 046634 6112/
11119 30137 40137 57016
22219 00251
444 20120 21091 2339/ 50101 80145 80008 9/015=
ZZYY 14939 21091 2350/ 319602 055506 6112/
11119 30202 40202 57009
22219 00238
444 20120 21091 2310/ 50101 80145 80010 9/015=
ZZYY 14939 22091 0050/ 319601 055500 6111/
11119 30204 40204 57002
22219 00238
444 50101 80145 80010 9/015=
ZZYY 14947 21091 2350/ 309250 046530 6111/
11119 30137 40137 57016
22219 00252
444 20110 21091 2306/ 50101 80138 80010 9/015=
ZZYY 14947 22091 0050/ 309244 046480 6113/
11119 30138 40138 57007
22219 00252
444 20130 22091 0048/ 50101 80138 80009 9/015=
ZZYY 14943 21091 2330/ 314255 051981 6112/
11119 30176 40176 57017
22219 00246
444 20120 21091 2309/ 50101 80138 80009 9/015=
ZZYY 14943 22091 0030/ 314252 051982 6112/
11119 30176 40176 57011
22219 00246
444 20120 22091 0048/ 50101 80138 80009 9/015=
ZZYY 17690 21091 2350/ 330807 045641 6112/
22219 00186
444 20120 21091 2347/ 50101 80090 80001 9/015=
ZZYY 17690 22091 0050/ 330815 045636 6112/
22219 00186
444 20120 22091 0054/ 50101 80090 80001 9/015=
ZZYY 56604 21091 2250/ 547520 106177 6112/
11119 39896 49896 57019
22219 00071
444 20120 21091 2231/ 50101 80110 80013 9/015=
ZZYY 56604 22091 0050/ 547548 106180 6113/
11119 39896 49896 57006
22219 00071
444 20130 22091 0121/ 50101 80110 80009 9/015=
ZZYY 14545 21091 2350/ 317668 055459 6112/
11119 30189 40189 52248
22219 00240
444 20120 21091 2308/ 50101 80110 80013 9/015=
ZZYY 14545 22091 0050/ 317668 055454 6112/
11119 30192 40192
22219 00240
444 50101 80110 80011 9/015=
ZZYY 14948 21091 2320/ 321209 050269 6111/
11119 30195 40195 52244
22219 00242
444 20110 21091 2316/ 50101 80110 80010 9/015=
ZZYY 14948 22091 0020/ 321204 050279 6112/
11119 30195 40195 52251
22219 00241
444 20120 22091 0051/ 50101 80110 80010 9/015=
ZZYY 14543 21091 2220/ 318504 074585 6111/
11119 30201 40201 52243
22219 00238
444 20110 21091 2200/ 50101 80110 80010 9/015=
ZZYY 14543 21091 2320/ 318504 074585 6111/
11119 30202 40202 52250
22219 00237
444 20110 21091 2200/ 50101 80110 80010 9/015=
ZZYY 14543 22091 0020/ 318504 074585 6111/
11119 30205 40205 57254
22219 00237
444 20110 21091 2200/ 50101 80110 80011 9/015=
ZZYY 17518 21091 2350/ 323500 067112 6112/
11119 30232 40232 57006
22219 00223
444 20120 21091 2315/ 50101 80110 80000 9/015=
ZZYY 32923 21091 2300/ 506167 117313 6112/
11119 30113 40113 57020
22219 00241
444 20120 21091 2248/ 50101 80120 80090 9/015=
ZZYY 32923 22091 0000/ 506167 117313 6112/
11119 30112 40112 57012
22219 00241
444 20120 21091 2248/ 50101 80120 80090 9/015=
ZZYY 32923 22091 0100/ 506197 117323 6112/
11119 30118 40118 52003
22219 00241
444 20120 22091 0132/ 50101 80120 80084 9/015=
ZZYY 32916 21091 2250/ 506810 107706 6112/
11119 30108 40108 57024
22219 00241
444 20120 21091 2223/ 50101 80120 80066 9/015=
ZZYY 32734 21091 2340/ 504200 111396 6112/
11119 30106 40106 57003
22219 00231
444 20120 21091 2216/ 50101 80120 80096 9/015=
ZZYY 32734 21091 2240/ 504200 111396 6112/
11119 30101 40101 57016
22219 00232
444 20120 21091 2216/ 50101 80120 80100 9/015=
ZZYY 32734 22091 0040/ 504223 111464 6112/
11119 30112 40112 52008
22219 00231
444 20120 22091 0133/ 50101 80120 80090 9/015=
ZZYY 33972 21091 2340/ 341174 054265 6112/
444 20120 21091 2318/ 50101 80009 80001 9////=
ZZYY 16591 21091 2330/ 524663 104160 6112/
11119 30176 40176 57006
22219 00207
444 20120 21091 2237/ 50101 8//// 80003 9////=
ZZYY 34542 21091 2320/ 520487 102566 6111/
11119 30239 40239
22219 00210
444 20110 21091 2213/ 50101 80130 80002 9/015=
ZZYY 34542 22091 0120/ 520487 102566 6111/
11119 30239 40239
22219 00209
444 20110 21091 2213/ 50101 80130 80002 9/015=
ZZYY 34542 22091 0020/ 520487 102566 6111/
11119 30239 40239
22219 00209
444 20110 21091 2213/ 50101 80130 80002 9/015=
ZZYY 33659 21091 2320/ 325818 076072 6113/
11119 40270 57006
22219 00201
444 20130 21091 2135/ 50101 80010 80004 9////=
ZZYY 33659 22091 0020/ 325818 076072 6113/
11119 40272 54000
22219 00201
444 20130 21091 2135/ 50101 80010 80005 9////=
ZZYY 33665 21091 2120/ 548090 154967 6112/
444 20120 21091 2041/ 50101 9////=
ZZYY 33665 22091 0150/ 548104 155021 6112/
11119 40176 57012
22219 00091
444 20120 22091 0156/ 50101 80010 80007 9////=
ZZYY 55802 21091 2330/ 528648 109134 6112/
11119 30107 40107 57008
22219 00197
444 20120 21091 2237/ 50101 8//// 80100 9////=
ZZYY 55802 22091 0030/ 528668 109109 6112/
11119 30114 40114 52007
22219 00197
444 20120 22091 0125/ 50101 8//// 80100 9////=
ZZYY 16608 21091 2350/ 330262 044719 6112/
11119 40238 57004
22219 00200
444 20120 21091 2346/ 50101 80010 80005 9////=
ZZYY 14554 21091 2330/ 332232 065596 6112/
11119 40225 57012
22219 00177
444 20120 21091 2317/ 50101 80010 80000 9////=
ZZYY 14554 22091 0030/ 332235 065606 6113/
11119 40225 57008
22219 00177
444 20130 22091 0054/ 50101 80010 80000 9////=
ZZYY 54926 21091 2250/ 529994 103029 6111/
11119 30144 40144 57008
22219 00190
444 20110 21091 2234/ 50101 8//// 80002 9////=
ZZYY 54926 22091 0050/ 530010 102986 6113/
11119 30146 40146 52006
22219 00190
444 20130 22091 0124/ 50101 8//// 80002 9////=
ZZYY 54926 22091 0000/ 530010 102986 6113/
11119 30140 40140 57006
22219 00190
444 20130 22091 0124/ 50101 8//// 80000 9////=
ZZYY 14916 21091 2330/ 320096 056738 6113/
11119 30206 40206 57008
22219 00238
444 20130 21091 2314/ 50101 80120 80030 9/015=
ZZYY 14916 22091 0030/ 320097 056739 6112/
11119 30207 40207 57002
22219 00238
444 20120 22091 0051/ 50101 80120 80027 9/015=
ZZYY 33649 22091 0140/ 349456 177389 6112/
11119 40173 57027
22219 00073
444 20120 22091 0130/ 50101 80010 80000 9////=
ZZYY 51780 22091 0205/ 512525 161418 6111/
22219 00276
444 20110 22091 0019/ 50101 80113 80009 9/015=
ZZYY 71614 22091 0100/ 344615 149366 6112/
22219 00108
444 20120 22091 0006/ 50101 80010 80000 9////=
ZZYY 51512 22091 0206/ 319717 176842 6111/
22219 00248
444 20110 22091 0201/ 50101 80115 80030 9/015=
ZZYY 51944 22091 0150/ 527177 156239 6112/
22219 00207
33311 88872 20000 32065 42048
444 20120 22091 0200/ 50101 80080 80017 9/015=
ZZYY 54946 22091 0150/ 536000 152047 6113/
11119 38500 48500 54000
22219 00150
444 20130 22091 0133/ 50101 80110 80019 9/015=
ZZYY 51945 22091 0150/ 533973 159225 6112/
22219 00167
33311 88872 20000 31665 42048
444 20120 22091 0159/ 50101 80060 80073 9/015=
ZZYY 55922 22091 0100/ 539567 158314 6111/
11119 30061 40061 57044
22219 00127
444 20110 22091 0132/ 50101 80110 80010 9/015=
ZZYY 33536 22091 0140/ 350810 164222 6112/
11119 40060 52016
22219 00080
444 20120 22091 0157/ 50101 80009 80000 9////=
ZZYY 33586 22091 0030/ 351155 166320 6112/
22219 00080
444 20120 22091 0008/ 50101 80009 80000 9/015=
ZZYY 51940 22091 0140/ 525380 169846 6111/
22219 00224
33311 88872 20000 32235 43547
444 20110 22091 0132/ 50101 80080 80019 9/015=
ZZYY 51953 22091 0200/ 528892 152840 6111/
22219 00196
33311 88872 20000 31960 42048
444 50101 80080 80098 9/015=
ZZYY 51946 22091 0150/ 525425 165234 6112/
22219 00216
33311 88872 20000 32160 42048
444 20120 22091 0201/ 50101 80070 80006 9/015=
ZZYY 51946 22091 0140/ 525427 165251 6111/
22219 00216
33311 88872 20000 32160 42048
444 20110 22091 0133/ 50101 80070 80006 9/015=
ZZYY 71606 22091 0140/ 556927 118284 6111/
22219 00031
444 20110 22091 0113/ 50101 80010 80000 9////=
ZZYY 51727 22091 0206/ 509480 177351 6112/
22219 00286
444 20120 22091 0029/ 50101 80111 80255 9/015=
ZZYY 71575 22091 0110/ 349162 155881 6111/
22219 00083
444 20110 22091 0156/ 50101 80009 80000 9////=
ZZYY 71616 22091 0140/ 561245 130802 6111/
11119 40150 57021
22219 01002
444 20110 22091 0154/ 50101 80010 80000 9////=
ZZYY 54942 22091 0200/ 533058 161513 6112/
11119 30065 40065 57023
22219 00167
444 20120 22091 0201/ 50101 8//// 80008 9////=
ZZYY 54948 22091 0140/ 529996 150606 6112/
11119 40076 57012
22219 00200
444 20120 22091 0132/ 50101 80010 80000 9////=
ZZYY 71627 22091 0130/ 353722 175405 6112/
22219 00066
444 20120 22091 0157/ 50101 80110 80003 9/015=
ZZYY 51965 22091 0206/ 316618 175995 6111/
22219 00271
444 20110 22091 0201/ 50101 80119 80005 9/015=
ZZYY 33663 22091 0040/ 347121 144863 6112/
11119 40014 57011
22219 00090
444 20120 22091 0000/ 50101 80010 80003 9////=
ZZYY 51648 22091 0206/ 304785 163704 6111/
22219 00294
444 20110 21091 2353/ 50101 80109 80010 9/015=
ZZYY 51802 22091 0206/ 522797 175244 6112/
22219 00235
444 20120 22091 0201/ 50101 80053 80008 9/015=
ZZYY 51948 22091 0206/ 502182 178855 6112/
22219 00282
444 20120 22091 0032/ 50101 80119 80008 9/015=
ZZYY 51913 22091 0206/ 515751 173339 6112/
22219 00230
444 20120 22091 0203/ 50101 80115 80016 9/015=
ZZYY 16960 22091 0140/ 353983 163156 6111/
22219 00077
444 20110 22091 0157/ 50101 80100 80000 9/015=
ZZYY 51669 22091 0206/ 511827 174818 6111/
22219 00284
444 20110 22091 0202/ 50101 80105 80013 9/015=
ZZYY 51614 22091 0206/ 318854 173132 6111/
22219 00256
444 20110 22091 0201/ 50101 80046 80024 9/015=
ZZYY 55566 22091 0140/ 535945 146767 6112/
22219 00151
444 20120 22091 0132/ 50101 80009 80000 9////=
ZZYY 56904 22091 0200/ 350096 156132 6112/
11119 30065 40065 52005
22219 00086
444 20120 22091 0156/ 50101 80100 80063 9/015=
ZZYY 51627 22091 0206/ 517833 169359 6112/
22219 00278
444 20120 22091 0202/ 50101 80113 80000 9/015=
ZZYY 51531 22091 0206/ 307278 154785 6112/
22219 00296
444 20120 21091 2353/ 50101 80115 80005 9/015=
ZZYY 51901 22091 0206/ 312823 159266 6112/
22219 00281
444 20120 21091 2355/ 50101 80115 80011 9/015=
ZZYY 51655 22091 0206/ 528671 169941 6112/
22219 00188
444 20120 22091 0159/ 50101 80107 80010 9/015=
ZZYY 51663 22091 0207/ 512215 170463 6111/
22219 00278
444 20110 22091 0203/ 50101 80111 80007 9/015=
ZZYY 32725 22091 0206/ 513135 167732 6111/
22219 00279
444 20110 22091 0203/ 50101 80121 80005 9/015=
ZZYY 51753 22091 0206/ 521375 163055 6111/
22219 00260
444 20110 22091 0202/ 50101 80083 80005 9/015=
ZZYY 32973 22091 0205/ 520708 156172 6111/
22219 00257
444 20110 22091 0129/ 50101 80047 80015 9/015=
ZZYY 32973 22091 0132/ 520708 156172 6111/
22219 00257
444 20110 22091 0129/ 50101 80047 80016 9/015=
ZZYY 55614 22091 0200/ 538414 168891 6113/
11119 39927 49927 52002
22219 00140
444 50101 80110 80000 9/015=
ZZYY 32684 22091 0205/ 518588 158584 6111/
22219 00261
444 20110 22091 0202/ 50101 80102 80023 9/015=
ZZYY 32830 22091 0205/ 520980 160858 6112/
22219 00261
444 20120 22091 0202/ 50101 80108 80002 9/015=
ZZYY 51657 22091 0205/ 506821 179099 6112/
22219 00284
444 20120 22091 0031/ 50101 80117 80004 9/015=
ZZYY 32682 22091 0205/ 521491 155467 6111/
22219 00254
444 20110 22091 0132/ 50101 80100 80017 9/015=
ZZYY 32682 22091 0133/ 521491 155467 6111/
22219 00254
444 50101 80100 80020 9/015=
ZZYY 51649 22091 0203/ 527087 159990 6112/
22219 00211
444 20120 22091 0132/ 50101 80008 80000 9/015=
ZZYY 51526 22091 0207/ 507462 164080 6112/
22219 00279
444 20120 22091 0019/ 50101 80121 80012 9/015=
ZZYY 51624 22091 0206/ 516230 174288 6112/
22219 00280
444 20120 22091 0202/ 50101 80087 80022 9/015=
ZZYY 32719 22091 0207/ 510527 167217 6111/
444 20110 22091 0203/ 50101 80540 80003 9/015=
ZZYY 51972 22091 0205/ 311581 167602 6111/
22219 00290
444 20110 21091 2211/ 50101 80081 80006 9/015=
ZZYY 32558 22091 0204/ 520205 153752 6111/
22219 00263
444 20110 22091 0133/ 50101 80108 80099 9/015=
ZZYY 32558 22091 0135/ 520205 153752 6111/
22219 00264
444 20110 22091 0133/ 50101 80108 80099 9/015=
ZZYY 51644 22091 0206/ 311229 154681 6112/
22219 00282
444 20120 21091 2354/ 50101 80085 80008 9/015=
ZZYY 51538 22091 0205/ 319219 167903 6112/
22219 00242
444 20120 22091 0202/ 50101 80086 80001 9/015=
ZZYY 51918 22091 0206/ 504567 170884 6111/
22219 00279
444 20110 22091 0204/ 50101 80121 80004 9/015=
ZZYY 56570 22091 0150/ 558958 129624 6112/
11119 30116 40116 57081
22219 00022
444 20120 22091 0153/ 50101 80100 80004 9/015=
ZZYY 32617 22091 0203/ 324536 169984 6112/
22219 00231
444 20120 22091 0200/ 50101 80082 80006 9/015=
ZZYY 51639 22091 0206/ 504896 174820 6111/
444 20110 22091 0204/ 50101 80117 80255 9/015=
ZZYY 51781 22091 0206/ 505249 169718 6112/
22219 00280
444 20120 22091 0020/ 50101 80121 80041 9/015=
ZZYY 51873 22091 0206/ 507937 161942 6112/
22219 00278
444 20120 22091 0019/ 50101 80117 80020 9/015=
ZZYY 51671 22091 0202/ 306141 173408 6111/
444 20110 22091 0030/ 50101 80121 9/015=
ZZYY 32713 22091 0206/ 305953 174780 6111/
22219 00288
444 20110 22091 0029/ 50101 80550 80071 9/015=
ZZYY 51870 22091 0207/ 304333 173427 6111/
444 20110 22091 0204/ 50101 80111 80013 9/015=
ZZYY 34512 22091 0150/ 548090 177529 6111/
11119 40208 57030
22219 00071
444 20110 22091 0158/ 50101 80010 80007 9////=
####018001167####
SSVX13 KARS 220227
ZZYY 55645 21091 2300/ 336214 170582 6112/
11119 40130 57026
22219 00149
444 20120 21091 2221/ 50101 80110 80000 9/015=
ZZYY 55645 22091 0000/ 336214 170582 6112/
11119 40131 57022
22219 00149
444 20120 21091 2221/ 50101 80110 80000 9/015=
ZZYY 14917 21091 2300/ 326511 074099 6111/
11119 30262 40262 57009
22219 00212
444 20110 21091 2203/ 50101 80115 80002 9/015=
ZZYY 14917 22091 0000/ 326484 074055 6112/
11119 30264 40264 57005
22219 00213
444 20120 22091 0050/ 50101 80115 80002 9/015=
ZZYY 55962 22091 0000/ 337437 168547 6113/
11119 40136 57003
22219 00144
444 20130 21091 2222/ 50101 80108 80013 9/015=
ZZYY 55644 22091 0000/ 337013 171775 6113/
11119 40114 57015
22219 00144
444 20130 22091 0200/ 50101 80112 80032 9/015=
ZZYY 55644 22091 0100/ 337013 171775 6113/
11119 40107 57018
22219 00144
444 20130 22091 0200/ 50101 80112 80031 9/015=
ZZYY 55961 22091 0100/ 334355 163909 6112/
11119 40190 57007
22219 00157
444 20120 22091 0159/ 50101 80110 80018 9/015=
ZZYY 55961 22091 0200/ 334355 163909 6112/
11119 40183 57012
22219 00157
444 50101 80110 80016 9/015=
####018010119####
SSVX08 KARS 220227
ZZYY 52007 21091 1200/ 308026 164771 6112/
33311 88872 20001 32916 43534 20025 32908 20050 32905
444 20120 21091 1328/ 521//=
ZZYY 52007 22091 02004 308026 164772 6111/
11119 00809 10288 29073
22219 00294
444 20110 21091 2215/ 521// 60401=
ZZYY 52315 21091 1200/ 707970 179852 6111/
444 20110 21091 1322/ 521//=
ZZYY 52315 22091 02004 707971 179864 6111/
11119 00807 10283 29076
22219 00291
444 20110 22091 0034/ 521// 60401=
ZZYY 52002 21091 1200/ 302005 164985 6112/
22219 00290
33311 88872 20000 32903 43553 20500 30781
444 20120 21091 1326/ 521//=
ZZYY 52002 22091 02004 302006 164985 6112/
11119 01210 10287 29073
22219 00291
444 20120 21091 2212/ 521// 60001=
ZZYY 51304 21091 12004 504996 170020 6112/
11119 01213 10276 29076
22219 00277
33311 88872 20000 32772 20001 32777 43543 20025 32775 20050 32774
20125 32674 20150 32508 20200 31866 20250 31307 20300 31059
20500 30810
444 20120 21091 1144/ 521// 60401=
ZZYY 51304 22091 02004 505004 170028 6112/
11119 01010 10277 29074
22219 00280
444 20120 22091 0028/ 521// 60401=
ZZYY 52309 21091 1200/ 704999 179925 6111/
11119 10283 29082
444 20110 21091 1258/ 521//=
ZZYY 52309 22091 0200/ 705008 179919 6112/
11119 10283 29080
444 20120 22091 0030/ 521//=
ZZYY 52316 21091 1200/ 507988 179855 6112/
33311 88870 20025 32854 20050 32852 20075 32852 20100 32852
20125 32843 20150 32754 20200 32331 20300 31445 20500 30799
444 20120 21091 1442/ 521//=
ZZYY 52316 22091 02004 507993 179852 6111/
11119 01009 10281 29076
444 20110 22091 0027/ 521// 60401=
ZZYY 52311 21091 12004 700045 179905 6111/
11119 00913 10268 29084
22219 00278
33311 88872 20000 32777 20001 32779 43539 20025 32775 20050 32770
20075 32756 20100 32687 20125 32346 20150 32077 20200 31485
20250 31330 20500 30812
444 20110 21091 1324/ 521// 60401=
ZZYY 52004 21091 1200/ 305000 165164 6111/
444 20110 21091 1326/ 521//=
ZZYY 52004 22091 02004 305006 165165 6111/
11119 00809 10289 29077
22219 00294
444 20110 21091 2213/ 521// 60401=
ZZYY 52312 21091 12004 501980 179927 6112/
11119 01013 10279 29082
22219 00282
33311 88872 20000 32820 20001 32823 43546 20025 32821 20050 32819
20075 32819 20100 32819 20125 32749 20150 32336 20200 31335
20250 31150 20300 31106 20500 30829
444 20120 21091 1300/ 521// 60401=
ZZYY 52312 22091 02004 501990 179930 6112/
11119 01214 10278 29082
22219 00283
444 20120 22091 0027/ 521// 60401=
ZZYY 51310 21091 1200/ 508023 170059 6111/
33311 88872 20001 32809 43555 20025 32808 20050 32807 20075 32807
20100 32808 20125 32797 20150 32704 20200 32265
444 20110 21091 1145/ 521//=
ZZYY 51310 22091 02004 508018 170062 6111/
11119 01010 10279 29073
22219 00283
444 20110 22091 0027/ 521// 60401=
ZZYY 52001 21091 1200/ 102028 165011 6111/
444 20110 21091 1325/ 521//=
ZZYY 52001 22091 02004 102026 165003 6112/
11119 01306 10270 29082
22219 00294
444 20120 21091 2209/ 521// 60401=
ZZYY 51303 21091 1200/ 705026 169984 6112/
11119 10248 29088
22219 00275
33311 88872 20000 32745 20001 32755 43518 20025 32754 20050 32754
20075 32753 20100 32751 20200 31609 20250 31113 20300 31009
20500 30845
444 20120 21091 1141/ 521//=
ZZYY 51303 22091 0200/ 705018 169983 6112/
11119 10275 29078
22219 00283
444 20120 22091 0029/ 521//=
ZZYY 52310 21091 12004 702024 179838 6112/
11119 01015 10279 29084
22219 00280
33311 88872 20000 32804 20001 32810 43515 20050 32796 20075 32793
20100 32788 20125 32770 20150 32444 20200 31308 20250 31173
20300 31109 20500 30841
444 20120 21091 1258/ 521// 60401=
ZZYY 52310 22091 02004 702021 179837 6112/
11119 01214 10278 29082
22219 00284
444 20120 22091 0032/ 521// 60401=
ZZYY 51306 21091 1200/ 502156 170026 6112/
33311 88872 20001 32772 43556 20025 32769 20050 32767 20100 32764
20125 32593 20150 32106 20250 31117 20500 30826
444 20120 21091 1143/ 521//=
ZZYY 32318 21091 1200/ 504980 110007 6111/
33311 88872 20001 32410 43524 20040 32406 20060 32381 20080 31680
20100 31451 20120 31383 20140 31336 20180 31292 20300 31158
20500 30854
444 20110 21091 1001/ 521//=
ZZYY 32318 22091 01004 504995 110005 6111/
11119 01114 10231 29083
22219 00240
444 20110 21091 2218/ 521// 60401=
ZZYY 43301 21091 12004 707985 094895 6111/
11119 02014 10269 29083
22219 00277
33311 88872 20000 32769 20001 32772 43298 20020 32632 20040 31659
20060 31405 20080 31335 20100 31304 20120 31291 20140 31271
20180 31222 20300 31086 20500 30803
444 20110 21091 1354/ 521// 60401=
ZZYY 32317 21091 1200/ 501932 110405 6111/
33311 88872 20001 32227 43478 20020 32187 20040 32048 20060 31987
20080 31638 20100 31372 20120 31333 20140 31316 20180 31284
20300 31175 20500 30865
444 20110 21091 1000/ 521//=
ZZYY 32317 22091 0100/ 501857 110501 6111/
11119 10228 29086
22219 00225
444 20110 22091 0133/ 521//=
ZZYY 51020 21091 12004 704998 154943 6112/
11119 01311 10265 29081
22219 00275
33311 88872 20000 32747 20001 32755 43508 20025 32749 20050 32731
20100 32631 20125 32604 20150 32246 20200 31321 20250 31119
20300 31080 20500 30899
444 20120 21091 1141/ 521// 60401=
ZZYY 51020 22091 01004 705000 154947 6112/
11119 01315 10267 29079
22219 00276
444 20120 22091 0029/ 521// 60401=
ZZYY 51019 21091 12004 504984 155022 6112/
11119 01013 10270 29079
22219 00271
33311 88870 20000 32708 20001 32712 20025 32709 20050 32707
20075 32706 20100 32706 20125 32608 20150 32164 20200 31449
20250 31163 20300 31067 20500 30823
444 20120 21091 1256/ 521// 60401=
ZZYY 51019 22091 01004 504990 155006 6111/
11119 01112 10273 29081
22219 00273
444 20110 22091 0025/ 521// 60401=
ZZYY 51301 21091 12004 707986 154984 6113/
11119 00409 10273 29081
22219 00285
33311 88870 20000 32845 20001 32853 20050 32834 20100 32156
20125 31663 20150 31312 20200 31119 20300 31009 20500 30828
444 20130 21091 1138/ 521// 60401=
ZZYY 51301 22091 01004 707984 154985 6112/
11119 00712 10281 29079
22219 00286
444 20120 22091 0030/ 521// 60401=
ZZYY 51023 21091 1200/ 500009 154941 6111/
11119 10239 29092
22219 00254
33311 88870 20000 32536 20001 32547 20025 32533 20050 32518
20100 32097 20125 31816 20200 31303 20250 31187 20300 31128
20500 30796
444 20110 21091 1255/ 521//=
ZZYY 51023 22091 0100/ 500004 154957 6112/
11119 10254 29086
22219 00257
444 20120 22091 0029/ 521//=
ZZYY 14041 21091 12004 307940 055085 6112/
11119 01315 10257 29090
22219 00272
33311 88872 20000 32719 20001 32708 43544 20020 32701 43531
20040 32690 43539
444 20120 21091 1201/ 521// 60401=
ZZYY 14041 22091 00004 307930 055070 6112/
11119 01316 10264 29082
22219 00270
444 20120 21091 2312/ 521// 60401=
ZZYY 32316 21091 1200/ 702051 110046 6111/
33311 88872 20001 32252 43447 20040 32152 20060 31682 20080 31483
20100 31394 20120 31353 20140 31337 20180 31318 20300 31133
20500 30825
444 20110 21091 1357/ 521//=
ZZYY 32316 22091 01004 702046 110043 6111/
11119 01316 10213 29086
22219 00221
444 20110 21091 2219/ 521// 60401=
ZZYY 43001 21091 1200/ 708055 110126 6112/
444 20120 21091 0956/ 521//=
ZZYY 43001 22091 01004 708046 110127 6112/
11119 01916 10265 29083
22219 00274
444 20120 21091 2221/ 521// 60401=
ZZYY 32319 21091 1200/ 507989 110076 6111/
33311 88872 20001 32385 43517 20020 32383 20040 32381 20060 32379
20080 32328 20100 31897 20120 31547 20140 31430 20180 31332
20300 31145 20500 30849
444 20110 21091 1001/ 521//=
ZZYY 32319 22091 01004 508000 110083 6111/
11119 01217 10239 29075
22219 00242
444 20110 22091 0131/ 521// 60401=
ZZYY 14046 21091 1200/ 316002 054996 6111/
33311 88872 20020 32457 43535 20040 32455 43555 20060 32455 43531
20080 32454 20100 32372 20120 32234 20140 32096 20180 31857
20500 30941
444 20110 21091 1201/ 521//=
ZZYY 14046 22091 00004 315999 054999 6112/
11119 01012 10241 29084 40175
444 20120 21091 2314/ 521// 60401=
ZZYY 32323 21091 1200/ 700048 109918 6112/
33311 88872 20001 32127 43474 20020 31909 43485 20040 31724 43490
20060 31609 43498 20080 31527 20100 31455 20120 31430 20140 31383
20180 31286 20300 31145 20500 30798
444 20120 21091 1357/ 521//=
ZZYY 32323 22091 01004 700044 109920 6111/
11119 01112 10209 29093 40112
22219 00209
444 20110 22091 0134/ 521// 60401=
ZZYY 51302 21091 12004 508275 155015 6111/
11119 01216 10269 29076
22219 00272
33311 88872 20000 32721 20001 32725 43551 20025 32722 20050 32720
20075 32720 20100 32719 20125 32700 20150 32565 20200 32136
20250 31622 20300 31204 20500 30805
444 20110 21091 1121/ 521// 60401=
ZZYY 51302 22091 01004 508269 155017 6112/
11119 01013 10273 29074
22219 00274
444 20120 22091 0025/ 521// 60401=
ZZYY 51022 21091 12004 501975 154995 6111/
11119 01019 10255 29085
22219 00267
33311 88872 20000 32672 20001 32678 43532 20025 32676 20050 32669
20075 32668 20100 32664 20125 31920 20150 31592 20200 31337
20300 31100
444 20110 21091 1143/ 521// 60401=
ZZYY 51022 22091 01004 501973 154998 6111/
11119 01115 10270 29075
22219 00269
444 20110 22091 0027/ 521// 60401=
ZZYY 14042 21091 12004 312024 054982 6112/
11119 01119 10259 29077 40141
22219 00259
33311 88872 20000 32594 20001 32588 43553 20020 32586 43557
20040 32585 43557 20060 32587 43560 20080 32542 20100 32297
20140 31893 20180 31645 20300 31209
444 20120 21091 1202/ 521// 60401=
ZZYY 14042 22091 00004 312028 054984 6112/
11119 01116 10253 29082 40153
22219 00258
444 20120 21091 2312/ 521// 60401=
ZZYY 32315 21091 1200/ 705004 110057 6111/
444 20110 21091 1357/ 521//=
ZZYY 32315 22091 01004 705006 110064 6111/
11119 01814 10246 29080
22219 00268
444 20110 21091 2220/ 521// 60401=
ZZYY 48400 21091 12004 750128 144800 6112/
11119 02725 10111 29078
22219 00125
33311 88872 20000 31246 20001 31249 43784
444 20120 21091 1126/ 521// 60401=
ZZYY 48400 22091 00004 750131 144807 6112/
11119 02522 10117 29080
22219 00124
444 20120 22091 0010/ 521// 60401=
####018000469####
SSVX06 KARS 220227
ZZYY 48713 22091 0022/ 175324 165509 6112/
444 20120 22091 0023/ 500// 9/000=
ZZYY 47558 22091 0018/ 773761 081565 6112/
444 20120 21091 2353/ 500// 9/000=
ZZYY 48506 22091 0023/ 779553 119152 6113/
11119 40066=
ZZYY 48505 22091 0024/ 780182 127694 6112/
11119 40055=
ZZYY 47554 22091 0018/ 774348 111932 6113/
444 20130 22091 0014/ 500// 9/000=
ZZYY 47553 22091 0020/ 779341 103367 6112/
444 20120 22091 0016/ 500// 9/000=
####018005729####
SSVX02 KARS 220227 RRB
ZZYY 55570 22091 0100/ 538439 116610 6112/
22219 00132
444 20120 22091 0123/ 50101 80010 80000 9////=
ZZYY 55569 22091 0110/ 533121 098873 6112/
22219 00161
444 20120 22091 0123/ 50101 80009 80000 9////=
ZZYY 63569 22091 0000/ 175119 002904 6112/
22219 00059
33311 88872 20000 30590 42048
444 20120 21091 2336/ 50101 80080 80100 9/015=
ZZYY 51613 22091 0140/ 709368 141468 6112/
444 50101 80115 80066 9/015=
ZZYY 51739 22091 0144/ 714583 153742 6112/
22219 00269
444 20120 22091 0139/ 50101 80111 80007 9/015=
ZZYY 33591 22091 0040/ 331584 051179 6111/
11119 30225 40225 57003
22219 00168
444 20110 22091 0055/ 50101 80100 80000 9/015=
ZZYY 32615 22091 0142/ 708851 143756 6112/
22219 00276
444 20120 22091 0139/ 50101 80005 80020 9/015=
ZZYY 33696 22091 0020/ 333162 050259 6111/
11119 30227 40227 54000
22219 00164
444 20110 22091 0054/ 50101 80100 80000 9/015=
ZZYY 32551 22091 0110/ 704239 119217 6112/
11119 30096 40096 52007
444 20120 22091 0136/ 50101 80077 80000 9/015=
ZZYY 33520 22091 0050/ 338891 055173 6113/
11119 30222 40222 52008
22219 00153
444 20130 22091 0102/ 50101 80100 80000 9/015=
ZZYY 46566 22091 0100/ 726846 149359 6111/
11119 30178 40178 57018
22219 00259
444 20110 22091 0034/ 50101 8//// 80000 9/015=
ZZYY 46607 22091 0120/ 728298 146758 6112/
11119 30188 40188
22219 00253
444 20120 22091 0140/ 50101 80100 80000 9/015=
ZZYY 16962 22091 0000/ 327115 047497 6111/
22219 00225
444 20110 21091 2346/ 50101 80008 80000 9////=
ZZYY 16963 22091 0010/ 325451 059873 6113/
11119 40222 57007
22219 00224
444 20130 22091 0051/ 50101 80009 80000 9////=
ZZYY 16609 22091 0010/ 327398 051457 6113/
11119 40193 57006
22219 00214
444 20130 21091 2316/ 50101 80010 80003 9////=
ZZYY 43532 22091 0143/ 718802 141665 6111/
22219 00249
444 20110 22091 0139/ 50101 80074 80019 9/015=
ZZYY 51882 22091 0004/ 711508 112479 6112/
22219 00302
444 20120 21091 2228/ 50101 80110 80001 9/015=
ZZYY 43540 22091 0144/ 715435 133181 6112/
22219 00264
444 20120 22091 0138/ 50101 80096 80017 9/015=
ZZYY 51931 22091 0145/ 729330 161289 6111/
22219 00268
444 20110 22091 0142/ 50101 80068 80009 9/015=
ZZYY 21997 22091 0110/ 742668 159533 6113/
11119 39984 49984 57004
22219 00161
444 20130 22091 0037/ 50101 80110 80031 9/015=
ZZYY 51759 22091 0140/ 700677 121824 6113/
22219 00232
444 20130 22091 0134/ 50101 80110 80073 9/015=
ZZYY 51904 22091 0003/ 709391 111521 6113/
22219 00278
444 20130 21091 2227/ 50101 80078 80002 9/015=
ZZYY 51904 22091 0139/ 709391 111521 6113/
22219 00276
444 20130 21091 2227/ 50101 80078 80002 9/015=
ZZYY 43525 22091 0145/ 715182 159067 6112/
22219 00267
444 20120 22091 0141/ 50101 80088 80012 9/015=
ZZYY 54547 22091 0050/ 540641 116001 6113/
22219 00110
444 20130 22091 0123/ 50101 80010 80005 9////=
ZZYY 55928 22091 0040/ 535489 121253 6112/
11119 40001 52010
22219 00147
444 20120 22091 0124/ 50101 80010 80006 9/015=
ZZYY 54922 22091 0040/ 529524 124763 6111/
11119 30134 40134 52003
444 20110 21091 2353/ 50101 8//// 80000 9////=
ZZYY 55948 22091 0030/ 562630 123688 6112/
22219 00007
444 20120 22091 0015/ 50101 8//// 80000 9////=
ZZYY 54929 22091 0030/ 525199 108988 6112/
11119 30164 40164 52005
22219 00209
444 20120 21091 2351/ 50101 8//// 80000 9////=
ZZYY 54923 22091 0110/ 530952 105374 6112/
11119 30103 40103 52001
22219 00181
444 20120 22091 0125/ 50101 8//// 80000 9////=
ZZYY 54923 22091 0010/ 530937 105417 6112/
11119 30103 40103 57003
22219 00181
444 20120 21091 2349/ 50101 8//// 80000 9////=
ZZYY 54918 22091 0110/ 525204 124739 6112/
11119 30166 40166 52007
22219 00215
444 20120 22091 0128/ 50101 8//// 80000 9////=
ZZYY 54918 22091 0010/ 525210 124762 6112/
11119 30159 40159 57005
22219 00215
444 20120 21091 2352/ 50101 8//// 80000 9////=
ZZYY 54858 22091 0100/ 528352 124890 6111/
11119 30152 40152 52007
22219 00203
444 20110 22091 0127/ 50101 8//// 80000 9////=
ZZYY 14926 22091 0000/ 332117 054350 6112/
11119 30215 40215 57006
444 20120 21091 2316/ 50101 8//// 80000 9/015=
ZZYY 14926 22091 0100/ 332115 054346 6112/
11119 30218 40218 57001
444 20120 22091 0053/ 50101 8//// 80002 9/015=
ZZYY 63579 22091 0030/ 169030 046957 6111/
22219 00086
444 20110 22091 0026/ 50101 80005 80007 9////=
ZZYY 63964 22091 0026/ 173781 023095 6113/
444 50101 80009 80012 9/015=
ZZYY 63948 22091 0026/ 175378 035584 6113/
22219 00056
444 50101 80008 80007 9/015=
ZZYY 16949 22091 0030/ 536128 107505 6112/
11119 39957 49957 52005
22219 00139
444 20120 21091 2347/ 50101 8//// 80014 9////=
ZZYY 33571 22091 0040/ 328425 043201 6113/
11119 30230 40230 57006
22219 00231
444 20130 22091 0053/ 50101 8//// 80071 9////=
ZZYY 63577 22091 0029/ 175137 067613 6112/
22219 00062
444 20120 22091 0027/ 50101 80009 80006 9/015=
ZZYY 51975 22091 0143/ 709986 123285 6113/
22219 00278
444 20130 22091 0137/ 50101 80093 80010 9/015=
ZZYY 63583 22091 0029/ 172519 046821 6113/
22219 00081
444 20130 22091 0025/ 50101 80007 80008 9/015=
ZZYY 55949 22091 0100/ 527380 110991 6112/
11119 30136 40136 52003
22219 00204
444 20120 22091 0126/ 50101 8//// 80100 9////=
ZZYY 55949 22091 0000/ 527373 111009 6111/
11119 30128 40128 52003
22219 00204
444 20110 21091 2351/ 50101 8//// 80098 9////=
ZZYY 55622 22091 0110/ 525168 117076 6112/
11119 30157 40157 52014
22219 00211
444 20120 22091 0127/ 50101 8//// 80000 9////=
ZZYY 55622 22091 0010/ 525189 117072 6111/
11119 30148 40148 54000
22219 00211
444 20110 21091 2352/ 50101 8//// 80024 9////=
####018000111####
SSVX07 KARS 220227
ZZYY 48534 22091 0010/ 783366 046229 6113/
11119 11150 40168
444 20130 22091 0018/=
####018014885####
SSVX02 KARS 220227 RRA
ZZYY 56551 22091 0200/ 336737 168141 6113/
11119 30162 40162 57008
22219 00151
444 50101 80110 80019 9/015=
ZZYY 32675 22091 0144/ 703690 138656 6112/
22219 00264
444 20120 22091 0137/ 50101 80120 80103 9/015=
ZZYY 51969 22091 0140/ 506119 135047 6112/
22219 00256
444 20120 22091 0135/ 50101 80120 80027 9/015=
ZZYY 55910 22091 0110/ 553475 112129 6112/
11119 39925 49925 57005
22219 00052
444 20120 22091 0113/ 50101 80100 80000 9/015=
ZZYY 51795 22091 0135/ 506050 132534 6113/
22219 00252
444 20130 22091 0005/ 50101 80120 80030 9/015=
ZZYY 51967 22091 0144/ 706216 134037 6112/
22219 00272
444 20120 22091 0137/ 50101 80120 80036 9/015=
ZZYY 51518 22091 0141/ 501337 121604 6111/
22219 00237
444 20110 22091 0136/ 50101 80120 80028 9/015=
ZZYY 51679 22091 0144/ 704783 133849 6111/
22219 00269
444 20110 22091 0136/ 50101 80120 80036 9/015=
ZZYY 55638 22091 0040/ 540030 112878 6112/
11119 39824 49824 52043
22219 00109
444 20120 22091 0123/ 50101 80100 80018 9/015=
ZZYY 55632 22091 0040/ 538527 117653 6112/
444 20120 22091 0124/ 50101 80100 80000 9/015=
ZZYY 46769 22091 0144/ 721388 123384 6111/
22219 00241
444 20110 22091 0139/ 50101 80116 80103 9/015=
ZZYY 46616 22091 0141/ 721916 119202 6111/
22219 00236
444 50101 80114 80085 9/015=
ZZYY 46609 22091 0145/ 722188 128704 6113/
22219 00225
444 20130 22091 0140/ 50101 80112 80151 9/015=
ZZYY 46559 22091 0145/ 712756 122389 6112/
22219 00284
444 20120 22091 0138/ 50101 80110 80013 9/015=
ZZYY 46583 22091 0145/ 716929 130645 6112/
22219 00257
444 20120 22091 0138/ 50101 80098 80018 9/015=
ZZYY 22576 22091 0008/ 732660 140266 6113/
22219 00243
444 50101 80010 80000 9/015=
ZZYY 22576 22091 0145/ 732663 140252 6111/
22219 00242
444 20110 22091 0141/ 50101 80010 80000 9/015=
ZZYY 32904 22091 0110/ 506881 122906 6112/
11119 30123 40123 52004
22219 00238
444 20120 22091 0132/ 50101 80140 80000 9/015=
ZZYY 32730 22091 0100/ 509704 119073 6112/
22219 00248
444 20120 22091 0131/ 50101 80140 80000 9/015=
ZZYY 21998 22091 0130/ 744237 145390 6111/
11119 30073 40073 57016
22219 00158
444 20110 22091 0039/ 50101 80100 80000 9/015=
ZZYY 21544 22091 0140/ 746371 142452 6111/
11119 30067 40067 57004
22219 00146
444 20110 22091 0038/ 50101 80100 80063 9/015=
ZZYY 51513 22091 0003/ 708909 107026 6112/
22219 00276
444 20120 21091 2227/ 50101 80117 80035 9/015=
ZZYY 32695 22091 0131/ 523571 106044 6111/
22219 00207
444 20110 22091 0127/ 50101 80094 80067 9/015=
ZZYY 22910 22091 0145/ 740376 151649 6111/
22219 00200
444 20110 22091 0142/ 50101 80009 80099 9////=
ZZYY 46762 22091 0145/ 720338 136222 6111/
22219 00232
444 20110 22091 0139/ 50101 80000 80030 9/015=
ZZYY 22927 22091 0143/ 741436 152330 6111/
22219 00175
444 20110 22091 0038/ 50101 80009 80099 9////=
ZZYY 46768 22091 0144/ 718048 139807 6111/
22219 00246
444 20110 22091 0140/ 50101 80072 80039 9/015=
ZZYY 46766 22091 0144/ 723277 152318 6112/
22219 00255
444 20120 22091 0140/ 50101 80082 80023 9/015=
ZZYY 46516 22091 0144/ 735429 140041 6112/
22219 00233
444 20120 22091 0009/ 50101 80094 80071 9////=
ZZYY 51808 22091 0140/ 507947 141058 6112/
22219 00267
444 20120 22091 0133/ 50101 80036 80007 9/015=
ZZYY 46904 22091 0145/ 719365 140162 6112/
22219 00246
444 20120 22091 0007/ 50101 80072 80120 9/015=
ZZYY 22635 22091 0146/ 722026 139688 6113/
444 20130 22091 0007/ 50101 80009 80041 9/015=
ZZYY 34538 22091 0133/ 530222 143020 6111/
22219 00199
444 50101 80010 80000 9////=
ZZYY 17520 22091 0102/ 336014 045532 6112/
22219 00161
444 50101 80094 80000 9////=
ZZYY 46924 22091 0145/ 724329 127500 6113/
22219 00218
444 20130 22091 0140/ 50101 80100 80141 9/015=
ZZYY 46923 22091 0145/ 710636 129284 6112/
22219 00277
444 20120 22091 0138/ 50101 80106 80015 9/015=
ZZYY 22616 22091 0145/ 732180 154441 6111/
22219 00260
444 20110 22091 0142/ 50101 80045 80000 9/015=
ZZYY 16567 22091 0040/ 543884 115007 6113/
22219 00090
444 20130 22091 0121/ 50101 80100 80015 9////=
ZZYY 51643 22091 0139/ 508503 152912 6111/
22219 00273
444 20110 22091 0134/ 50101 80117 80019 9/015=
ZZYY 33687 22091 0100/ 333700 061734 6112/
22219 00151
444 20120 22091 0053/ 50101 80070 80000 9/015=
ZZYY 55952 22091 0030/ 538734 116151 6111/
444 20110 22091 0015/ 50101 80090 80011 9/015=
ZZYY 55927 22091 0040/ 540209 107049 6112/
11119 39847 49847 57040
22219 00114
444 20120 22091 0122/ 50101 80100 80019 9/015=
ZZYY 46905 22091 0146/ 710117 152954 6112/
22219 00277
444 20120 22091 0139/ 50101 80084 80021 9/015=
ZZYY 46906 22091 0143/ 712499 149589 6112/
22219 00272
444 20120 22091 0139/ 50101 80076 80029 9/015=
ZZYY 11948 22091 0030/ 308198 048538 6113/
22219 00262=
ZZYY 16522 22091 0050/ 543502 102687 6112/
11119 49913 57023
22219 00090
444 20120 22091 0122/ 50101 80010 80019 9////=
ZZYY 32640 22091 0136/ 520669 124584 6112/
22219 00242
444 20120 22091 0129/ 50101 80098 80016 9/015=
ZZYY 32627 22091 0134/ 525716 119510 6112/
444 20120 22091 0128/ 50101 80096 80056 9/015=
ZZYY 46917 22091 0130/ 737815 144377 6111/
11119 30128 40128 57015
22219 00224
444 20110 22091 0037/ 50101 80050 80063 9/015=
ZZYY 46586 22091 0100/ 755077 146834 6111/
11119 39856 49856 52012
22219 00106
444 20110 22091 0045/ 50101 80153 80022 9/015=
ZZYY 34905 22091 0100/ 550935 149595 6112/
22219 00067
444 20120 22091 0121/ 50101 80010 80004 9////=
ZZYY 17671 22091 0040/ 327476 055793 6112/
22219 00204
444 20120 22091 0052/ 50101 80080 80100 9/015=
ZZYY 46914 22091 0137/ 719335 121780 6113/
22219 00244
444 20130 21091 1842/ 50101 80102 80000 9/015=
ZZYY 46903 22091 0145/ 730528 134498 6113/
22219 00217
444 20130 22091 0141/ 50101 80138 80000 9/015=
ZZYY 51973 22091 0145/ 733757 163877 6113/
22219 00254
444 20130 22091 0035/ 50101 80117 80040 9/015=
ZZYY 17679 22091 0000/ 333464 051680 6113/
444 20130 21091 2316/ 50101 80070 80100 9/015=
ZZYY 17679 22091 0100/ 333443 051673 6111/
444 20110 22091 0054/ 50101 80070 80100 9/015=
ZZYY 51974 22091 0145/ 736601 163913 6113/
22219 00239
444 20130 22091 0035/ 50101 80119 80011 9/015=
ZZYY 32711 22091 0138/ 515846 126497 6113/
22219 00246
444 20130 22091 0131/ 50101 80520 80099 9/015=
ZZYY 11906 22091 0030/ 112380 060874 6112/
11119 30106 40106 52002
22219 00267
444 20120 21091 2305/ 50101 80138 80004 9/015=
ZZYY 14923 22091 0000/ 315024 051498 6112/
11119 30175 40175 57015
22219 00244
444 20120 22091 0048/ 50101 80145 80009 9/015=
ZZYY 46535 22091 0040/ 739140 141026 6111/
11119 30142 40142 57009
22219 00217
444 20110 22091 0009/ 50101 80123 80001 9/015=
ZZYY 43556 22091 0145/ 720211 129033 6112/
22219 00227
444 20120 22091 0139/ 50101 80078 80021 9/015=
ZZYY 14918 22091 0010/ 333350 046576 6111/
11119 30237 40237 52004
22219 00182
444 20110 21091 2346/ 50101 80123 80006 9/015=
ZZYY 43555 22091 0145/ 717852 129728 6112/
22219 00254
444 20120 22091 0140/ 50101 80088 80021 9/015=
ZZYY 46927 22091 0145/ 733086 145712 6112/
22219 00242
444 20120 22091 0142/ 50101 80138 80003 9/015=
ZZYY 14927 22091 0020/ 317125 053288 6111/
11119 30187 40187 57012
22219 00244
444 20110 22091 0050/ 50101 80145 80010 9/015=
ZZYY 11908 22091 0040/ 105601 053546 6112/
11119 30111 40111 57001
22219 00264
444 50101 80138 80002 9/015=
ZZYY 46540 22091 0140/ 742515 144537 6111/
11119 30092 40092 57015
22219 00184
444 20110 22091 0038/ 50101 80123 80009 9/015=
ZZYY 43557 22091 0145/ 722421 120048 6112/
22219 00232
444 20120 22091 0141/ 50101 80088 80014 9/015=
ZZYY 43558 22091 0145/ 722668 124666 6111/
444 20110 22091 0140/ 50101 80086 80255 9/015=
ZZYY 51816 22091 0143/ 727649 170087 6113/
22219 00281
444 20130 22091 0009/ 50101 80078 80018 9/015=
ZZYY 43553 22091 0146/ 721036 127810 6111/
22219 00228
444 20110 22091 0139/ 50101 80088 80038 9/015=
ZZYY 51623 22091 0144/ 710038 122139 6112/
22219 00279
444 20120 22091 0138/ 50101 80113 80005 9/015=
ZZYY 43554 22091 0142/ 728560 126447 6112/
22219 00205
444 20120 22091 0139/ 50101 80088 80035 9/015=
ZZYY 43551 22091 0008/ 723089 121193 6111/
22219 00221
444 50101 80090 80014 9/015=
ZZYY 43551 22091 0142/ 723085 121182 6111/
22219 00221
444 20110 22091 0140/ 50101 80090 80017 9/015=
ZZYY 14942 22091 0146/ 726824 165738 6111/
22219 00278
444 20110 22091 0143/ 50101 8//// 80000 9/015=
ZZYY 46926 22091 0144/ 724970 143001 6111/
22219 00242
444 20110 22091 0007/ 50101 80138 80003 9/015=
ZZYY 14945 22091 0145/ 739455 158907 6112/
22219 00198
444 20120 22091 0036/ 50101 8//// 80029 9/015=
ZZYY 43552 22091 0008/ 728427 123293 6113/
444 50101 80088 80017 9/015=
ZZYY 43552 22091 0143/ 728427 123293 6113/
444 20130 22091 0008/ 50101 80088 80026 9/015=
ZZYY 51647 22091 0143/ 710634 150999 6112/
22219 00274
444 20120 22091 0137/ 50101 80109 80006 9/015=
ZZYY 32533 22091 0134/ 514589 110423 6113/
22219 00234
444 20130 22091 0130/ 50101 80121 80010 9/015=
ZZYY 14914 22091 0000/ 301043 050171 6113/
11119 30117 40117 57010
22219 00274
444 20130 21091 2332/ 50101 80120 80018 9/015=
ZZYY 51788 22091 0145/ 709374 149708 6112/
22219 00276
444 20120 22091 0139/ 50101 80088 80000 9/015=
ZZYY 51958 22091 0003/ 706948 113775 6111/
22219 00274
444 20110 21091 2248/ 50101 80079 80012 9/015=
ZZYY 51958 22091 0139/ 706941 113759 6112/
22219 00273
444 20120 22091 0135/ 50101 80079 80009 9/015=
ZZYY 46567 22091 0145/ 720127 163475 6112/
22219 00273
444 20120 22091 0142/ 50101 80078 80028 9/015=
ZZYY 52667 22091 0146/ 741620 154742 6111/
22219 00171
444 20110 22091 0037/ 50101 8//// 80016 9////=
ZZYY 32729 22091 0139/ 512040 130371 6112/
22219 00255
444 20120 22091 0132/ 50101 80121 80027 9/015=
ZZYY 32817 22091 0137/ 517997 131068 6111/
22219 00252
444 20110 22091 0130/ 50101 80540 80099 9/015=
ZZYY 51770 22091 0146/ 710457 143558 6112/
22219 00274
444 20120 22091 0140/ 50101 80117 80036 9/015=
ZZYY 43543 22091 0145/ 720613 120935 6112/
22219 00242
444 20120 22091 0141/ 50101 80054 80016 9/015=
ZZYY 63966 22091 0025/ 171465 015249 6111/
22219 00104
444 20110 22091 0023/ 50101 80009 80005 9/015=
ZZYY 32804 22091 0136/ 522915 130478 6111/
22219 00231
444 20110 22091 0129/ 50101 80048 80000 9/015=
ZZYY 14921 22091 0040/ 306925 041449 6112/
11119 30128 40128 57015
22219 00263
444 20120 22091 0047/ 50101 80120 80034 9/015=
ZZYY 51653 22091 0144/ 718805 135949 6111/
22219 00252
444 20110 22091 0139/ 50101 80122 80026 9/015=
ZZYY 71568 22091 0100/ 560035 116452 6112/
11119 40086 57020
22219 00015
444 20120 22091 0114/ 50101 80009 80000 9////=
ZZYY 55957 22091 0010/ 536854 108448 6111/
11119 49916 57019
22219 00142
444 20110 21091 2349/ 50101 80010 80000 9////=
ZZYY 55957 22091 0110/ 536835 108395 6112/
11119 49927 52002
22219 00141
444 20120 22091 0123/ 50101 80010 80000 9////=
ZZYY 33635 22091 0050/ 338022 070867 6112/
22219 00133
444 20120 22091 0055/ 50101 80100 80100 9/015=
ZZYY 55956 22091 0120/ 535718 124174 6111/
11119 40030 52018
22219 00144
444 20110 22091 0125/ 50101 80010 80000 9////=
ZZYY 55956 22091 0020/ 535722 124228 6112/
11119 40025 52013
22219 00144
444 20120 21091 2349/ 50101 80010 80000 9////=
ZZYY 14566 22091 0040/ 311147 049758 6112/
11119 30149 40149 52250
22219 00250
444 20120 22091 0041/ 50101 80110 80003 9/015=
ZZYY 14949 22091 0010/ 107003 064822 6113/
11119 30103 40103 52253
22219 00287
444 20130 22091 0038/ 50101 80110 80006 9/015=
ZZYY 16943 22091 0010/ 331042 050521 6112/
11119 30223 40223 57005
22219 00180
444 20120 21091 2345/ 50101 8//// 80000 9////=
ZZYY 52801 22091 0110/ 728505 154648 6112/
11119 30186 40186 57017
22219 00269
444 20120 22091 0141/ 50101 80009 80000 9////=
ZZYY 21543 22091 0100/ 734538 151617 6112/
11119 40146 57023
22219 00245
444 20120 22091 0036/ 50101 80010 80000 9////=
ZZYY 14922 22091 0010/ 310594 047087 6112/
11119 30142 40142 57012
22219 00247
444 20120 21091 2338/ 50101 80110 80013 9/015=
ZZYY 32871 22091 0134/ 525934 149995 6111/
22219 00227
444 20110 22091 0130/ 50101 80104 80023 9/015=
ZZYY 32564 22091 0132/ 533972 133407 6111/
22219 00146
444 50101 80007 80094 9/015=
ZZYY 32670 22091 0144/ 705135 132108 6112/
22219 00272
444 20120 22091 0137/ 50101 80120 80030 9/015=
ZZYY 51900 22091 0144/ 702329 139187 6112/
22219 00262
444 20120 22091 0136/ 50101 80120 80007 9/015=
ZZYY 32650 22091 0137/ 508763 119667 6112/
22219 00248
444 20120 22091 0132/ 50101 80120 80048 9/015=
ZZYY 51966 22091 0144/ 704868 134853 6111/
22219 00273
444 20110 22091 0137/ 50101 80120 80004 9/015=
ZZYY 51754 22091 0144/ 704675 134686 6111/
22219 00276
444 20110 22091 0136/ 50101 80110 80043 9/015=
ZZYY 51801 22091 0137/ 505930 131873 6111/
22219 00254
444 20110 22091 0133/ 50101 80110 80033 9/015=
ZZYY 32648 22091 0135/ 508624 119757 6112/
22219 00246
444 20120 22091 0131/ 50101 80110 80048 9/015=
ZZYY 32803 22091 0133/ 524064 116526 6112/
22219 00221
444 20120 22091 0127/ 50101 80102 80002 9/015=
ZZYY 32674 22091 0143/ 703148 136738 6112/
22219 00268
444 20120 22091 0136/ 50101 80120 80099 9/015=
ZZYY 32827 22091 0135/ 522876 139145 6112/
22219 00241
444 20120 22091 0133/ 50101 80102 80001 9/015=
ZZYY 54925 22091 0134/ 528924 133632 6111/
22219 00200
444 50101 80104 80000 9/015=
ZZYY 32805 22091 0129/ 532811 101807 6112/
22219 00170
444 20120 22091 0124/ 50101 80104 80070 9/015=
ZZYY 32816 22091 0133/ 520019 130165 6111/
22219 00261
444 20110 22091 0019/ 50101 80102 80000 9/015=
ZZYY 54554 22091 0120/ 517057 133604 6113/
11119 30161 40161 54000
22219 00253
444 20130 22091 0131/ 50101 80120 80055 9/015=
ZZYY 54554 22091 0020/ 517055 133612 6111/
11119 30158 40158 57011
22219 00253
444 50101 80120 80068 9/015=
ZZYY 32815 22091 0040/ 518085 116226 6111/
11119 30170 40170 52003
22219 00240
444 20110 21091 2355/ 50101 80120 80049 9/015=
ZZYY 32925 22091 0030/ 517555 119323 6112/
11119 30156 40156 57007
22219 00243
444 20120 21091 2355/ 50101 80120 80047 9/015=
ZZYY 32925 22091 0130/ 517556 119320 6112/
11119 30163 40163 52011
22219 00241
444 20120 22091 0131/ 50101 80120 80052 9/015=
ZZYY 32910 22091 0143/ 705929 134166 6112/
22219 00267
444 20120 22091 0137/ 50101 80122 80012 9/015=
ZZYY 51530 22091 0140/ 505576 123596 6112/
22219 00249
444 20120 22091 0132/ 50101 80120 80099 9/015=
ZZYY 51659 22091 0141/ 502243 121474 6112/
22219 00234
444 20120 22091 0134/ 50101 80120 80099 9/015=
