####018000437####
SSVX12 KARS 092325
ZZYY 48684 09070 2300/ 787959 110016 6113/
11119 11264 49995
444 504// 80138=
ZZYY 48525 09070 2310/ 776941 125434 6113/
11119 10004 39976 49976
444 20130 09070 2209/=
ZZYY 48525 09070 2100/ 776951 125440 6112/
11119 10007 39972 49972 52038
444 20120 09070 2036/=
ZZYY 25595 09070 2300/ 787317 022346 6112/
11119 30048 40048 52007
22219 00085
444 20120 09070 2212/ 50101 80090 80002 9/015=
####018000291####
SSVX07 KARS 092325
ZZYY 48533 09070 2310/ 783705 036264 6111/
11119 10049 40047
444 20110 09070 2306/=
ZZYY 48536 09070 2310/ 773991 134198 6111/
11119 10011 40054
444 20110 09070 2214/=
ZZYY 48534 09070 2310/ 783569 048017 6111/
11119 10017 40036
444 20110 09070 2306/=
####018014881####
SSVX02 KARS 092325 RRA
ZZYY 13902 09070 2256/ 727414 026953 6113/
22219 00234
444 20130 09070 2145/ 50101 80011 80001 9/015=
ZZYY 13902 09070 2300/ 727414 026953 6113/
22219 00234
444 20130 09070 2145/ 50101 80011 80001 9/015=
ZZYY 13935 09070 2257/ 726160 040366 6111/
22219 00254
444 20110 09070 1953/ 50101 80010 80009 9/015=
ZZYY 31526 09070 2250/ 508716 028897 6112/
22219 00276
444 20120 09070 2247/ 50101 80138 80001 9/015=
ZZYY 13901 09070 2256/ 726180 016201 6111/
22219 00216
444 20110 09070 2251/ 50101 80012 80007 9/015=
ZZYY 13901 09070 2259/ 726180 016201 6111/
22219 00216
444 20110 09070 2251/ 50101 80012 80007 9/015=
ZZYY 13589 09070 2256/ 735402 019771 6112/
22219 00212
444 20120 09070 2253/ 50101 80122 80099 9/015=
ZZYY 13589 09070 2302/ 735402 019769 6113/
22219 00212
444 20130 09070 2256/ 50101 80122 80099 9/015=
ZZYY 44892 09070 2257/ 738136 042535 6111/
22219 00238
444 20110 09070 2147/ 50101 80124 80017 9/015=
ZZYY 44892 09070 2304/ 738132 042543 6112/
22219 00238
444 20120 09070 2258/ 50101 80124 80017 9/015=
ZZYY 13907 09070 2256/ 733060 016335 6113/
22219 00226
444 20130 09070 2144/ 50101 80118 80000 9/015=
ZZYY 13907 09070 2259/ 733059 016334 6113/
22219 00226
444 20130 09070 2255/ 50101 80118 80000 9/015=
ZZYY 44883 09070 2256/ 737959 049449 6111/
22219 00254
444 20110 09070 2148/ 50101 80122 80010 9/015=
ZZYY 44883 09070 2305/ 737957 049442 6113/
22219 00254
444 20130 09070 2259/ 50101 80122 80010 9/015=
ZZYY 13574 09070 2257/ 711885 041387 6111/
22219 00280
444 20110 09070 2251/ 50101 80142 80000 9////=
ZZYY 15639 09070 2252/ 706083 045952 6112/
22219 00295
444 20120 09070 2125/ 50101 80012 80004 9/015=
ZZYY 44881 09070 2257/ 739257 047542 6112/
22219 00235
444 20120 09070 2150/ 50101 80122 80014 9/015=
ZZYY 44881 09070 2305/ 739242 047512 6112/
22219 00234
444 20120 09070 2258/ 50101 80122 80013 9/015=
ZZYY 15634 09070 2247/ 520365 009849 6111/
22219 00225
444 20110 09070 2130/ 50101 80116 80099 9/015=
ZZYY 31512 09070 2249/ 508673 030280 6112/
22219 00278
444 50101 80138 80002 9/015=
ZZYY 15921 09070 2247/ 517546 022466 6111/
22219 00249
444 20110 09070 2245/ 50101 80138 80001 9/015=
ZZYY 44910 09070 2250/ 725786 029804 6112/
11119 40215 52013
22219 00242
444 20120 09070 2251/ 50101 80110 80000 9////=
ZZYY 44910 09070 2150/ 725788 029798 6111/
11119 40213 52012
22219 00242
444 20110 09070 2142/ 50101 80100 80000 9////=
ZZYY 13521 09070 2210/ 725930 024670 6112/
11119 30200 40200
22219 00228
444 20120 09070 2143/ 50101 80110 80057 9/015=
ZZYY 41968 09070 2200/ 726618 052748 6111/
11119 30233 40233
22219 00268
444 20110 09070 2134/ 50101 80100 80098 9/015=
ZZYY 41968 09070 2300/ 726616 052763 6111/
11119 30235 40235
22219 00268
444 20110 09070 2315/ 50101 80100 80098 9/015=
ZZYY 41972 09070 2230/ 728537 047006 6111/
11119 30248 40248
22219 00260
444 20110 09070 2255/ 50101 80100 80000 9/015=
ZZYY 13602 09070 2210/ 724681 033106 6112/
11119 30205 40205
22219 00243
444 20120 09070 2144/ 50101 80110 80048 9/015=
ZZYY 13522 09070 2220/ 730351 021993 6113/
11119 30224 40224
22219 00219
444 20130 09070 2253/ 50101 80120 80100 9/015=
ZZYY 41975 09070 2250/ 729415 050881 6112/
11119 30255 40255
22219 00271
444 20120 09070 2012/ 50101 80110 80098 9/015=
ZZYY 41981 09070 2220/ 728791 054874 6112/
11119 30245 40245
22219 00272
444 20120 09070 2134/ 50101 80110 80089 9/015=
ZZYY 44919 09070 2150/ 734016 042915 6112/
444 20120 09070 2137/ 50101 9/015=
ZZYY 44919 09070 2250/ 734021 042935 6111/
11119 30250 40250 52005
22219 00259
444 20110 09070 2254/ 50101 8//// 80000 9/015=
ZZYY 44920 09070 2220/ 727817 036609 6112/
11119 30223 40223 52009
22219 00253
444 20120 09070 2252/ 50101 8//// 80100 9/015=
ZZYY 13596 09070 2210/ 727145 027725 6111/
11119 30215 40215
22219 00232
444 20110 09070 2145/ 50101 80110 80022 9/015=
ZZYY 13530 09070 2210/ 733643 028154 6111/
11119 30238 40238
22219 00235
444 20110 09070 2146/ 50101 80120 80000 9/015=
ZZYY 41996 09070 2200/ 732452 037944 6112/
11119 30238 40238
22219 00260
444 20120 09070 2147/ 50101 80120 80019 9/015=
ZZYY 41996 09070 2300/ 732450 037951 6112/
11119 30240 40240
22219 00259
444 20120 09070 2256/ 50101 80120 80016 9/015=
ZZYY 41995 09070 2250/ 733000 044660 6112/
11119 30255 40255
22219 00263
444 20120 09070 2257/ 50101 80120 80006 9/015=
ZZYY 41555 09070 2200/ 730135 050104 6111/
11119 30254 40254
22219 00268
444 20110 09070 2133/ 50101 80120 80005 9/015=
ZZYY 41555 09070 2300/ 730126 050115 6111/
11119 30258 40258
22219 00268
444 20110 09070 2258/ 50101 80120 80005 9/015=
ZZYY 13531 09070 2200/ 733716 026550 6112/
11119 30238 40238
22219 00230
444 20120 09070 2147/ 50101 80120 80002 9/015=
ZZYY 13531 09070 2300/ 733708 026555 6111/
11119 30243 40243
22219 00229
444 20110 09070 2255/ 50101 80120 80003 9/015=
ZZYY 31541 09070 2230/ 524243 032324 6112/
444 20120 09070 2118/ 50101 80008 80100 9////=
ZZYY 13527 09070 2220/ 731809 023895 6113/
11119 30238 40238
22219 00225
444 20130 09070 2146/ 50101 80120 80097 9/015=
ZZYY 62905 09070 2240/ 728636 045361 6112/
11119 30252 40252 52007
22219 00259
444 20120 09070 2255/ 50101 8//// 80100 9/015=
ZZYY 41958 09070 2250/ 721279 033827 6113/
11119 30192 40192 52012
22219 00258
444 20130 09070 2252/ 50101 8//// 80100 9/015=
ZZYY 41958 09070 2150/ 721281 033824 6111/
11119 30189 40189 52013
22219 00258
444 20110 09070 2141/ 50101 8//// 80100 9/015=
ZZYY 44755 09070 22004 741590 059220 6111/
11119 02308 40235 57006
22219 00238
444 20110 09070 2155/ 50101 80148 80089 9/015=
ZZYY 65901 09070 2250/ 784451 046637 6112/
11119 30041 40041 57009
22219 00018
444 20120 09070 2212/ 50101 80120 80000 9/015=
ZZYY 65902 09070 2250/ 786183 054417 6112/
11119 30041 40041 57001
444 20120 09070 2211/ 50101 80120 80004 9/015=
ZZYY 44936 09070 2210/ 756367 026774 6112/
11119 30096 40096 52006
22219 00117
444 20120 09070 2139/ 50101 80110 80035 9/015=
ZZYY 44943 09070 2230/ 746768 058810 6112/
11119 30142 40142 57005
22219 00129
444 20120 09070 2157/ 50101 80110 80030 9/015=
ZZYY 44938 09070 2230/ 750268 047114 6112/
11119 30090 40090 57012
22219 00094
444 20120 09070 2302/ 50101 80110 80004 9/015=
ZZYY 62932 09070 2210/ 756476 013748 6112/
11119 30128 40128 52009
22219 00134
444 20120 09070 2150/ 50101 80120 80004 9/015=
ZZYY 44876 09070 2300/ 743851 037562 6111/
11119 30254 40254 52002
22219 00176
444 50101 80120 80005 9/015=
ZZYY 44876 09070 2200/ 743839 037581 6112/
11119 30251 40251 52002
22219 00176
444 20120 09070 2147/ 50101 80120 80006 9/015=
ZZYY 44944 09070 2250/ 757104 043322 6112/
11119 30102 40102 57008
22219 00088
444 20120 09070 2303/ 50101 80110 80027 9/015=
ZZYY 62904 09070 2210/ 748787 014528 6112/
11119 30123 40123 52006
22219 00170
444 20120 09070 2148/ 50101 80110 80032 9/015=
ZZYY 62907 09070 2230/ 755930 024426 6112/
11119 30101 40101 52009
22219 00122
444 20120 09070 2301/ 50101 80120 80000 9/015=
ZZYY 44844 09070 2250/ 739695 056079 6111/
11119 30266 40266 54000
22219 00257
444 20110 09070 2300/ 50101 80120 80058 9/015=
ZZYY 44846 09070 2220/ 739191 054003 6111/
11119 30274 40274 54000
22219 00251
444 20110 09070 2300/ 50101 80120 80041 9/015=
ZZYY 62931 09070 2200/ 742708 027487 6113/
11119 30214 40214 52016
22219 00201
444 20130 09070 2148/ 50101 80120 80051 9/015=
ZZYY 62931 09070 2300/ 742707 027498 6112/
11119 30222 40222 52018
22219 00200
444 20120 09070 2258/ 50101 80120 80046 9/015=
ZZYY 44917 09070 2240/ 744674 050650 6112/
11119 30209 40209 57003
22219 00115
444 20120 09070 2300/ 50101 80110 80030 9/015=
ZZYY 44917 09070 2050/ 744662 050664 6113/
11119 30209 40209 57006
22219 00115
444 20130 09070 2015/ 50101 80110 80029 9/015=
ZZYY 44922 09070 2250/ 752338 023337 6112/
11119 30152 40152 52003
22219 00142
444 20120 09070 2300/ 50101 80120 80000 9/015=
ZZYY 44645 09070 2200/ 746677 011699 6113/
11119 30197 40197 52003
22219 00189
444 20130 09070 2147/ 50101 80060 80046 9/015=
ZZYY 44889 09070 2230/ 753222 038385 6112/
11119 30139 40139 57004
22219 00107
444 20120 09070 2302/ 50101 80120 80000 9/015=
ZZYY 44887 09070 2220/ 750809 039748 6112/
11119 30131 40131 57013
22219 00115
444 20120 09070 2150/ 50101 80120 80000 9/015=
ZZYY 44643 09070 2200/ 754848 025813 6111/
11119 30124 40124 52003
22219 00128
444 20110 09070 2151/ 50101 80090 80000 9/015=
ZZYY 44933 09070 2300/ 741718 036847 6112/
444 20120 09070 2258/ 50101 80120 80005 9/015=
ZZYY 44933 09070 2200/ 741718 036864 6112/
444 20120 09070 2149/ 50101 80120 80006 9/015=
ZZYY 44752 09070 22004 742709 060228 6112/
11119 02710 40218 57005
22219 00200
444 20120 09070 2140/ 50101 80148 80070 9/015=
ZZYY 44752 09070 23004 742710 060229 6111/
11119 02710 40217 57004
22219 00199
444 50101 80148 80073 9/015=
ZZYY 41670 09070 2304/ 745719 017944 6112/
22219 00179
444 20120 09070 2258/ 50101 80008 80100 9/015=
ZZYY 41670 09070 2257/ 745735 017962 6112/
22219 00179
444 20120 09070 2148/ 50101 80008 80100 9/015=
ZZYY 13638 09070 2300/ 722645 038206 6112/
22219 00258
444 20120 09070 2253/ 50101 80009 80016 9/015=
ZZYY 13638 09070 2256/ 722644 038207 6111/
22219 00258
444 20110 09070 2251/ 50101 80009 80016 9/015=
ZZYY 44882 09070 2300/ 725688 026451 6112/
11119 40206 52015
22219 00230
444 20120 09070 2146/ 50101 80010 80000 9////=
ZZYY 44882 09070 2200/ 725688 026451 6112/
11119 40202 52012
22219 00230
444 20120 09070 2146/ 50101 80011 80000 9////=
ZZYY 13591 09070 2303/ 738853 022714 6112/
22219 00212
444 20120 09070 2258/ 50101 80007 80044 9////=
ZZYY 13591 09070 2255/ 738857 022722 6111/
22219 00212
444 20110 09070 2146/ 50101 80007 80044 9////=
ZZYY 41715 09070 2210/ 755260 010296 6113/
22219 00142
444 20130 09070 2151/ 50101 80011 80000 9////=
ZZYY 13965 09070 2300/ 725525 035224 6113/
22219 00248
444 20130 09070 2253/ 50101 80008 80018 9////=
ZZYY 13965 09070 2257/ 725525 035224 6113/
22219 00248
444 20130 09070 2252/ 50101 80008 80018 9////=
ZZYY 44848 09070 2210/ 751389 049128 6112/
11119 30060 40060 57018
22219 00085
444 20120 09070 2150/ 50101 80110 80006 9/015=
ZZYY 62910 09070 2220/ 760408 058400 6112/
11119 30070 40070 52002
22219 00083
444 20120 09070 2201/ 50101 80110 80003 9/015=
ZZYY 62926 09070 2210/ 762488 036812 6112/
22219 00102
444 20120 09070 2154/ 50101 80110 80005 9/015=
ZZYY 44895 09070 2300/ 751116 037044 6112/
11119 30154 40154 57013
22219 00119
444 20120 09070 2303/ 50101 80110 80004 9/015=
ZZYY 44895 09070 2200/ 751103 037046 6112/
11119 30160 40160 57009
22219 00119
444 20120 09070 2149/ 50101 80110 80004 9/015=
ZZYY 44838 09070 2240/ 754746 017396 6112/
22219 00136
444 20120 09070 2301/ 50101 80011 80006 9////=
ZZYY 44841 09070 2240/ 755058 013442 6112/
11119 40140 52009
22219 00141
444 20120 09070 2302/ 50101 80011 80006 9////=
ZZYY 63932 09070 2308/ 172304 033433 6112/
22219 00071
444 20120 09070 2217/ 50101 80012 80033 9/015=
ZZYY 63685 09070 2307/ 174865 035874 6112/
22219 00055
444 20120 09070 2217/ 50101 80012 80010 9////=
ZZYY 63579 09070 2308/ 770444 004536 6111/
22219 00082
444 20110 09070 2305/ 50101 80012 80006 9////=
ZZYY 63964 09070 2302/ 763598 002846 6112/
444 20120 09070 2153/ 50101 80012 80045 9/015=
ZZYY 63951 09070 2308/ 766689 009789 6112/
22219 00061
444 20120 09070 2304/ 50101 80011 80007 9/015=
ZZYY 63949 09070 2307/ 171318 018542 6111/
22219 00092
444 20110 09070 2305/ 50101 80011 80010 9/015=
ZZYY 63948 09070 2307/ 173869 024680 6112/
22219 00072
444 20120 09070 2218/ 50101 80011 80033 9/015=
ZZYY 63945 09070 2307/ 178255 004553 6111/
22219 00066
444 50101 80011 80031 9/015=
ZZYY 63582 09070 2308/ 172654 021479 6111/
22219 00081
444 20110 09070 2306/ 50101 80012 80007 9/015=
ZZYY 63578 09070 2308/ 173673 032742 6112/
22219 00069
444 20120 09070 2217/ 50101 80011 80008 9/015=
ZZYY 63575 09070 2307/ 172957 023935 6113/
22219 00081
444 20130 09070 2217/ 50101 80012 80006 9/015=
ZZYY 63576 09070 2307/ 175426 002893 6112/
22219 00052
444 20120 09070 2305/ 50101 80011 80005 9////=
ZZYY 63585 09070 2308/ 174717 021445 6112/
22219 00042
444 20120 09070 2306/ 50101 80012 80007 9/015=
ZZYY 63583 09070 2308/ 173436 029210 6111/
22219 00072
444 20110 09070 2216/ 50101 80012 80031 9/015=
ZZYY 63584 09070 2308/ 172194 012893 6111/
22219 00081
444 20110 09070 2216/ 50101 80011 80042 9/015=
ZZYY 48672 09070 2308/ 782904 102126 6112/
444 20120 09070 2208/ 500// 9/000=
ZZYY 48673 09070 2307/ 781784 107120 6112/
444 20120 09070 2208/ 500// 9/000=
ZZYY 41686 09070 2304/ 741345 022926 6113/
444 20130 09070 2257/ 50101 80004 80030 9////=
ZZYY 41686 09070 2256/ 741353 022913 6112/
444 20120 09070 1953/ 50101 80004 80030 9////=
ZZYY 41554 09070 2259/ 731806 060368 6111/
444 20110 09070 2315/ 50101 9////=
ZZYY 63969 09070 2307/ 174912 012077 6111/
22219 00063
444 20110 09070 2305/ 50101 80011 80033 9/015=
ZZYY 63974 09070 2308/ 766932 002129 6111/
22219 00093
444 20110 09070 2305/ 50101 80012 80007 9/015=
ZZYY 63966 09070 2307/ 766283 001377 6112/
22219 00090
444 20120 09070 2304/ 50101 80012 80006 9/015=
ZZYY 64936 09070 2240/ 174503 000406 6111/
22219 00041
33311 88872 20000 30405 43484
444 20110 09070 2215/ 50101 80120 80100 9/015=
ZZYY 63561 09070 2300/ 174665 000108 6111/
22219 00041
33311 88872 20000 30410 43485
444 20110 09070 2306/ 50101 80120 80100 9/015=
ZZYY 64937 09070 2240/ 174537 000371 6112/
22219 00041
33311 88872 20000 30405 43484
444 20120 09070 2214/ 50101 80110 80100 9/015=
ZZYY 13941 09070 2301/ 737556 033090 6111/
22219 00233
444 20110 09070 1833/ 50101 80120 9/015=
ZZYY 44924 09070 2310/ 759386 040841 6113/
22219 00096
444 20130 09070 2140/ 50101 80114 9/015=
ZZYY 44928 09070 2308/ 753527 029565 6111/
444 20110 09070 2301/ 50101 80104 80099 9/015=
ZZYY 41973 09070 2300/ 734166 057582 6113/
22219 00262
444 20130 09070 2135/ 50101 80120 80020 9/015=
ZZYY 44921 09070 2300/ 741089 064460 6112/
22219 00220
444 20120 09070 2156/ 50101 80124 80013 9/015=
ZZYY 44907 09070 2305/ 742779 061981 6111/
22219 00199
444 20110 09070 2301/ 50101 80122 80016 9/015=
ZZYY 44906 09070 2305/ 741807 062682 6111/
22219 00208
444 20110 09070 2302/ 50101 80120 80014 9/015=
ZZYY 44850 09070 2305/ 739474 040876 6112/
22219 00216
444 20120 09070 2259/ 50101 80122 80019 9/015=
####018014925####
SSVX02 KARS 092325
ZZYY 17508 09070 2200/ 526113 004550 6112/
11119 30274 40274 52013
22219 00204
444 20120 09070 2059/ 50101 8//// 80078 9/015=
ZZYY 13592 09070 2255/ 728641 020775 6112/
22219 00218
444 20120 09070 2145/ 50101 80008 80096 9/015=
ZZYY 13592 09070 2300/ 728649 020773 6113/
22219 00218
444 20130 09070 2256/ 50101 80008 80096 9/015=
ZZYY 31903 09070 2246/ 514745 032888 6112/
22219 00263
444 20120 09070 2122/ 50101 80142 80083 9/015=
ZZYY 14559 09070 2247/ 520388 016428 6112/
22219 00234
444 20120 09070 2129/ 50101 80005 80050 9////=
ZZYY 15926 09070 2247/ 522090 020065 6112/
22219 00233
444 20120 09070 2130/ 50101 80136 80063 9/015=
ZZYY 15919 09070 2247/ 512235 005135 6112/
22219 00238
444 20120 09070 2131/ 50101 80114 80085 9/015=
ZZYY 15646 09070 2245/ 313428 000142 6112/
22219 00227
444 20120 09070 2130/ 50101 80116 80069 9/015=
ZZYY 31780 09070 2246/ 516854 036135 6111/
22219 00257
444 20110 09070 1958/ 50101 80132 80091 9/015=
ZZYY 15649 09070 2248/ 512270 006344 6111/
22219 00240
444 20110 09070 2132/ 50101 80114 80000 9/015=
ZZYY 15641 09070 2247/ 515181 006799 6113/
22219 00221
444 20130 09070 2101/ 50101 80114 80014 9/015=
ZZYY 13908 09070 2257/ 726841 017128 6112/
22219 00223
444 20120 09070 2252/ 50101 80009 80002 9////=
ZZYY 13908 09070 2259/ 726841 017127 6112/
22219 00223
444 20120 09070 2254/ 50101 80009 80002 9////=
ZZYY 31710 09070 2243/ 507258 030574 6112/
22219 00282
444 20120 09070 2134/ 50101 80138 80015 9/015=
ZZYY 13565 09070 2256/ 719636 047259 6111/
444 20110 09070 2131/ 50101 80012 80001 9////=
ZZYY 31769 09070 2252/ 706257 026503 6112/
22219 00289
444 20120 09070 2249/ 50101 80012 80001 9////=
ZZYY 13922 09070 2255/ 708061 035080 6112/
22219 00292
444 20120 09070 2250/ 50101 80012 80006 9/015=
ZZYY 15922 09070 2247/ 520360 017573 6113/
22219 00236
444 20130 09070 2129/ 50101 80136 80002 9/015=
ZZYY 31771 09070 2255/ 708993 013421 6112/
22219 00290
444 20120 09070 2249/ 50101 80012 80001 9////=
ZZYY 13619 09070 2255/ 717513 030963 6112/
444 20120 09070 2251/ 50101 80011 80001 9/015=
ZZYY 31774 09070 2250/ 710239 027219 6111/
22219 00291
444 20110 08070 1522/ 50101 80012 80001 9/015=
ZZYY 31773 09070 2253/ 705761 043654 6112/
22219 00289
444 20120 09070 2249/ 50101 80011 80002 9////=
ZZYY 31714 09070 2245/ 518190 035315 6111/
22219 00255
444 20110 09070 2118/ 50101 80113 80012 9/015=
ZZYY 31713 09070 2246/ 521098 035949 6111/
22219 00245
444 20110 09070 2119/ 50101 80091 80008 9/015=
ZZYY 41935 09070 2257/ 731832 044665 6111/
22219 00270
444 20110 09070 2253/ 50101 80009 80002 9////=
ZZYY 41935 09070 2302/ 731839 044659 6112/
22219 00270
444 20120 09070 2256/ 50101 80009 80002 9////=
ZZYY 13938 09070 2246/ 702734 005248 6113/
22219 00275
444 20130 09070 2136/ 50101 80012 80010 9/015=
ZZYY 31767 09070 2248/ 706906 027899 6112/
22219 00286
444 50101 80012 80009 9/015=
ZZYY 31508 09070 2248/ 705899 030164 6111/
22219 00291
444 20110 09070 2249/ 50101 80138 80010 9/015=
ZZYY 41977 09070 2256/ 736676 049045 6112/
444 20120 09070 2015/ 50101 80011 80001 9/015=
ZZYY 41977 09070 2302/ 736666 049075 6112/
444 20120 09070 2258/ 50101 80011 80001 9/015=
ZZYY 13966 09070 2254/ 710593 037298 6111/
22219 00282
444 20110 09070 2127/ 50101 80012 80005 9/015=
ZZYY 41943 09070 2257/ 710002 025423 6112/
22219 00288
444 20120 09070 2249/ 50101 80012 80001 9/015=
ZZYY 15654 09070 2250/ 708135 013191 6113/
22219 00241
444 20130 09070 1005/ 50101 80010 80001 9////=
ZZYY 51530 09070 2251/ 703599 009546 6112/
22219 00267
444 20120 09070 2247/ 50101 80125 80030 9/015=
ZZYY 51528 09070 2251/ 703254 008493 6113/
22219 00269
444 20130 09070 2246/ 50101 80125 80006 9/015=
ZZYY 13934 09070 2255/ 707295 027432 6112/
22219 00286
444 20120 09070 2248/ 50101 80125 80034 9/015=
ZZYY 13926 09070 2256/ 708805 031681 6112/
22219 00290
444 20120 09070 2249/ 50101 80125 80004 9/015=
ZZYY 51524 09070 2254/ 702114 017933 6113/
22219 00273
444 20130 09070 2136/ 50101 80125 80033 9/015=
ZZYY 13599 09070 2255/ 719355 026885 6111/
22219 00249
444 20110 09070 2250/ 50101 80125 80035 9/015=
ZZYY 13906 09070 2257/ 715416 022979 6113/
22219 00258
444 20130 09070 2141/ 50101 80125 80027 9/015=
ZZYY 31507 09070 2250/ 511972 030365 6111/
444 20110 09070 2246/ 50101 80075 80255 9/015=
ZZYY 13942 09070 2257/ 723692 027298 6112/
22219 00237
444 20120 09070 2251/ 50101 80054 80099 9/015=
ZZYY 13942 09070 2300/ 723692 027298 6112/
22219 00237
444 20120 09070 2253/ 50101 80054 80099 9/015=
ZZYY 13943 09070 2256/ 710908 028285 6113/
22219 00283
444 20130 09070 2250/ 50101 80121 80005 9/015=
ZZYY 13610 09070 2257/ 715888 039354 6112/
22219 00271
444 20120 09070 2251/ 50101 80056 80099 9/015=
ZZYY 13616 09070 2255/ 719144 039848 6111/
22219 00267
444 20110 09070 2252/ 50101 80056 80099 9/015=
ZZYY 13616 09070 2259/ 719144 039849 6112/
22219 00267
444 20120 09070 2254/ 50101 80056 80099 9/015=
ZZYY 15504 09070 2250/ 510334 008082 6111/
22219 00246
444 20110 09070 2246/ 50101 80115 80069 9/015=
ZZYY 13629 09070 2257/ 715049 025736 6112/
22219 00265
444 20120 09070 2250/ 50101 80113 80255 9/015=
ZZYY 41956 09070 2257/ 731274 060637 6112/
444 20120 09070 2135/ 50101 9/015=
ZZYY 41956 09070 2300/ 731274 060637 6112/
22219 00267
444 20120 09070 2135/ 50101 8//// 80099 9/015=
ZZYY 13636 09070 2257/ 718967 024677 6111/
22219 00245
444 20110 09070 2250/ 50101 80121 80015 9/015=
ZZYY 13623 09070 2257/ 724858 036268 6112/
22219 00251
444 20120 09070 2252/ 50101 80055 80099 9/015=
ZZYY 13623 09070 2301/ 724858 036268 6112/
22219 00251
444 20120 09070 2255/ 50101 80055 80099 9/015=
ZZYY 41970 09070 2256/ 754685 013065 6113/
444 20130 09070 2150/ 50101 9////=
ZZYY 41970 09070 2302/ 754689 013082 6112/
444 50101 8//// 80099 9////=
ZZYY 15947 09070 2210/ 515116 028650 6111/
11119 30189 40189 52003
22219 00262
444 20110 09070 2133/ 50101 80100 80063 9/015=
ZZYY 15944 09070 2210/ 520899 001890 6112/
11119 30240 40240 54000
444 20120 09070 2129/ 50101 80090 80008 9/015=
ZZYY 15942 09070 2210/ 518334 008715 6112/
11119 30237 40237 52001
22219 00220
444 20120 09070 2100/ 50101 80090 80003 9/015=
ZZYY 15946 09070 2220/ 518087 012223 6112/
11119 30239 40239 54000
22219 00226
444 20120 09070 2130/ 50101 80060 80000 9/015=
ZZYY 31775 09070 2256/ 710666 046030 6111/
444 20110 09070 2252/ 50101 80057 80099 9/015=
ZZYY 15606 09070 2249/ 511922 033870 6112/
444 20120 09070 2245/ 50101 80046 80099 9/015=
ZZYY 15914 09070 2244/ 518060 031765 6111/
22219 00256
444 20110 09070 2130/ 50101 80057 80015 9/015=
ZZYY 15948 09070 2253/ 501652 021582 6111/
22219 00262
444 20110 09070 2248/ 50101 80119 80255 9/015=
ZZYY 15615 09070 2245/ 522411 029106 6112/
22219 00235
444 20120 09070 2130/ 50101 80054 80008 9/015=
ZZYY 31749 09070 2255/ 704083 028105 6112/
22219 00285
444 20120 09070 2249/ 50101 80115 80038 9/015=
ZZYY 41959 09070 2257/ 718765 046515 6111/
22219 00278
444 20110 09070 2130/ 50101 80540 80099 9/015=
ZZYY 13568 09070 2240/ 727792 025280 6111/
11119 30216 40216 52013
22219 00228
444 20110 09070 2252/ 50101 80110 80000 9////=
ZZYY 13568 09070 2140/ 727788 025288 6112/
11119 30212 40212 52012
22219 00228
444 20120 09070 2144/ 50101 80110 80000 9////=
ZZYY 13567 09070 2210/ 724165 020756 6112/
11119 30165 40165 52008
22219 00233
444 20120 09070 2143/ 50101 80110 80000 9////=
ZZYY 41938 09070 2210/ 726467 035425 6112/
11119 30214 40214 52009
22219 00249
444 20120 09070 2144/ 50101 80110 80000 9////=
ZZYY 13569 09070 2220/ 733507 013354 6113/
11119 30209 40209 52009
22219 00206
444 20130 09070 2253/ 50101 80110 80000 9////=
ZZYY 44751 09070 2254/ 742766 053828 6111/
11119 40245 57002
22219 00180
444 20110 09070 2157/ 503// 80148 80008=
ZZYY 44751 09070 2154/ 742766 053828 6111/
11119 40246 57002
22219 00181
444 20110 09070 2157/ 503// 80148 80008=
ZZYY 44754 09070 1955/ 744316 056761 6111/
11119 40213 57008
22219 00151
444 20110 09070 2014/ 503// 80158 80008=
ZZYY 44754 09070 2155/ 744333 056737 6112/
11119 40206 57010
22219 00150
444 20120 09070 2139/ 503// 80158 80008=
ZZYY 44754 09070 2254/ 744329 056749 6111/
11119 40206 57007
22219 00148
444 20110 09070 2300/ 503// 80158 80008=
ZZYY 13615 09070 2257/ 734183 037421 6112/
22219 00251
444 20120 09070 2012/ 50101 8//// 80000 9/015=
ZZYY 13615 09070 2303/ 734193 037396 6113/
22219 00251
444 20130 09070 2257/ 50101 8//// 80000 9/015=
ZZYY 13518 09070 2256/ 728265 040532 6112/
22219 00254
444 20120 09070 2253/ 50101 8//// 80000 9////=
ZZYY 13518 09070 2301/ 728270 040527 6112/
22219 00254
444 20120 09070 2255/ 50101 8//// 80000 9////=
ZZYY 44900 09070 2255/ 730248 018710 6112/
22219 00216
444 20120 09070 2253/ 50101 80043 80034 9////=
ZZYY 44900 09070 2300/ 730248 018711 6113/
22219 00216
444 20130 09070 2255/ 50101 80043 80034 9////=
ZZYY 41992 09070 2256/ 736743 044318 6112/
22219 00255
444 20120 09070 2148/ 50101 80122 80012 9/015=
ZZYY 41992 09070 2303/ 736732 044320 6112/
22219 00255
444 20120 09070 2257/ 50101 80122 80012 9/015=
ZZYY 13516 09070 2253/ 732425 014067 6112/
22219 00203
444 20120 09070 2143/ 50101 80122 80014 9/015=
ZZYY 13516 09070 2300/ 732416 014069 6111/
22219 00203
444 20110 09070 2255/ 50101 80122 80014 9/015=
ZZYY 15603 09070 2248/ 516888 007919 6112/
22219 00221
444 20120 09070 2101/ 50101 80116 80024 9/015=
ZZYY 13523 09070 2256/ 737187 025183 6111/
22219 00213
444 20110 09070 2253/ 50101 80122 80016 9/015=
ZZYY 13523 09070 2303/ 737185 025193 6112/
22219 00213
444 20120 09070 2257/ 50101 80122 80016 9/015=
ZZYY 15653 09070 2248/ 507681 005448 6112/
22219 00258
444 20120 09070 2246/ 50101 80116 80031 9/015=
ZZYY 15605 09070 2247/ 512530 009686 6111/
22219 00244
444 50101 80116 80016 9/015=
ZZYY 43523 09070 2256/ 736225 033021 6111/
444 20110 09070 2253/ 50101 8//// 80002 9////=
ZZYY 43523 09070 2300/ 736226 033019 6111/
444 20110 09070 2255/ 50101 8//// 80002 9////=
ZZYY 15656 09070 2251/ 505229 018221 6112/
22219 00274
444 20120 09070 2134/ 50101 80116 80027 9/015=
ZZYY 44930 09070 2257/ 751455 036907 6113/
444 20130 09070 2151/ 50101 80116 80099 9/015=
ZZYY 44930 09070 2308/ 751462 036901 6111/
444 20110 09070 2300/ 50101 80116 80099 9/015=
ZZYY 44886 09070 2252/ 736924 038702 6112/
444 20120 09070 2149/ 50101 80124 80011 9/015=
ZZYY 44886 09070 2302/ 736921 038682 6112/
22219 00236
444 20120 09070 2256/ 50101 80124 80011 9/015=
ZZYY 44888 09070 2253/ 739981 038016 6112/
22219 00221
444 20120 09070 2148/ 50101 80120 80018 9/015=
ZZYY 44888 09070 2302/ 739993 037997 6112/
22219 00221
444 20120 09070 2256/ 50101 80120 80018 9/015=
ZZYY 62903 09070 2255/ 742699 013880 6113/
22219 00198
444 20130 09070 2148/ 50101 80122 80009 9/015=
ZZYY 62903 09070 2304/ 742687 013882 6112/
22219 00198
444 20120 09070 2258/ 50101 80122 80009 9/015=
ZZYY 44877 09070 2257/ 740999 037717 6111/
22219 00209
444 20110 09070 2254/ 50101 80124 80014 9/015=
ZZYY 44877 09070 2306/ 740999 037718 6113/
22219 00209
444 20130 09070 2258/ 50101 80124 80014 9/015=
ZZYY 62909 09070 2255/ 736768 032606 6111/
22219 00223
444 20110 09070 2253/ 50101 80124 80013 9/015=
ZZYY 62909 09070 2301/ 736772 032589 6112/
22219 00222
444 20120 09070 2255/ 50101 80124 80013 9/015=
ZZYY 13595 09070 2257/ 724735 035008 6113/
22219 00250
444 20130 09070 2252/ 50101 80013 80058 9/015=
ZZYY 62927 09070 2257/ 739283 033021 6112/
22219 00221
444 20120 09070 2147/ 50101 80124 80012 9/015=
ZZYY 62927 09070 2300/ 739279 033006 6112/
22219 00221
444 20120 09070 2258/ 50101 80124 80013 9/015=
ZZYY 62936 09070 2257/ 738752 029626 6113/
22219 00219
444 20130 09070 2147/ 50101 80122 80013 9/015=
ZZYY 62936 09070 2300/ 738752 029626 6113/
444 20130 09070 2147/ 50101 80122 80013 9/015=
ZZYY 44901 09070 2254/ 739132 047493 6112/
22219 00231
444 20120 09070 2139/ 50101 80122 80006 9/015=
ZZYY 44901 09070 2303/ 739131 047460 6111/
22219 00231
444 20110 09070 2257/ 50101 80122 80006 9/015=
ZZYY 44894 09070 2253/ 737387 044447 6113/
22219 00242
444 20130 09070 2134/ 50101 80122 80010 9/015=
ZZYY 44894 09070 2300/ 737391 044425 6111/
22219 00242
444 20110 09070 2255/ 50101 80122 80010 9/015=
ZZYY 44897 09070 2255/ 741188 046750 6112/
22219 00222
444 20120 09070 2151/ 50101 80124 80012 9/015=
ZZYY 44897 09070 2305/ 741214 046731 6112/
22219 00222
444 20120 09070 2259/ 50101 80124 80012 9/015=
ZZYY 62934 09070 2256/ 735211 034129 6113/
22219 00228
444 20130 09070 2146/ 50101 80122 80013 9/015=
ZZYY 62934 09070 2304/ 735200 034129 6112/
22219 00228
444 20120 09070 2258/ 50101 80122 80013 9/015=
ZZYY 13940 09070 2257/ 735260 017294 6112/
22219 00206
444 20120 09070 2253/ 50101 80122 80014 9/015=
ZZYY 13940 09070 2302/ 735260 017291 6112/
22219 00206
444 20120 09070 2255/ 50101 80122 80014 9/015=
ZZYY 13918 09070 2257/ 733041 016698 6112/
22219 00207
444 20120 09070 2254/ 50101 80124 80013 9/015=
ZZYY 13918 09070 2300/ 733042 016699 6112/
22219 00207
444 20120 09070 2255/ 50101 80124 80013 9/015=
ZZYY 13590 09070 2257/ 727953 015345 6112/
22219 00215
444 20120 09070 2252/ 50101 80152 80060 9/015=
ZZYY 13590 09070 2300/ 727954 015345 6112/
22219 00215
444 20120 09070 2253/ 50101 80152 80060 9/015=
ZZYY 62933 09070 2256/ 737487 030073 6111/
22219 00218
444 20110 09070 1955/ 50101 80122 80018 9/015=
ZZYY 62933 09070 2304/ 737487 030088 6111/
22219 00218
444 20110 09070 2257/ 50101 80122 80018 9/015=
ZZYY 41987 09070 2254/ 735063 055778 6111/
444 20110 09070 2136/ 50101 8//// 80009 9/015=
ZZYY 41987 09070 2301/ 735041 055781 6111/
22219 00259
444 20110 09070 2257/ 50101 80122 80009 9/015=
ZZYY 44940 09070 2256/ 740211 049144 6112/
22219 00239
444 20120 09070 2148/ 50101 80122 80009 9/015=
ZZYY 44940 09070 2305/ 740194 049117 6112/
22219 00239
444 20120 09070 2259/ 50101 80122 80009 9/015=
ZZYY 44929 09070 2257/ 737763 044983 6112/
22219 00240
444 20120 09070 2148/ 50101 80124 80008 9/015=
ZZYY 44929 09070 2304/ 737743 044957 6113/
22219 00240
444 20130 09070 2259/ 50101 80124 80012 9/015=
ZZYY 62930 09070 2256/ 737160 035582 6112/
22219 00234
444 20120 09070 2147/ 50101 80122 80016 9/015=
ZZYY 62930 09070 2304/ 737158 035573 6112/
22219 00234
444 20120 09070 2257/ 50101 80122 80016 9/015=
ZZYY 13932 09070 2256/ 709609 032802 6111/
22219 00284
444 20110 09070 2250/ 50101 80011 80002 9/015=
####018008221####
SSVX02 KARS 092325 RRB
ZZYY 44941 09070 2304/ 742640 059146 6112/
22219 00224
444 20120 09070 2137/ 50101 80124 80013 9/015=
ZZYY 44939 09070 2305/ 742113 055441 6113/
22219 00232
444 20130 09070 2139/ 50101 80122 80008 9/015=
ZZYY 63569 09070 2250/ 775774 000891 6111/
22219 00041
33311 88872 20000 30410 43485
444 20110 09070 2305/ 50101 80120 80100 9/015=
ZZYY 64931 09070 2240/ 774689 007880 6111/
22219 00040
33311 88872 20000 30400 43478
444 20110 09070 2214/ 50101 80012 80099 9////=
ZZYY 25626 09070 2240/ 188226 073882 6113/
11119 30022 40022 52014
444 20130 09070 2210/ 50101 80110 80000 9////=
ZZYY 44840 09070 2230/ 748222 013721 6112/
11119 30134 40134 52002
22219 00169
444 20120 09070 2259/ 50101 8//// 80100 9/015=
ZZYY 15939 09070 2252/ 503823 020964 6112/
22219 00270
444 20120 09070 2248/ 50101 80099 80034 9/015=
ZZYY 33631 09070 2245/ 527135 030642 6111/
22219 00211
444 20110 09070 2127/ 50101 80009 80000 9////=
ZZYY 13598 09070 2251/ 709433 029570 6113/
22219 00287
444 20130 09070 2247/ 50101 80145 80031 9/015=
ZZYY 62939 09070 2240/ 729584 024358 6111/
11119 30224 40224 52009
22219 00230
444 20110 09070 2252/ 50101 8//// 80008 9////=
ZZYY 13571 09070 2230/ 726957 022517 6112/
11119 30199 40199 52009
22219 00224
444 20120 09070 2251/ 50101 80110 80009 9/015=
ZZYY 62901 09070 2150/ 718163 026924 6113/
11119 30169 40169 52018
22219 00251
444 20130 09070 2142/ 50101 8//// 80008 9/015=
ZZYY 62901 09070 2250/ 718170 026937 6112/
11119 30174 40174 52019
22219 00251
444 50101 8//// 80008 9/015=
ZZYY 17680 09070 2200/ 529944 026340 6112/
11119 30266 40266 52011
444 20120 09070 2127/ 50101 80008 80000 9/015=
ZZYY 17666 09070 2230/ 532433 005333 6111/
22219 00174
444 20110 09070 2113/ 50101 9////=
ZZYY 44937 09070 2250/ 746474 031013 6113/
11119 30224 40224 52008
22219 00161
444 20130 09070 2150/ 50101 80110 80000 9/015=
ZZYY 33578 09070 2200/ 514349 026009 6112/
11119 30189 40189 52010
444 20120 09070 2132/ 50101 80008 80100 9/015=
ZZYY 13597 09070 2255/ 708411 027935 6111/
22219 00285
444 20110 09070 2249/ 50101 80101 80039 9/015=
ZZYY 44893 09070 2210/ 744355 042285 6112/
11119 30225 40225 57012
444 20120 09070 2149/ 50101 80120 80000 9/015=
ZZYY 44896 09070 2250/ 744750 034768 6113/
11119 30242 40242 52002
22219 00176
444 20130 09070 2149/ 50101 80120 80004 9/015=
ZZYY 62928 09070 2230/ 751279 018793 6112/
11119 30155 40155 52009
22219 00161
444 20120 09070 2147/ 50101 80120 80000 9/015=
ZZYY 44908 09070 2230/ 742713 042136 6112/
11119 30254 40254 57003
444 20120 09070 2149/ 50101 80120 80052 9/015=
ZZYY 17653 09070 2240/ 524054 014492 6112/
22219 00223
444 20120 09070 2127/ 50101 80008 80005 9/015=
ZZYY 44847 09070 2250/ 731628 039935 6112/
11119 30245 40245 52004
22219 00260
444 20120 09070 2254/ 50101 80120 80018 9/015=
ZZYY 44847 09070 2150/ 731638 039931 6113/
11119 30243 40243 52002
22219 00262
444 20130 09070 2145/ 50101 80120 80021 9/015=
ZZYY 15626 09070 2246/ 518266 032431 6113/
22219 00257
444 20130 09070 2120/ 50101 80055 80099 9/015=
ZZYY 44935 09070 2230/ 739235 029410 6112/
11119 30226 40226 52012
22219 00218
444 20120 09070 2149/ 50101 80110 80005 9/015=
ZZYY 15620 09070 2242/ 522804 035460 6112/
22219 00234
444 20120 09070 1956/ 50101 80056 9/015=
ZZYY 17689 09070 2150/ 327902 001991 6111/
11119 30231 40231 52020
22219 00189
444 20110 09070 2126/ 50101 80120 80011 9/015=
ZZYY 41988 09070 2256/ 721467 029570 6112/
22219 00248
444 20120 09070 2251/ 50101 80007 80040 9////=
ZZYY 41991 09070 2257/ 728769 049268 6112/
22219 00266
444 20120 09070 2011/ 50101 80009 80100 9////=
ZZYY 17676 09070 2140/ 327787 000247 6112/
11119 30239 40239 52018
22219 00200
444 20120 09070 2128/ 50101 80120 80100 9/015=
ZZYY 41558 09070 2200/ 731480 029220 6111/
11119 40232 52004
22219 00236
444 20110 09070 2145/ 50101 80011 80000 9////=
ZZYY 41719 09070 2230/ 729778 025114 6111/
11119 40226 52010
22219 00229
444 20110 09070 2252/ 50101 80011 80000 9////=
ZZYY 44878 09070 2230/ 725728 028518 6113/
11119 40207 52011
22219 00238
444 20130 09070 2253/ 50101 80011 80000 9////=
ZZYY 15601 09070 2246/ 519220 004038 6112/
22219 00210
444 20120 09070 2128/ 50101 80109 80057 9/015=
ZZYY 44879 09070 2230/ 739768 020734 6111/
11119 40224 52005
444 20110 09070 2253/ 50101 80011 80000 9////=
ZZYY 31538 09070 2245/ 525057 035755 6112/
22219 00232
444 20120 09070 2117/ 50101 80115 80016 9/015=
ZZYY 41717 09070 2200/ 732126 032515 6113/
11119 40232 52004
22219 00247
444 20130 09070 2147/ 50101 80011 80000 9////=
ZZYY 13588 09070 2255/ 727579 043153 6112/
22219 00257
444 20120 09070 2144/ 50101 80010 80015 9////=
ZZYY 13964 09070 2257/ 720696 038979 6113/
22219 00262
444 20130 09070 2252/ 50101 80009 80018 9////=
ZZYY 44880 09070 2220/ 745907 032084 6112/
11119 30228 40228 52005
22219 00163
444 20120 09070 2149/ 50101 80110 80005 9/015=
ZZYY 41571 09070 2210/ 727437 039406 6111/
11119 40224 52005
22219 00254
444 20110 09070 2145/ 50101 80010 80000 9////=
ZZYY 31708 09070 2244/ 533224 019279 6113/
22219 00176
444 20130 09070 2126/ 50101 80010 80023 9////=
ZZYY 31711 09070 2244/ 529101 030891 6111/
22219 00195
444 20110 09070 2127/ 50101 80008 80000 9////=
ZZYY 13551 09070 2250/ 709609 034835 6112/
22219 00286
444 500// 80022 9/001=
ZZYY 13552 09070 2250/ 714141 021467 6111/
22219 00276
444 500// 80021 9/001=
ZZYY 13550 09070 2250/ 712274 026131 6112/
22219 00275
444 20120 09070 2251/ 500// 80012 9/001=
ZZYY 13547 09070 2250/ 708965 032605 6112/
22219 00289
444 500// 80020 9/001=
ZZYY 13548 09070 2240/ 712064 029736 6113/
444 20130 09070 2250/ 500// 9/001=
ZZYY 13548 09070 2250/ 712064 029736 6113/
22219 00278
444 500// 80023 9/001=
ZZYY 13548 09070 2300/ 712064 029736 6113/
444 20130 09070 2250/ 500// 9/001=
ZZYY 13546 09070 2250/ 714360 041714 6112/
22219 00271
444 20120 09070 2251/ 500// 80016 9/001=
ZZYY 31905 09070 2242/ 529140 032193 6111/
444 20110 09070 2116/ 50101 9/015=
ZZYY 15503 09070 2230/ 515665 011539 6111/
11119 30221 40221 52003
22219 00231
444 20110 09070 2131/ 50101 80090 80000 9/015=
ZZYY 31748 09070 2150/ 525279 042596 6113/
11119 30201 40201 52002
22219 00243
444 20130 09070 2117/ 50101 80120 80007 9/015=
ZZYY 15950 09070 2200/ 518474 010794 6112/
11119 30238 40238 52002
22219 00228
444 20120 09070 2130/ 50101 80090 80000 9/015=
ZZYY 44637 09070 21004 741119 032650 6112/
11119 00312 40214 52014
22219 00202
444 20120 09070 2148/ 50101 80108 80100 9/015=
ZZYY 44637 09070 20004 741138 032614 6111/
11119 00412 40210 52008
22219 00203
444 20110 09070 1833/ 50101 80108 80100 9/015=
ZZYY 31991 09070 2210/ 530561 011402 6112/
11119 30298 40298 52009
22219 00189
444 20120 09070 2127/ 50101 8//// 80087 9/015=
ZZYY 15931 09070 2248/ 514233 033026 6111/
22219 00265
444 20110 09070 2133/ 50101 80073 80000 9////=
ZZYY 31550 09070 2248/ 512257 030277 6111/
22219 00266
444 20110 09070 2132/ 50101 80142 80078 9/015=
ZZYY 15903 09070 2248/ 509121 003652 6111/
22219 00253
444 20110 09070 2245/ 50101 80116 80092 9/015=
ZZYY 13947 09070 2248/ 705635 043761 6111/
22219 00288
444 20110 09070 2127/ 50101 80010 80028 9////=
ZZYY 15679 09070 2251/ 505437 028221 6113/
22219 00277
444 20130 09070 2247/ 50101 80114 80118 9/015=
ZZYY 15672 09070 2250/ 508083 010422 6111/
22219 00259
444 20110 09070 2246/ 50101 80116 80070 9/015=
ZZYY 15664 09070 2251/ 506002 028327 6112/
22219 00278
444 20120 09070 2247/ 50101 80114 80093 9/015=
ZZYY 15660 09070 2250/ 509403 016465 6113/
22219 00267
444 20130 09070 2133/ 50101 80116 80069 9/015=
ZZYY 15901 09070 2249/ 510450 007570 6111/
22219 00247
444 20110 09070 2246/ 50101 80114 80141 9/015=
ZZYY 15651 09070 2248/ 510358 000970 6112/
22219 00246
444 20120 09070 2131/ 50101 80114 80097 9/015=
ZZYY 15650 09070 2248/ 510767 002580 6111/
22219 00240
444 20110 09070 2246/ 50101 80116 80105 9/015=
####018000611####
SSVX06 KARS 092325
ZZYY 47554 09070 2309/ 779414 108479 6113/
444 20130 09070 2210/ 500// 9/000=
ZZYY 47553 09070 2308/ 779180 102173 6112/
444 20120 09070 2203/ 500// 9/000=
ZZYY 47552 09070 2309/ 779685 104607 6113/
11119 49897
444 20130 09070 2210/ 500//=
ZZYY 48558 09070 2308/ 782442 102094 6112/
444 20120 09070 2211/ 500// 9/000=
ZZYY 47503 09070 2000/ 771543 100461 6113/
444 20130 09070 2006/ 504//=
ZZYY 47555 09070 2308/ 777289 096043 6113/
444 20130 09070 2204/ 500// 9/000=
ZZYY 47560 09070 2309/ 779457 106858 6112/
11119 39885 49885
444 20120 09070 2210/ 500//=
####018004701####
SSVX08 KARS 092325
ZZYY 15001 08070 1200/ 509916 009975 6112/
33311 88872 20001 32598 43656 20020 32600 43656 20040 32600 43656
20080 32493 20100 32142 20120 31880 20140 31668 20180 31329
20300 30988 20500 30766
444 20120 08070 1323/ 521//=
ZZYY 15001 09070 22004 509921 009976 6111/
11119 01515 10246 29074 40175
22219 00259
444 20110 09070 2103/ 521// 60401=
ZZYY 15002 08070 1200/ 700004 009875 6112/
33311 88872 20001 32366 43584 20020 32338 43563
444 20120 08070 1328/ 521//=
ZZYY 15002 09070 2200/ 700016 009873 6112/
11119 10236 29094
22219 00233
444 20120 09070 2247/ 521//=
ZZYY 31002 08070 1200/ 704087 037981 6111/
33311 88872 20020 32851 43535 20040 32859 20060 32853 20080 32841
20180 31418 20300 31086 20500 30773
444 20110 08070 1100/ 521//=
ZZYY 31002 09070 22004 704084 037970 6111/
11119 01308 10282 29081
444 20110 09070 2123/ 521// 60401=
ZZYY 41026 08070 1200/ 711495 038042 6112/
33311 88872 20060 32721 20080 32483 20100 32106 20120 31788 43627
444 20120 08070 1057/ 521//=
ZZYY 41026 09070 22004 711494 038040 6112/
11119 00613 10270 29083
444 20120 09070 2128/ 521// 60401=
ZZYY 31007 08070 1200/ 500018 022985 6112/
33311 88872 20001 32626 43634 20020 32623 43631 20060 32351 43629
20080 31986 20100 31678 20120 31553 20500 30692
444 20120 08070 1101/ 521//=
ZZYY 31007 09070 22004 500016 022986 6112/
11119 01010 10256 29082 40145
22219 00261
444 20120 09070 2136/ 521// 60401=
ZZYY 31004 08070 1200/ 513532 032600 6112/
33311 88872 20001 32690 43694 20020 32693 43691 20040 32693 43691
20060 32691 20080 32623 20100 32436 20120 32338 43684 20140 32248
20180 31858 20300 31174
444 20120 08070 1105/ 521//=
ZZYY 31004 09070 22004 513527 032624 6111/
11119 00921 10264 29068
22219 00268
444 20110 09070 2246/ 521// 60401=
ZZYY 13008 08070 1200/ 714994 038019 6112/
33311 88872 20001 32669 20020 32668 43653 20040 32663 43624
20060 32657 43646 20080 32565 20100 32416 20120 32175 20140 32006
20180 31723 20300 31230 20500 30905
444 20120 08070 1055/ 521//=
ZZYY 13008 09070 22004 714991 038020 6111/
11119 00714 10261 29077 40150
22219 00267
444 20110 09070 2140/ 521// 60401=
ZZYY 31006 08070 1200/ 704053 022978 6112/
33311 88872 20001 32892 43524 20020 32893 43525 20040 32883 43534
20060 32475 43608 20080 31905 20100 31558 20120 31481 20140 31442
20180 31387 20300 31131 20500 30765
444 20120 08070 1059/ 521//=
ZZYY 31006 09070 22004 704048 022975 6113/
11119 01207 10273 29071
22219 00288
444 20130 09070 2135/ 521// 60401=
ZZYY 31005 08070 1200/ 518864 034650 6111/
33311 88872 20020 32500 43711 20040 32500 43731 20060 32500
20080 32502 20100 32488 20300 31395 20500 30880
444 20110 08070 1106/ 521//=
ZZYY 31005 09070 22004 518888 034651 6111/
11119 00914 10251 29074
444 20110 09070 2131/ 521// 60001=
ZZYY 13001 08070 1200/ 711476 023008 6112/
33311 88872 20001 32868 43557 20020 32773 43762 20040 32285 43612
20060 31600 43563 20080 31453 20100 31399 20120 31352 20140 31312
20180 31241 20300 31120 20500 30904
444 20120 08070 1058/ 521//=
ZZYY 13001 09070 22004 711471 022995 6113/
11119 02509 29085 40130
22219 00282
444 20130 09070 2140/ 521// 60401=
ZZYY 31003 08070 1200/ 507915 030553 6111/
33311 88872 20001 32802 20040 32804 43625 20060 32804 20080 32698
20100 32405 20120 32174 43654 20140 31897 20180 31400 20300 31010
20500 30758
444 20110 08070 1102/ 521//=
ZZYY 31003 09070 22004 507915 030567 6111/
11119 01215 10278 29075
22219 00280
444 20110 09070 2122/ 521// 60401=
ZZYY 15006 08070 1200/ 506019 010055 6111/
33311 88872 20001 32625 43587 20020 32629 20040 32623 43587
20060 32575 20100 31813 20120 31461 43548 20180 31173 20300 30991
20500 30748
444 20110 08070 1322/ 521//=
ZZYY 15006 09070 22004 506008 010022 6111/
11119 01317 10256 29079
22219 00258
444 20110 09070 2246/ 521// 60401=
ZZYY 13002 08070 1200/ 720448 023134 6112/
33311 88872 20001 32399 43693 20020 32396 43694 20040 32391 43692
20060 32390 43691 20080 32361 20100 32213 20120 32007 20140 31883
20180 31705 20300 31386 20500 31057
444 20120 08070 1054/ 521//=
ZZYY 41139 08070 1200/ 720018 037856 6111/
11119 10260 29079 40181
22219 00267
33311 88872 20000 32667 20001 32669 43686 20020 32670 43685
20040 32664 43700 20060 32569 43726 20080 32444 20100 32311
20120 32193 20140 32099 20180 31953 20300 31566 20500 31192
444 20110 08070 1202/ 521//=
ZZYY 41139 09070 2200/ 720019 037861 6111/
11119 10263 29079 40174
22219 00266
444 20110 09070 2131/ 521//=
ZZYY 31001 09070 2200/ 700013 035018 6111/
11119 29094
444 20110 09070 2125/ 521//=
####018000423####
SSVX13 LFVW 092324
ZZYY 31735 09070 2200/ 534122 004195 6112/
11119 30309 40309 52012
22219 00159
444 20120 09070 2112/ 50101 80120 80000 9/015=
ZZYY 44766 09070 2200/ 759717 033968 6112/
11119 30109 40109 52005
22219 00104
444 20120 09070 2154/ 50101 80060 80002 9/015=
ZZYY 62513 09070 2200/ 745354 012379 6112/
11119 30199 40199 52001
22219 00200
444 20120 09070 2149/ 50101 80070 80019 9/015=
####018000141####
SSVX02 LFVW 092324
ZZYY 62505 09070 2250/ 744611 008935 6112/
11119 30221 40221 52001
444 20120 09070 2258/ 50101 80090 80000 9/015=
####018014963####
SSVX02 KARS 092327
ZZYY 17524 09070 2230/ 522570 108023 6112/
11119 30166 40166 57019
22219 00219
444 20120 09070 2140/ 50101 80008 80013 9/015=
ZZYY 17523 09070 2200/ 521453 105758 6112/
22219 00215
444 20120 09070 2140/ 50101 80007 80060 9////=
ZZYY 55921 09070 2320/ 530846 102066 6111/
11119 30187 40187 57009
22219 00194
444 20110 09070 2316/ 50101 80008 80002 9////=
ZZYY 16526 09070 2200/ 529746 113135 6111/
11119 30117 40117 57022
22219 00207
444 20110 09070 2138/ 50101 80009 80005 9/015=
ZZYY 54823 09070 2240/ 530596 088917 6112/
11119 30256 40256 57002
22219 00177
444 20120 09070 2316/ 50101 8//// 80000 9////=
ZZYY 54823 09070 2140/ 530589 088918 6111/
11119 30253 40253 57010
22219 00177
444 20110 09070 2137/ 50101 8//// 80000 9////=
ZZYY 32694 09070 2322/ 516282 097183 6112/
22219 00213
444 20120 09070 2140/ 50101 80110 80086 9/015=
ZZYY 32829 09070 2322/ 517308 094448 6111/
22219 00206
444 20110 09070 2141/ 50101 80116 80098 9/015=
ZZYY 32741 09070 2322/ 524938 074148 6112/
22219 00164
444 20120 09070 2138/ 50101 80112 80071 9/015=
ZZYY 32534 09070 2322/ 506098 117993 6111/
22219 00256
444 20110 09070 2145/ 50101 80112 80018 9/015=
ZZYY 32686 09070 2322/ 519501 085196 6112/
22219 00188
444 20120 09070 2138/ 50101 80114 80023 9/015=
ZZYY 32828 09070 2323/ 513957 082415 6112/
22219 00196
444 20120 09070 2141/ 50101 80114 80056 9/015=
ZZYY 32682 09070 2322/ 516698 090638 6112/
22219 00207
444 20120 09070 2141/ 50101 80112 80096 9/015=
ZZYY 32720 09070 2323/ 508243 113404 6111/
22219 00249
444 20110 09070 2144/ 50101 80112 80023 9/015=
ZZYY 32689 09070 2322/ 517479 096088 6111/
22219 00207
444 20110 09070 2141/ 50101 80112 80070 9/015=
ZZYY 34515 09070 2322/ 531989 109330 6111/
22219 00189
444 20110 09070 2317/ 50101 80009 80023 9////=
ZZYY 32538 09070 2323/ 531991 104843 6111/
444 20110 09070 2137/ 50101 9////=
ZZYY 34539 09070 2321/ 526072 106476 6112/
22219 00210
444 20120 09070 2139/ 50101 80011 80020 9////=
ZZYY 32616 09070 2322/ 515500 096854 6111/
22219 00216
444 20110 09070 2141/ 50101 80114 80028 9/015=
ZZYY 32620 09070 2320/ 519053 095456 6111/
22219 00209
444 20110 09070 2139/ 50101 9/015=
ZZYY 32640 09070 2322/ 521324 084262 6111/
22219 00187
444 20110 09070 2136/ 50101 80112 80090 9/015=
ZZYY 32642 09070 2323/ 518955 096581 6111/
22219 00208
444 20110 09070 2140/ 50101 80114 80000 9/015=
ZZYY 32910 09070 2320/ 702546 089641 6112/
22219 00263
444 20120 09070 2145/ 50101 80138 80001 9/015=
ZZYY 32971 09070 2322/ 502053 098976 6111/
22219 00216
444 20110 09070 2144/ 50101 80099 80041 9/015=
ZZYY 32974 09070 2322/ 504045 104345 6111/
22219 00226
444 20110 09070 2144/ 50101 80101 80033 9/015=
ZZYY 32535 09070 2322/ 510528 106048 6111/
22219 00238
444 20110 09070 2143/ 50101 80113 80255 9/015=
ZZYY 55913 09070 2300/ 530614 108785 6112/
11119 30128 40128 57013
22219 00195
444 20120 09070 2138/ 50101 80007 80100 9/015=
ZZYY 54924 09070 2230/ 525808 118592 6111/
444 20110 09070 2140/ 50101 9////=
ZZYY 32804 09070 2323/ 519636 112597 6112/
22219 00236
444 20120 09070 2141/ 50101 80055 80099 9/015=
ZZYY 32807 09070 2322/ 512771 116458 6111/
22219 00245
444 20110 09070 2144/ 50101 80105 80000 9/015=
ZZYY 55937 09070 2210/ 521904 108440 6112/
11119 30167 40167 57018
22219 00223
444 20120 09070 2140/ 50101 8//// 80022 9////=
ZZYY 32928 09070 2323/ 517686 099996 6112/
22219 00214
444 20120 09070 2140/ 50101 80116 80028 9/015=
ZZYY 32536 09070 2322/ 522171 086223 6112/
22219 00191
444 20120 09070 2139/ 50101 80114 80034 9/015=
ZZYY 32830 09070 2321/ 516365 107898 6113/
22219 00226
444 20130 09070 2142/ 50101 80120 80099 9/015=
ZZYY 54932 09070 2300/ 529055 107646 6112/
444 20120 09070 2139/ 50101 9////=
ZZYY 32803 09070 2321/ 524908 114472 6112/
22219 00221
444 20120 09070 2140/ 50101 80114 80099 9/015=
ZZYY 32805 09070 2322/ 529660 117776 6111/
22219 00209
444 20110 09070 2138/ 50101 80114 80099 9/015=
ZZYY 32542 09070 2322/ 507526 109379 6111/
22219 00254
444 20110 09070 2145/ 50101 80136 80009 9/015=
ZZYY 16579 09070 2220/ 530064 101554 6112/
11119 30192 40192 57014
22219 00195
444 20120 09070 2137/ 50101 8//// 80054 9////=
ZZYY 55917 09070 2250/ 517634 114655 6112/
11119 30159 40159 57021
22219 00238
444 20120 09070 2142/ 50101 8//// 80000 9////=
ZZYY 55802 09070 2210/ 531273 112153 6111/
11119 30108 40108 57019
22219 00187
444 20110 09070 2137/ 50101 8//// 80000 9////=
ZZYY 55625 09070 2310/ 537012 111064 6111/
11119 30167 40167 52006
22219 00155
444 20110 09070 2136/ 50101 8//// 80100 9/015=
ZZYY 55625 09070 2210/ 537012 111064 6111/
11119 30166 40166 52001
22219 00157
444 20110 09070 2136/ 50101 8//// 80100 9/015=
ZZYY 55940 09070 2310/ 521265 113716 6112/
11119 30159 40159 57019
22219 00233
444 20120 09070 2141/ 50101 8//// 80000 9/015=
ZZYY 55940 09070 2210/ 521265 113716 6112/
11119 30162 40162 57026
22219 00233
444 20120 09070 2141/ 50101 8//// 80000 9/015=
ZZYY 54922 09070 2240/ 523949 098658 6112/
11119 30207 40207 57013
22219 00202
444 20120 09070 2317/ 50101 8//// 80000 9////=
ZZYY 54929 09070 2300/ 536824 099008 6113/
11119 30153 40153 57006
22219 00146
444 20130 09070 2136/ 50101 8//// 80000 9////=
ZZYY 54929 09070 2200/ 536824 099008 6113/
444 20130 09070 2136/ 50101 9////=
ZZYY 54923 09070 2150/ 532015 101239 6112/
11119 30188 40188 57020
22219 00177
444 20120 09070 2136/ 50101 8//// 80000 9////=
ZZYY 54926 09070 2230/ 528958 099297 6111/
11119 30215 40215 57012
22219 00194
444 20110 09070 2317/ 50101 8//// 80000 9////=
ZZYY 55926 09070 2250/ 518029 102276 6111/
11119 30169 40169 57014
22219 00217
444 20110 09070 2141/ 50101 8//// 80014 9////=
ZZYY 55610 09070 2240/ 534504 084006 6111/
11119 30250 40250 57003
22219 00149
444 20110 09070 2004/ 50101 8//// 80047 9////=
ZZYY 42570 09070 2320/ 725836 087102 6113/
22219 00298
444 20130 09070 2318/ 500//=
ZZYY 42556 09070 2310/ 727805 089814 6113/
22219 00303
444 20130 09070 2314/ 500//=
ZZYY 42556 09070 2320/ 727814 089846 6113/
22219 00300
444 20130 09070 2315/ 500//=
ZZYY 42554 09070 2310/ 728600 090983 6113/
22219 00301
444 20130 09070 2311/ 500//=
ZZYY 42550 09070 2310/ 727455 089293 6113/
22219 00292
444 20130 09070 2313/ 500//=
ZZYY 42550 09070 2320/ 727461 089292 6113/
22219 00295
444 20130 09070 2316/ 500//=
ZZYY 42551 09070 2310/ 728733 091599 6113/
22219 00301
444 20130 09070 2312/ 500//=
ZZYY 42551 09070 2320/ 728718 091542 6113/
22219 00289
444 20130 09070 2315/ 500//=
ZZYY 42557 09070 2320/ 727750 089313 6113/
22219 00289
444 20130 09070 2316/ 500//=
ZZYY 42576 09070 2310/ 726240 087254 6113/
22219 00297
444 20130 09070 2312/ 500//=
ZZYY 42576 09070 2320/ 726224 087357 6113/
22219 00294
444 20130 09070 2315/ 500//=
ZZYY 42524 09070 2317/ 725338 086003 6111/
22219 00296
444 20110 09070 2152/ 50101 80152 80006 9/015=
ZZYY 42520 09070 2316/ 724550 084845 6111/
22219 00295
444 20110 09070 2155/ 50101 80152 80005 9/015=
ZZYY 42521 09070 2316/ 724846 085950 6111/
22219 00299
444 20110 09070 2312/ 50101 80152 80005 9/015=
ZZYY 42549 09070 2317/ 724515 083448 6111/
22219 00299
444 20110 09070 2021/ 50101 80152 80006 9/015=
ZZYY 42553 09070 2318/ 723699 085885 6112/
22219 00293
444 20120 09070 2315/ 50101 80154 80007 9/015=
ZZYY 42548 09070 2318/ 724556 084830 6111/
22219 00296
444 20110 09070 2154/ 50101 80152 80007 9/015=
ZZYY 42516 09070 2319/ 724484 080875 6111/
22219 00312
444 20110 09070 1841/ 50101 80152 80002 9/015=
ZZYY 42513 09070 2317/ 725816 086014 6111/
22219 00300
444 20110 09070 2152/ 50101 80154 80006 9/015=
ZZYY 42507 09070 2318/ 724870 085975 6111/
22219 00299
444 20110 09070 2315/ 50101 80152 80001 9/015=
ZZYY 42514 09070 2319/ 725836 085962 6112/
22219 00301
444 20120 09070 2316/ 50101 80154 80008 9/015=
ZZYY 42501 09070 2318/ 724523 083453 6111/
22219 00298
444 20110 09070 2022/ 50101 80152 80005 9/015=
ZZYY 42505 09070 2319/ 723718 085904 6111/
22219 00293
444 20110 09070 2154/ 50101 80152 80007 9/015=
ZZYY 44844 09070 2150/ 739722 056095 6111/
11119 30267 40267 57002
22219 00257
444 20110 09070 2138/ 50101 80120 80063 9/015=
ZZYY 44899 09070 2230/ 736140 061724 6112/
11119 30244 40244 57005
22219 00273
444 20120 09070 2154/ 50101 80120 80028 9/015=
ZZYY 42555 09070 2316/ 724495 080776 6111/
22219 00312
444 20110 09070 1841/ 50101 80152 80004 9/015=
ZZYY 42559 09070 2318/ 725306 086035 6112/
22219 00296
444 20120 09070 2314/ 50101 80140 80004 9/015=
ZZYY 41989 09070 2316/ 729223 061179 6113/
22219 00273
444 20130 09070 2314/ 50101 80009 80070 9////=
ZZYY 31989 09070 2319/ 723058 065214 6112/
22219 00288
444 20120 09070 2315/ 50101 80006 80004 9////=
ZZYY 13625 09070 2319/ 726864 071905 6113/
22219 00287
444 20130 09070 2151/ 50101 80009 80000 9/015=
ZZYY 41991 09070 2318/ 728779 049273 6112/
22219 00266
444 20120 09070 2255/ 50101 80009 80100 9////=
ZZYY 44832 09070 2319/ 722031 060409 6112/
22219 00287
444 20120 09070 2150/ 50101 80008 80100 9////=
ZZYY 13588 09070 2313/ 727577 043163 6111/
22219 00257
444 20110 09070 2255/ 50101 9////=
ZZYY 13962 09070 2317/ 720412 065363 6112/
22219 00291
444 20120 09070 2314/ 50101 80008 80022 9////=
ZZYY 13927 09070 2318/ 728964 063502 6111/
22219 00273
444 20110 09070 2154/ 50101 8//// 80001 9////=
ZZYY 31754 09070 2318/ 725915 090099 6113/
22219 00298
444 20130 09070 2153/ 50101 80009 80015 9////=
ZZYY 43541 09070 2312/ 708704 090484 6112/
444 20120 09070 2147/ 50101 80115 80025 9/015=
ZZYY 31902 09070 2317/ 713305 058078 6112/
22219 00291
444 20120 09070 2312/ 50101 80156 80083 9/015=
ZZYY 41578 09070 2318/ 727401 062648 6111/
22219 00273
444 20110 09070 2151/ 50101 80011 80003 9////=
ZZYY 41923 09070 2313/ 728112 068475 6113/
444 20130 09070 2152/ 50101 80009 9/015=
ZZYY 41603 09070 2318/ 720805 072435 6112/
22219 00291
444 20120 09070 2314/ 50101 80108 80180 9/015=
ZZYY 41611 09070 2319/ 720123 065523 6112/
22219 00289
444 20120 09070 2315/ 50101 80112 80099 9/015=
ZZYY 41683 09070 2308/ 720957 067609 6113/
444 20130 09070 2150/ 50101 80108 9/015=
ZZYY 41919 09070 2315/ 730694 066197 6113/
22219 00265
444 20130 09070 2154/ 50101 80013 80010 9/015=
ZZYY 41563 09070 2316/ 730689 071024 6112/
22219 00275
444 20120 09070 2152/ 50101 80146 80015 9/015=
ZZYY 41562 09070 2316/ 719320 067686 6112/
22219 00291
444 20120 09070 2313/ 50101 80100 80160 9/015=
ZZYY 41570 09070 2319/ 721635 070090 6111/
22219 00292
444 20110 09070 2151/ 50101 80110 80112 9/015=
ZZYY 41930 09070 2319/ 720077 062197 6112/
22219 00286
444 20120 09070 2313/ 50101 80134 80078 9/015=
ZZYY 42538 09070 2314/ 726918 088943 6111/
22219 00306
444 20110 09070 2154/ 50101 80142 80008 9////=
ZZYY 42552 09070 2316/ 724825 085921 6111/
22219 00298
444 20110 09070 2314/ 50101 80142 80006 9////=
ZZYY 32912 09070 2313/ 704967 077504 6113/
22219 00288
444 50101 80136 80006 9/015=
ZZYY 42546 09070 2317/ 727605 085994 6111/
22219 00319
444 20110 09070 2315/ 50101 80142 80000 9/015=
ZZYY 42547 09070 2316/ 727724 087992 6111/
22219 00306
444 20110 09070 2023/ 50101 80142 80006 9/015=
ZZYY 13565 09070 2315/ 719636 047259 6111/
444 20110 09070 2131/ 50101 80012 80001 9////=
ZZYY 32530 09070 2312/ 702189 088986 6112/
22219 00259
444 20120 09070 2145/ 50101 80136 80001 9/015=
ZZYY 13959 09070 2315/ 711532 054422 6112/
22219 00287
444 20120 09070 2129/ 50101 80012 80001 9/015=
ZZYY 31770 09070 2316/ 720798 084943 6112/
22219 00292
444 20120 09070 2151/ 50101 80011 80001 9////=
ZZYY 41945 09070 2317/ 726115 065679 6112/
22219 00277
444 20120 09070 2315/ 50101 80012 80002 9/015=
ZZYY 41979 09070 2317/ 730025 075677 6111/
22219 00282
444 20110 09070 2315/ 50101 80009 80001 9/015=
ZZYY 41935 09070 2315/ 731839 044659 6112/
22219 00270
444 20120 09070 2256/ 50101 80009 80002 9////=
ZZYY 13928 09070 2316/ 713949 058451 6111/
22219 00292
444 20110 09070 2314/ 50101 80012 80004 9/015=
ZZYY 41977 09070 2318/ 736648 049076 6111/
444 20110 09070 2314/ 50101 80011 80001 9/015=
ZZYY 41925 09070 2316/ 725486 057178 6112/
22219 00276
444 20120 09070 2132/ 50101 80009 80001 9/015=
ZZYY 43540 09070 2314/ 708617 090805 6112/
22219 00295
444 20120 09070 2017/ 50101 80147 80012 9/015=
ZZYY 43533 09070 2315/ 709342 090624 6112/
22219 00283
444 20120 09070 2017/ 50101 80095 80026 9/015=
ZZYY 43535 09070 2315/ 708458 090391 6112/
22219 00281
444 20120 09070 2149/ 50101 80095 80030 9/015=
ZZYY 13626 09070 2317/ 716192 059199 6112/
22219 00291
444 20120 09070 2312/ 50101 80091 80005 9/015=
ZZYY 41956 09070 2314/ 731274 060637 6112/
22219 00267
444 20120 09070 2135/ 50101 8//// 80099 9/015=
ZZYY 31527 09070 2317/ 726802 068093 6112/
22219 00279
444 20120 09070 2151/ 50101 8//// 80000 9////=
ZZYY 41554 09070 2319/ 731806 060368 6111/
22219 00266
444 20110 09070 2315/ 50101 8//// 80005 9////=
ZZYY 43520 09070 2319/ 729649 071063 6111/
22219 00281
444 20110 09070 2313/ 50101 80058 80020 9/015=
ZZYY 41932 09070 2319/ 727138 055998 6111/
22219 00275
444 20110 09070 2313/ 50101 80056 80006 9/015=
ZZYY 31982 09070 2318/ 721230 061849 6112/
22219 00289
444 20120 09070 2149/ 50101 80056 80099 9/015=
ZZYY 15611 09070 2317/ 709300 058719 6111/
22219 00292
444 20110 09070 2311/ 50101 80056 80080 9/015=
ZZYY 41959 09070 2316/ 718782 046510 6111/
22219 00278
444 20110 09070 2253/ 50101 80540 80099 9/015=
ZZYY 13915 09070 2319/ 729890 064814 6111/
22219 00270
444 20110 09070 2315/ 50101 8//// 80004 9/015=
ZZYY 41929 09070 2318/ 725914 076010 6113/
22219 00294
444 20130 09070 2153/ 50101 80120 80008 9/015=
ZZYY 41720 09070 2318/ 729261 077346 6113/
22219 00288
444 20130 09070 2314/ 50101 80122 80010 9/015=
ZZYY 41921 09070 2317/ 723839 076763 6113/
22219 00303
444 20130 09070 2315/ 50101 80122 80010 9/015=
ZZYY 41699 09070 2318/ 733778 065436 6113/
22219 00255
444 20130 09070 2154/ 50101 80120 80017 9/015=
ZZYY 41903 09070 2318/ 725449 074342 6112/
22219 00291
444 20120 09070 2151/ 50101 80120 80017 9/015=
ZZYY 41983 09070 2316/ 730314 078407 6112/
22219 00290
444 20120 09070 2314/ 50101 80120 80013 9/015=
ZZYY 44934 09070 2315/ 733182 073177 6112/
22219 00274
444 20120 09070 2138/ 50101 80116 80022 9/015=
ZZYY 41920 09070 2318/ 731908 076848 6113/
22219 00285
444 20130 09070 2155/ 50101 80120 80018 9/015=
ZZYY 41855 09070 2319/ 726209 078349 6111/
22219 00304
444 20110 09070 2313/ 50101 80122 80001 9/015=
####018002541####
SSVX02 KARS 092327 RRA
ZZYY 44921 09070 2318/ 741089 064460 6112/
22219 00220
444 20120 09070 2156/ 50101 80124 80013 9/015=
ZZYY 44907 09070 2319/ 742779 061981 6111/
22219 00199
444 20110 09070 2301/ 50101 80122 80016 9/015=
ZZYY 44916 09070 2315/ 740680 064813 6112/
444 20120 09070 2157/ 50101 80122 9/015=
ZZYY 44906 09070 2314/ 741807 062682 6111/
22219 00208
444 20110 09070 2302/ 50101 80120 80014 9/015=
ZZYY 44901 09070 2318/ 739131 047460 6111/
22219 00230
444 20110 09070 2257/ 50101 80122 80006 9/015=
ZZYY 44894 09070 2319/ 737391 044425 6111/
22219 00242
444 20110 09070 2255/ 50101 80122 80010 9/015=
ZZYY 44897 09070 2318/ 741214 046731 6112/
22219 00221
444 20120 09070 2259/ 50101 80124 80012 9/015=
ZZYY 41987 09070 2319/ 735046 055796 6111/
22219 00259
444 20110 09070 2315/ 50101 80122 80009 9/015=
ZZYY 44941 09070 2318/ 742640 059146 6112/
22219 00224
444 20120 09070 2137/ 50101 80124 80013 9/015=
ZZYY 44940 09070 2318/ 740194 049117 6112/
22219 00239
444 20120 09070 2259/ 50101 80122 80009 9/015=
ZZYY 44939 09070 2318/ 742113 055441 6113/
22219 00232
444 20130 09070 2139/ 50101 80122 80008 9/015=
ZZYY 44929 09070 2318/ 737743 044957 6113/
22219 00240
444 20130 09070 2259/ 50101 80124 80012 9/015=
ZZYY 31511 09070 2312/ 709654 052348 6113/
22219 00294
444 20130 09070 2127/ 50101 80138 80011 9/015=
ZZYY 32524 09070 2312/ 704959 085580 6111/
444 20110 09070 2147/ 50101 80136 80001 9/015=
ZZYY 15659 09070 2318/ 714753 074090 6111/
22219 00292
444 20110 09070 2312/ 50101 80010 80000 9////=
ZZYY 44883 09070 2318/ 737957 049442 6113/
22219 00254
444 20130 09070 2259/ 50101 80122 80010 9/015=
ZZYY 42542 09070 2315/ 725662 083683 6111/
22219 00317
444 50101 80142 80001 9/015=
ZZYY 42518 09070 2316/ 727711 086660 6111/
22219 00307
444 20110 09070 2314/ 50101 80142 80005 9/015=
ZZYY 42535 09070 2316/ 727478 085769 6111/
22219 00312
444 20110 09070 2154/ 50101 80142 80003 9/015=
ZZYY 41974 09070 2310/ 731222 063417 6111/
11119 30229 40229
22219 00272
444 20110 09070 2151/ 50101 80100 80089 9/015=
ZZYY 44915 09070 2210/ 724284 054956 6112/
11119 30207 40207 57001
444 20120 09070 2132/ 50101 80090 80000 9////=
ZZYY 44905 09070 2240/ 725804 063303 6112/
11119 30204 40204 54000
22219 00281
444 20120 09070 2315/ 50101 8//// 80100 9/015=
ZZYY 44903 09070 2230/ 728644 064635 6112/
11119 30210 40210 57004
22219 00267
444 20120 09070 2154/ 50101 8//// 80051 9/015=
####018001631####
SSVX13 LFVW 092326
ZZYY 44766 09070 2300/ 759701 033999 6111/
11119 30112 40112 52007
22219 00104
444 20110 09070 2303/ 50101 80060 80000 9/015=
ZZYY 44765 09070 2200/ 754423 017904 6112/
11119 30137 40137 52008
22219 00135
444 20120 09070 2150/ 50101 80060 80049 9/015=
ZZYY 44765 09070 2300/ 754423 017893 6112/
11119 30137 40137 52006
22219 00135
444 20120 09070 2301/ 50101 80060 80043 9/015=
ZZYY 62513 09070 2300/ 745354 012379 6112/
11119 30197 40197 54000
22219 00200
444 20120 09070 2257/ 50101 80070 80024 9/015=
ZZYY 25621 09070 2300/ 760539 059341 6111/
11119 30071 40071 52001
22219 00079
444 20110 09070 2304/ 50101 80060 9/015=
ZZYY 25621 09070 2200/ 760533 059330 6112/
11119 30070 40070 52003
22219 00079
444 20120 09070 2154/ 50101 80060 9/015=
ZZYY 25622 09070 2250/ 762300 055984 6112/
11119 30095 40095 54000
22219 00102
444 20120 09070 2303/ 50101 80080 9/015=
ZZYY 63640 09070 2250/ 769273 000107 6112/
22219 00091
444 20120 09070 2304/ 50101 80080 80003 9/015=
ZZYY 63672 09070 2210/ 767427 001232 6111/
11119 30030 40030 52008
22219 00095
444 20110 09070 2154/ 50101 8//// 80003 9/015=
ZZYY 31739 09070 2200/ 707931 048587 6111/
11119 40136 52010
22219 00286
444 20110 09070 2129/ 50101 80108 80000 9/015=
ZZYY 31861 09070 2300/ 713550 053245 6111/
11119 40155 52012
22219 00289
33311 88872 20000 32890 43412
444 20110 09070 2007/ 50101 80108 80052 9/015=
ZZYY 31861 09070 2200/ 713550 053245 6111/
11119 40148 52002
22219 00290
33311 88872 20000 32895 43404
444 20110 09070 2007/ 50101 80108 80051 9/015=
####018000111####
SSVX01 LFVW 092326
ZZYY 41096 09070 2246/ 716530 061404 6112/
22219 1//05
444 20120 09070 2010/ 516//=
####018000231####
SSVX07 LFVW 092326
ZZYY 48665 09070 2230/ 774534 155257 6111/
11119 10004 30116 40116 52022
444 20110 09070 2207/ 501// 80160=
ZZYY 48548 09070 2310/ 780794 106589 6112/
11119 10011 39868 49868
444 20120 09070 2210/=
