####018000248####
SSVF11 LIIB 220000
ZZYY 61010 22091 00001 143832 009137 6113/
11119  02405 10213 29074 30159 40163
33340 88872 20006 32220 4////
20012 3//// 4////
20020 32155 4////
20028 3//// 4////
20036 31609 4////
444 10010 20030 51600 6140/=
####018000248####
SSVF11 LIIB 212100
ZZYY 61010 21091 21001 143841 009138 6113/
11119  02504 10217 29071 30165 40169
33340 88872 20006 32224 4////
20012 3//// 4////
20020 32220 4////
20028 3//// 4////
20036 31623 4////
444 10010 20030 51600 6140/=
####018000371####
SSVX13 LFVW 220053
ZZYY 56547 21091 2220/ 533198 091893 6111/
22219 00155
444 20110 21091 2208/ 50101 80100 80000 9/015=
ZZYY 56547 22091 0020/ 533198 091893 6111/
22219 00154
444 20110 21091 2208/ 50101 80100 80000 9/015=
ZZYY 23598 22091 0010/ 108297 073060 6112/
11119 39870 49870 57002
22219 00268
444 20120 21091 2126/ 50101 80130 80000 9/015=
####018000265####
SSVX08 KARS 220052
ZZYY 14041 21091 12004 307940 055085 6112/
11119 01315 10257 29090
22219 00272
444 20120 21091 1201/ 521// 60401=
ZZYY 14041 22091 00004 307930 055070 6112/
11119 01316 10264 29082
22219 00270
444 20120 21091 2312/ 521// 60401=
####018001201####
SSVX02 KARS 220052
ZZYY 11906 21091 2330/ 112380 060874 6112/
11119 30104 40104 57006
22219 00267
444 20120 21091 2305/ 50101 80138 80004 9/015=
ZZYY 11905 21091 2350/ 110787 066454 6113/
11119 30108 40108 57001
22219 00283
444 20130 21091 2305/ 50101 80138 80001 9/015=
ZZYY 11908 21091 2340/ 105571 053564 6113/
11119 30110 40110 57010
22219 00264
444 20130 21091 2305/ 50101 80138 80002 9/015=
ZZYY 14566 21091 2340/ 311158 049782 6112/
11119 30148 40148 52243
22219 00250
444 20120 21091 2307/ 50101 80110 80003 9/015=
ZZYY 14911 21091 2350/ 115058 060405 6113/
11119 30096 40096 57004
22219 00264
444 20130 21091 2300/ 50101 80110 80004 9/015=
ZZYY 14912 21091 2350/ 105676 065815 6112/
11119 30101 40101 52253
22219 00293
444 20120 21091 2305/ 50101 80110 80008 9/015=
ZZYY 14551 22091 0043/ 100883 082559 6112/
22219 00290
444 20120 21091 2123/ 50101 80126 80002 9/015=
ZZYY 14944 22091 0000/ 307088 044352 6112/
11119 30124 40124 57015
22219 00256
444 20120 21091 2309/ 50101 80145 80009 9/015=
ZZYY 14913 22091 0000/ 115367 055414 6112/
11119 30089 40089 57007
22219 00247
444 20120 21091 2327/ 50101 80120 80063 9/015=
