####018000155####
SSVX13 LFVW 220853
ZZYY 23598 22091 0810/ 108294 073069 6113/
11119 30020 40020 52069
22219 00313
444 20130 22091 0456/ 50101 80130 80000 9/015=
####018000125####
SSVX02 CWAO 220845
ZZYY 47531 22091 0845/ 784417 064710 6113/ 11131 11001 444 20130 22091 0845/ 50701 80138 80001 9////=
####018000125####
SSVX02 CWAO 220845
ZZYY 47532 22091 0845/ 782990 062211 6113/ 11119 11109 444 20130 22091 0845/ 50701 80134 80001 9////=
####018000125####
SSVX02 CWAO 220845
ZZYY 47533 22091 0845/ 782988 062180 6113/ 22291 01010 444 20130 22091 0845/ 50701 80136 80001 9////=
####018000125####
SSVX02 CWAO 220845
ZZYY 47537 22091 0845/ 784417 064773 6113/ 22291 00003 444 20130 22091 0845/ 50701 80138 80001 9////=
####018000128####
SSVX02 CWAO 220845
ZZYY 47533 22091 0845/ 782988 062180 6113/ 22291 01010 444 20130 22091 0845/ 50701 80136 80001 9////=

####018000128####
SSVX02 CWAO 220845
ZZYY 47537 22091 0845/ 784417 064773 6113/ 22291 00003 444 20130 22091 0845/ 50701 80138 80001 9////=

####018000128####
SSVX02 CWAO 220845
ZZYY 47531 22091 0845/ 784417 064710 6113/ 11131 11001 444 20130 22091 0845/ 50701 80138 80001 9////=

####018000128####
SSVX02 CWAO 220845
ZZYY 47532 22091 0845/ 782990 062211 6113/ 11119 11109 444 20130 22091 0845/ 50701 80134 80001 9////=

####018000155####
SSVX13 KARS 220855
ZZYY 14917 22091 0800/ 326483 074136 6111/
11119 30260 40260 57020
22219 00214
444 20110 22091 0709/ 50101 80115 80002 9/015=
####018004827####
SSVX02 KARS 220855
ZZYY 17671 22091 0840/ 327516 055825 6112/
22219 00209
444 20120 22091 0643/ 50101 80080 80002 9/015=
ZZYY 33567 22091 0840/ 343208 111497 6113/
11119 30110 40110 57004
22219 00102
444 20130 22091 0815/ 50101 80100 80000 9/015=
ZZYY 33696 22091 0720/ 333170 050304 6113/
11119 30254 40254 52008
22219 00167
444 20130 22091 0643/ 50101 80100 80000 9/015=
ZZYY 33972 22091 0840/ 341186 054438 6111/
444 20110 22091 0651/ 50101 80009 80000 9////=
ZZYY 16575 22091 0840/ 338860 077922 6111/
11119 30172 40172 57009
22219 00126
444 20110 22091 0703/ 50101 80110 80000 9/015=
ZZYY 16575 22091 0740/ 338860 077922 6111/
11119 30167 40167 57008
22219 00126
444 20110 22091 0703/ 50101 80110 80000 9/015=
ZZYY 16577 22091 0840/ 340260 076550 6111/
11119 30139 40139
22219 00124
444 20110 22091 0843/ 50101 80100 80100 9/015=
ZZYY 16560 22091 0800/ 338325 069951 6113/
11119 30185 40185
22219 00134
444 20130 22091 0508/ 50101 80110 80100 9/015=
ZZYY 16563 22091 0830/ 335157 092411 6111/
11119 30242 40242 57007
22219 00139
444 20110 22091 0844/ 50101 80110 80000 9/015=
ZZYY 17902 22091 0840/ 344802 077200 6111/
22219 00107
444 20110 22091 0843/ 50101 80110 80100 9/015=
ZZYY 17679 22091 0800/ 333363 051664 6112/
444 20120 22091 0642/ 50101 80070 80084 9/015=
ZZYY 33651 22091 0840/ 345150 078850 6111/
22219 00050
444 20110 22091 0843/ 50101 80100 80000 9/015=
ZZYY 14543 22091 0820/ 318515 074540 6112/
11119 30192 40192 52235
22219 00239
444 20120 22091 0456/ 50101 80110 80010 9/015=
ZZYY 16943 22091 0820/ 331040 050508 6113/
11119 30247 40247 52001
22219 00185
444 20130 22091 0642/ 50101 8//// 80000 9////=
ZZYY 16604 22091 0720/ 356344 034895 6112/
22219 01002
444 20120 22091 0716/ 50101 80009 80000 9////=
ZZYY 17518 22091 0750/ 323543 067058 6113/
11119 30230 40230 57017
22219 00223
444 20130 22091 0456/ 50101 80110 80000 9/015=
ZZYY 16963 22091 0810/ 325493 059922 6111/
11119 40219 57015
22219 00227
444 20110 22091 0644/ 50101 80009 80000 9////=
ZZYY 14915 22091 0840/ 328931 094817 6112/
11119 30263 40263 57016
22219 00177
444 20120 22091 0702/ 50101 80090 80004 9/015=
ZZYY 55599 22091 0800/ 347841 061513 6111/
11119 49987 52039
22219 00030
444 20110 22091 0843/ 50101 80008 80003 9////=
ZZYY 55599 22091 0700/ 347889 061461 6111/
11119 49971 52022
22219 00030
444 20110 22091 0651/ 50101 80008 80003 9////=
ZZYY 55595 22091 0840/ 341331 091761 6113/
11119 40156 57029
22219 00107
444 20130 22091 0844/ 50101 80009 80000 9////=
ZZYY 14554 22091 0830/ 332282 065661 6111/
11119 40220 57012
22219 00177
444 20110 22091 0845/ 50101 80010 80000 9////=
ZZYY 14554 22091 0730/ 332282 065661 6111/
11119 40226 57006
22219 00179
444 20110 22091 0845/ 50101 80010 80000 9////=
ZZYY 33568 22091 0830/ 344006 076000 6111/
22219 00105
444 20110 22091 0843/ 50101 80090 80100 9/015=
ZZYY 55948 22091 0830/ 562733 123536 6113/
22219 00008
444 20130 22091 0732/ 50101 8//// 80000 9////=
ZZYY 33951 22091 0845/ 338964 087208 6112/
22219 00117
444 20120 22091 0701/ 50101 80072 80072 9/015=
ZZYY 16565 22091 0750/ 323542 076861 6111/
11119 30246 40246 57019
22219 00220
444 20110 22091 0708/ 50101 80100 80006 9////=
ZZYY 16593 22091 0740/ 328593 056755 6113/
11119 30230 40230 57001
22219 00209
444 20130 22091 0643/ 50101 80100 80009 9////=
ZZYY 16593 22091 0640/ 328593 056755 6113/
11119 30233 40233 52004
22219 00208
444 20130 22091 0643/ 50101 80100 80008 9////=
ZZYY 14549 22091 0750/ 332717 059738 6111/
11119 30232 40232 57006
22219 00181
444 20110 22091 0644/ 50101 8//// 80008 9////=
ZZYY 14549 22091 0650/ 332717 059738 6111/
11119 30235 40235 52002
22219 00180
444 20110 22091 0644/ 50101 8//// 80005 9////=
ZZYY 33690 22091 0846/ 342393 099646 6112/
22219 00108
444 20120 22091 0842/ 50101 80074 80099 9/015=
ZZYY 33687 22091 0847/ 333699 061700 6111/
22219 00155
444 20110 22091 0845/ 50101 80070 80000 9/015=
ZZYY 33692 22091 0847/ 341292 091070 6112/
22219 00109
444 20120 22091 0843/ 50101 80074 80104 9/015=
ZZYY 55615 22091 0820/ 337973 089233 6113/
11119 30189 40189 57017
22219 00119
444 20130 22091 0702/ 50101 8//// 80100 9////=
ZZYY 23678 22091 0848/ 340041 089243 6112/
22219 00111
444 20120 22091 0843/ 50101 80049 80099 9////=
ZZYY 34534 22091 0830/ 351732 138322 6112/
11119 49854 52045
22219 00059
444 20120 22091 0814/ 50101 80010 80012 9////=
ZZYY 33881 22091 0830/ 348500 085272 6113/
11119 39985 49985 52001
22219 00063
444 20130 22091 0842/ 50101 80110 80098 9/015=
ZZYY 33880 22091 0830/ 345794 086000 6111/
11119 30040 40040 57002
22219 00081
444 20110 22091 0842/ 50101 80110 80087 9/015=
####018000146####
SSVX13 LFPW 220900
ZZYY 64611 22091 0900/ 763321 025851 6110/ 11119 40000 52007 22219
 00108 444 20100 22091 0800/ 50101 80129 80000 9/015=
####018000633####
SSVX02 LFVW 220855
ZZYY 14962 22091 0847/ 328188 060439 6111/
22219 00205
33311 88872 20000 32051 43346
444 2011/ 22091 0646/ 50101 9/015=
ZZYY 14961 22091 0846/ 325641 067403 6111/
22219 00220
33311 88872 20000 32204 43406
444 2011/ 21091 0903/ 50101 9/015=
ZZYY 56957 22091 0847/ 329193 091209 6111/
22219 00182
33311 88872 20000 31823 43495
444 2011/ 22091 0707/ 50101 9/015=
ZZYY 56939 22091 0800/ 336745 051067 6113/
11119 40272 52010
444 20130 22091 0643/ 50101 80090 80000 9/015=
ZZYY 56939 22091 0700/ 336745 051067 6113/
11119 40271 52011
444 20130 22091 0643/ 50101 80090 80000 9/015=
####018000155####
SSVX13 LFVW 220855
ZZYY 23925 22091 0800/ 330861 048379 6113/
11119 30252 40252 52002
22219 00189
444 20130 22091 0647/ 50101 80130 80000 9/015=
####018002099####
SSVX08 KARS 220857
ZZYY 23002 21091 1200/ 101571 080508 6111/
33311 88872 20001 32919 43444 20020 32895 43446 20040 32876 43462
20060 32718 43491 20080 32454 20100 32194 20120 31927 20140 31774
20180 31393 20300 31166
444 20110 21091 1306/ 521//=
ZZYY 23002 22091 0800/ 101565 080514 6112/
22219 00294
444 20120 22091 0720/ 521//=
ZZYY 23001 21091 1200/ 100101 080534 6111/
33311 88872 20001 32967 43417 20020 32895 43440 20040 32743 43463
20060 32542 43531 20080 32366 20100 32210 20120 32080 20140 31904
20180 31512 20300 31153 20500 30961
444 20110 21091 1306/ 521//=
ZZYY 23001 22091 08004 100118 080529 6112/
11119 01505 10284 29075 40093
22219 00298
444 20120 22091 0717/ 521// 60401=
ZZYY 53005 21091 1200/ 307996 080465 6111/
33311 88872 20001 32829 43479 20020 32829 43478 20040 32827 43480
20060 32559 43512 20080 32441 20100 32256 20120 32047 20140 31942
20180 31715 20300 31204 20500 30963
444 20110 21091 1323/ 521//=
ZZYY 53005 22091 08004 308004 080454 6111/
11119 00910 10282 29077
22219 00286
444 20110 22091 0714/ 521// 60401=
ZZYY 23010 21091 1200/ 303984 080505 6111/
33311 88872 20001 32861 43435 20020 32870 43455 20040 32872 43459
20060 32869 43458 20080 32740 20100 32453 20120 32031 20140 31598
20180 31358 20300 31092 20500 30918
444 20110 21091 1306/ 521//=
ZZYY 23003 21091 1200/ 301521 080513 6112/
33311 88872 20001 32932 43441 20020 32892 43445 20040 32894 43451
20060 32742 43496 20080 32387 20100 32107 20120 31867 20140 31723
20180 31454 20300 31188 20500 30970
444 20120 21091 1326/ 521//=
ZZYY 23003 22091 08004 301511 080503 6112/
11119 02808 10283 29075
22219 00299
444 20120 22091 0716/ 521// 60401=
ZZYY 23009 21091 1200/ 114982 089931 6111/
33311 88872 20001 32852 43254 20020 32852 43258 20040 32862 43322
20060 32746 43430 20080 32554 20100 32313 20120 32045 20140 31834
20180 31508 20300 31151 20500 30987
444 20110 21091 1311/ 521//=
ZZYY 23009 22091 08004 114990 089946 6111/
11119 02321 10289 29086 40042
22219 00285
444 20110 22091 0838/ 521// 60401=
####018000613####
SSVX02 KARS 220857
ZZYY 63948 22091 0802/ 175391 035539 6113/
22219 00057
444 20130 22091 0805/ 50101 80008 80006 9/015=
ZZYY 63584 22091 0800/ 777830 002162 6112/
22219 00043
444 20120 22091 0755/ 50101 80007 80009 9/015=
ZZYY 11905 22091 0650/ 110844 066467 6112/
11119 30122 40122 57009
22219 00286
444 20120 22091 0632/ 50101 80138 80001 9/015=
ZZYY 14551 22091 0838/ 100909 082574 6113/
22219 00301
444 20130 22091 0712/ 50101 80126 80002 9/015=
ZZYY 14911 22091 0750/ 115118 060559 6113/
11119 30105 40105 57017
22219 00265
444 20130 22091 0628/ 50101 80110 80004 9/015=
