####018000117####
SSVX07 LFVW 220307
ZZYY 48548 22091 0250/ 774310 127977 6111/
11119 11009 39910 49910
444 20110 22091 0247/=
####018000703####
SSVX13 LFVW 220307
ZZYY 17526 22091 0300/ 341496 022883 6113/
11119 40185 57018
22219 00114
444 50101 80102 80000 9/015=
ZZYY 16551 22091 0300/ 333289 083333 6113/
11119 40292 52003
22219 00155
444 50101 80106 80006 9/015=
ZZYY 13575 22091 0230/ 703502 027623 6111/
11119 40134
22219 00281
33311 88872 20000 32807 43519
444 20110 21091 2306/ 50101 80118 80010 9/015=
ZZYY 13575 22091 0130/ 703502 027623 6111/
11119 40145
22219 00281
33311 88872 20000 32810 43522
444 20110 21091 2306/ 50101 80118 80010 9/015=
ZZYY 13575 22091 0100/ 703502 027623 6111/
11119 40148
22219 00281
33311 88872 20000 32807 43523
444 20110 21091 2306/ 50101 80118 80013 9/015=
####018000257####
SSVX02 LFVW 220307
ZZYY 13982 22091 0256/ 723963 043798 6112/
22219 00273
33311 88872 20000 32729 43751
444 2012/ 22091 0051/ 50101 9/015=
ZZYY 61788 22091 0230/ 140127 004462 6113/
22219 00256
444 20130 22091 0254/ 50101 80100 80032 9/050=
####018000146####
SSVX13 LFPW 220300
ZZYY 33700 22091 0300/ 336137 006742 6113/ 11119 40266 57013 22219
 00155 444 20130 22091 0300/ 50101 80133 80005 9/015=
####018000146####
SSVX13 LFPW 220300
ZZYY 33701 22091 0300/ 531409 006044 6113/ 11119 40277 57007 22219
 00173 444 20130 22091 0300/ 50101 80133 80011 9/015=
####018000146####
SSVX13 LFPW 220300
ZZYY 33702 22091 0300/ 338616 028957 6113/ 11119 40069 52006 22219
 00172 444 20130 22091 0300/ 50101 80133 80003 9/015=
####018000146####
SSVX13 LFPW 220300
ZZYY 62516 22091 0300/ 732525 021016 6113/ 11119 40226 57009 22219
 00242 444 20130 22091 0300/ 50101 80130 80003 9/015=
####018000128####
SSVX13 LFPW 220300
ZZYY 33699 22091 0300/ 520992 004934 6113/ 22219 00194 444 20130
 22091 0300/ 50101 80137 80002 9/015=
####018000146####
SSVX13 LFPW 220257
ZZYY 64516 22091 0257/ 761811 012122 6113/ 11119 49941 52018 22219
 00116 444 20130 22091 0257/ 50101 80132 80005 9/015=
####018000146####
SSVX13 LFPW 220300
ZZYY 33706 22091 0300/ 346380 016831 6113/ 11119 40017 57009 22219
 00068 444 20130 22091 0300/ 50101 80133 80015 9/015=
####018005389####
SSVX08 KARS 220309
ZZYY 41026 20091 1200/ 711495 037977 6112/
33311 88872 20001 32791 43605 20040 32605 43655
444 20120 20091 1221/ 521//=
ZZYY 41026 21091 23004 711500 037957 6111/
11119 00613 10274 29084
22219 00280
444 20110 21091 2152/ 521// 60401=
ZZYY 41026 21091 1200/ 711506 037971 6112/
444 20120 21091 1339/ 521//=
ZZYY 41026 22091 00004 711493 037971 6112/
11119 00613 10274 29084
22219 00280
444 20120 22091 0046/ 521// 60401=
ZZYY 13001 21091 1200/ 711482 022977 6111/
33311 88872 20001 32883 43513 20020 32823 43556 20040 32122 43592
20060 31725 43575 20080 31544 20100 31440 20120 31360 20140 31326
20180 31282 20300 31133 20500 30955
444 20110 21091 1155/ 521//=
ZZYY 13001 22091 02004 711492 023000 6112/
11119 01504 10279 29083 40123
22219 00287
444 20120 22091 0256/ 521// 60401=
ZZYY 31007 21091 1200/ 700027 023006 6112/
33311 88872 20001 32588 43592 20020 32577 43594 20040 32534 43598
20080 32422 20100 32133 20120 31857 20140 31585 20180 31401
20300 31198 20500 30715
444 20120 21091 1051/ 521//=
ZZYY 31007 22091 02004 700016 023006 6112/
11119 01411 10253 29084 40138
22219 00258
444 20120 21091 2150/ 521// 60401=
ZZYY 15002 21091 1200/ 700011 009863 6112/
33311 88870 20001 32424 20020 32402 20040 32216 20060 32046
20080 31848 20100 31616 20120 31506 20140 31467 20180 31402
20300 31065 20500 30733
444 20120 21091 1022/ 521//=
ZZYY 13002 21091 1200/ 720460 023120 6111/
33311 88872 20001 32497 43644 20020 32494 43644 20040 31995 43539
20060 31761 43572 20080 31715 20100 31663 20120 31617 20140 31582
20180 31537 20300 31407 20500 31195
444 20110 21091 1155/ 521//=
ZZYY 13002 22091 02004 720463 023113 6111/
11119 00612 10248 29089
22219 00251
444 20110 22091 0229/ 521// 60401=
ZZYY 13010 21091 12004 300017 000002 6111/
11119 01812 10254 29087
22219 00262
33311 88872 20000 32615 20001 32611 20020 32609 43543
20040 32287 43570 20060 31880 20080 31713 20100 31617
20120 31543 43560 20140 31510 20180 31487 20300 31063 20500 30766
444 20110 21091 1235/ 521// 60001=
ZZYY 13010 22091 02004 300018 000006 6111/
11119 01912 10250 29088
22219 00260
444 20110 22091 0054/ 521// 60001=
ZZYY 31006 21091 1200/ 704038 022985 6112/
33311 88872 20001 32803 43463 20020 32798 43496 20040 32799 43499
20060 32750 43559 20080 32360 20100 31877 20120 31655 20140 31577
20180 31396 20300 31144
444 20120 21091 1051/ 521//=
ZZYY 31006 22091 02004 704038 022985 6111/
11119 01909 10267 29080
22219 00281
444 20110 22091 0257/ 521// 60401=
ZZYY 32316 21091 1200/ 702051 110046 6111/
33311 88872 20001 32252 43447 20040 32152 20060 31682 20080 31483
20100 31394 20120 31353 20140 31337 20180 31318 20300 31133
20500 30825
444 20110 21091 1357/ 521//=
ZZYY 32316 21091 1200/ 702051 110046 6111/
33311 88872 20001 32252 43447 20040 32152 20060 31682 20080 31483
20100 31394 20120 31353 20140 31337 20180 31318 20300 31133
20500 30825
444 20110 21091 1357/ 521//=
ZZYY 32316 22091 02004 702046 110043 6111/
11119 01316 10212 29086
22219 00221
444 20110 21091 2219/ 521// 60401=
ZZYY 43301 21091 12004 707985 094895 6111/
11119 02014 10269 29083
22219 00277
33311 88872 20000 32769 20001 32772 43298 20020 32632 20040 31659
20060 31405 20080 31335 20100 31304 20120 31291 20140 31271
20180 31222 20300 31086 20500 30803
444 20110 21091 1354/ 521// 60401=
ZZYY 43301 21091 12004 707985 094895 6111/
11119 02014 10269 29083
22219 00277
33311 88872 20000 32769 20001 32772 43298 20020 32632 20040 31659
20060 31405 20080 31335 20100 31304 20120 31291 20140 31271
20180 31222 20300 31086 20500 30803
444 20110 21091 1354/ 521// 60401=
ZZYY 32323 21091 1200/ 700048 109918 6112/
33311 88872 20001 32127 43474 20020 31909 43485 20040 31724 43490
20060 31609 43498 20080 31527 20100 31455 20120 31430 20140 31383
20180 31286 20300 31145 20500 30798
444 20120 21091 1357/ 521//=
ZZYY 32323 22091 02004 700044 109920 6111/
11119 01113 10210 29092 40119
22219 00209
444 20110 22091 0134/ 521// 60401=
ZZYY 32317 21091 1200/ 501932 110405 6111/
33311 88872 20001 32227 43478 20020 32187 20040 32048 20060 31987
20080 31638 20100 31372 20120 31333 20140 31316 20180 31284
20300 31175 20500 30865
444 20110 21091 1000/ 521//=
ZZYY 32321 21091 12004 700216 095433 6112/
11119 01410 10200 29083
22219 00209
33311 88872 20000 32085 20001 32104 43458
444 20120 21091 1356/ 521// 60401=
ZZYY 32318 21091 1200/ 504980 110007 6111/
33311 88872 20001 32410 43524 20040 32406 20060 32381 20080 31680
20100 31451 20120 31383 20140 31336 20180 31292 20300 31158
20500 30854
444 20110 21091 1001/ 521//=
ZZYY 32303 21091 12004 704944 094997 6111/
11119 02106 10250 29071
22219 00271
33311 88872 20000 32715 20001 32733 43304 20040 32531 20060 32091
20080 31826 20100 31567 20120 31434 20140 31397 20180 31338
20300 31149
444 20110 21091 1355/ 521// 60401=
ZZYY 32320 21091 1200/ 702114 095415 6112/
33311 88870 20040 32166 20060 31734 20080 31545 20100 31458
20120 31400 20140 31376 20180 31328 20300 31088 20500 30798
444 20120 21091 1356/ 521//=
ZZYY 32315 21091 1200/ 705004 110057 6111/
444 20110 21091 1357/ 521//=
ZZYY 32315 22091 02004 705007 110058 6111/
11119 01814 10247 29081
22219 00268
444 20110 22091 0243/ 521// 60401=
####018000201####
SSVX07 KARS 220309
ZZYY 48536 22091 0300/ 173229 154200 6112/
11119 11006 40065
444 20120 22091 0231/=
ZZYY 48534 22091 0300/ 783369 046230 6112/
11119 11137 40161
444 20120 22091 0247/=
####018000149####
SSVX13 KARS 220309
ZZYY 13585 22091 0100/ 706010 019174 6111/
11119 40130 57005
22219 00277
444 20110 22091 0258/ 50101 80128 80000 9/015=
####018013795####
SSVX02 KARS 220309
ZZYY 17677 21091 2330/ 521146 017211 6111/
11119 30222 40222 52006
22219 00219
444 20110 21091 2301/ 50101 80110 80000 9/015=
ZZYY 13904 22091 0300/ 717169 019419 6111/
22219 00281
444 20110 22091 0252/ 50101 80128 80001 9/015=
ZZYY 15945 22091 0301/ 505707 017577 6111/
22219 00250
444 20110 21091 2307/ 50101 80084 80009 9/015=
ZZYY 13624 22091 0301/ 711915 029877 6111/
22219 00283
444 20110 22091 0253/ 50101 80132 80001 9/015=
ZZYY 13518 22091 0300/ 706577 013160 6112/
22219 00275
444 20120 22091 0252/ 50101 80134 80002 9/015=
ZZYY 42547 22091 0254/ 738455 037142 6112/
22219 00238
444 20120 22091 0248/ 50101 80094 80001 9/015=
ZZYY 44518 22091 0257/ 743117 022855 6113/
22219 00200
444 20130 22091 0245/ 50101 80142 80002 9/015=
ZZYY 15943 22091 0300/ 504370 017837 6111/
22219 00248
444 20110 22091 0257/ 50101 80090 80255 9/015=
ZZYY 13569 22091 0240/ 728597 043558 6111/
11119 30234 40234 57009
22219 00279
444 20110 22091 0252/ 50101 80100 80000 9////=
ZZYY 13569 22091 0140/ 728593 043549 6112/
11119 30239 40239 57003
22219 00279
444 20120 22091 0050/ 50101 80100 80000 9////=
ZZYY 44880 22091 0230/ 726035 036009 6112/
11119 30212 40212 57010
22219 00263
444 20120 22091 0250/ 50101 80110 80006 9/015=
ZZYY 41573 22091 0220/ 727460 038011 6112/
11119 30224 40224 57007
22219 00270
444 20120 22091 0251/ 50101 80120 80000 9/015=
ZZYY 41573 22091 0120/ 727466 037995 6111/
11119 30225 40225 57005
22219 00270
444 20110 22091 0051/ 50101 80120 80000 9/015=
ZZYY 62935 22091 0250/ 735159 030579 6111/
11119 30223 40223
22219 00247
444 20110 22091 0245/ 50101 80100 80100 9/015=
ZZYY 31984 22091 0220/ 701313 029351 6111/
11119 30138 40138
22219 00276
444 20110 22091 0257/ 50101 80110 80098 9/015=
ZZYY 15641 22091 0300/ 501917 031732 6111/
22219 00263
444 20110 22091 0045/ 50101 80124 80180 9/015=
ZZYY 15677 22091 0300/ 514587 024230 6111/
22219 00239
444 20110 22091 0043/ 50101 80128 80001 9/015=
ZZYY 13959 22091 0258/ 714412 016971 6112/
22219 00301
444 20120 21091 2307/ 50101 80148 80001 9/015=
ZZYY 15928 22091 0301/ 513068 029894 6111/
22219 00249
444 20110 22091 0037/ 50101 80126 80001 9/015=
ZZYY 41555 22091 0300/ 734610 024442 6113/
11119 30230 40230
22219 00252
444 20130 22091 0245/ 50101 80100 80000 9/015=
ZZYY 13926 22091 0300/ 706174 023157 6112/
22219 00280
444 20120 22091 0253/ 50101 80109 80003 9/015=
ZZYY 13934 22091 0258/ 721793 028508 6112/
22219 00257
444 20120 22091 0251/ 50101 80124 80180 9/015=
ZZYY 44554 22091 0257/ 733787 038108 6112/
444 20120 22091 0250/ 50101 80098 80099 9/015=
ZZYY 13910 22091 0301/ 718388 018790 6111/
22219 00257
444 20110 22091 0251/ 50101 80044 80255 9/015=
ZZYY 13517 22091 0040/ 734986 017384 6112/
11119 30249 40249 52008
22219 00235
444 20120 21091 2308/ 50101 80120 80063 9/015=
ZZYY 13967 22091 0100/ 724832 033512 6112/
11119 30209 40209 57004
22219 00262
444 20120 22091 0050/ 50101 80110 80038 9/015=
ZZYY 15675 22091 0300/ 514643 025382 6111/
22219 00240
444 20110 22091 0044/ 50101 80128 80001 9/015=
ZZYY 13928 22091 0301/ 723550 034665 6111/
22219 00262
444 20110 22091 0257/ 50101 80124 80180 9/015=
ZZYY 13929 22091 0300/ 720816 029450 6113/
22219 00257
444 20130 22091 0251/ 50101 80124 80180 9/015=
ZZYY 15646 22091 0300/ 501903 031748 6111/
22219 00263
444 20110 22091 0046/ 50101 80122 80180 9/015=
ZZYY 62725 22091 0252/ 742318 020369 6111/
22219 00203
444 20110 22091 0250/ 50101 80118 80013 9/015=
ZZYY 13943 22091 0257/ 708053 029927 6112/
22219 00282
444 20120 22091 0252/ 50101 80075 80255 9/015=
ZZYY 62726 22091 0258/ 736136 019023 6112/
22219 00231
444 20120 22091 0249/ 50101 80120 80013 9/015=
ZZYY 44896 22091 0210/ 718323 022710 6113/
11119 30149 40149 57005
22219 00257
444 20130 22091 0251/ 50101 80070 80000 9/015=
ZZYY 13970 22091 0230/ 721705 034517 6112/
11119 30191 40191 57009
22219 00260
444 20120 22091 0251/ 50101 80100 80009 9/015=
ZZYY 44886 22091 0300/ 728976 036925 6112/
22219 00267
444 20120 22091 0250/ 50101 80074 80004 9/015=
ZZYY 62909 22091 0300/ 730605 026704 6112/
22219 00258
444 20120 22091 0250/ 50101 80108 80002 9/015=
ZZYY 41606 22091 0256/ 735329 041592 6112/
22219 00263
444 20120 22091 0249/ 50101 80057 80006 9/015=
ZZYY 44914 22091 0253/ 735005 044271 6113/
22219 00267
444 20130 22091 0052/ 50101 8//// 80007 9/015=
ZZYY 62723 22091 0256/ 740038 030275 6113/
22219 00222
444 20130 22091 0245/ 50101 80069 80009 9/015=
ZZYY 13903 22091 0258/ 724242 027829 6113/
22219 00252
444 20130 22091 0251/ 50101 80130 80100 9/015=
ZZYY 44894 22091 0255/ 742204 033360 6112/
22219 00209
444 20120 22091 0245/ 50101 80078 80004 9/015=
ZZYY 62934 22091 0259/ 729581 027480 6111/
22219 00255
444 20110 21091 2203/ 50101 80060 80009 9/015=
ZZYY 13960 22091 0301/ 713736 017359 6111/
22219 00291
444 20110 22091 0253/ 50101 80148 80010 9/015=
ZZYY 13945 22091 0301/ 714789 018201 6111/
22219 00290
444 20110 22091 0251/ 50101 80146 80008 9/015=
ZZYY 13590 22091 0301/ 725733 031375 6112/
22219 00260
444 20120 22091 0251/ 50101 80130 80100 9/015=
ZZYY 13600 22091 0300/ 733450 025794 6112/
11119 30237 40237 57006
22219 00248
444 20120 22091 0249/ 50101 80110 80013 9/015=
ZZYY 62727 22091 0256/ 741559 019739 6112/
444 20120 22091 0244/ 50101 8//// 80018 9/015=
ZZYY 13961 22091 0301/ 714742 017378 6112/
22219 00288
444 20120 22091 0257/ 50101 80144 80001 9/015=
ZZYY 44939 22091 0256/ 737231 037912 6111/
22219 00244
444 20110 22091 0250/ 50101 80050 80003 9/015=
ZZYY 62930 22091 0300/ 726619 031396 6113/
22219 00262
444 20130 22091 0250/ 50101 80084 80015 9/015=
ZZYY 31902 22091 0259/ 504392 035532 6112/
444 20120 22091 0046/ 50101 80122 80022 9/015=
ZZYY 15605 22091 0301/ 503510 035231 6111/
22219 00264
444 20110 22091 0045/ 50101 80088 80010 9/015=
ZZYY 31993 22091 0300/ 505876 032038 6112/
22219 00265
444 20120 22091 0045/ 50101 80122 80016 9/015=
ZZYY 31998 22091 0300/ 506195 033456 6111/
22219 00263
444 20110 22091 0044/ 50101 80122 80017 9/015=
ZZYY 13589 22091 0256/ 728685 014012 6112/
22219 00220
444 20120 22091 0250/ 50101 80108 80000 9/015=
ZZYY 44883 22091 0253/ 728786 037605 6111/
22219 00270
444 20110 22091 0050/ 50101 8//// 80014 9/015=
ZZYY 44881 22091 0257/ 736330 033128 6112/
22219 00249
444 20120 22091 0247/ 50101 80074 80002 9/015=
ZZYY 13548 22091 0250/ 705600 021125 6113/
444 20130 21091 2307/ 500// 9/001=
ZZYY 13548 22091 0300/ 705600 021125 6113/
22219 00278
444 20130 21091 2307/ 500// 80010 9/001=
ZZYY 41978 22091 0110/ 710276 046363 6113/
11119 30111 40111 52006
444 20130 22091 0047/ 50101 80120 80041 9/015=
ZZYY 15923 22091 0200/ 514832 021486 6112/
11119 30189 40189 57007
22219 00232
444 20120 22091 0037/ 50101 80120 80012 9/015=
ZZYY 41603 22091 0250/ 730434 040029 6113/
11119 30229 40229 57008
22219 00271
444 50101 80110 80034 9/015=
ZZYY 42518 22091 0256/ 728774 039094 6111/
22219 00274
444 20110 22091 0251/ 50101 80118 80001 9/015=
ZZYY 31711 22091 0300/ 507151 034259 6112/
22219 00260
444 20120 22091 0046/ 50101 80122 80017 9/015=
ZZYY 31786 22091 0300/ 503280 034273 6111/
22219 00265
444 20110 22091 0046/ 50101 80124 80013 9/015=
ZZYY 15602 22091 0300/ 502562 027404 6111/
22219 00263
444 20110 22091 0044/ 50101 80082 80010 9/015=
ZZYY 41607 22091 0200/ 717667 041704 6111/
11119 30165 40165 57011
22219 00271
444 20110 22091 0253/ 50101 80120 80034 9/015=
ZZYY 41607 22091 0100/ 717662 041704 6112/
11119 30174 40174 52007
22219 00272
444 20120 22091 0049/ 50101 80120 80034 9/015=
ZZYY 46903 22091 0257/ 730529 134512 6112/
22219 00217
444 20120 22091 0253/ 50101 80138 80000 9/015=
ZZYY 48673 22091 0302/ 776594 124274 6112/
444 500// 9/000=
ZZYY 46535 22091 0240/ 739164 141045 6112/
11119 30136 40136 57008
22219 00216
444 20120 22091 0257/ 50101 80123 80001 9/015=
ZZYY 46533 22091 0300/ 753671 147174 6111/
11119 39900 49900 52015
22219 00111
444 50101 80145 80057 9/015=
ZZYY 46533 22091 0200/ 753679 147144 6111/
11119 39896 49896 52017
22219 00111
444 20110 22091 0144/ 50101 80145 80057 9/015=
ZZYY 46769 22091 0254/ 721388 123384 6111/
22219 00241
444 20110 22091 0139/ 50101 80116 80112 9/015=
ZZYY 46568 22091 0300/ 753458 160479 6112/
11119 39914 49914 57001
22219 00104
444 20120 22091 0201/ 50101 80145 80054 9/015=
ZZYY 46568 22091 0200/ 753458 160479 6112/
11119 39915 49915 54000
22219 00104
444 20120 22091 0201/ 50101 80145 80051 9/015=
ZZYY 43556 22091 0254/ 720211 129033 6112/
22219 00227
444 20120 22091 0139/ 50101 80078 80019 9/015=
ZZYY 46617 22091 0200/ 751190 152776 6111/
11119 39943 49943 57003
22219 00107
444 50101 80153 80028 9/015=
ZZYY 46617 22091 0300/ 751208 152776 6112/
11119 39943 49943 57004
22219 00107
444 50101 80153 80024 9/015=
ZZYY 43555 22091 0254/ 717852 129728 6112/
22219 00254
444 20120 22091 0140/ 50101 80088 80017 9/015=
ZZYY 46927 22091 0257/ 733086 145712 6112/
22219 00242
444 20120 22091 0142/ 50101 80138 80003 9/015=
ZZYY 46616 22091 0255/ 721921 119200 6112/
22219 00236
444 20120 22091 0252/ 50101 80114 80092 9/015=
ZZYY 42513 22091 0252/ 728092 085668 6112/
22219 00290
444 20120 22091 0228/ 50101 80094 80002 9/015=
ZZYY 46609 22091 0253/ 722188 128704 6113/
22219 00225
444 20130 22091 0140/ 50101 80112 80137 9/015=
ZZYY 46559 22091 0252/ 712756 122389 6112/
22219 00283
444 20120 22091 0138/ 50101 80110 80011 9/015=
ZZYY 46540 22091 0040/ 742515 144537 6111/
11119 30096 40096 57013
22219 00184
444 20110 22091 0038/ 50101 80123 80008 9/015=
ZZYY 46540 22091 0240/ 742458 144543 6111/
11119 30080 40080 57020
22219 00184
444 20110 22091 0257/ 50101 80123 80009 9/015=
ZZYY 46583 22091 0253/ 716929 130645 6112/
22219 00256
444 20120 22091 0138/ 50101 80098 80023 9/015=
ZZYY 43557 22091 0255/ 722421 120048 6112/
22219 00232
444 20120 22091 0141/ 50101 80088 80015 9/015=
ZZYY 43558 22091 0256/ 722674 124672 6111/
444 20110 22091 0252/ 50101 80086 80255 9/015=
ZZYY 43553 22091 0252/ 721036 127810 6111/
22219 00228
444 20110 22091 0139/ 50101 80088 80035 9/015=
ZZYY 51882 22091 0251/ 711508 112479 6112/
22219 00288
444 20120 21091 2228/ 50101 80110 80001 9/015=
ZZYY 51623 22091 0252/ 710038 122139 6112/
22219 00279
444 20120 22091 0138/ 50101 80113 80005 9/015=
ZZYY 43554 22091 0257/ 728564 126438 6112/
22219 00204
444 20120 22091 0253/ 50101 80088 80036 9/015=
ZZYY 43551 22091 0256/ 723082 121182 6111/
22219 00221
444 20110 22091 0252/ 50101 80090 80015 9/015=
ZZYY 22576 22091 0257/ 732661 140235 6111/
22219 00242
444 20110 22091 0253/ 50101 80010 80000 9/015=
ZZYY 43552 22091 0256/ 728427 123293 6113/
444 20130 22091 0008/ 50101 80088 80022 9/015=
ZZYY 21998 22091 0230/ 744236 145431 6112/
11119 30064 40064 57018
22219 00158
444 20120 22091 0257/ 50101 80100 80000 9/015=
ZZYY 21544 22091 0240/ 746368 142457 6111/
11119 30064 40064 57006
22219 00146
444 20110 22091 0256/ 50101 80100 80063 9/015=
ZZYY 22910 22091 0258/ 740367 151631 6111/
22219 00200
444 20110 22091 0158/ 50101 80009 80099 9////=
ZZYY 51958 22091 0251/ 706941 113759 6112/
22219 00273
444 20120 22091 0135/ 50101 80079 80008 9/015=
ZZYY 46516 22091 0258/ 735432 140023 6111/
22219 00233
444 20110 22091 0254/ 50101 80094 80068 9////=
ZZYY 48656 22091 0250/ 780672 160382 6111/
22219 01022
444 20110 22091 0248/ 50101 80123 80001 9/015=
ZZYY 46561 22091 0200/ 754030 144526 6111/
11119 39901 49901 52016
22219 00112
444 20110 22091 0144/ 50101 80145 80035 9/015=
ZZYY 46561 22091 0300/ 754039 144553 6112/
11119 39906 49906 52015
22219 00112
444 20120 22091 0258/ 50101 80145 80032 9/015=
ZZYY 46924 22091 0255/ 724329 127500 6113/
22219 00218
444 20130 22091 0140/ 50101 80100 80145 9/015=
ZZYY 21990 22091 0230/ 748950 158288 6111/
11119 39997 49997 57007
22219 00108
444 20110 22091 0257/ 50101 80050 80000 9/015=
ZZYY 43543 22091 0256/ 720602 120950 6111/
22219 00242
444 20110 22091 0252/ 50101 80054 80020 9/015=
ZZYY 21546 22091 0210/ 743343 155690 6112/
11119 39945 49945 57039
22219 00161
444 20120 22091 0144/ 50101 80050 80029 9/015=
ZZYY 46917 22091 0230/ 737815 144377 6111/
11119 30125 40125 57015
22219 00224
444 20110 22091 0037/ 50101 80050 80063 9/015=
ZZYY 46586 22091 0300/ 755076 146802 6113/
11119 39865 49865 52013
22219 00106
444 50101 80153 80024 9/015=
ZZYY 51513 22091 0251/ 708902 107002 6112/
22219 00275
444 20120 22091 0001/ 50101 80117 80032 9/015=
ZZYY 32915 22091 0030/ 503765 105425 6112/
11119 30113 40113 52008
22219 00230
444 20120 21091 2352/ 50101 80130 80100 9/015=
ZZYY 46923 22091 0249/ 710636 129284 6112/
22219 00277
444 20120 22091 0138/ 50101 8//// 80015 9/015=
ZZYY 51620 22091 0250/ 707624 096848 6112/
22219 00276
444 20120 22091 0238/ 50101 80115 80007 9/015=
ZZYY 51975 22091 0250/ 709986 123285 6113/
22219 00278
444 20130 22091 0137/ 50101 80091 80008 9/015=
ZZYY 43540 22091 0250/ 715435 133181 6112/
22219 00263
444 20120 22091 0138/ 50101 80096 80016 9/015=
ZZYY 32676 22091 0150/ 501113 115381 6112/
11119 30114 40114 52014
22219 00221
444 20120 22091 0133/ 50101 80120 80060 9/015=
ZZYY 51904 22091 0251/ 709399 111463 6111/
22219 00276
444 20110 22091 0238/ 50101 80078 80001 9/015=
ZZYY 51670 22091 0251/ 710201 106573 6111/
444 20110 22091 0001/ 50101 80111 80006 9/015=
####018000529####
SSVX06 KARS 220309
ZZYY 47558 22091 0259/ 773765 081534 6113/
444 20130 22091 0246/ 500// 9/000=
ZZYY 48506 22091 0305/ 779549 119093 6112/
11119 40067
444 20120 22091 0300/ 500//=
ZZYY 48505 22091 0304/ 780192 127705 6112/
11119 40055
444 20120 22091 0247/ 500//=
ZZYY 48713 22091 0303/ 175324 165554 6112/
444 20120 22091 0230/ 500// 9/000=
ZZYY 47554 22091 0304/ 774358 112064 6111/
444 20110 22091 0301/ 500// 9/000=
ZZYY 47553 22091 0304/ 779342 103371 6112/
444 20120 22091 0247/ 500// 9/000=
####018000265####
SSVX04 KARS 220309
ZZYY 46658 22091 0255/ 753042 153448 6111/
11119 49884 54000
22219 00104
444 20110 22091 0300/ 503// 80158 80022=
ZZYY 46658 22091 0155/ 753029 153421 6111/
11119 49884 52002
22219 00104
444 20110 22091 0152/ 503// 80158 80024=
####018000131####
SSVX02 CWAO 220300
ZZYY 47549 22091 0300/ 782641 057098 6113/ 11119 11072 40152 444 20130 22091 0300/ 50101 80140 80001 9////=
####018000138####
SSVX02 CWAO 220300
ZZYY 55579 22091 0300/ 344402 159121 6113/ 11122 40166 52009 22219 00123 444 20130 22091 0300/ 50500 80138 80010 =
####018000143####
SSVX05 CWAO 220300
ZZYY 44675 22091 0300/ 739657 061374 6113/ 11119 40272 52005 22219 00227 444 20130 22091 0300/ 50501 80140 80013 9/010=
####018000138####
SSVX05 CWAO 220300
ZZYY 44673 22091 0300/ 747853 041847 6113/ 11119 40105 52011 22219 00171 444 20130 22091 0300/ 50500 80140 80019 =
####018000143####
SSVX05 CWAO 220300
ZZYY 44669 22091 0300/ 744656 051724 6113/ 11119 40192 57007 22219 00167 444 20130 22091 0300/ 50501 80146 80002 9////=
####018000125####
SSVX02 CWAO 220300
ZZYY 47545 22091 0300/ 784534 110450 6113/ 22291 01015 444 20130 22091 0300/ 50701 80140 80001 9////=
####018000120####
SSVX02 CWAO 220300
ZZYY 48517 22091 0300/ 776670 137021 6113/ 11119 40013 444 20130 22091 0300/ 50300 80143 80001 =
####018000125####
SSVX02 CWAO 220300
ZZYY 47531 22091 0300/ 784419 064723 6113/ 11131 11001 444 20130 22091 0300/ 50701 80138 80001 9////=
####018000138####
SSVX05 CWAO 220300
ZZYY 44674 22091 0300/ 740431 041137 6113/ 11119 40223 57001 22219 00225 444 20130 22091 0300/ 50500 80140 80003 =
####018000149####
SSVX02 CWAO 220300
ZZYY 48631 22091 0300/ 788548 047717 6113/ 11193 00000 11172 29088 40155 52004 444 20130 22091 0300/ 50401 80138 80001 9////=
####018000120####
SSVX02 CWAO 220300
ZZYY 47544 22091 0300/ 771756 101196 6113/ 22219 00012 444 20130 22091 0300/ 50700 80140 80001 =
####018000138####
SSVX05 CWAO 220300
ZZYY 44668 22091 0300/ 743531 048558 6113/ 11119 40219 57003 22219 00150 444 20130 22091 0300/ 50500 80144 80016 =
####018000120####
SSVX02 CWAO 220300
ZZYY 48516 22091 0300/ 775158 136696 6113/ 11119 49974 444 20130 22091 0300/ 50300 80146 80001 =
####018000125####
SSVX02 CWAO 220300
ZZYY 47532 22091 0300/ 782992 062227 6113/ 11119 11099 444 20130 22091 0300/ 50701 80136 80001 9////=
####018000125####
SSVX02 CWAO 220300
ZZYY 48526 22091 0300/ 772750 148136 6113/ 11119 49961 444 20130 22091 0300/ 51201 80143 80001 9////=
####018000138####
SSVX02 CWAO 220300
ZZYY 55580 22091 0300/ 340965 151432 6113/ 11119 40167 57017 22219 00142 444 20130 22091 0300/ 50500 80138 80016 =
####018000120####
SSVX02 CWAO 220300
ZZYY 48633 22091 0300/ 173452 175137 6113/ 11119 40091 444 20130 22091 0300/ 50100 80137 80001 =
####018000128####
SSVX02 CWAO 220300
ZZYY 47531 22091 0300/ 784419 064723 6113/ 11131 11001 444 20130 22091 0300/ 50701 80138 80001 9////=

####018000125####
SSVX02 CWAO 220300
ZZYY 48527 22091 0300/ 778099 155413 6113/ 11119 40035 444 20130 22091 0300/ 51201 80138 80001 9////=
####018000128####
SSVX02 CWAO 220300
ZZYY 47545 22091 0300/ 784534 110450 6113/ 22291 01015 444 20130 22091 0300/ 50701 80140 80001 9////=

####018000123####
SSVX02 CWAO 220300
ZZYY 48517 22091 0300/ 776670 137021 6113/ 11119 40013 444 20130 22091 0300/ 50300 80143 80001 =

####018000125####
SSVX02 CWAO 220300
ZZYY 48630 22091 0300/ 174018 173142 6113/ 22219 01006 444 20130 22091 0300/ 50101 80140 80001 9////=
####018000152####
SSVX02 CWAO 220300
ZZYY 48631 22091 0300/ 788548 047717 6113/ 11193 00000 11172 29088 40155 52004 444 20130 22091 0300/ 50401 80138 80001 9////=

####018000126####
SSVX02 CWAO 220300
ZZYY 47546 22091 0300/ 783383 079626 6113/ 11119 40147 52004 444 20130 22091 0300/ 50600 80136 80001 =
####018000141####
SSVX02 CWAO 220300
ZZYY 55579 22091 0300/ 344402 159121 6113/ 11122 40166 52009 22219 00123 444 20130 22091 0300/ 50500 80138 80010 =

####018000125####
SSVX02 CWAO 220300
ZZYY 47533 22091 0300/ 782990 062196 6113/ 22291 01008 444 20130 22091 0300/ 50701 80138 80001 9////=
####018000120####
SSVX02 CWAO 220300
ZZYY 47555 22091 0300/ 771630 067607 6113/ 22219 00028 444 20130 22091 0300/ 50500 80140 80001 =
####018000125####
SSVX02 CWAO 220300
ZZYY 48529 22091 0300/ 775149 177618 6113/ 11119 40071 444 20130 22091 0300/ 51201 80139 80001 9////=
####018000134####
SSVX02 CWAO 220300
ZZYY 47549 22091 0300/ 782641 057098 6113/ 11119 11072 40152 444 20130 22091 0300/ 50101 80140 80001 9////=

####018000125####
SSVX02 CWAO 220300
ZZYY 47537 22091 0300/ 784419 064787 6113/ 22291 00003 444 20130 22091 0300/ 50701 80138 80001 9////=
####018000141####
SSVX05 CWAO 220300
ZZYY 44674 22091 0300/ 740431 041137 6113/ 11119 40223 57001 22219 00225 444 20130 22091 0300/ 50500 80140 80003 =

####018000141####
SSVX05 CWAO 220300
ZZYY 44673 22091 0300/ 747853 041847 6113/ 11119 40105 52011 22219 00171 444 20130 22091 0300/ 50500 80140 80019 =

####018000128####
SSVX02 CWAO 220300
ZZYY 47532 22091 0300/ 782992 062227 6113/ 11119 11099 444 20130 22091 0300/ 50701 80136 80001 9////=

####018000141####
SSVX05 CWAO 220300
ZZYY 44668 22091 0300/ 743531 048558 6113/ 11119 40219 57003 22219 00150 444 20130 22091 0300/ 50500 80144 80016 =

####018000146####
SSVX05 CWAO 220300
ZZYY 44669 22091 0300/ 744656 051724 6113/ 11119 40192 57007 22219 00167 444 20130 22091 0300/ 50501 80146 80002 9////=

####018000128####
SSVX02 CWAO 220300
ZZYY 48526 22091 0300/ 772750 148136 6113/ 11119 49961 444 20130 22091 0300/ 51201 80143 80001 9////=

####018000141####
SSVX02 CWAO 220300
ZZYY 55580 22091 0300/ 340965 151432 6113/ 11119 40167 57017 22219 00142 444 20130 22091 0300/ 50500 80138 80016 =

####018000123####
SSVX02 CWAO 220300
ZZYY 48516 22091 0300/ 775158 136696 6113/ 11119 49974 444 20130 22091 0300/ 50300 80146 80001 =

####018000123####
SSVX02 CWAO 220300
ZZYY 47544 22091 0300/ 771756 101196 6113/ 22219 00012 444 20130 22091 0300/ 50700 80140 80001 =

####018000146####
SSVX05 CWAO 220300
ZZYY 44675 22091 0300/ 739657 061374 6113/ 11119 40272 52005 22219 00227 444 20130 22091 0300/ 50501 80140 80013 9/010=

####018000123####
SSVX02 CWAO 220300
ZZYY 48633 22091 0300/ 173452 175137 6113/ 11119 40091 444 20130 22091 0300/ 50100 80137 80001 =

####018000128####
SSVX02 CWAO 220300
ZZYY 47537 22091 0300/ 784419 064787 6113/ 22291 00003 444 20130 22091 0300/ 50701 80138 80001 9////=

####018000128####
SSVX02 CWAO 220300
ZZYY 48630 22091 0300/ 174018 173142 6113/ 22219 01006 444 20130 22091 0300/ 50101 80140 80001 9////=

####018000128####
SSVX02 CWAO 220300
ZZYY 48527 22091 0300/ 778099 155413 6113/ 11119 40035 444 20130 22091 0300/ 51201 80138 80001 9////=

####018000128####
SSVX02 CWAO 220300
ZZYY 48529 22091 0300/ 775149 177618 6113/ 11119 40071 444 20130 22091 0300/ 51201 80139 80001 9////=

####018000128####
SSVX02 CWAO 220300
ZZYY 47533 22091 0300/ 782990 062196 6113/ 22291 01008 444 20130 22091 0300/ 50701 80138 80001 9////=

####018000129####
SSVX02 CWAO 220300
ZZYY 47546 22091 0300/ 783383 079626 6113/ 11119 40147 52004 444 20130 22091 0300/ 50600 80136 80001 =

####018000123####
SSVX02 CWAO 220300
ZZYY 47555 22091 0300/ 771630 067607 6113/ 22219 00028 444 20130 22091 0300/ 50500 80140 80001 =

####018000117####
SSVX07 LFVW 220309
ZZYY 48548 22091 0300/ 774310 127977 6111/
11119 11009 39912 49912
444 20110 22091 0247/=
####018000143####
SSVX12 LFVW 220309
ZZYY 25619 22091 0300/ 183254 131489 6113/
11119 11082 49803 52031
22219 01046
444 20130 22091 0249/ 501// 80140=
####018000146####
SSVX13 LFPW 220300
ZZYY 44761 22091 0300/ 753673 035245 6113/ 11119 49993 57021 22219
 00106 444 20130 22091 0300/ 50101 80126 80019 9/015=
####018000146####
SSVX13 LFPW 220300
ZZYY 44762 22091 0300/ 752175 041330 6113/ 11119 40014 57008 22219
 00117 444 20130 22091 0300/ 50101 80128 80016 9/015=
####018000134####
SSVX13 LFPW 220259
ZZYY 25615 22091 0259/ 184246 152523 6113/ 11119 49971 52028 444
 20130 22091 0255/ 50101 80138 8//// 9/015=
####018000146####
SSVX13 LFPW 220300
ZZYY 44546 22091 0300/ 754307 039535 6113/ 11119 40014 57013 22219
 00097 444 20130 22091 0300/ 50101 80143 80013 9/015=
####018000146####
SSVX13 LFPW 220300
ZZYY 62514 22091 0300/ 735237 021458 6113/ 11119 40241 57006 22219
 00241 444 20130 22091 0300/ 50101 80136 80003 9/015=
####018000146####
SSVX13 LFPW 220300
ZZYY 64615 22091 0300/ 747558 047503 6113/ 11119 40135 57255 22219
 00097 444 20130 22091 0300/ 50101 80136 80037 9/015=
####018000146####
SSVX13 LFPW 220300
ZZYY 62575 22091 0300/ 762044 033826 6113/ 11119 40001 54000 22219
 00097 444 20130 22091 0300/ 50101 80118 80006 9/015=
####018000146####
SSVX13 LFPW 220300
ZZYY 64614 22091 0300/ 758974 033472 6113/ 11119 49997 57009 22219
 00100 444 20130 22091 0300/ 50101 80143 80026 9/015=
####018000134####
SSVX13 LFPW 220300
ZZYY 31864 22091 0300/ 538182 022796 6113/ 11119 40210 57012 444
 20130 22091 0300/ 50101 80126 80002 9/015=
####018000146####
SSVX13 LFPW 220300
ZZYY 62574 22091 0300/ 760764 013080 6113/ 11119 49966 52021 22219
 00120 444 20130 22091 0300/ 50101 80108 80002 9/015=
####018000146####
SSVX13 LFPW 220300
ZZYY 44763 22091 0300/ 746362 038767 6113/ 11119 40114 52002 22219
 00179 444 20130 22091 0300/ 50101 80132 80003 9/015=
####018000146####
SSVX13 LFPW 220300
ZZYY 33703 22091 0300/ 337799 045161 6113/ 11119 40273 52009 22219
 00166 444 20130 22091 0300/ 50101 80126 80000 9/015=
####018005165####
SSVX02 KARS 220311
ZZYY 71661 22091 0210/ 546769 026972 6111/
11119 30092 40092
22219 00044
444 20110 22091 0106/ 50101 80110 80002 9/015=
ZZYY 33683 22091 0240/ 544272 000787 6112/
11119 30172 40172 52029
22219 00079
444 20120 22091 0105/ 50101 80110 80000 9/015=
ZZYY 33683 22091 0140/ 544272 000787 6112/
11119 30163 40163 52025
22219 00079
444 20120 22091 0105/ 50101 80110 80000 9/015=
ZZYY 55946 22091 0240/ 356101 026927 6112/
11119 39897 49897 52010
22219 00002
444 20120 22091 0210/ 50101 80100 80006 9/015=
ZZYY 33575 22091 0240/ 542646 028306 6112/
11119 30086 40086
22219 00099
444 20120 22091 0107/ 50101 80110 80100 9/015=
ZZYY 33570 22091 0253/ 546750 045253 6111/
22219 00088
444 20110 22091 0100/ 50101 80108 80049 9/015=
ZZYY 33964 22091 0254/ 544017 030198 6112/
22219 00088
444 20120 22091 0026/ 50101 80114 80006 9/015=
ZZYY 34518 22091 0130/ 542148 046861 6112/
11119 30040 40040 57013
444 20120 22091 0059/ 50101 80110 80050 9/015=
ZZYY 17672 22091 0210/ 537774 011399 6112/
11119 30253 40253 54000
22219 00122
444 20120 22091 0105/ 50101 80110 80008 9/015=
ZZYY 16587 22091 0250/ 548401 055228 6111/
22219 00039
444 20110 22091 0222/ 50101 80100 80000 9/015=
ZZYY 71703 22091 0253/ 550207 044992 6111/
22219 00026
444 20110 22091 0222/ 50101 80118 80108 9/015=
ZZYY 71642 22091 0220/ 545204 014049 6113/
11119 30210 40210 52012
444 20130 22091 0106/ 50101 80110 80057 9/015=
ZZYY 71642 22091 0120/ 545204 014049 6113/
11119 30206 40206 52008
444 20130 22091 0106/ 50101 80110 80057 9/015=
ZZYY 71673 22091 0240/ 554213 025471 6112/
11119 39953 49953
22219 00004
444 20120 22091 0105/ 50101 80110 80000 9/015=
ZZYY 33581 22091 0200/ 545736 023236 6112/
11119 30152 40152
22219 00064
444 20120 22091 0105/ 50101 80110 80100 9/015=
ZZYY 71635 22091 0254/ 548348 043209 6112/
22219 00047
444 20120 22091 0058/ 50101 80114 80117 9/015=
ZZYY 71674 22091 0210/ 544281 034693 6112/
11119 30017 40017
22219 00066
444 20120 22091 0042/ 50101 80110 80100 9/015=
ZZYY 71701 22091 0253/ 551913 043415 6111/
22219 00012
444 20110 22091 0221/ 50101 80114 80113 9/015=
ZZYY 71671 22091 0240/ 553140 038848 6112/
11119 39878 49878
22219 00004
444 20120 22091 0221/ 50101 80110 80000 9/015=
ZZYY 71667 22091 0240/ 556659 023135 6112/
11119 39998 49998
22219 01004
444 20120 22091 0218/ 50101 80110 80100 9/015=
ZZYY 71696 22091 0253/ 548883 033926 6111/
22219 00038
444 20110 22091 0057/ 50101 80116 80164 9/015=
ZZYY 71709 22091 0254/ 548761 040250 6112/
22219 00021
444 20120 22091 0057/ 50101 80116 80106 9/015=
ZZYY 71573 22091 0253/ 553966 042893 6111/
22219 00009
444 20110 22091 0220/ 50101 80116 80088 9/015=
ZZYY 71677 22091 0220/ 546957 028578 6111/
11119 30057 40057
22219 00039
444 20110 22091 0055/ 50101 80110 80100 9/015=
ZZYY 33592 22091 0130/ 543186 016805 6111/
22219 00087
444 20110 22091 0105/ 50101 80110 80000 9/015=
ZZYY 33534 22091 0230/ 547360 046722 6112/
11119 30020 40020 52008
22219 00091
444 20120 22091 0058/ 50101 80110 80051 9/015=
ZZYY 33517 22091 0230/ 554582 031311 6112/
11119 39873 49873
22219 01011
444 20120 22091 0219/ 50101 80100 80100 9/015=
ZZYY 55950 22091 0240/ 551369 044845 6111/
11119 39995 49995 52011
444 20110 22091 0222/ 50101 80100 80007 9/015=
ZZYY 31784 22091 0220/ 533082 025977 6113/
11119 30228 40228 57006
22219 00168
444 20130 22091 0029/ 50101 80050 80001 9/015=
ZZYY 56563 22091 0250/ 558682 069105 6112/
11119 30153 40153 57013
22219 00045
444 20120 22091 0221/ 50101 80100 80000 9/015=
ZZYY 71690 22091 0230/ 551392 024937 6112/
22219 00022
444 20120 22091 0106/ 50101 80110 80011 9/015=
ZZYY 71690 22091 0130/ 551392 024937 6112/
22219 00022
444 20120 22091 0106/ 50101 80110 80015 9/015=
ZZYY 31753 22091 0220/ 533427 031910 6113/
11119 30147 40147 57005
22219 00159
444 20130 22091 0028/ 50101 80060 80000 9/015=
ZZYY 33655 22091 0250/ 547558 003667 6112/
11119 30106 40106
22219 00033
444 20120 22091 0104/ 50101 80100 80100 9/015=
ZZYY 33672 22091 0200/ 543063 044415 6112/
11119 30019 40019
22219 00087
444 20120 22091 0058/ 50101 80110 80100 9/015=
ZZYY 33510 22091 0230/ 548982 054107 6111/
11119 30147 40147
22219 00052
444 20110 22091 0224/ 50101 80110 80100 9/015=
ZZYY 33579 22091 0250/ 551459 013475 6112/
11119 30072 40072
22219 00016
444 20120 22091 0105/ 50101 80110 80100 9/015=
ZZYY 33509 22091 0250/ 549129 046892 6112/
11119 30050 40050
22219 00056
444 20120 22091 0056/ 50101 80110 80100 9/015=
ZZYY 33582 22091 0210/ 549488 000010 6112/
11119 39958 49958 57019
22219 00037
444 20120 22091 0105/ 50101 80110 80006 9/015=
ZZYY 33532 22091 0220/ 548485 021820 6112/
11119 30155 40155
22219 00025
444 20120 22091 0107/ 50101 80100 80100 9/015=
ZZYY 33555 22091 0120/ 339666 006436 6112/
11119 30201 40201 57013
22219 00120
444 20120 22091 0105/ 50101 80100 80098 9/015=
ZZYY 33660 22091 0240/ 546728 024551 6113/
22219 00043
444 20130 22091 0027/ 50101 80110 80100 9/015=
####018000149####
SSVX13 KARS 220311
ZZYY 71665 22091 0230/ 353414 001933 6111/
11119 39859 49859
22219 01006
444 20110 22091 0105/ 50101 80110 80100 9/015=
