####018000542####
SSWB19 RKSL 220900
ZZYY 22101 22091 09001 13723/ 12602/
11109 02907 10216 40120 5////
22209 00216 10301 20032 21007=
ZZYY 22102 22091 09001 13480/ 12577/
11109 00306 10205 40133 5////
22209 00205 10502 20053 21009=
ZZYY 22103 22091 09001 13400/ 12750/
11109 010000 10215 40116 5////
22209 00217 10902 20091 21011=
ZZYY 22104 22091 09001 13477/ 12890/
11109 00903 10210 40114 5////
22209 00232 10904 20091 21020=
ZZYY 22106 22091 09001 13635/ 12978/
11109 00603 10206 4//// 5////
22209 00214 11105 20107 21024=
####018000557####
SSWB19 RKSL 220900
ZZYY 22101 22091 09001 13723/ 12602/ 
11109 02907 10216 40120 5//// 
22209 00216 10301 20032 21007= 
ZZYY 22102 22091 09001 13480/ 12577/ 
11109 00306 10205 40133 5//// 
22209 00205 10502 20053 21009= 
ZZYY 22103 22091 09001 13400/ 12750/ 
11109 010000 10215 40116 5//// 
22209 00217 10902 20091 21011= 
ZZYY 22104 22091 09001 13477/ 12890/ 
11109 00903 10210 40114 5//// 
22209 00232 10904 20091 21020= 
ZZYY 22106 22091 09001 13635/ 12978/ 
11109 00603 10206 4//// 5//// 
22209 00214 11105 20107 21024= 
####018001773####
SSVX08 KARS 220919
ZZYY 43301 21091 12004 707985 094895 6111/
11119 02014 10269 29083
22219 00277
33311 88872 20000 32769 20001 32772 43298 20020 32632 20040 31659
20060 31405 20080 31335 20100 31304 20120 31291 20140 31271
20180 31222 20300 31086 20500 30803
444 20110 21091 1354/ 521// 60401=
ZZYY 43301 21091 12004 707985 094895 6111/
11119 02014 10269 29083
22219 00277
33311 88872 20000 32769 20001 32772 43298 20020 32632 20040 31659
20060 31405 20080 31335 20100 31304 20120 31291 20140 31271
20180 31222 20300 31086 20500 30803
444 20110 21091 1354/ 521// 60401=
ZZYY 43301 22091 09004 707996 094915 6111/
11119 02604 10267 29078
22219 00276
444 20110 22091 0737/ 521// 60401=
ZZYY 43301 22091 09004 707996 094915 6111/
11119 02604 10267 29078
22219 00276
444 20110 22091 0737/ 521// 60401=
ZZYY 32303 21091 12004 704944 094997 6111/
11119 02106 10250 29071
22219 00271
33311 88872 20000 32715 20001 32733 43304 20040 32531 20060 32091
20080 31826 20100 31567 20120 31434 20140 31397 20180 31338
20300 31149
444 20110 21091 1355/ 521// 60401=
ZZYY 32320 21091 1200/ 702114 095415 6112/
33311 88870 20040 32166 20060 31734 20080 31545 20100 31458
20120 31400 20140 31376 20180 31328 20300 31088 20500 30798
444 20120 21091 1356/ 521//=
ZZYY 32320 22091 09004 702100 095418 6111/
11119 01807 10228 29079
444 20110 22091 0741/ 521// 60401=
ZZYY 43001 21091 1200/ 708055 110126 6112/
33311 88872 20001 32743 43313 20020 32744 20040 32737 20060 32401
20080 31724 20100 31437 20120 31283 20140 31231 20180 31170
20300 31035 20500 30878
444 20120 21091 0956/ 521//=
ZZYY 43001 22091 09004 708041 110115 6111/
11119 02016 10260 29081
22219 00273
444 20110 22091 0802/ 521// 60401=
####018002621####
SSVX02 KARS 220919
ZZYY 41592 22091 0914/ 732132 071342 6112/
444 20120 22091 0907/ 50101 80096 80045 9/015=
ZZYY 41987 22091 0820/ 728212 075269 6112/
11119 30175 40175 57018
444 20120 22091 0900/ 50101 80130 80009 9/015=
ZZYY 41969 22091 0800/ 731899 073385 6113/
11119 30210 40210 57008
22219 00280
444 20130 22091 0752/ 50101 80138 80008 9/015=
ZZYY 41967 22091 0810/ 726588 074661 6113/
11119 30169 40169 57018
22219 00285
444 20130 22091 0753/ 50101 80138 80004 9/015=
ZZYY 41956 22091 0911/ 730674 064223 6113/
22219 00279
444 20130 22091 0901/ 50101 8//// 80001 9/015=
ZZYY 31527 22091 0912/ 732834 075163 6112/
22219 00273
444 20120 22091 0906/ 50101 8//// 80001 9////=
ZZYY 41611 22091 0915/ 727267 073219 6111/
22219 00289
444 20110 22091 0912/ 50101 80140 80007 9/015=
ZZYY 41570 22091 0914/ 726882 075067 6111/
22219 00284
444 20110 22091 0908/ 50101 80140 80002 9/015=
ZZYY 41926 22091 0910/ 733125 074159 6111/
11119 30205 40205 57006
22219 00271
444 20110 22091 0908/ 50101 80110 80037 9/015=
ZZYY 41563 22091 0915/ 731649 071602 6112/
22219 00272
444 20120 22091 0908/ 50101 80110 80000 9/015=
ZZYY 41945 22091 0910/ 731024 079297 6111/
11119 30178 40178
22219 00291
444 20110 22091 0906/ 50101 80110 80100 9/015=
ZZYY 41939 22091 0910/ 731496 076461 6112/
11119 30195 40195 57007
22219 00273
444 20120 22091 0908/ 50101 80120 80066 9/015=
ZZYY 41943 22091 0913/ 732472 065264 6112/
22219 00274
444 20120 22091 0908/ 50101 80144 80003 9/015=
ZZYY 46769 22091 0915/ 721405 123408 6113/
22219 00241
444 20130 22091 0554/ 50101 80116 80095 9/015=
ZZYY 51620 22091 0914/ 707568 096761 6111/
22219 00276
444 20110 22091 0758/ 50101 80115 80006 9/015=
ZZYY 41609 22091 0914/ 732046 066685 6111/
22219 00274
444 20110 22091 0907/ 50101 80144 80003 9/015=
ZZYY 42513 22091 0915/ 728092 085693 6112/
22219 00290
444 20120 22091 0908/ 50101 80094 80001 9/015=
ZZYY 43557 22091 0915/ 722396 120061 6111/
22219 00232
444 20110 22091 0800/ 50101 80088 80015 9/015=
ZZYY 31982 22091 0913/ 731241 067142 6113/
22219 00265
444 20130 22091 0856/ 50101 80051 80099 9/015=
ZZYY 43554 22091 0915/ 728566 126418 6113/
22219 00203
444 20130 22091 0553/ 50101 80088 80031 9/015=
ZZYY 43551 22091 0914/ 723075 121165 6112/
22219 00221
444 20120 22091 0554/ 50101 80090 80015 9/015=
ZZYY 43537 22091 0913/ 738457 066033 6112/
22219 00261
444 20120 22091 0906/ 50101 80122 80013 9/015=
ZZYY 43543 22091 0914/ 720580 120941 6113/
22219 00243
444 20130 22091 0554/ 50101 80054 9/015=
####018000269####
SSVF21 EIDB 220900
ZZYY 62091 22091 09001 753479 005424 11199 02608 10131 29077 40172 22299 00140 10402 20040 21012 33300 88872 20000 40000=
ZZYY 62093 22091 09001 754998 009998 11199 02508 10126 29072 40138 22299 00130 10809 20081 21044 33300 88872 20000 43537=
####018000143####
SSVX02 CWAO 220900
ZZYY 47507 22091 0900/ 781490 106267 6113/ 11119 40109 52003 22291 01014 444 20130 22091 0900/ 50701 80140 80001 9////=
####018000131####
SSVX02 CWAO 220900
ZZYY 47506 22091 0900/ 784761 068394 6113/ 11119 40158 52002 444 20130 22091 0900/ 50701 80134 80001 9////=
####018000134####
SSVX02 CWAO 220900
ZZYY 47506 22091 0900/ 784761 068394 6113/ 11119 40158 52002 444 20130 22091 0900/ 50701 80134 80001 9////=

####018000146####
SSVX02 CWAO 220900
ZZYY 47507 22091 0900/ 781490 106267 6113/ 11119 40109 52003 22291 01014 444 20130 22091 0900/ 50701 80140 80001 9////=

####018000915####
SSVX02 KARS 220921
ZZYY 11906 22091 0630/ 112462 060915 6113/
11119 30124 40124 54000
22219 00268
444 50101 80138 80003 9/015=
ZZYY 14928 22091 0840/ 105988 087848 6112/
22219 00285
444 20120 22091 0712/ 50101 80099 80005 9/015=
ZZYY 14949 22091 0700/ 106988 064808 6112/
11119 30120 40120 52246
22219 00290
444 20120 22091 0632/ 50101 80110 80006 9/015=
ZZYY 23973 22091 0750/ 312480 088920 6111/
11119 30138 40138 52234
22219 00274
444 20110 21091 1834/ 50101 80110 80013 9/015=
ZZYY 41967 22091 0910/ 726599 074658 6112/
11119 30171 40171 57009
22219 00285
444 20120 22091 0911/ 50101 80138 80003 9/015=
ZZYY 41916 22091 0910/ 728385 076729 6112/
11119 30177 40177 57009
22219 00282
444 20120 22091 0857/ 50101 80120 80063 9/015=
ZZYY 32915 22091 0830/ 503733 105595 6113/
11119 30128 40128 57016
22219 00228
444 20130 22091 0802/ 50101 80130 80100 9/015=
####018003361####
SSVX08 KARS 220921
ZZYY 53009 21091 1200/ 311887 093328 6111/
33311 88872 20020 32651 43401 20040 32651 43407 20060 32651 43403
20080 32650 20100 32613 20120 32488 20180 31930 20300 31219
20500 30915
444 20110 21091 1201/ 521//=
ZZYY 53009 22091 08004 311880 093318 6111/
11119 01112 10264 29080
444 20110 22091 0831/ 521// 60401=
ZZYY 23002 21091 1200/ 101571 080508 6111/
33311 88872 20001 32919 43444 20020 32895 43446 20040 32876 43462
20060 32718 43491 20080 32454 20100 32194 20120 31927 20140 31774
20180 31393 20300 31166
444 20110 21091 1306/ 521//=
ZZYY 23002 22091 0800/ 101567 080508 6112/
22219 00294
444 20120 22091 0833/ 521//=
ZZYY 23004 21091 12004 100014 089844 6111/
11119 01408 10276 29082
22219 00285
33311 88872 20000 32851 20001 32848 43336 20020 32861 43390
20040 32728 43448 20060 32333 43529 20080 32214 20100 32077
20120 31869 20140 31648 20180 31508 20300 31214 20500 31005
444 20110 21091 1205/ 521// 60401=
ZZYY 23004 22091 08004 100021 089844 6112/
11119 01510 10284 29078
22219 00288
444 20120 22091 0716/ 521// 60401=
ZZYY 32317 21091 1200/ 501932 110405 6111/
33311 88872 20001 32227 43478 20020 32187 20040 32048 20060 31987
20080 31638 20100 31372 20120 31333 20140 31316 20180 31284
20300 31175 20500 30865
444 20110 21091 1000/ 521//=
ZZYY 32317 22091 0900/ 501869 110502 6112/
11119 10221 29091
22219 00223
444 20120 22091 0423/ 521//=
ZZYY 32321 21091 12004 700216 095433 6112/
11119 01410 10200 29083
22219 00209
33311 88872 20000 32085 20001 32104 43458
444 20120 21091 1356/ 521// 60401=
ZZYY 32321 22091 09004 700214 095423 6112/
11119 01506 10205 29082
22219 00202
444 20120 22091 0741/ 521// 60401=
ZZYY 32303 21091 12004 704944 094997 6111/
11119 02106 10250 29071
22219 00271
33311 88872 20000 32715 20001 32733 43304 20040 32531 20060 32091
20080 31826 20100 31567 20120 31434 20140 31397 20180 31338
20300 31149
444 20110 21091 1355/ 521// 60401=
ZZYY 32320 21091 1200/ 702114 095415 6112/
33311 88870 20040 32166 20060 31734 20080 31545 20100 31458
20120 31400 20140 31376 20180 31328 20300 31088 20500 30798
444 20120 21091 1356/ 521//=
ZZYY 32320 22091 09004 702100 095418 6111/
11119 01807 10228 29079
444 20110 22091 0741/ 521// 60401=
ZZYY 32315 21091 1200/ 705004 110057 6111/
33311 88872 20001 32688 43401 20020 32689 20040 32690 20060 32690
20080 32678 20100 32011 20120 31581 20140 31321 20180 31143
20300 31034 20500 30804
444 20110 21091 1357/ 521//=
ZZYY 32315 22091 09004 705015 110054 6111/
11119 01513 10247 29074
22219 00267
444 20110 22091 0806/ 521// 60401=
ZZYY 32316 21091 1200/ 702051 110046 6111/
33311 88872 20001 32252 43447 20040 32152 20060 31682 20080 31483
20100 31394 20120 31353 20140 31337 20180 31318 20300 31133
20500 30825
444 20110 21091 1357/ 521//=
ZZYY 32316 22091 09004 702045 110044 6111/
11119 01215 10210 29084
22219 00224
444 20110 22091 0408/ 521// 60401=
ZZYY 43001 21091 1200/ 708055 110126 6112/
33311 88872 20001 32743 43313 20020 32744 20040 32737 20060 32401
20080 31724 20100 31437 20120 31283 20140 31231 20180 31170
20300 31035 20500 30878
444 20120 21091 0956/ 521//=
ZZYY 43001 22091 09004 708041 110115 6111/
11119 02016 10260 29081
22219 00273
444 20110 22091 0802/ 521// 60401=
