####018000129####
SSVX02 LFVW 220045
ZZYY 22689 22091 0038/ 735777 177737 6111/
22219 00240
444 20110 22091 0013/ 50101 80114 80008 9/015=
####018000143####
SSVX04 KARS 220044
ZZYY 46658 21091 2354/ 753030 153396 6112/
11119 49884 52005
22219 00104
444 20120 22091 0014/ 503// 80158 80019=
####018014721####
SSVX02 KARS 220044
ZZYY 21966 21091 2330/ 134201 167998 6112/
11119 30253 40253 52002
22219 00264
444 20120 21091 2228/ 50101 80120 80013 9/015=
ZZYY 21966 22091 0030/ 134184 168022 6111/
11119 30250 40250 57002
22219 00268
444 20110 22091 0036/ 50101 80120 80009 9/015=
ZZYY 21571 21091 2310/ 131129 162201 6112/
11119 30235 40235 54000
22219 00272
444 20120 21091 2228/ 50101 80120 80084 9/015=
ZZYY 21571 22091 0010/ 131134 162201 6111/
11119 30232 40232 57003
22219 00272
444 20110 22091 0037/ 50101 80120 80100 9/015=
ZZYY 21578 21091 2330/ 136507 168557 6112/
11119 30243 40243 52001
22219 00265
444 20120 21091 2229/ 50101 80120 80000 9/015=
ZZYY 21578 22091 0030/ 136483 168585 6112/
11119 30242 40242 57001
22219 00266
444 20120 22091 0036/ 50101 80120 80000 9/015=
ZZYY 21540 21091 2320/ 142547 161259 6111/
11119 30153 40153 57008
22219 00197
444 20110 21091 2352/ 50101 80120 80014 9/015=
ZZYY 21540 22091 0020/ 142547 161259 6111/
11119 30147 40147 57013
22219 00197
444 20110 21091 2352/ 50101 80120 80013 9/015=
ZZYY 21579 21091 2330/ 138401 158971 6112/
11119 30185 40185 57004
22219 00237
444 20120 21091 2220/ 50101 80120 80044 9/015=
ZZYY 21579 21091 2230/ 138401 158971 6112/
11119 30185 40185 57003
22219 00237
444 20120 21091 2220/ 50101 80120 80057 9/015=
ZZYY 21530 21091 2320/ 140650 152690 6113/
11119 30037 40037 52234
22219 00232
444 20130 21091 2229/ 50101 80120 80014 9/015=
ZZYY 21964 21091 2320/ 134939 174742 6112/
11119 30238 40238 52006
22219 00253
444 20120 22091 0036/ 50101 80009 80000 9////=
ZZYY 51780 22091 0032/ 512524 161416 6111/
22219 00276
444 20110 22091 0019/ 50101 80113 80012 9/015=
ZZYY 51853 22091 0041/ 130095 162176 6112/
22219 00279
444 20120 21091 2218/ 50101 80121 80030 9/015=
ZZYY 21525 22091 0036/ 140720 168179 6112/
22219 00220
444 20120 21091 2210/ 50101 80110 80053 9/015=
ZZYY 21926 22091 0041/ 134160 159435 6111/
22219 00272
444 20110 21091 2225/ 50101 80110 80009 9/015=
ZZYY 21986 22091 0030/ 735938 167446 6112/
11119 40108 57017
22219 00228
444 20120 22091 0037/ 50101 80010 80000 9////=
ZZYY 21545 22091 0000/ 122668 162957 6113/
11119 30192 40192 52001
22219 00281
444 20130 21091 2206/ 50101 80120 80100 9/015=
ZZYY 21944 22091 0020/ 727912 174286 6112/
11119 30206 40206 57017
22219 00284
444 20120 22091 0008/ 50101 80010 80000 9////=
ZZYY 22919 22091 0039/ 131798 170435 6112/
22219 00280
444 20120 22091 0036/ 50101 80009 80000 9/015=
ZZYY 21544 22091 0040/ 746376 142445 6112/
11119 30070 40070 57002
22219 00147
444 20120 22091 0010/ 50101 80100 80063 9/015=
ZZYY 21951 22091 0040/ 734323 171680 6111/
11119 30162 40162 57003
22219 00249
444 20110 22091 0036/ 50101 80090 80000 9/015=
ZZYY 22536 22091 0041/ 131722 176463 6111/
22219 00270
444 20110 22091 0036/ 50101 80010 80000 9////=
ZZYY 22910 22091 0040/ 740356 151652 6112/
22219 00200
444 20120 22091 0037/ 50101 80009 80099 9////=
ZZYY 22927 22091 0039/ 741426 152329 6112/
22219 00175
444 20120 22091 0011/ 50101 80009 80099 9////=
ZZYY 46909 22091 0040/ 719901 175919 6113/
444 20130 22091 0034/ 50101 80112 80000 9/015=
ZZYY 22572 22091 0041/ 137138 155331 6111/
22219 00253
444 20110 21091 2226/ 50101 80010 80096 9////=
ZZYY 46767 22091 0039/ 715858 168532 6111/
22219 00274
444 20110 22091 0008/ 50101 80084 80024 9/015=
ZZYY 32684 22091 0030/ 518577 158578 6111/
22219 00261
444 20110 22091 0018/ 50101 80102 80017 9/015=
ZZYY 46764 22091 0041/ 720800 177269 6112/
22219 00280
444 20120 22091 0034/ 50101 80072 80022 9/015=
ZZYY 51657 22091 0034/ 506816 179102 6111/
22219 00283
444 20110 22091 0031/ 50101 80117 80004 9/015=
ZZYY 46766 22091 0039/ 723276 152302 6112/
22219 00255
444 20120 22091 0035/ 50101 80082 80019 9/015=
ZZYY 46516 22091 0037/ 735429 140041 6112/
22219 00233
444 20120 22091 0009/ 50101 80094 9////=
ZZYY 51808 22091 0030/ 507938 141026 6112/
22219 00267
444 20120 22091 0003/ 50101 80036 80000 9/015=
ZZYY 46904 22091 0033/ 719365 140162 6112/
22219 00246
444 20120 22091 0007/ 50101 80072 80097 9/015=
ZZYY 22578 22091 0040/ 131462 173319 6112/
22219 00276
444 20120 22091 0036/ 50101 80010 80000 9/015=
ZZYY 22626 22091 0040/ 132883 163101 6112/
22219 00274
444 20120 21091 2228/ 50101 80008 80000 9////=
ZZYY 22616 22091 0037/ 732180 154452 6112/
22219 00261
444 20120 22091 0035/ 50101 80045 80000 9/015=
ZZYY 21534 22091 0000/ 137942 158470 6112/
11119 30180 40180 57005
22219 00251
444 20120 21091 2219/ 50101 80110 80100 9/015=
ZZYY 52842 22091 0040/ 131931 163944 6111/
22219 00276
444 20110 22091 0037/ 50101 80010 80014 9/015=
ZZYY 51526 22091 0034/ 507458 164077 6111/
22219 00278
444 20110 22091 0019/ 50101 80121 80010 9/015=
ZZYY 52901 22091 0037/ 132631 170041 6112/
22219 00272
444 50101 80010 80000 9/015=
ZZYY 51643 22091 0032/ 508503 152905 6112/
22219 00273
444 20120 22091 0020/ 50101 80117 80011 9/015=
ZZYY 21617 22091 0041/ 133480 172619 6112/
22219 00262
444 20120 22091 0037/ 50101 80110 80045 9/015=
ZZYY 22593 22091 0038/ 739603 154253 6111/
22219 00203
444 20110 22091 0010/ 50101 80007 80099 9/015=
ZZYY 46908 22091 0038/ 124123 163899 6111/
22219 00283
444 20110 22091 0036/ 50101 80088 80028 9/015=
ZZYY 46905 22091 0037/ 710132 152952 6112/
22219 00277
444 20120 22091 0032/ 50101 80084 80022 9/015=
ZZYY 46906 22091 0036/ 712506 149575 6111/
22219 00272
444 20110 22091 0033/ 50101 80076 80030 9/015=
ZZYY 21521 22091 0040/ 135675 163636 6113/
22219 00259
444 20130 21091 2228/ 50101 80110 80004 9/015=
ZZYY 51671 22091 0032/ 306126 173426 6112/
22219 00288
444 20120 21091 2210/ 50101 80121 80028 9/015=
ZZYY 21990 22091 0030/ 748963 158334 6111/
11119 30001 40001 57012
22219 00108
444 20110 22091 0011/ 50101 80050 80000 9/015=
ZZYY 46917 22091 0030/ 737823 144380 6111/
11119 30134 40134 57015
22219 00224
444 20110 22091 0037/ 50101 80050 80063 9/015=
ZZYY 51613 22091 0033/ 709360 141476 6111/
444 20110 22091 0030/ 50101 80115 80068 9/015=
ZZYY 51870 22091 0032/ 304343 173486 6113/
444 20130 21091 2210/ 50101 80111 80017 9/015=
ZZYY 51739 22091 0038/ 714583 153740 6112/
22219 00269
444 20120 22091 0033/ 50101 80111 80013 9/015=
ZZYY 21548 22091 0030/ 742894 162068 6112/
11119 30024 40024 52012
22219 00150
444 20120 22091 0012/ 50101 80050 80015 9/015=
ZZYY 32679 22091 0039/ 128260 158811 6111/
22219 00272
444 20110 21091 2229/ 50101 80102 80001 9/015=
ZZYY 32615 22091 0035/ 708836 143755 6112/
22219 00276
444 20120 22091 0006/ 50101 80008 80018 9/015=
ZZYY 52839 22091 0038/ 123791 161615 6111/
22219 00279
444 20110 21091 2229/ 50101 80144 80008 9/015=
ZZYY 52827 22091 0039/ 122008 161701 6111/
22219 00284
444 20110 21091 2221/ 50101 80144 80003 9/015=
ZZYY 51955 22091 0040/ 129828 179878 6111/
22219 00275
444 20110 22091 0035/ 50101 80148 80008 9/015=
ZZYY 46605 22091 0038/ 730686 176141 6111/
22219 00272
444 20110 22091 0036/ 50101 80142 80006 9/015=
ZZYY 51664 22091 0039/ 712945 172387 6112/
22219 00276
444 20120 22091 0033/ 50101 80111 80126 9/015=
ZZYY 51727 22091 0031/ 509472 177330 6112/
22219 00285
444 20120 21091 2211/ 50101 80111 80255 9/015=
ZZYY 51973 22091 0040/ 733757 163878 6112/
22219 00254
444 20120 22091 0035/ 50101 80117 80034 9/015=
ZZYY 51974 22091 0040/ 736601 163913 6112/
22219 00238
444 20120 22091 0035/ 50101 80119 80009 9/015=
ZZYY 46607 22091 0020/ 728297 146746 6112/
11119 30188 40188
22219 00252
444 20120 22091 0008/ 50101 80100 80000 9/015=
ZZYY 51948 22091 0035/ 502178 178861 6111/
22219 00282
444 20110 22091 0032/ 50101 80119 80008 9/015=
ZZYY 51913 22091 0032/ 515747 173339 6111/
22219 00219
444 20110 22091 0019/ 50101 80115 80017 9/015=
ZZYY 46927 22091 0040/ 733079 145723 6111/
22219 00242
444 20110 22091 0036/ 50101 80138 80002 9/015=
ZZYY 53904 22091 0040/ 142071 171772 6111/
22219 00190
444 20110 22091 0037/ 50101 80132 80006 9/015=
ZZYY 43532 22091 0033/ 718797 141656 6113/
22219 00249
444 20130 22091 0007/ 50101 80074 80025 9/015=
ZZYY 51816 22091 0040/ 727649 170087 6113/
22219 00280
444 20130 22091 0009/ 50101 80078 80018 9/015=
ZZYY 51669 22091 0032/ 511823 174802 6112/
22219 00283
444 20120 22091 0020/ 50101 80105 80013 9/015=
ZZYY 51930 22091 0037/ 727695 176901 6111/
22219 00273
444 20110 22091 0034/ 50101 80115 80019 9/015=
ZZYY 43522 22091 0040/ 126007 177234 6111/
22219 00284
444 20110 22091 0035/ 50101 80076 80002 9/015=
ZZYY 51927 22091 0040/ 117329 171044 6111/
22219 00288
444 20110 22091 0035/ 50101 80090 80005 9/015=
ZZYY 51931 22091 0039/ 729322 161297 6111/
22219 00267
444 20110 22091 0034/ 50101 80068 80010 9/015=
ZZYY 51932 22091 0035/ 723668 163180 6112/
22219 00272
444 20120 21091 2024/ 50101 80084 80020 9/015=
ZZYY 51617 22091 0038/ 710061 173474 6113/
22219 00282
444 20130 22091 0033/ 50101 80045 80000 9/015=
ZZYY 53591 22091 0040/ 133026 152910 6113/
11119 30161 40161
22219 00252
444 20130 21091 2230/ 50101 80100 80000 9/015=
ZZYY 53593 22091 0020/ 134360 159686 6112/
11119 30214 40214
22219 00271
444 20120 22091 0038/ 50101 80110 80000 9/015=
ZZYY 21910 22091 0038/ 128801 173978 6111/
22219 00280
444 20110 22091 0035/ 50101 80122 80009 9/015=
ZZYY 21912 22091 0039/ 127955 175999 6111/
22219 00277
444 20110 22091 0035/ 50101 80148 80007 9/015=
ZZYY 51627 22091 0031/ 517825 169377 6112/
22219 00277
444 20120 22091 0019/ 50101 80113 80000 9/015=
ZZYY 51641 22091 0041/ 732644 172599 6111/
22219 00264
444 20110 22091 0035/ 50101 80117 80035 9/015=
ZZYY 46926 22091 0038/ 724970 143001 6111/
22219 00242
444 20110 22091 0007/ 50101 80138 80002 9/015=
ZZYY 14942 22091 0038/ 726825 165725 6112/
22219 00277
444 20120 22091 0033/ 50101 8//// 80000 9/015=
ZZYY 14946 22091 0040/ 132306 170961 6112/
22219 00276
444 20120 22091 0037/ 50101 8//// 80000 9/015=
ZZYY 43525 22091 0039/ 715175 159060 6112/
22219 00267
444 20120 22091 0033/ 50101 80088 80012 9/015=
ZZYY 51868 22091 0040/ 120463 167429 6111/
22219 00283
444 20110 22091 0036/ 50101 80109 80007 9/015=
ZZYY 51663 22091 0032/ 512184 170441 6112/
22219 00277
444 20120 22091 0019/ 50101 80111 80007 9/015=
ZZYY 14945 22091 0040/ 739457 158916 6111/
22219 00198
444 20110 22091 0036/ 50101 8//// 80042 9/015=
ZZYY 43529 22091 0038/ 717057 172277 6113/
22219 00274
444 20130 22091 0033/ 50101 80084 80002 9/015=
ZZYY 43518 22091 0039/ 728830 169800 6111/
22219 00283
444 20110 22091 0036/ 50101 80074 80003 9/015=
ZZYY 51647 22091 0036/ 710664 150975 6111/
22219 00274
444 20110 22091 0032/ 50101 80109 80007 9/015=
ZZYY 51892 22091 0038/ 710115 179115 6112/
22219 00284
444 20120 22091 0033/ 50101 80105 80005 9/015=
ZZYY 52618 22091 0037/ 709413 175787 6112/
22219 00285
444 20120 22091 0035/ 50101 80117 80005 9/015=
ZZYY 32725 22091 0032/ 513118 167722 6112/
22219 00279
444 20120 22091 0019/ 50101 80121 80004 9/015=
ZZYY 21541 22091 0020/ 714629 168041 6111/
11119 30121 40121 57022
22219 00270
444 20110 22091 0007/ 50101 80010 80000 9////=
ZZYY 21952 22091 0041/ 135294 170232 6113/
22219 00263
444 20130 21091 2157/ 50101 80110 80080 9/015=
ZZYY 51652 22091 0038/ 705072 169376 6112/
22219 00280
444 20120 22091 0033/ 50101 80123 80018 9/015=
ZZYY 51788 22091 0036/ 709392 149691 6112/
22219 00276
444 20120 22091 0032/ 50101 80088 80000 9/015=
ZZYY 51771 22091 0034/ 504286 163698 6111/
22219 00275
444 20110 22091 0020/ 50101 80121 80010 9/015=
ZZYY 51628 22091 0041/ 127609 179760 6111/
22219 00276
444 20110 22091 0035/ 50101 80090 80019 9/015=
ZZYY 46567 22091 0039/ 720131 163467 6112/
22219 00273
444 20120 22091 0034/ 50101 80078 80026 9/015=
ZZYY 52667 22091 0040/ 741613 154755 6111/
22219 00171
444 20110 22091 0011/ 50101 8//// 80012 9////=
ZZYY 53910 22091 0040/ 137900 163084 6111/
22219 00264
444 20110 21091 2227/ 50101 80136 80001 9/015=
ZZYY 21533 22091 0040/ 143657 149778 6112/
11119 39891 49891 57083
22219 00159
444 20120 22091 0009/ 50101 80120 80063 9/015=
ZZYY 51848 22091 0040/ 132116 166270 6112/
22219 00277
444 20120 22091 0036/ 50101 80119 80005 9/015=
ZZYY 52678 22091 0040/ 128004 161300 6111/
22219 00278
444 20110 22091 0037/ 50101 8//// 80005 9////=
ZZYY 32552 22091 0041/ 122931 169639 6111/
22219 00272
444 20110 22091 0036/ 50101 80049 80024 9/015=
ZZYY 21923 22091 0040/ 139809 154656 6113/
22219 00227
444 20130 21091 2226/ 50101 80120 80059 9/015=
ZZYY 32719 22091 0031/ 510536 167219 6112/
444 20120 22091 0019/ 50101 80540 80002 9/015=
ZZYY 51536 22091 0034/ 110149 166137 6113/
22219 00288
444 20130 21091 2209/ 50101 80095 80006 9/015=
ZZYY 51855 22091 0040/ 133242 175528 6112/
22219 00261
444 20120 22091 0036/ 50101 80113 80007 9/015=
ZZYY 51907 22091 0034/ 504193 159794 6111/
22219 00273
444 20110 22091 0020/ 50101 80119 80020 9/015=
ZZYY 21901 22091 0038/ 126993 159406 6112/
22219 00278
444 20120 21091 2230/ 50101 80123 80005 9/015=
ZZYY 51770 22091 0033/ 710451 143559 6112/
22219 00274
444 20120 22091 0006/ 50101 80117 80037 9/015=
ZZYY 51918 22091 0034/ 504573 170871 6112/
22219 00278
444 20120 22091 0030/ 50101 80119 80006 9/015=
ZZYY 52815 22091 0040/ 129062 162005 6112/
22219 00279
444 20120 22091 0037/ 50101 80121 80011 9/015=
ZZYY 21538 22091 0040/ 126173 163155 6111/
22219 00280
444 20110 22091 0037/ 50101 80121 80012 9/015=
ZZYY 51639 22091 0034/ 504902 174801 6111/
444 20110 22091 0031/ 50101 80117 80255 9/015=
ZZYY 51781 22091 0031/ 505239 169707 6111/
22219 00279
444 20110 22091 0020/ 50101 80121 80049 9/015=
ZZYY 51873 22091 0031/ 507937 161942 6112/
22219 00278
444 20120 22091 0019/ 50101 80117 80022 9/015=
ZZYY 52906 22091 0035/ 115030 163781 6112/
22219 00290
444 20120 21091 2237/ 50101 80087 9/015=
ZZYY 52611 22091 0038/ 130107 166642 6111/
22219 00274
444 20110 22091 0036/ 50101 80105 80000 9/015=
ZZYY 51730 22091 0034/ 731560 160710 6112/
22219 00263
444 20120 22091 0011/ 50101 80121 80020 9/015=
ZZYY 32713 22091 0031/ 305947 174826 6113/
22219 00287
444 20130 21091 2210/ 50101 80550 80078 9/015=
ZZYY 51744 22091 0041/ 134417 168111 6112/
22219 00271
444 20120 22091 0037/ 50101 80121 80004 9/015=
ZZYY 32667 22091 0040/ 127673 158328 6113/
22219 00278
444 20130 21091 2220/ 50101 80049 80001 9////=
####018007209####
SSVX08 KARS 220044
ZZYY 52313 21091 1200/ 305787 176686 6111/
33311 88870 20001 32842 20025 32840 20050 32839 20075 32838
20100 32838 20125 32839 20150 32836 20200 32259 20250 31633
20300 31214 20500 30830
444 20110 21091 1300/ 521//=
ZZYY 52309 21091 1200/ 704999 179925 6111/
11119 10283 29082
444 20110 21091 1258/ 521//=
ZZYY 52309 22091 0000/ 705008 179920 6111/
11119 10280 29082
444 20110 22091 0032/ 521//=
ZZYY 51010 21091 12004 500029 170066 6112/
11119 00912 10265 29083 40103
22219 00268
444 20120 21091 1144/ 521// 60401=
ZZYY 51010 22091 00004 500023 170052 6111/
11119 00910 10266 29082 40097
22219 00269
444 20110 22091 0004/ 521// 60401=
ZZYY 51008 21091 12004 702015 140019 6113/
11119 01213 10248 29078
33311 88870 20040 32617 20060 32537 20080 32430 20100 32373
20120 32023 20140 31509 20180 31338 20300 31152 20500 30905
444 20130 21091 1141/ 521// 60401=
ZZYY 51020 21091 12004 704998 154943 6112/
11119 01311 10265 29081
22219 00275
33311 88872 20000 32747 20001 32755 43508 20025 32749 20050 32731
20100 32631 20125 32604 20150 32246 20200 31321 20250 31119
20300 31080 20500 30899
444 20120 21091 1141/ 521// 60401=
ZZYY 51020 22091 00004 705006 154952 6111/
11119 01316 10268 29080
22219 00276
444 20110 22091 0006/ 521// 60401=
ZZYY 51309 21091 12004 708009 170036 6111/
11119 00409 10270 29083
22219 00284
33311 88872 20000 32838 20001 32840 43427 20050 32842 20075 32789
20100 32475 20150 31532 20200 31150 20250 31065 20300 31010
20500 30824
444 20110 21091 1142/ 521// 60401=
ZZYY 51309 22091 00004 708006 170046 6111/
11119 00704 10269 29081
22219 00287
444 20110 22091 0033/ 521// 60401=
ZZYY 51019 21091 12004 504984 155022 6112/
11119 01013 10270 29079
22219 00271
33311 88870 20000 32708 20001 32712 20025 32709 20050 32707
20075 32706 20100 32706 20125 32608 20150 32164 20200 31449
20250 31163 20300 31067 20500 30823
444 20120 21091 1256/ 521// 60401=
ZZYY 52312 21091 12004 501980 179927 6112/
11119 01013 10279 29082
22219 00282
33311 88870 20000 32820 20001 32823 20025 32821 20050 32819
20075 32819 20100 32819 20125 32749 20150 32336 20200 31335
20250 31150 20300 31106 20500 30829
444 20120 21091 1300/ 521// 60401=
ZZYY 51301 21091 12004 707986 154984 6113/
11119 00409 10273 29081
22219 00285
33311 88870 20000 32845 20001 32853 20050 32834 20100 32156
20125 31663 20150 31312 20200 31119 20300 31009 20500 30828
444 20130 21091 1138/ 521// 60401=
ZZYY 51301 22091 00004 707985 154986 6113/
11119 00712 10280 29077
22219 00286
444 20130 22091 0006/ 521// 60401=
ZZYY 52310 21091 12004 702024 179838 6112/
11119 01015 10279 29084
22219 00280
33311 88872 20000 32804 20001 32810 43515 20050 32796 20075 32793
20100 32788 20125 32770 20150 32444 20200 31308 20250 31173
20300 31109 20500 30841
444 20120 21091 1258/ 521// 60401=
ZZYY 52310 22091 00004 702021 179837 6112/
11119 01212 10279 29081
22219 00283
444 20120 22091 0032/ 521// 60401=
ZZYY 51305 21091 1200/ 702025 170063 6111/
11119 10266 29083
22219 00271
33311 88872 20000 32714 20001 32720 43512 20025 32715 20050 32707
20075 32690 20100 32645 20125 32522 20150 31968 20200 31159
20250 31134 20300 31116
444 20110 21091 1144/ 521//=
ZZYY 51305 22091 0000/ 702035 170062 6111/
11119 10267 29083
22219 00274
444 20110 22091 0032/ 521//=
ZZYY 51306 21091 1200/ 502156 170026 6112/
33311 88872 20001 32772 43556 20025 32769 20050 32767 20100 32764
20125 32593 20150 32106 20250 31117 20500 30826
444 20120 21091 1143/ 521//=
ZZYY 51306 22091 00004 502157 170027 6111/
11119 01008 10276 29074
22219 00280
444 20110 21091 2032/ 521// 60401=
ZZYY 52315 21091 1200/ 707970 179852 6111/
444 20110 21091 1322/ 521//=
ZZYY 52315 22091 00004 707971 179864 6111/
11119 01012 10280 29076
22219 00289
444 20110 22091 0034/ 521// 60401=
ZZYY 51006 21091 12004 709008 140233 6112/
11119 00416 10251 29092
22219 00277
33311 88872 20000 32768 20001 32773 43393 20020 32784 20040 32699
20060 32246 20080 31586 20100 31269 20120 31226 20140 31164
20180 31099 20300 31000 20500 30822
444 20120 21091 1137/ 521// 60401=
ZZYY 51006 22091 00004 709005 140233 6111/
11119 02213 10249 29097
22219 00278
444 20110 22091 0003/ 521// 60401=
ZZYY 51302 21091 12004 508275 155015 6111/
11119 01216 10269 29076
22219 00272
33311 88872 20000 32721 20001 32725 43551 20025 32722 20050 32720
20075 32720 20100 32719 20125 32700 20150 32565 20200 32136
20250 31622 20300 31204 20500 30805
444 20110 21091 1121/ 521// 60401=
ZZYY 51304 21091 12004 504996 170020 6112/
11119 01213 10276 29076
22219 00277
33311 88872 20000 32772 20001 32777 43543 20025 32775 20050 32774
20125 32674 20150 32508 20200 31866 20250 31307 20300 31059
20500 30810
444 20120 21091 1144/ 521// 60401=
ZZYY 51304 22091 00004 505000 170019 6111/
11119 01012 10277 29073
22219 00279
444 20110 22091 0031/ 521// 60401=
ZZYY 51023 21091 1200/ 500009 154941 6111/
11119 10239 29092
22219 00254
33311 88870 20000 32536 20001 32547 20025 32533 20050 32518
20100 32097 20125 31816 20200 31303 20250 31187 20300 31128
20500 30796
444 20110 21091 1255/ 521//=
ZZYY 51023 22091 0000/ 500003 154958 6111/
11119 10254 29086
22219 00257
444 20110 22091 0002/ 521//=
ZZYY 51022 21091 12004 501975 154995 6111/
11119 01019 10255 29085
22219 00267
33311 88872 20000 32672 20001 32678 43532 20025 32676 20050 32669
20075 32668 20100 32664 20125 31920 20150 31592 20200 31337
20300 31100
444 20110 21091 1143/ 521// 60401=
ZZYY 52316 21091 1200/ 507988 179855 6112/
33311 88870 20025 32854 20050 32852 20075 32852 20100 32852
20125 32843 20150 32754 20200 32331 20300 31445 20500 30799
444 20120 21091 1442/ 521//=
ZZYY 52311 21091 12004 700045 179905 6111/
11119 00913 10268 29084
22219 00278
33311 88872 20000 32777 20001 32779 43539 20025 32775 20050 32770
20075 32756 20100 32687 20125 32346 20150 32077 20200 31485
20250 31330 20500 30812
444 20110 21091 1324/ 521// 60401=
ZZYY 52311 22091 00004 700045 179914 6111/
11119 01013 10278 29078
22219 00279
444 20110 22091 0031/ 521// 60401=
ZZYY 51009 21091 12004 502035 140018 6112/
11119 00912 10249 29086
444 20120 21091 1143/ 521// 60401=
ZZYY 51310 21091 1200/ 508023 170059 6111/
33311 88872 20001 32809 43555 20025 32808 20050 32807 20075 32807
20100 32808 20125 32797 20150 32704 20200 32265
444 20110 21091 1145/ 521//=
ZZYY 51310 22091 00004 508016 170068 6111/
11119 01011 10279 29074
22219 00282
444 20110 21091 2033/ 521// 60401=
ZZYY 48400 21091 12004 750128 144800 6112/
11119 02725 10111 29078
22219 00125
33311 88872 20000 31246 20001 31249 43784
444 20120 21091 1126/ 521// 60401=
ZZYY 51303 21091 1200/ 705026 169984 6112/
11119 10248 29088
22219 00275
33311 88872 20000 32745 20001 32755 43518 20025 32754 20050 32754
20075 32753 20100 32751 20200 31609 20250 31113 20300 31009
20500 30845
444 20120 21091 1141/ 521//=
ZZYY 51303 22091 0000/ 705035 169990 6111/
11119 10271 29079
22219 00281
444 20110 22091 0006/ 521//=
####018000539####
SSVX13 KARS 220044
ZZYY 21527 21091 2330/ 133722 160846 6112/
11119 30231 40231 57003
22219 00268
444 20120 21091 2230/ 50101 80120 80057 9/015=
ZZYY 21527 21091 2230/ 133722 160846 6112/
11119 30233 40233 52002
22219 00268
444 50101 80120 80059 9/015=
ZZYY 21532 21091 2350/ 138686 154786 6112/
11119 30124 40124 57002
22219 00232
444 20120 21091 2227/ 50101 80120 80063 9/015=
ZZYY 21575 21091 2340/ 140116 158425 6113/
11119 30157 40157 57005
22219 00199
444 20130 21091 2227/ 50101 80120 80088 9/015=
####018000741####
SSVX02 KARS 220046
ZZYY 16575 21091 2340/ 338872 077840 6111/
11119 30169 40169 57005
22219 00125
444 20110 22091 0022/ 50101 80110 80000 9/015=
ZZYY 17517 21091 2350/ 333998 080908 6112/
11119 30272 40272 57004
22219 00146
444 20120 22091 0021/ 50101 80110 80000 9/015=
ZZYY 33690 22091 0029/ 342359 099576 6112/
22219 00108
444 20120 22091 0016/ 50101 80074 80104 9/015=
ZZYY 33692 22091 0027/ 341254 091011 6112/
22219 00108
444 20120 22091 0017/ 50101 80074 80059 9/015=
ZZYY 55599 22091 0000/ 347872 061319 6111/
11119 49960 57013
22219 00029
444 20110 21091 2318/ 50101 80008 80000 9////=
ZZYY 23678 22091 0028/ 340022 089120 6111/
22219 00113
444 20110 22091 0019/ 50101 80049 80099 9////=
