####018000248####
SSVX04 CWEG 221249
ZZYY 46638 22091 1159/ 75387/ 17258/ 6110/ 11119 40049 52019 22219
00085 444 201// 22091 1232/ 80120 80044=
ZZYY 46657 22091 1210/ 75624/ 16061/ 6110/ 11119 49875 52008 22219
00100 444 201// 22091 0450/ 80120 80059=

####018008079####
SSVX08 KARS 221300
ZZYY 48400 21091 12004 750128 144800 6112/
11119 02725 10111 29078
22219 00125
33311 88872 20000 31246 20001 31249 43784
444 20120 21091 1126/ 521// 60401=
ZZYY 48400 21091 12004 750128 144800 6112/
11119 02725 10111 29078
22219 00125
33311 88872 20000 31246 20001 31249 43784
444 20120 21091 1126/ 521// 60401=
ZZYY 48400 21091 12004 750128 144800 6112/
11119 02725 10111 29078
22219 00125
33311 88872 20000 31246 20001 31249 43784
444 20120 21091 1126/ 521// 60401=
ZZYY 48400 22091 12004 750132 144817 6111/
11119 02507 10108 29081
22219 00124
444 20110 22091 1232/ 521// 60401=
ZZYY 51006 21091 12004 709008 140233 6112/
11119 00416 10251 29092
22219 00277
33311 88872 20000 32768 20001 32773 43393 20020 32784 20040 32699
20060 32246 20080 31586 20100 31269 20120 31226 20140 31164
20180 31099 20300 31000 20500 30822
444 20120 21091 1137/ 521// 60401=
ZZYY 51006 22091 12004 709012 140232 6113/
11119 02217 10262 29090
22219 00276
444 20130 22091 1127/ 521// 60401=
ZZYY 51302 21091 12004 508275 155015 6111/
11119 01216 10269 29076
22219 00272
33311 88872 20000 32721 20001 32725 43551 20025 32722 20050 32720
20075 32720 20100 32719 20125 32700 20150 32565 20200 32136
20250 31622 20300 31204 20500 30805
444 20110 21091 1121/ 521// 60401=
ZZYY 51302 22091 12004 508272 155019 6111/
11119 01112 10268 29077
22219 00272
444 20110 22091 0727/ 521// 60401=
ZZYY 51304 21091 12004 504996 170020 6112/
11119 01213 10276 29076
22219 00277
33311 88872 20000 32772 20001 32777 43543 20025 32775 20050 32774
20125 32674 20150 32508 20200 31866 20250 31307 20300 31059
20500 30810
444 20120 21091 1144/ 521// 60401=
ZZYY 51304 22091 12004 505013 170032 6111/
11119 01213 10273 29077
22219 00277
444 20110 22091 0755/ 521// 60401=
ZZYY 52309 21091 1200/ 704999 179925 6111/
11119 10283 29082
444 20110 21091 1258/ 521//=
ZZYY 52309 22091 1200/ 705002 179927 6111/
11119 10283 29079
444 20110 22091 0911/ 521//=
ZZYY 51311 21091 12004 700007 139926 6112/
11119 00912 10239 29089 40097
22219 00238
33311 88872 20000 32376 20001 32386 43514 20020 32295 43492
20040 32116 20060 31962 20080 31870 20100 31761 20120 31713
20140 31674 20180 31514 20300 31233
444 20120 21091 1142/ 521// 60401=
ZZYY 51311 22091 12004 700008 139925 6111/
11119 01214 10246 29083 40105
22219 00246
444 20110 22091 1128/ 521// 60401=
ZZYY 51023 21091 1200/ 500009 154941 6111/
11119 10239 29092
22219 00254
33311 88870 20000 32536 20001 32547 20025 32533 20050 32518
20100 32097 20125 31816 20200 31303 20250 31187 20300 31128
20500 30796
444 20110 21091 1255/ 521//=
ZZYY 51023 22091 1200/ 500004 154960 6111/
11119 10248 29089
22219 00254
444 20110 22091 0730/ 521//=
ZZYY 51022 21091 12004 501975 154995 6111/
11119 01019 10255 29085
22219 00267
33311 88872 20000 32672 20001 32678 43532 20025 32676 20050 32669
20075 32668 20100 32664 20125 31920 20150 31592 20200 31337
20300 31100
444 20110 21091 1143/ 521// 60401=
ZZYY 51022 22091 12004 501974 155007 6111/
11119 01112 10265 29078
22219 00268
444 20110 22091 1129/ 521// 60401=
ZZYY 52311 21091 12004 700045 179905 6111/
11119 00913 10268 29084
22219 00278
33311 88872 20000 32777 20001 32779 43539 20025 32775 20050 32770
20075 32756 20100 32687 20125 32346 20150 32077 20200 31485
20250 31330 20500 30812
444 20110 21091 1324/ 521// 60401=
ZZYY 52311 22091 12004 700036 179917 6111/
11119 00811 10274 29078
22219 00277
444 20110 22091 0910/ 521// 60401=
ZZYY 51010 21091 12004 500029 170066 6112/
11119 00912 10265 29083 40103
22219 00268
33311 88872 20000 32682 20001 32687 43520 20025 32676 43522
20050 32660 43524 20125 32094 20150 31819 20200 31471 20250 31267
20300 31166 20500 30831
444 20120 21091 1144/ 521// 60401=
ZZYY 51010 22091 12004 500016 170051 6111/
11119 00710 10263 29086 40097
22219 00266
444 20110 22091 1244/ 521// 60401=
ZZYY 51008 21091 12004 702015 140019 6113/
11119 01213 10248 29078
33311 88870 20040 32617 20060 32537 20080 32430 20100 32373
20120 32023 20140 31509 20180 31338 20300 31152 20500 30905
444 20130 21091 1141/ 521// 60401=
ZZYY 51008 22091 12004 702018 140014 6111/
11119 01116 10247 29079
444 20110 22091 1127/ 521// 60401=
ZZYY 51020 21091 12004 704998 154943 6112/
11119 01311 10265 29081
22219 00275
33311 88872 20000 32747 20001 32755 43508 20025 32749 20050 32731
20100 32631 20125 32604 20150 32246 20200 31321 20250 31119
20300 31080 20500 30899
444 20120 21091 1141/ 521// 60401=
ZZYY 51020 22091 12004 705005 154951 6113/
11119 01413 10266 29078
22219 00275
444 20130 22091 1128/ 521// 60401=
ZZYY 51309 21091 12004 708009 170036 6111/
11119 00409 10270 29083
22219 00284
33311 88872 20000 32838 20001 32840 43427 20050 32842 20075 32789
20100 32475 20150 31532 20200 31150 20250 31065 20300 31010
20500 30824
444 20110 21091 1142/ 521// 60401=
ZZYY 51309 22091 12004 708013 170043 6111/
11119 00403 10266 29087
22219 00284
444 20110 22091 1243/ 521// 60401=
ZZYY 51009 21091 12004 502035 140018 6112/
11119 00912 10249 29086
444 20120 21091 1143/ 521// 60401=
ZZYY 51009 22091 12004 502030 140019 6111/
11119 01413 10249 29087
444 20110 22091 1128/ 521// 60401=
ZZYY 51019 21091 12004 504984 155022 6112/
11119 01013 10270 29079
22219 00271
33311 88870 20000 32708 20001 32712 20025 32709 20050 32707
20075 32706 20100 32706 20125 32608 20150 32164 20200 31449
20250 31163 20300 31067 20500 30823
444 20120 21091 1256/ 521// 60401=
ZZYY 51019 22091 12004 504985 155021 6111/
11119 01213 10264 29086
22219 00271
444 20110 22091 1134/ 521// 60401=
ZZYY 52312 21091 12004 501980 179927 6112/
11119 01013 10279 29082
22219 00282
33311 88872 20000 32820 20001 32823 43546 20025 32821 20050 32819
20075 32819 20100 32819 20125 32749 20150 32336 20200 31335
20250 31150 20300 31106 20500 30829
444 20120 21091 1300/ 521// 60401=
ZZYY 52312 22091 12004 501998 179955 6111/
11119 00914 10278 29080
22219 00282
444 20110 22091 0936/ 521// 60401=
ZZYY 51310 21091 1200/ 508023 170059 6111/
33311 88872 20001 32809 43555 20025 32808 20050 32807 20075 32807
20100 32808 20125 32797 20150 32704 20200 32265
444 20110 21091 1145/ 521//=
ZZYY 51303 21091 1200/ 705026 169984 6112/
11119 10248 29088
22219 00275
33311 88872 20000 32745 20001 32755 43518 20025 32754 20050 32754
20075 32753 20100 32751 20200 31609 20250 31113 20300 31009
20500 30845
444 20120 21091 1141/ 521//=
ZZYY 51303 22091 1200/ 705032 169989 6111/
11119 10271 29078
22219 00275
444 20110 22091 1243/ 521//=
ZZYY 51301 21091 12004 707986 154984 6113/
11119 00409 10273 29081
22219 00285
33311 88870 20000 32845 20001 32853 20050 32834 20100 32156
20125 31663 20150 31312 20200 31119 20300 31009 20500 30828
444 20130 21091 1138/ 521// 60401=
ZZYY 51301 22091 12004 707988 154986 6111/
11119 01711 10252 29088
22219 00283
444 20110 22091 1127/ 521// 60401=
ZZYY 52310 21091 12004 702024 179838 6112/
11119 01015 10279 29084
22219 00280
33311 88872 20000 32804 20001 32810 43515 20050 32796 20075 32793
20100 32788 20125 32770 20150 32444 20200 31308 20250 31173
20300 31109 20500 30841
444 20120 21091 1258/ 521// 60401=
ZZYY 52310 22091 12004 702012 179842 6111/
11119 01114 10276 29078
22219 00280
444 20110 22091 0324/ 521// 60401=
ZZYY 51305 21091 1200/ 702025 170063 6111/
11119 10266 29083
22219 00271
33311 88872 20000 32714 20001 32720 43512 20025 32715 20050 32707
20075 32690 20100 32645 20125 32522 20150 31968 20200 31159
20250 31134 20300 31116
444 20110 21091 1144/ 521//=
ZZYY 51305 22091 1200/ 702040 170061 6111/
11119 10267 29083
22219 00274
444 20110 22091 1130/ 521//=
ZZYY 51306 21091 1200/ 502156 170026 6112/
33311 88872 20001 32772 43556 20025 32769 20050 32767 20100 32764
20125 32593 20150 32106 20250 31117 20500 30826
444 20120 21091 1143/ 521//=
####018001037####
SSVX06 KARS 221300
ZZYY 47558 22091 1251/ 773763 081535 6113/
444 20130 22091 1247/ 500// 9/000=
ZZYY 47558 22091 1253/ 773763 081534 6113/
444 20130 22091 1248/ 500// 9/000=
ZZYY 48506 22091 1251/ 779553 119181 6111/
11119 40074
444 20110 22091 1248/ 500//=
ZZYY 48506 22091 1257/ 779553 119181 6111/
11119 40074
444 20110 22091 1248/ 500//=
ZZYY 47554 22091 1251/ 774357 112782 6112/
444 20120 22091 1247/ 500// 9/000=
ZZYY 47554 22091 1257/ 774359 112783 6113/
444 20130 22091 1250/ 500// 9/000=
ZZYY 48505 22091 1251/ 780213 127742 6112/
11119 40077
444 20120 22091 1248/ 500//=
ZZYY 48505 22091 1253/ 780214 127746 6113/
11119 40075
444 20130 22091 1250/ 500//=
ZZYY 47553 22091 1251/ 779346 103390 6111/
444 20110 22091 1247/ 500// 9/000=
ZZYY 47553 22091 1254/ 779342 103379 6111/
444 20110 22091 1248/ 500// 9/000=
ZZYY 48713 22091 1250/ 175337 165724 6112/
444 20120 22091 0931/ 500// 9/000=
ZZYY 48713 22091 1254/ 175344 165808 6111/
444 20110 22091 1252/ 500// 9/000=
####018000143####
SSVX04 KARS 221300
ZZYY 46658 22091 1155/ 752999 153356 6113/
11119 49903 52003
22219 00104
444 20130 22091 1231/ 503// 80158 80016=
####018012731####
SSVX02 KARS 221300
ZZYY 51780 22091 1247/ 512568 161500 6112/
22219 00274
444 20120 22091 1131/ 50101 80115 80010 9/015=
ZZYY 32615 22091 1247/ 709100 143582 6112/
22219 00275
444 20120 22091 1242/ 50101 80007 80018 9/015=
ZZYY 32675 22091 1245/ 703489 138827 6112/
22219 00263
444 20120 22091 1242/ 50101 80120 80075 9/015=
ZZYY 46903 22091 1243/ 730548 134557 6113/
22219 00215
444 20130 22091 1231/ 50101 80138 80000 9/015=
ZZYY 46605 22091 1242/ 730693 176170 6112/
22219 00269
444 20120 22091 0919/ 50101 80142 80006 9/015=
ZZYY 51653 22091 1244/ 718776 135974 6113/
22219 00251
444 20130 22091 1235/ 50101 80122 80024 9/015=
ZZYY 51946 22091 1250/ 525303 165266 6111/
22219 00214
33311 88872 20000 32135 42048
444 20110 22091 1143/ 50101 80070 80025 9/015=
ZZYY 51969 22091 1247/ 506195 135031 6111/
22219 00255
444 20110 22091 1100/ 50101 80120 80027 9/015=
ZZYY 51664 22091 1247/ 712978 172476 6112/
22219 00275
444 20120 22091 1243/ 50101 80111 80122 9/015=
ZZYY 51973 22091 1243/ 733730 163850 6112/
22219 00253
444 20120 22091 1234/ 50101 80117 80042 9/015=
ZZYY 51974 22091 1244/ 736478 163834 6112/
22219 00238
444 20120 22091 1231/ 50101 80119 80010 9/015=
ZZYY 51795 22091 1247/ 506123 132618 6111/
22219 00249
444 20110 22091 1129/ 50101 80120 80030 9/015=
ZZYY 51967 22091 1245/ 706202 134040 6112/
22219 00271
444 20120 22091 1242/ 50101 80120 80037 9/015=
ZZYY 51679 22091 1247/ 704972 133874 6112/
22219 00267
444 20120 22091 1243/ 50101 80120 80040 9/015=
ZZYY 46769 22091 1241/ 721444 123440 6112/
22219 00240
444 20120 22091 1119/ 50101 80116 80115 9/015=
ZZYY 43556 22091 1243/ 720172 129108 6113/
22219 00227
444 20130 22091 1235/ 50101 80078 80019 9/015=
ZZYY 46927 22091 1243/ 733111 145633 6111/
22219 00241
444 20110 22091 1230/ 50101 80138 80003 9/015=
ZZYY 43555 22091 1245/ 717793 129759 6113/
22219 00253
444 20130 22091 1235/ 50101 80088 80018 9/015=
ZZYY 46609 22091 1242/ 722168 128748 6111/
22219 00225
444 20110 22091 1235/ 50101 80112 80119 9/015=
ZZYY 46540 22091 1140/ 742530 144576 6113/
11119 39923 49923 57048
22219 00184
444 20130 22091 1116/ 50101 80123 80014 9/015=
ZZYY 46583 22091 1246/ 716913 130742 6113/
22219 00257
444 20130 22091 1235/ 50101 80098 80027 9/015=
ZZYY 43558 22091 1242/ 722678 124703 6112/
444 20120 22091 1235/ 50101 80086 80255 9/015=
ZZYY 51816 22091 1242/ 727625 170033 6113/
22219 00272
444 20130 22091 1235/ 50101 80078 80019 9/015=
ZZYY 43532 22091 1243/ 718816 141630 6112/
22219 00247
444 20120 22091 1056/ 50101 80074 80020 9/015=
ZZYY 51669 22091 1248/ 511864 174892 6111/
22219 00280
444 20110 22091 0912/ 50101 80105 80156 9/015=
ZZYY 43553 22091 1241/ 721071 127875 6113/
22219 00228
444 20130 22091 1235/ 50101 80088 80039 9/015=
ZZYY 51930 22091 1244/ 727687 176908 6111/
22219 00272
444 20110 22091 1241/ 50101 80115 80019 9/015=
ZZYY 43540 22091 1247/ 715389 133271 6112/
22219 00260
444 20120 22091 1235/ 50101 80096 80016 9/015=
ZZYY 51931 22091 1245/ 729280 161263 6112/
22219 00265
444 20120 22091 1233/ 50101 80068 80010 9/015=
ZZYY 51617 22091 1247/ 710021 173702 6111/
22219 00281
444 20110 22091 1244/ 50101 80045 80000 9/015=
ZZYY 43554 22091 1242/ 728561 126410 6113/
22219 00203
444 20130 22091 1231/ 50101 80090 80030 9/015=
ZZYY 21944 22091 1020/ 727925 174333 6113/
11119 30213 40213 52003
22219 00276
444 20130 22091 0920/ 50101 80010 80000 9////=
ZZYY 21944 22091 1220/ 727926 174355 6113/
11119 30202 40202 57012
22219 00274
444 20130 22091 1235/ 50101 80010 80000 9////=
ZZYY 43551 22091 1241/ 723059 121168 6112/
22219 00221
444 20120 22091 1235/ 50101 80090 80017 9/015=
ZZYY 51641 22091 1243/ 732630 172464 6112/
22219 00264
444 20120 22091 1235/ 50101 80117 80049 9/015=
ZZYY 22576 22091 1243/ 732683 140174 6113/
22219 00239
444 20130 22091 1230/ 50101 80010 80000 9/015=
ZZYY 14942 22091 1246/ 726814 165738 6113/
22219 00273
444 20130 22091 1234/ 50101 8//// 80000 9/015=
ZZYY 46926 22091 1246/ 724936 142963 6113/
22219 00240
444 20130 22091 1233/ 50101 80138 80002 9/015=
ZZYY 43525 22091 1247/ 715211 159142 6113/
22219 00266
444 20130 22091 1236/ 50101 80088 80012 9/015=
ZZYY 14945 22091 1243/ 739292 158830 6113/
22219 00197
444 20130 22091 1230/ 50101 8//// 80025 9/015=
ZZYY 14945 22091 1257/ 739292 158830 6113/
444 20130 22091 1230/ 50101 9/015=
ZZYY 51663 22091 1247/ 512331 170559 6111/
22219 00277
444 20110 22091 1132/ 50101 80111 80009 9/015=
ZZYY 43529 22091 1248/ 717116 172410 6112/
22219 00272
444 20120 22091 1243/ 50101 80084 80002 9/015=
ZZYY 51647 22091 1247/ 710587 151253 6113/
22219 00273
444 20130 22091 1242/ 50101 80107 80005 9/015=
ZZYY 43518 22091 1243/ 728807 169857 6112/
22219 00270
444 20120 22091 0919/ 50101 80074 80002 9/015=
ZZYY 51892 22091 1248/ 710080 179217 6111/
22219 00283
444 20110 22091 1055/ 50101 80105 80005 9/015=
ZZYY 52618 22091 1247/ 709319 175951 6111/
22219 00282
444 20110 22091 1244/ 50101 80117 80006 9/015=
ZZYY 32725 22091 1248/ 513213 167836 6112/
22219 00276
444 20120 22091 1131/ 50101 80121 80004 9/015=
ZZYY 21951 22091 1240/ 734198 171663 6112/
11119 30200 40200 57001
22219 00249
444 20120 22091 1234/ 50101 80090 80000 9/015=
ZZYY 21541 22091 1220/ 714610 168262 6112/
11119 30131 40131 57014
22219 00270
444 20120 22091 1242/ 50101 80010 80000 9////=
ZZYY 46762 22091 1245/ 720342 136292 6113/
22219 00232
444 20130 22091 1234/ 50101 80000 80036 9/015=
ZZYY 22910 22091 1242/ 740359 151346 6112/
22219 00198
444 20120 22091 1229/ 50101 80009 80099 9////=
ZZYY 22910 22091 1257/ 740359 151346 6112/
22219 00198
444 20120 22091 1229/ 50101 80009 80099 9////=
ZZYY 22927 22091 1240/ 741340 152090 6112/
22219 00174
444 20120 22091 1229/ 50101 80009 80099 9////=
ZZYY 46909 22091 1246/ 719921 176003 6112/
444 20120 22091 0918/ 50101 80112 80000 9/015=
ZZYY 46768 22091 1244/ 717994 139847 6113/
22219 00244
444 20130 22091 1236/ 50101 80072 80029 9/015=
ZZYY 32670 22091 1247/ 705196 132068 6111/
22219 00272
444 20110 22091 1128/ 50101 80120 80032 9/015=
ZZYY 51652 22091 1247/ 705196 169246 6112/
22219 00275
444 20120 22091 1130/ 50101 80121 80019 9/015=
ZZYY 51900 22091 1247/ 702359 139681 6112/
22219 00259
444 20120 22091 1243/ 50101 80120 80010 9/015=
ZZYY 46767 22091 1248/ 715760 168758 6113/
22219 00273
444 20130 22091 1243/ 50101 80084 80027 9/015=
ZZYY 51788 22091 1247/ 709354 149806 6112/
22219 00275
444 20120 22091 1236/ 50101 80088 80000 9/015=
ZZYY 51771 22091 1247/ 504311 163930 6111/
22219 00273
444 20110 22091 0914/ 50101 80121 80010 9/015=
ZZYY 51966 22091 1245/ 704763 134761 6111/
22219 00267
444 20110 22091 1242/ 50101 80120 80005 9/015=
ZZYY 32684 22091 1248/ 518618 158571 6112/
22219 00261
444 20120 22091 1131/ 50101 80102 80020 9/015=
ZZYY 51754 22091 1245/ 704777 134550 6111/
22219 00273
444 20110 22091 1242/ 50101 80110 80031 9/015=
ZZYY 46764 22091 1241/ 720763 177353 6113/
22219 00280
444 20130 22091 0920/ 50101 80072 80018 9/015=
ZZYY 46766 22091 1247/ 723247 152402 6111/
22219 00252
444 20110 22091 1234/ 50101 80082 80023 9/015=
ZZYY 46516 22091 1242/ 735441 139930 6112/
22219 00232
444 20120 22091 1230/ 50101 80094 80073 9////=
ZZYY 51808 22091 1248/ 507966 141117 6112/
22219 00265
444 20120 22091 1129/ 50101 80036 80255 9/015=
ZZYY 32682 22091 1248/ 521549 155344 6113/
22219 00253
444 20130 22091 1112/ 50101 80100 80016 9/015=
ZZYY 46904 22091 1247/ 719347 140172 6112/
22219 00245
444 20120 22091 1235/ 50101 80072 80115 9/015=
ZZYY 46567 22091 1247/ 720096 163428 6113/
22219 00273
444 20130 22091 1236/ 50101 80078 80038 9/015=
ZZYY 22635 22091 1240/ 722011 139921 6113/
444 20130 22091 1235/ 50101 80009 80099 9/015=
ZZYY 32674 22091 1247/ 702972 136896 6112/
22219 00266
444 20120 22091 1243/ 50101 80120 80099 9/015=
ZZYY 46924 22091 1243/ 724331 127503 6112/
22219 00217
444 20120 22091 1234/ 50101 80100 80138 9/015=
ZZYY 46923 22091 1245/ 710586 129371 6112/
22219 00275
444 20120 22091 1241/ 50101 80106 80015 9/015=
ZZYY 22616 22091 1238/ 732191 154384 6113/
22219 00257
444 20130 22091 1231/ 50101 80045 80004 9/015=
ZZYY 51526 22091 1247/ 507472 164151 6111/
22219 00276
444 20110 22091 0913/ 50101 80121 80012 9/015=
ZZYY 51643 22091 1247/ 508477 153005 6111/
22219 00272
444 20110 22091 1244/ 50101 80117 80012 9/015=
ZZYY 32719 22091 1247/ 510536 167279 6112/
444 20120 22091 1131/ 50101 80540 80050 9/015=
ZZYY 32910 22091 1247/ 706030 134164 6111/
22219 00264
444 20110 22091 1242/ 50101 80122 80028 9/015=
ZZYY 32558 22091 1247/ 520283 153709 6112/
22219 00261
444 20120 22091 1112/ 50101 80108 80099 9/015=
ZZYY 51907 22091 1248/ 504279 160093 6111/
22219 00271
444 20110 22091 1244/ 50101 80117 80028 9/015=
ZZYY 51770 22091 1247/ 710497 143578 6112/
22219 00272
444 20120 22091 1243/ 50101 80119 80042 9/015=
ZZYY 46905 22091 1248/ 710068 153099 6111/
22219 00276
444 20110 22091 1242/ 50101 80084 80019 9/015=
ZZYY 51918 22091 1247/ 504552 171068 6111/
22219 00277
444 20110 22091 0913/ 50101 80121 80007 9/015=
ZZYY 46906 22091 1247/ 712546 149722 6112/
22219 00269
444 20120 22091 1236/ 50101 80076 80028 9/015=
ZZYY 51639 22091 1248/ 504926 174957 6111/
444 20110 22091 0756/ 50101 80117 80255 9/015=
ZZYY 51781 22091 1247/ 505281 169896 6111/
22219 00278
444 20110 22091 0915/ 50101 80121 80042 9/015=
ZZYY 51873 22091 1247/ 507953 162057 6112/
22219 00276
444 20120 22091 1245/ 50101 80119 80019 9/015=
ZZYY 51613 22091 1247/ 709482 141264 6113/
444 20130 22091 1242/ 50101 80113 80072 9/015=
ZZYY 51739 22091 1247/ 714631 153796 6112/
22219 00267
444 20120 22091 1236/ 50101 80109 80008 9/015=
ZZYY 44936 22091 1240/ 167669 000482 6113/
11119 39955 49955 52002
22219 00109
444 50101 80100 80000 9/015=
ZZYY 64936 22091 1250/ 176164 007149 6113/
22219 00073
33311 88872 20000 30725 43512
444 20130 22091 1242/ 50101 80100 80100 9/015=
ZZYY 44513 22091 1246/ 750813 033872 6111/
22219 00131
444 20110 22091 1239/ 50101 80142 80008 9/015=
ZZYY 63561 22091 1250/ 775982 000288 6113/
22219 00049
33311 88872 20000 30490 42048
444 20130 22091 1240/ 50101 80070 80100 9/015=
ZZYY 44930 22091 1247/ 765458 001673 6111/
444 20110 22091 1238/ 50101 80092 80099 9/015=
ZZYY 48653 22091 1240/ 788139 167758 6113/
11119 30128 40128 52010
22219 01059
444 20130 22091 1243/ 50101 80145 80001 9/015=
ZZYY 44835 22091 1240/ 763420 031649 6112/
22219 00099
444 50101 80110 80034 9/015=
ZZYY 48673 22091 1248/ 776611 124594 6113/
444 20130 22091 1226/ 500// 9/000=
ZZYY 48673 22091 1256/ 776609 124581 6111/
444 20110 22091 1248/ 500// 9/000=
ZZYY 63579 22091 1246/ 169072 046759 6113/
22219 00084
444 20130 22091 1215/ 50101 80005 80004 9////=
ZZYY 63964 22091 1249/ 173830 023017 6113/
444 20130 22091 1240/ 50101 80007 80016 9/015=
ZZYY 63951 22091 1247/ 765672 001365 6112/
22219 00107
444 20120 22091 1239/ 50101 80007 80008 9/015=
ZZYY 63948 22091 1249/ 175403 035539 6112/
22219 00058
444 20120 22091 1242/ 50101 80007 80005 9/015=
ZZYY 63577 22091 1249/ 175070 067719 6113/
22219 00064
444 20130 22091 1159/ 50101 80007 80006 9/015=
ZZYY 63583 22091 1248/ 172586 046880 6111/
22219 00081
444 20110 22091 1241/ 50101 80007 80009 9/015=
ZZYY 63584 22091 1249/ 777845 002126 6113/
22219 00043
444 20130 22091 1241/ 50101 80008 80008 9/015=
ZZYY 48652 22091 1250/ 788199 161131 6113/
11119 30125 40125 52009
22219 01052
444 20130 22091 1243/ 50101 80110 80004 9/015=
ZZYY 63966 22091 1247/ 171456 015204 6113/
22219 00103
444 20130 22091 1240/ 50101 80008 80008 9/015=
ZZYY 21963 22091 1200/ 148313 173492 6113/
11119 30190 40190 57008
22219 00113
444 20130 22091 1103/ 50101 80140 80010 9/015=
ZZYY 21897 22091 1210/ 150752 169816 6113/
11119 30156 40156 57006
22219 00116
444 20130 22091 1104/ 50101 80120 80009 9/015=
ZZYY 46568 22091 1210/ 753401 160496 6112/
11119 39936 49936 52005
22219 00104
444 20120 22091 1228/ 50101 80145 80043 9/015=
ZZYY 21986 22091 1150/ 735794 167437 6112/
444 20120 22091 1119/ 50101 9////=
ZZYY 46618 22091 1210/ 145909 168219 6113/
11119 30149 40149 57040
22219 00135
444 20130 22091 1104/ 50101 80077 80063 9/015=
ZZYY 21544 22091 1240/ 746459 142388 6112/
11119 39885 49885 57107
22219 00145
444 20120 22091 1228/ 50101 80100 80063 9/015=
####018000277####
SSVX12 KARS 221300
ZZYY 48520 22091 1240/ 785917 165039 6113/
11119 11163 40095 52013
22219 00181
444 20130 22091 1249/ 501// 80140 80000=
ZZYY 48519 22091 1240/ 780706 124818 6112/
11119 11034 40085 52005
22219 00208
444 20120 22091 1247/ 501// 80140 80000=
####018000201####
SSVX07 KARS 221300
ZZYY 48536 22091 1250/ 173331 154339 6111/
11119 11011 40058
444 20110 22091 1141/=
ZZYY 48534 22091 1250/ 783370 046236 6113/
11119 11171 40147
444 20130 22091 1246/=
####018000117####
SSVX07 LFVW 221300
ZZYY 48548 22091 1250/ 774290 128494 6112/
11119 11006 39886 49886
444 20120 22091 1225/=
####018002065####
SSVX11 LFVW 221300
ZZYY 53056 22091 0300/ 305041 095063 6113/
11119 10268 29082
22219 00270
33311 88872 20000 32703 20001 32703 43406 20011 32702 43411
20021 32701 43421 20040 32701 43422 20081 32137 20100 31833 43495
20119 31448 20140 31277 20200 31206 20300 31098 20500 30946
444 20130 22091 0319/ 522//=
ZZYY 53056 22091 0100/ 305045 095054 6112/
11119 10265 29082
22219 00270
33311 88872 20000 32701 20001 32701 43406 20011 32701 43412
20021 32702 43422 20040 32698 43421 20081 32080 20100 31855 43502
20120 31418 20140 31252 20200 31191 20300 31087 20500 30940
444 20120 22091 0026/ 522//=
ZZYY 53056 22091 1200/ 305041 095069 6111/
22219 00000
33311 88872 20000 30000 20001 32710 43400 20011 32709 43407
20021 32706 43415 20040 32703 43420 20081 32232 20100 31881 43493
20119 31474 20140 31315 20200 31198 20300 31099 20500 30951
444 20110 22091 1249/ 522//=
ZZYY 53056 22091 1000/ 305042 095056 6113/
22219 00000
33311 88872 20000 30000 20001 32716 43401 20011 32712 43408
20021 32702 43416 20040 32703 43418 20081 32247 20100 31876 43496
20120 31415 20140 31254 20200 31190 20300 31073 20500 30939=
ZZYY 53056 22091 0800/ 305040 095059 6113/
11119 10269 29083
22219 00272
33311 88872 20000 32721 20001 32721 43403 20011 32714 43408
20020 32704 43417 20040 32702 43412 20081 32542 20100 31941 43474
20120 31512 20140 31274 20200 31192 20300 31078 20500 30944
444 20130 22091 0830/ 522//=
ZZYY 53056 22091 0200/ 305041 095059 6113/
11119 10267 29081
22219 00270
33311 88872 20000 32702 20001 32702 43406 20011 32702 43411
20020 32702 43421 20040 32702 43421 20081 32136 20100 31870 43499
20120 31427 20140 31260 20200 31206 20300 31096 20500 30943
444 20130 22091 0205/ 522//=
ZZYY 53056 22091 0400/ 305041 095063 6113/
11119 10267 29082
22219 00271
33311 88872 20000 32705 20001 32705 43406 20011 32704 43410
20021 32702 43419 20040 32701 43417 20081 32452 20100 31933 43473
20120 31605 20140 31361 20200 31213 20301 31090 20501 30947
444 20130 22091 0319/ 522//=
####018000146####
SSVX13 LFPW 221300
ZZYY 41632 22091 1300/ 722506 039848 6113/ 11119 40205 52005 22219
 00268 444 20130 22091 1255/ 50101 80124 80081 9/015=
####018000105####
SSVX07 KARS 221302
ZZYY 48536 22091 1300/ 173339 154340 6111/
11119 11011
444 20110 22091 1252/=
####018000125####
SSVX04 KARS 221302
ZZYY 46658 22091 1255/ 753000 153369 6111/
11119 49902 52002
22219 00103
444 503// 80158 80022=
####018001507####
SSVX02 KARS 221302
ZZYY 46516 22091 1259/ 735441 139930 6112/
22219 00232
444 20120 22091 1230/ 50101 80094 80073 9////=
ZZYY 51973 22091 1259/ 733730 163850 6112/
22219 00253
444 20120 22091 1234/ 50101 80117 80042 9/015=
ZZYY 46925 22091 1210/ 147404 166366 6113/
11119 30140 40140 57019
444 20130 22091 1103/ 50101 80077 80003 9/015=
ZZYY 21991 22091 1210/ 144992 164489 6112/
11119 30105 40105 57020
444 20120 22091 0954/ 50101 80140 80000 9/015=
ZZYY 21902 22091 1200/ 144718 163738 6112/
22219 00169
444 20120 22091 1103/ 50101 80140 80012 9/015=
ZZYY 21856 22091 1250/ 145297 162644 6113/
11119 30069 40069 57013
22219 00162
444 20130 22091 1103/ 50101 80140 80063 9/015=
ZZYY 21854 22091 1200/ 138916 168317 6113/
11119 30243 40243
22219 00242
444 20130 22091 1101/ 50101 80100 80000 9/015=
ZZYY 21540 22091 1120/ 142578 161373 6112/
11119 30126 40126 57001
22219 00193
444 20120 22091 1101/ 50101 80120 80017 9/015=
ZZYY 46535 22091 1240/ 739214 140948 6112/
11119 30095 40095 57021
22219 00215
444 20120 22091 1230/ 50101 80123 80001 9/015=
ZZYY 46540 22091 1240/ 742568 144569 6111/
11119 39914 49914 57036
22219 00184
444 20110 22091 1230/ 50101 80123 80012 9/015=
ZZYY 22593 22091 1257/ 739564 153996 6112/
444 20120 22091 1230/ 50101 80007 80099 9/015=
ZZYY 14942 22091 1259/ 726814 165738 6113/
444 20130 22091 1234/ 50101 9/015=
ZZYY 14945 22091 1258/ 739292 158830 6113/
444 20130 22091 1230/ 50101 9/015=
####018000155####
SSVX13 KARS 221302
ZZYY 21574 22091 1250/ 142074 171076 6112/
11119 30214 40214 54000
22219 00187
444 20120 22091 1103/ 50101 80120 80100 9/015=
####018000146####
SSVX13 LFPW 221257
ZZYY 64517 22091 1257/ 762991 010308 6113/ 11119 49975 52020 22219
 00101 444 20130 22091 1155/ 50101 80132 80002 9/015=
####018000146####
SSVX13 LFPW 221257
ZZYY 64616 22091 1257/ 761284 012110 6113/ 11119 40020 52015 22219
 00119 444 20130 21091 1156/ 50101 80144 80021 9/015=
####018000117####
SSVX07 LFVW 221302
ZZYY 48548 22091 1300/ 774280 128465 6111/
11119 10080 39886 49886
444 20110 22091 1250/=
####018000237####
SSVX02 LFVW 221302
ZZYY 22689 22091 1258/ 735698 177830 6112/
22219 00238
444 20120 22091 0921/ 50101 80114 80006 9/015=
ZZYY 22689 22091 1238/ 735698 177830 6112/
22219 00238
444 20120 22091 0921/ 50101 80114 80006 9/015=
####018000625####
SSVX11 LFVW 221302
ZZYY 53056 22091 0400/ 305041 095063 6113/
11119 10267 29082
22219 00271
33311 88872 20000 32705 20001 32705 43406 20011 32704 43410
20021 32702 43419 20040 32701 43417 20081 32452 20100 31933 43473
20120 31605 20140 31361 20200 31213 20301 31090 20501 30947
444 20130 22091 0319/ 522//=
ZZYY 53056 22091 0200/ 305041 095059 6113/
11119 10267 29081
22219 00270
33311 88872 20000 32702 20001 32702 43406 20011 32702 43411
20020 32702 43421 20040 32702 43421 20081 32136 20100 31870 43499
20120 31427 20140 31260 20200 31206 20300 31096 20500 30943
444 20130 22091 0205/ 522//=
####018000151####
SSVX13 LFVW 221302
ZZYY 17572 22091 1300/ 344638 147428 6110/
11119 49958 57042
22219 00131
444 2020/ 344638 147428 50101 80114 80000 9/015=
