####018000125####
SSVX02 CWAO 220615
ZZYY 47531 22091 0615/ 784419 064710 6113/ 11131 11001 444 20130 22091 0615/ 50701 80138 80001 9////=
####018000125####
SSVX02 CWAO 220615
ZZYY 47533 22091 0615/ 782990 062191 6113/ 22291 01009 444 20130 22091 0615/ 50701 80138 80001 9////=
####018000125####
SSVX02 CWAO 220615
ZZYY 47532 22091 0615/ 782991 062222 6113/ 11119 11104 444 20130 22091 0615/ 50701 80136 80001 9////=
####018000125####
SSVX02 CWAO 220615
ZZYY 47537 22091 0615/ 784418 064774 6113/ 22291 00003 444 20130 22091 0615/ 50701 80138 80001 9////=
####018000665####
SSVX02 KARS 220624
ZZYY 44844 22091 0600/ 742298 036612 6113/
11119 30180 40180 57003
22219 00211
444 20130 22091 0608/ 50101 80120 80037 9/015=
ZZYY 41916 22091 0510/ 728378 076690 6112/
11119 30189 40189 57011
22219 00283
444 20120 22091 0227/ 50101 80120 80070 9/015=
ZZYY 41921 22091 0610/ 720201 056665 6111/
22219 00280
444 20110 22091 0547/ 50101 80120 80056 9/015=
ZZYY 41926 22091 0310/ 733142 074287 6113/
11119 30218 40218 52006
22219 00271
444 20130 22091 0227/ 50101 80110 80045 9/015=
ZZYY 41939 22091 0610/ 731520 076406 6113/
11119 30202 40202 57009
22219 00273
444 20130 22091 0229/ 50101 80120 80063 9/015=
####018000128####
SSVX02 CWAO 220615
ZZYY 47533 22091 0615/ 782990 062191 6113/ 22291 01009 444 20130 22091 0615/ 50701 80138 80001 9////=

####018000128####
SSVX02 CWAO 220615
ZZYY 47531 22091 0615/ 784419 064710 6113/ 11131 11001 444 20130 22091 0615/ 50701 80138 80001 9////=

####018000128####
SSVX02 CWAO 220615
ZZYY 47532 22091 0615/ 782991 062222 6113/ 11119 11104 444 20130 22091 0615/ 50701 80136 80001 9////=

####018000128####
SSVX02 CWAO 220615
ZZYY 47537 22091 0615/ 784418 064774 6113/ 22291 00003 444 20130 22091 0615/ 50701 80138 80001 9////=

####018000427####
SSVX08 KARS 220626
ZZYY 41139 21091 12004 720010 037843 6111/
11119 00618 10262 29081 40191
22219 00265
33311 88872 20000 32652 20001 32655 20020 32653 43708
20060 32555 43728 20100 32340 20120 32285 20140 32223 20180 32036
20300 31579 20500 31194
444 20110 21091 1155/ 521// 60401=
ZZYY 41139 22091 06004 720024 037862 6111/
11119 00515 10260 29078 40165
22219 00265
444 20110 22091 0552/ 521// 60401=
####018010239####
SSVX02 KARS 220626
ZZYY 42538 22091 0620/ 733476 053880 6112/
22219 00285
444 20120 22091 0608/ 50101 80100 80001 9////=
ZZYY 42547 22091 0616/ 738470 037147 6113/
22219 00237
444 20130 22091 0609/ 50101 80094 80001 9/015=
ZZYY 41909 22091 0540/ 735385 068332 6113/
11119 30241 40241 57011
22219 00271
444 20130 22091 0545/ 50101 80120 80000 9/015=
ZZYY 15637 22091 0620/ 709725 058579 6113/
22219 00296
444 20130 22091 0549/ 50101 80126 80002 9/015=
ZZYY 13568 22091 0610/ 725242 052381 6112/
11119 30214 40214 57013
22219 00280
444 20120 22091 0612/ 50101 80100 80000 9////=
ZZYY 41979 22091 0610/ 729953 060298 6113/
11119 30240 40240 57013
22219 00281
444 50101 80110 80046 9/015=
ZZYY 41943 22091 0621/ 732471 065294 6111/
22219 00274
444 20110 22091 0611/ 50101 80144 80003 9/015=
ZZYY 44927 22091 0550/ 751718 043040 6112/
11119 30023 40023 52011
22219 00107
444 20120 22091 0605/ 50101 80138 80001 9/015=
ZZYY 41609 22091 0621/ 732019 066707 6112/
22219 00275
444 20120 22091 0610/ 50101 80144 80001 9/015=
ZZYY 41578 22091 0621/ 729816 058769 6112/
22219 00282
444 20120 22091 0612/ 50101 80144 80010 9/015=
ZZYY 41974 22091 0616/ 727267 066564 6112/
22219 00282
444 20120 22091 0228/ 50101 80144 80007 9/015=
ZZYY 42513 22091 0619/ 728091 085666 6112/
22219 00290
444 20120 22091 0413/ 50101 80094 80001 9/015=
ZZYY 13599 22091 0621/ 721868 066727 6112/
22219 00285
444 20120 22091 0612/ 50101 80109 80007 9/015=
ZZYY 42508 22091 0620/ 735878 049438 6113/
22219 00272
444 20130 22091 0609/ 50101 80126 80002 9/015=
ZZYY 44554 22091 0616/ 733784 038120 6112/
444 20120 22091 0541/ 50101 80098 80099 9/015=
ZZYY 41997 22091 0616/ 744045 040018 6113/
444 20130 22091 0607/ 50101 80094 80042 9/015=
ZZYY 41941 22091 0550/ 729477 071043 6113/
11119 30211 40211 57010
22219 00284
444 20130 22091 0612/ 50101 80120 80060 9/015=
ZZYY 41941 22091 0450/ 729477 071043 6113/
11119 30215 40215 57005
22219 00284
444 20130 22091 0612/ 50101 80120 80068 9/015=
ZZYY 44522 22091 0618/ 742431 043853 6112/
22219 00230
444 20120 22091 0608/ 50101 80118 80027 9/015=
ZZYY 41592 22091 0617/ 732183 071328 6113/
444 20130 22091 0609/ 50101 80096 80035 9/015=
ZZYY 41961 22091 0610/ 728194 069686 6111/
11119 30198 40198 57013
22219 00280
444 20110 22091 0611/ 50101 80138 80005 9/015=
ZZYY 41961 22091 0510/ 728200 069669 6111/
11119 30204 40204 57006
22219 00280
444 20110 22091 0436/ 50101 80138 80004 9/015=
ZZYY 41987 22091 0420/ 728227 075165 6113/
11119 30196 40196 54000
444 20130 22091 0228/ 50101 80130 80009 9/015=
ZZYY 41987 22091 0320/ 728227 075165 6113/
11119 30200 40200 52011
444 20130 22091 0228/ 50101 80130 80010 9/015=
ZZYY 41914 22091 0617/ 739260 036324 6113/
22219 00238
444 20130 22091 0608/ 50101 80116 80014 9/015=
ZZYY 41969 22091 0610/ 731898 073390 6112/
11119 30217 40217 57006
22219 00280
444 20120 22091 0611/ 50101 80138 80006 9/015=
ZZYY 41967 22091 0610/ 726578 074664 6113/
11119 30180 40180 57015
22219 00285
444 20130 22091 0611/ 50101 80138 80003 9/015=
ZZYY 41967 22091 0510/ 726578 074664 6113/
11119 30187 40187 57006
22219 00286
444 20130 22091 0611/ 50101 80138 80003 9/015=
ZZYY 41967 22091 0410/ 726551 074645 6112/
11119 30191 40191 52002
22219 00286
444 20120 22091 0227/ 50101 80138 80004 9/015=
ZZYY 44899 22091 0618/ 729494 044895 6112/
22219 00276
444 20120 22091 0544/ 50101 80118 80014 9/015=
ZZYY 13616 22091 0619/ 720770 063360 6111/
22219 00284
444 20110 22091 0612/ 50101 80052 80099 9/015=
ZZYY 41956 22091 0620/ 730665 064177 6112/
22219 00280
444 20120 22091 0609/ 50101 8//// 80000 9/015=
ZZYY 41956 22091 0622/ 730665 064177 6112/
444 20120 22091 0609/ 50101 9/015=
ZZYY 41970 22091 0610/ 725607 055814 6113/
11119 30217 40217 57010
22219 00281
444 20130 22091 0611/ 50101 80120 80034 9/015=
ZZYY 13636 22091 0620/ 723636 063553 6111/
22219 00284
444 20110 22091 0612/ 50101 80099 80009 9/015=
ZZYY 13623 22091 0621/ 722693 048987 6112/
22219 00279
444 20120 22091 0611/ 50101 80049 80099 9/015=
ZZYY 31527 22091 0621/ 732822 075145 6113/
22219 00273
444 20130 22091 0611/ 50101 8//// 80003 9////=
ZZYY 41916 22091 0350/ 728378 076690 6112/
11119 30194 40194 54000
22219 00283
444 20120 22091 0227/ 50101 80120 80085 9/015=
ZZYY 41916 22091 0310/ 728378 076690 6112/
11119 30198 40198 52010
22219 00283
444 20120 22091 0227/ 50101 80120 80088 9/015=
ZZYY 41903 22091 0618/ 736584 040758 6112/
22219 00246
444 20120 22091 0609/ 50101 80078 80003 9/015=
ZZYY 41981 22091 0500/ 729438 079568 6113/
11119 30180 40180 57004
22219 00291
444 20130 22091 0611/ 50101 80138 80001 9/015=
ZZYY 41981 22091 0400/ 729300 079518 6112/
11119 30183 40183 52004
22219 00291
444 20120 22091 0227/ 50101 80138 80001 9/015=
ZZYY 41981 22091 0300/ 729300 079518 6112/
11119 30184 40184 52009
22219 00291
444 20120 22091 0227/ 50101 80138 80002 9/015=
ZZYY 41686 22091 0619/ 719401 067963 6112/
22219 00288
444 20120 22091 0616/ 50101 80110 80000 9/015=
ZZYY 41983 22091 0616/ 741059 038876 6111/
22219 00231
444 20110 22091 0607/ 50101 80078 80023 9/015=
ZZYY 41855 22091 0610/ 729624 067078 6112/
11119 30217 40217 57009
22219 00264
444 20120 22091 0612/ 50101 80110 80000 9/015=
ZZYY 44886 22091 0617/ 728964 036931 6111/
22219 00267
444 20110 22091 0611/ 50101 80074 80002 9/015=
ZZYY 41611 22091 0621/ 727250 073214 6113/
22219 00289
444 20130 22091 0612/ 50101 80140 80007 9/015=
ZZYY 44553 22091 0621/ 729722 059890 6112/
22219 00281
444 20120 22091 0610/ 50101 80095 80010 9/015=
ZZYY 41570 22091 0620/ 726946 075095 6113/
22219 00285
444 20130 22091 0611/ 50101 80140 80003 9/015=
ZZYY 41606 22091 0618/ 735302 041597 6113/
22219 00262
444 20130 22091 0608/ 50101 80037 80005 9/015=
ZZYY 44914 22091 0620/ 734982 044206 6111/
22219 00266
444 20110 22091 0608/ 50101 80051 80007 9/015=
ZZYY 62723 22091 0615/ 740043 030262 6112/
22219 00222
444 20120 22091 0608/ 50101 80079 80005 9/015=
ZZYY 44894 22091 0615/ 742184 033346 6111/
22219 00209
444 20110 22091 0608/ 50101 80076 80004 9/015=
ZZYY 41926 22091 0610/ 733136 074221 6113/
11119 30211 40211 57007
22219 00271
444 50101 80110 80033 9/015=
ZZYY 44915 22091 0614/ 735997 054959 6113/
22219 00273
444 20130 22091 0611/ 50101 80118 80013 9/015=
ZZYY 41563 22091 0621/ 731690 071575 6113/
22219 00272
444 20130 22091 0610/ 50101 80110 80000 9/015=
ZZYY 44919 22091 0619/ 733608 056738 6112/
22219 00278
444 20120 22091 0610/ 50101 80116 80012 9/015=
ZZYY 41924 22091 0310/ 733033 073725 6113/
11119 30220 40220 52002
22219 00271
444 20130 22091 0228/ 50101 80120 80029 9/015=
ZZYY 41924 22091 0610/ 733029 073653 6113/
11119 30216 40216 57004
22219 00273
444 20130 22091 0611/ 50101 80120 80027 9/015=
ZZYY 41937 22091 0540/ 728607 078211 6113/
11119 30185 40185 57008
22219 00281
444 20130 22091 0612/ 50101 80120 80073 9/015=
ZZYY 41937 22091 0440/ 728607 078211 6113/
11119 30187 40187 57006
22219 00281
444 20130 22091 0612/ 50101 80120 80070 9/015=
ZZYY 41933 22091 0620/ 737115 061904 6112/
11119 30272 40272 57003
22219 00266
444 20120 22091 0609/ 50101 80120 80041 9/015=
ZZYY 41998 22091 0617/ 745797 041795 6112/
444 20120 22091 0607/ 50101 80068 80014 9/015=
ZZYY 41939 22091 0510/ 731503 076437 6113/
11119 30205 40205 57008
22219 00273
444 20130 22091 0611/ 50101 80120 80058 9/015=
ZZYY 41939 22091 0410/ 731520 076406 6113/
11119 30210 40210 52002
22219 00274
444 20130 22091 0229/ 50101 80120 80066 9/015=
ZZYY 41610 22091 0619/ 731651 056629 6113/
22219 00287
444 20130 22091 0609/ 50101 80094 80001 9/015=
ZZYY 44905 22091 0620/ 736367 058186 6113/
11119 30265 40265 54000
22219 00269
444 20130 22091 0609/ 50101 8//// 80000 9/015=
ZZYY 31781 22091 0619/ 721083 068777 6111/
22219 00285
444 20110 22091 0436/ 50101 80120 80021 9/015=
ZZYY 41999 22091 0616/ 731032 060529 6113/
22219 00283
444 20130 22091 0611/ 50101 80110 80080 9/015=
ZZYY 44883 22091 0615/ 728769 037603 6111/
22219 00269
444 20110 22091 0543/ 50101 80058 80013 9/015=
ZZYY 44881 22091 0617/ 736328 033142 6112/
22219 00249
444 20120 22091 0611/ 50101 80074 80001 9/015=
ZZYY 41932 22091 0621/ 732151 055529 6113/
22219 00285
444 20130 22091 0617/ 50101 80050 80000 9/015=
ZZYY 31982 22091 0621/ 731186 067174 6113/
22219 00264
444 20130 22091 0611/ 50101 80051 80091 9/015=
ZZYY 41980 22091 0600/ 717364 048463 6111/
11119 30141 40141 57017
22219 00276
444 20110 22091 0617/ 50101 80120 80035 9/015=
ZZYY 31775 22091 0621/ 726232 062767 6113/
444 20130 22091 0611/ 50101 80052 80099 9/015=
ZZYY 41569 22091 0610/ 720258 050389 6113/
11119 30172 40172 57016
22219 00280
444 20130 22091 0612/ 50101 80110 80009 9/015=
ZZYY 42536 22091 0619/ 735450 057342 6113/
22219 00270
444 20130 22091 0609/ 50101 80118 80001 9/015=
ZZYY 41603 22091 0550/ 730434 040042 6113/
11119 30220 40220 57009
22219 00271
444 20130 22091 0543/ 50101 80110 80035 9/015=
ZZYY 42518 22091 0617/ 728756 039116 6112/
22219 00274
444 20120 22091 0612/ 50101 80118 80001 9/015=
ZZYY 41622 22091 0610/ 725973 065658 6111/
11119 30195 40195 57016
22219 00284
444 20110 22091 0611/ 50101 80120 80009 9/015=
ZZYY 31785 22091 0621/ 706102 050804 6112/
22219 00293
444 20120 22091 0551/ 50101 80122 80011 9/015=
ZZYY 43537 22091 0614/ 738428 066017 6112/
22219 00262
444 20120 22091 0608/ 50101 80122 80016 9/015=
ZZYY 41607 22091 0600/ 717638 041716 6113/
11119 30150 40150 57017
22219 00271
444 20130 22091 0549/ 50101 80120 80032 9/015=
ZZYY 41607 22091 0500/ 717646 041720 6111/
11119 30156 40156 57009
22219 00271
444 20110 22091 0431/ 50101 80120 80036 9/015=
ZZYY 41593 22091 0620/ 726486 063437 6112/
11119 30207 40207 57011
22219 00274
444 20120 22091 0612/ 50101 80120 80034 9/015=
ZZYY 13527 22091 0620/ 712757 051874 6113/
11119 30110 40110
22219 00287
444 20130 22091 0617/ 50101 80070 80000 9/015=
####018000367####
SSVX02 LFVW 220626
ZZYY 22689 22091 0616/ 735715 177794 6111/
22219 00239
444 20110 22091 0614/ 50101 80114 80007 9/015=
ZZYY 41725 22091 0619/ 732335 054410 6113/
22219 00284
33311 88872 20000 32845 43683
444 2013/ 22091 0614/ 50101 9/015=
ZZYY 13982 22091 0616/ 723947 043813 6111/
22219 00273
33311 88872 20000 32726 43750
444 50101 9/015=
