####018013995####
SSVX11 LFVW 220522 RRA
ZZYY 52088 21091 18004 302012 155983 6113/
11119 01306 10269 29082 40090
22219 00294
33311 88872 20000 32939 20002 32939 43519 20025 32943 43522
20050 32940 43523 20075 32940 43528 20100 32918 43532
20125 32862 43553 20150 32824 43571 20200 32156 43583
20250 31110 43485 20300 31012 43474 20500 30765 43458
20750 30558 43453
444 20130 21091 1801/ 522// 60381=
ZZYY 52088 21091 20004 302008 155975 6111/
11119 01102 10272 29086 40096
22219 00294
33311 88872 20000 32935 20002 32935 43515 20025 32946 43522
20050 32941 43523 20075 32940 43528 20100 32918 43532
20125 32864 43555 20150 32818 43571 20200 32120 43577
20250 31113 43484 20300 31006 43474 20500 30746 43456
20750 30556 43452
444 20110 21091 1939/ 522// 60381=
ZZYY 52088 21091 23004 302009 155981 6112/
11119 03005 10281 29084 40123
22219 00294
33311 88872 20000 32944 20002 32944 43522 20025 32944 43522
20050 32942 43524 20075 32937 43530 20100 32877 43543
20125 32825 43569 20150 32636 43573 20200 31686 43547
20250 31071 43480 20300 31008 43474 20500 30797 43459
20750 30580 43452
444 20120 21091 2241/ 522// 60381=
ZZYY 52088 21091 19004 302008 155975 6111/
11119 01103 10270 29083 40091
22219 00294
33311 88872 20000 32937 20002 32937 43521 20025 32941 43522
20050 32941 43522 20075 32940 43528 20100 32924 43530
20125 32863 43551 20150 32822 43571 20200 32247 43585
20250 31174 43490 20300 31016 43474 20500 30749 43455
20750 30554 43452
444 20110 21091 1939/ 522// 60381=
ZZYY 52088 22091 00004 302013 155982 6113/
11119 02906 10280 29086 40117
22219 00295
33311 88872 20000 32950 20002 32950 43521 20025 32944 43524
20050 32942 43525 20075 32939 43530 20100 32874 43544
20125 32830 43568 20150 32656 43569 20200 31643 43535
20250 31069 43479 20300 31011 43474 20500 30822 43462
20750 30572 43452
444 20130 21091 2352/ 522// 60381=
ZZYY 52088 22091 03004 302012 155984 6113/
11119 02509 10282 29083 40089
22219 00298
33311 88872 20000 32982 20002 32982 43518 20025 32946 43522
20050 32944 43524 20075 32938 43528 20100 32919 43532
20125 32865 43557 20150 32749 43571 20200 31936 43566
20250 31126 43488 20300 31015 43474 20500 30813 43460
20750 30578 43451
444 20130 22091 0325/ 522// 60381=
ZZYY 52088 22091 01004 302013 155982 6113/
11119 02806 10281 29084 40110
22219 00296
33311 88872 20000 32959 20002 32959 43520 20025 32945 43523
20050 32940 43525 20075 32940 43530 20100 32884 43540
20125 32835 43569 20150 32635 43570 20200 31672 43543
20250 31061 43479 20300 31013 43473 20500 30819 43462
20750 30576 43451
444 20130 21091 2352/ 522// 60381=
ZZYY 52085 21091 2100/ 300017 155952 6113/
11119 10268 29085 40110
22219 00291
33311 88872 20000 32913 20002 32913 43472 20025 32923 43505
20050 32910 43526 20075 32845 43542 20100 32759 43547
20125 32687 43562 20150 32329 43544 20200 31795 43523
20250 31378 43507 20300 31107 43480 20500 30756 43457
20750 30568 43454
444 20130 21091 2101/ 522//=
ZZYY 52085 22091 0200/ 300020 155955 6112/
11119 10280 29081 40103
22219 00292
33311 88872 20000 32918 20002 32918 43443 20025 32922 43511
20050 32890 43533 20075 32835 43544 20100 32746 43549
20125 32684 43565 20150 32369 43553 20200 31763 43514
20250 31302 43499 20300 31103 43481 20500 30769 43457
20750 30582 43454
444 20120 22091 0211/ 522//=
ZZYY 52085 22091 0400/ 300018 155953 6113/
11119 10260 29090 40087
22219 00294
33311 88872 20000 32940 20002 32940 43439 20025 32922 43506
20050 32909 43528 20075 32846 43543 20100 32772 43548
20300 31104 43481 20750 30567 43454
444 20130 22091 0351/ 522//=
ZZYY 52085 22091 0300/ 300019 155950 6113/
11119 10279 29081 40092
22219 00295
33311 88872 20000 32945 20002 32945 43452 20025 32923 43510
20050 32884 43534 20075 32832 43544 20100 32747 43554
20125 32671 43562 20150 32403 43560 20200 31732 43509
20250 31306 43501 20300 31103 43481 20500 30771 43456
20750 30576 43453
444 20130 22091 0326/ 522//=
ZZYY 52085 22091 0500/ 300018 155952 6113/
11119 10257 29087 40085
22219 00293
444 20130 22091 0506/ 522//=
ZZYY 52085 22091 0100/ 300018 155952 6113/
11119 10279 29082 40113
22219 00291
33311 88872 20000 32909 20002 32909 43458 20025 32922 43506
20050 32912 43525 20075 32850 43543 20100 32773 43550
20125 32752 43561 20150 32437 43570 20200 31731 43512
20250 31233 43497 20300 31099 43481 20500 30770 43457
20750 30588 43455
444 20130 21091 2352/ 522//=
ZZYY 52084 21091 18004 105022 155967 6113/
11119 00408 10264 29094 40091
22219 00293
33311 88872 20000 32934 20002 32934 43354 20025 32939 43364
20050 32945 43374 20075 32900 43413 20100 32710 43483
20125 32472 43508 20150 32307 43514 20200 31253 43454
20250 31014 43462 20300 30924 43464 20500 30750 43457 20750 30593=
ZZYY 52084 22091 01004 105020 155964 6112/
11119 00705 10282 29084 40109
22219 00295
33311 88872 20000 32954 20002 32954 43358 20025 32942 43365
20050 32942 43375 20075 32901 43417 20100 32699 43489
20125 32436 43523 20150 32174 43500 20200 31317 43459
20250 31044 43462 20300 30955 43463 20500 30785 43458 20750 30604
444 20120 21091 2352/ 522// 60381=
ZZYY 52084 22091 03004 105020 155960 6113/
11119 01710 10261 29094 40093
22219 00296
33311 88872 20000 32957 20002 32957 43361 20025 32942 43364
20050 32940 43376 20075 32888 43422 20100 32681 43492
20125 32456 43523 20150 32284 43513 20200 31343 43454
20250 31060 43460 20300 30948 43463 20500 30765 43457 20750 30588
444 20130 22091 0327/ 522// 60381=
ZZYY 52082 21091 20004 101949 155993 6111/
11119 00302 29093 40103
22219 00290
33311 88872 20000 32897 20002 32897 20025 32963 43482
20050 32959 43510 20075 32943 43518 20100 32831 43542
20125 32738 43537 20150 32538 43529 20200 31550 43461
20250 31037 43473 20300 30989 43471 20500 30818 43458
20750 30570 43453
444 20110 21091 1939/ 522// 60381=
ZZYY 52082 21091 18004 101953 155997 6113/
11119 00906 29094 40096
22219 00294
33311 88872 20000 32936 20002 32936 20025 32965 43476
20050 32960 43509 20075 32955 43512 20100 32836 43541
20125 32742 43538 20150 32565 43532 20200 31353 43459
20250 31033 43472 20300 30991 43471 20500 30816 43459
20750 30570 43453=
ZZYY 52082 21091 2300/ 101955 155995 6112/
33311 88872 20002 32940 20025 32965 43476 20050 32960 43511
20075 32943 43518 20100 32834 43542 20125 32734 43538
20150 32528 43529 20200 31695 43468 20250 31031 43473
20300 30982 43471 20500 30775 43458 20750 30569 43453
444 20120 21091 2240/ 522//=
ZZYY 52082 21091 21004 101955 155997 6113/
11119 03501 29092 40111
22219 00289
33311 88872 20000 32893 20002 32893 20025 32962 43485
20050 32959 43511 20075 32917 43525 20100 32829 43542
20125 32743 43540 20150 32566 43532 20200 31514 43462
20250 31038 43473 20300 30987 43471 20500 30797 43459
20750 30570 43453=
ZZYY 52082 21091 19004 101949 155993 6111/
11119 00503 29094 40098
22219 00293
33311 88872 20000 32929 20002 32929 20025 32964 43481
20050 32959 43509 20075 32948 43516 20100 32824 43542
20125 32711 43538 20150 32525 43531 20200 31539 43465
20250 31047 43469 20300 30996 43472 20500 30823 43459
20750 30571 43453
444 20110 21091 1939/ 522// 60381=
ZZYY 52082 22091 03004 101952 155996 6113/
11119 02102 29082 40094
22219 00297
33311 88872 20000 32967 20002 32967 20025 32970 43460
20050 32959 43509 20075 32959 43513 20100 32852 43540
20125 32778 43539 20150 32622 43535 20200 31509 43469
20250 31024 43473 20300 30979 43471 20500 30746 43456
20750 30571 43453
444 20130 22091 0325/ 522// 60381=
ZZYY 52082 22091 05004 101947 155992 6113/
11119 01501 29078 40080
22219 00302
444 20130 22091 0506/ 522// 60381=
ZZYY 52081 21091 1800/ 100072 138042 6112/
33311 88872 20002 32920 43428 20025 32938 43438 20050 32930 43452
20075 32891 43493 20100 32849 43524 20125 32635 43550
20150 32430 43547 20200 31930 43537 20250 31599 43516
20300 31509 43509 20500 30829 43460 20750 30565 43450
444 20120 21091 1801/ 522//=
ZZYY 52081 21091 2300/ 100073 138039 6112/
33311 88872 20002 32909 43423 20025 32918 43429 20050 32935 43448
20075 32909 43490 20100 32868 43523 20125 32543 43546
20150 32327 43543 20200 31900 43534 20250 31556 43510
20300 31496 43508 20500 30829 43459 20750 30563 43451
444 20120 21091 2242/ 522//=
ZZYY 52081 21091 1700/ 100073 138039 6113/
33311 88872 20002 32916 43425 20025 32939 43440 20050 32930 43452
20075 32888 43493 20100 32844 43522 20125 32685 43547
20150 32414 43545 20200 31934 43536 20250 31616 43514
20300 31514 43509 20500 30838 43459 20750 30568 43449
444 20130 21091 1648/ 522//=
ZZYY 52081 21091 1900/ 100071 138039 6113/
33311 88872 20002 32919 43429 20025 32930 43432 20050 32933 43449
20075 32911 43489 20100 32862 43520 20125 32662 43549
20150 32418 43549 20200 31918 43536 20250 31577 43515
20300 31501 43510 20500 30815 43459 20750 30565 43450
444 20130 21091 1942/ 522//=
ZZYY 52081 22091 0300/ 100061 138041 6111/
33311 88872 20002 32938 43420 20025 32927 43432 20050 32933 43452
20075 32863 43488 20100 32849 43532 20125 32560 43551
20150 32348 43543 20200 31898 43533 20250 31554 43513
20300 31412 43509 20500 30820 43458 20750 30561 43449
444 20110 22091 0327/ 522//=
ZZYY 52081 22091 0100/ 100074 138039 6112/
33311 88872 20002 32928 43424 20025 32923 43431 20050 32930 43455
20075 32865 43489 20100 32851 43534 20125 32549 43552
20150 32329 43542 20200 31891 43535 20250 31556 43513
20300 31484 43508 20500 30829 43459 20750 30564 43450
444 20120 22091 0132/ 522//=
ZZYY 52081 22091 0500/ 100074 138041 6112/
33311 88872 20125 32582 43554 20150 32412 43550 20200 31925 43537
20250 31702 43522 20500 30828 43459
444 20120 22091 0506/ 522//=
ZZYY 52087 21091 23004 107867 136491 6113/
11119 01603 10281 29085 40095
22219 00295
33311 88872 20000 32947 20002 32947 43364 20025 32948 43364
20050 32958 43373 20075 32874 43454 20100 32661 43488
20125 32449 43497 20150 32196 43494 20200 31473 43460
20250 31165 43453 20300 31007 43454 20500 30744 43449
20750 30577 43451
444 20130 21091 2241/ 522// 60381=
ZZYY 52087 21091 21004 107867 136490 6112/
11119 00503 10272 29090 40074
22219 00294
33311 88872 20000 32941 20002 32941 43360 20025 32946 43362
20050 32958 43372 20075 32860 43458 20100 32631 43488
20125 32406 43499 20150 32160 43490 20200 31444 43458
20250 31159 43452 20300 30999 43456 20500 30744 43451
20750 30581 43451
444 20120 21091 1939/ 522// 60381=
ZZYY 52087 21091 17004 107867 136491 6112/
11119 03603 10281 29084 40079
22219 00295
33311 88872 20000 32949 20002 32949 43363 20025 32951 43363
20050 32959 43380 20075 32862 43461 20100 32647 43486
20125 32431 43495 20150 32158 43492 20200 31490 43459
20250 31196 43452 20300 31045 43456 20500 30745 43450
20750 30614 43451
444 20120 21091 1646/ 522// 60381=
ZZYY 52087 21091 19004 107867 136490 6112/
11119 03607 10273 29087 40072
22219 00295
33311 88872 20000 32948 20002 32948 43362 20025 32949 43363
20050 32959 43374 20075 32872 43457 20100 32652 43487
20125 32415 43499 20150 32175 43494 20200 31484 43464
20250 31164 43454 20300 31001 43456 20500 30740 43451
20750 30599 43452
444 20120 21091 1939/ 522// 60381=
ZZYY 52087 22091 01004 107865 136490 6112/
11119 02011 10275 29087 40099
22219 00295
33311 88872 20000 32950 20002 32950 43363 20025 32950 43365
20050 32959 43373 20075 32875 43453 20100 32653 43488
20125 32414 43495 20150 32113 43492 20200 31441 43458
20250 31179 43452 20300 31039 43455 20500 30741 43453
20750 30592 43451
444 20120 22091 0132/ 522// 60381=
ZZYY 52087 22091 03004 107874 136490 6111/
11119 02503 10257 29092 40094
22219 00294
33311 88872 20000 32942 20002 32942 43352 20025 32950 43365
20050 32951 43400 20075 32898 43446 20100 32676 43486
20125 32484 43492 20150 32328 43498 20200 31647 43465
20250 31236 43451 20300 31084 43454 20500 30745 43450
20750 30592 43452
444 20110 22091 0329/ 522// 60381=
ZZYY 52080 21091 23004 101998 138100 6112/
11119 01705 10277 29082 40114
22219 00289
33311 88872 20000 32890 20002 32890 43367 20025 32911 43438
20050 32837 43467 20075 32861 43501 20100 32856 43534
20125 32630 43539 20150 32540 43541 20200 31850 43512
20250 31342 43471 20300 31141 43472 20500 30761 43455
20750 30528 43451
444 20120 21091 2241/ 522// 60381=
ZZYY 52080 21091 19004 101997 138102 6113/
11119 02107 10280 29080 40084
22219 00290
33311 88872 20000 32896 20002 32896 43374 20025 32919 43427
20050 32894 43443 20075 32860 43499 20100 32868 43518
20125 32670 43545 20150 32556 43539 20200 31931 43507
20250 31379 43479 20300 31138 43473 20500 30758 43455
20750 30529 43452
444 20130 21091 1941/ 522// 60381=
ZZYY 52080 21091 17004 101997 138104 6113/
11119 02603 10266 29089 40093
22219 00290
33311 88872 20000 32898 20002 32898 43370 20025 32921 43427
20050 32898 43443 20075 32860 43498 20100 32869 43520
20125 32682 43545 20150 32562 43538 20200 32026 43535
20250 31410 43483 20300 31178 43472 20500 30765 43456
20750 30529 43452
444 20130 21091 1648/ 522// 60381=
ZZYY 52080 22091 03004 102005 138101 6111/
11119 0//10 10277 29080 40098
22219 00291
33311 88872 20000 32907 20002 32907 43378 20025 32917 43427
20050 32895 43442 20075 32859 43499 20100 32865 43531
20125 32640 43541 20150 32546 43539 20200 32064 43536
20250 31455 43478 20300 31217 43465 20500 30776 43456
20750 30531 43452
444 20110 22091 0328/ 522// 60381=
ZZYY 52080 22091 01004 101997 138100 6112/
11119 01910 10284 29080 40112
22219 00290
33311 88872 20000 32902 20002 32902 43380 20025 32912 43434
20050 32859 43443 20075 32861 43501 20100 32871 43532
20125 32635 43540 20150 32543 43540 20200 31927 43525
20250 31355 43467 20300 31177 43473 20500 30764 43456
20750 30527 43452
444 20120 22091 0133/ 522// 60381=
####018005977####
SSVX02 KARS 220526
ZZYY 21607 21091 2300/ 133046 126529 6113/
22219 00267=
ZZYY 53908 22091 0511/ 120628 129754 6112/
22219 00290
444 20120 22091 0354/ 50101 80138 80003 9/015=
ZZYY 52613 22091 0507/ 105685 142688 6111/
22219 00291
444 20110 22091 0347/ 50101 9/015=
ZZYY 53591 22091 0440/ 133080 152926 6111/
11119 30143 40143
22219 00252
444 20110 22091 0356/ 50101 80100 80002 9/015=
ZZYY 53594 22091 0430/ 129478 134898 6111/
11119 30069 40069
22219 00268
444 20110 22091 0354/ 50101 80110 80100 9/015=
ZZYY 51901 22091 0509/ 312803 159239 6113/
22219 00281
444 20130 22091 0500/ 50101 80115 80004 9/015=
ZZYY 51875 22091 0508/ 310088 147733 6111/
22219 00174
444 20110 21091 2355/ 50101 80060 80001 9/015=
ZZYY 22583 22091 0512/ 119442 128946 6111/
22219 00293
444 20110 22091 0509/ 50101 80140 80003 9/015=
ZZYY 52619 22091 0512/ 105383 133025 6112/
22219 00292
444 20120 22091 0508/ 50101 80120 80052 9/015=
ZZYY 21892 22091 0420/ 119329 135690 6113/
11119 30080 40080 57019
22219 00300
444 20130 22091 0353/ 50101 8//// 80000 9/015=
ZZYY 51964 22091 0512/ 124906 122206 6111/
22219 00277
444 20110 22091 0355/ 50101 80121 80009 9/015=
ZZYY 52666 22091 0510/ 301494 134771 6113/
22219 00291
444 20130 22091 0348/ 50101 80120 80255 9/015=
ZZYY 52614 22091 0512/ 120239 124299 6111/
22219 00290
444 20110 22091 0354/ 50101 80006 80009 9////=
ZZYY 52606 22091 0509/ 106951 132175 6112/
22219 00293
444 20120 22091 0349/ 50101 80120 80011 9/015=
ZZYY 52916 22091 0511/ 127755 130958 6112/
22219 00259
444 20120 22091 0355/ 50101 80103 80011 9/015=
ZZYY 52668 22091 0512/ 114782 137963 6112/
22219 00296
444 20120 22091 0508/ 50101 80120 80000 9/015=
ZZYY 52805 22091 0506/ 108570 132331 6112/
22219 00297
444 20120 22091 0129/ 50101 80120 80030 9/015=
ZZYY 52679 22091 0508/ 112507 138971 6112/
22219 00294
444 20120 22091 0350/ 50101 80120 80031 9/015=
ZZYY 52910 22091 0511/ 111167 136780 6112/
22219 00295
444 20120 22091 0349/ 50101 80120 80017 9/015=
ZZYY 52909 22091 0512/ 114747 139270 6112/
22219 00296
444 20120 22091 0349/ 50101 80120 80042 9/015=
ZZYY 51860 22091 0511/ 115998 155921 6112/
22219 00290
444 20120 22091 0508/ 50101 80117 80007 9/015=
ZZYY 52803 22091 0512/ 105681 142425 6111/
22219 00299
444 20110 22091 0350/ 50101 80120 80017 9/015=
ZZYY 52664 22091 0511/ 110071 133117 6111/
22219 00310
444 20110 22091 0503/ 50101 80120 80024 9/015=
ZZYY 52911 22091 0507/ 111437 136662 6112/
22219 00294
444 20120 22091 0349/ 50101 80120 80027 9/015=
ZZYY 51858 22091 0511/ 116507 157929 6112/
22219 00290
444 20120 22091 0353/ 50101 80119 80012 9/015=
ZZYY 52671 22091 0512/ 103848 145907 6113/
22219 00303
444 20130 22091 0502/ 50101 80120 80025 9/015=
ZZYY 52673 22091 0511/ 101716 131785 6113/
22219 00290
444 20130 22091 0352/ 50101 80120 80029 9/015=
ZZYY 52662 22091 0511/ 102887 145914 6113/
22219 00314
444 20130 22091 0503/ 50101 80120 80027 9/015=
ZZYY 51829 22091 0512/ 127207 144322 6111/
22219 00274
444 20110 22091 0510/ 50101 80119 80010 9/015=
ZZYY 51644 22091 0508/ 311155 154620 6113/
22219 00282
444 20130 22091 0500/ 50101 80085 80007 9/015=
ZZYY 52838 22091 0512/ 126540 143282 6113/
22219 00276
444 20130 22091 0353/ 50101 80123 80015 9/015=
ZZYY 53517 22091 0511/ 117626 129600 6111/
22219 00319
444 20110 22091 0508/ 50101 80094 80008 9/015=
ZZYY 51668 22091 0510/ 123093 147966 6113/
444 20130 22091 0353/ 50101 80121 80070 9/015=
ZZYY 52591 22091 0511/ 122504 148188 6113/
22219 00283
444 20130 22091 0354/ 50101 80121 80013 9/015=
ZZYY 21908 22091 0410/ 130880 151806 6112/
11119 30145 40145 52243
22219 00271
444 20120 22091 0354/ 50101 80100 80000 9/015=
ZZYY 21896 22091 0210/ 119562 127502 6113/
11119 30102 40102
22219 00292
444 20130 22091 0125/ 50101 80090 80000 9/015=
ZZYY 21896 22091 0410/ 119562 127502 6113/
11119 30087 40087 52238
22219 00292
444 20130 22091 0125/ 50101 80090 80000 9/015=
ZZYY 52919 22091 0511/ 121742 149263 6113/
22219 00283
444 20130 22091 0354/ 50101 80119 80022 9/015=
ZZYY 52804 22091 0511/ 117136 157416 6113/
22219 00290
444 20130 22091 0353/ 50101 80115 80004 9/015=
ZZYY 52920 22091 0511/ 121168 151018 6112/
22219 00285
444 20120 22091 0509/ 50101 80121 80024 9/015=
ZZYY 51957 22091 0511/ 126581 133982 6111/
22219 00272
444 20110 22091 0354/ 50101 80119 80255 9/015=
ZZYY 51648 22091 0508/ 304787 163636 6112/
22219 00295
444 20120 22091 0346/ 50101 80109 80020 9/015=
ZZYY 53597 22091 0510/ 114690 121720 6112/
444 20120 22091 0354/ 50101 80094 80002 9/015=
ZZYY 52593 22091 0440/ 125598 126616 6113/
11119 30110 40110 57018
22219 00277
444 20130 22091 0354/ 50101 80110 80014 9/015=
ZZYY 52836 22091 0510/ 117599 143012 6111/
22219 00291
444 20110 22091 0350/ 50101 80126 80002 9/015=
ZZYY 53524 22091 0512/ 128282 134184 6111/
22219 00278
444 20110 22091 0354/ 50101 80092 80006 9/015=
ZZYY 53581 22091 0450/ 114866 127141 6113/
11119 30080 40080 52235
22219 00309
444 20130 22091 0354/ 50101 80110 80009 9/015=
ZZYY 53907 22091 0420/ 118083 139085 6112/
11119 30089 40089 52239
22219 00291
444 20120 22091 0353/ 50101 80110 80011 9/015=
ZZYY 52907 22091 0509/ 112410 138475 6112/
22219 00318
444 20120 22091 0349/ 50101 80120 80003 9/015=
ZZYY 53567 22091 0510/ 113188 126564 6111/
11119 30076 40076 52238
22219 00309
444 20110 22091 0508/ 50101 80120 80010 9/015=
ZZYY 52833 22091 0500/ 117253 135976 6113/
11119 30077 40077 52235
22219 00292
444 20130 22091 0353/ 50101 80120 80010 9/015=
ZZYY 52833 22091 0400/ 117253 135976 6113/
11119 30083 40083 52237
22219 00292
444 20130 22091 0353/ 50101 80120 80011 9/015=
ZZYY 52905 22091 0420/ 112310 132503 6113/
11119 30079 40079 52237
22219 00304
444 20130 22091 0352/ 50101 80110 80009 9/015=
####018000155####
SSVX13 KARS 220526
ZZYY 22531 22091 0410/ 120794 127608 6112/
11119 30095 40095 57017
22219 00293
444 20120 22091 0354/ 50101 80110 80041 9/015=
####018000129####
SSVX08 KARS 220526
ZZYY 28401 21091 1200/ 132429 144535 6111/
33311 88872 20001 32741 43300
444 20110 21091 1010/ 521//=
####018005191####
SSVX11 LFVW 220526
ZZYY 52075 21091 23004 107986 130036 6113/
11119 02907 10287 29079 40093
22219 00293
33311 88872 20000 32926 20002 32926 43331 20025 32929 43337
20050 32914 43349 20075 32575 43486 20100 32273 43500
20125 31945 43480 20150 31612 43462 20200 31159 43441
20250 30984 43448 20300 30936 43453 20500 30738 43449
444 20130 21091 2240/ 522// 60381=
ZZYY 52075 21091 19004 107997 130045 6111/
11119 02906 10281 29083 40077
22219 00292
33311 88872 20000 32924 20002 32924 43330 20025 32927 43332
20050 32909 43346 20075 32613 43480 20100 32338 43490
20125 32012 43483 20150 31697 43466 20200 31212 43444
20250 31001 43443 20300 30944 43454 20500 30732 43449
444 20110 21091 1825/ 522// 60381=
ZZYY 52075 21091 21004 107983 130037 6112/
11119 03105 10283 29078 40085
22219 00293
33311 88872 20000 32925 20002 32925 43333 20025 32927 43333
20050 32904 43353 20075 32545 43488 20100 32234 43491
20125 31993 43482 20150 31666 43466 20200 31174 43443
20250 30993 43447 20300 30943 43454 20500 30734 43450
444 20120 21091 2119/ 522// 60381=
ZZYY 52075 22091 02004 107985 130038 6113/
11119 02807 10289 29078 40103
22219 00294
33311 88872 20000 32935 20125 31901 43479 20150 31588 43463
20200 31155 43442 20250 30988 43449 20500 30742 43448
444 20130 22091 0132/ 522// 60381=
ZZYY 52075 22091 04004 107986 130042 6113/
11119 02709 10287 29079 40088
22219 00293
444 20130 22091 0355/ 522// 60381=
ZZYY 52073 21091 17004 104856 137280 6113/
11119 02408 10266 29086 40085
22219 00291
33311 88872 20000 32905 20002 32905 43328 20025 32924 43347
20050 32914 43398 20075 32831 20100 32587 43479 20125 32292 43486
20150 32012 43482 20200 31099 43445 20250 30931 43448
20300 30892 43458 20500 30753 43455 20750 30620 43450
444 20130 21091 1648/ 522// 60381=
ZZYY 52073 21091 23004 104859 137279 6113/
11119 02113 10271 29087 40103
22219 00291
33311 88872 20000 32906 20002 32906 43326 20025 32920 43338
20050 32927 43392 20075 32853 20100 32607 43481 20125 32238 43487
20150 31740 43471 20200 31128 43446 20250 30927 43450
20300 30893 43458 20500 30768 43455 20750 30603 43450
444 20130 21091 2241/ 522// 60381=
ZZYY 52073 21091 19004 104857 137277 6112/
11119 02507 10277 29083 40079
22219 00290
33311 88872 20000 32903 20002 32903 43324 20025 32928 43351
20050 32899 43398 20075 32818 20100 32576 43481 20125 32276 43487
20150 31950 43481 20200 31180 43447 20250 30931 43449
20300 30892 43458 20500 30744 43454 20750 30590 43452
444 20120 21091 1940/ 522// 60381=
ZZYY 52073 21091 21004 104857 137277 6112/
11119 01909 10274 29081 40089
22219 00290
33311 88872 20000 32898 20002 32898 43322 20025 32922 43355
20050 32873 43404 20075 32796 20100 32517 43486 20125 32165 43485
20150 31755 43471 20200 31203 43446 20250 30947 43442
20300 30902 43457 20500 30757 43454 20750 30596 43451
444 20120 21091 1940/ 522// 60381=
ZZYY 21210 21091 22004 138125 146417 6112/
11119 01930 10258 29086 49950
22219 00250
444 20120 21091 2216/ 522// 60371=
ZZYY 21210 21091 20004 138121 146419 6111/
11119 02032 10263 29085 49940
22219 00251
444 20110 21091 1931/ 522// 60371=
ZZYY 21210 21091 18004 138125 146405 6112/
11119 01933 10265 29086 49943
22219 00252
444 20120 21091 1751/ 522// 60371=
ZZYY 21210 22091 02004 138104 146418 6112/
11119 03211 10202 29094 49962
22219 00249
444 20120 22091 0221/ 522// 60371=
ZZYY 21210 22091 01004 138114 146420 6111/
11119 01415 10207 29092 49960
22219 00250
444 20110 22091 0120/ 522// 60371=
ZZYY 21210 22091 03004 138096 146409 6111/
11119 03110 10201 29093 49963
444 20110 22091 0336/ 522// 60371=
ZZYY 52087 21091 23004 107867 136491 6113/
11119 01603 10281 29085 40095
22219 00295
33311 88872 20000 32947 20002 32947 43364 20025 32948 43364
20050 32958 43373 20075 32874 43454 20100 32661 43488
20125 32449 43497 20150 32196 43494 20200 31473 43460
20250 31165 43453 20300 31007 43454 20500 30744 43449
20750 30577 43451
444 20130 21091 2241/ 522// 60381=
ZZYY 52080 21091 23004 101998 138100 6112/
11119 01705 10277 29082 40114
22219 00289
33311 88872 20000 32890 20002 32890 43367 20025 32911 43438
20050 32837 43467 20075 32861 43501 20100 32856 43534
20125 32630 43539 20150 32540 43541 20200 31850 43512
20250 31342 43471 20300 31141 43472 20500 30761 43455
20750 30528 43451
444 20120 21091 2241/ 522// 60381=
ZZYY 52082 22091 03004 101952 155996 6113/
11119 02102 29082 40094
22219 00297
33311 88872 20000 32967 20002 32967 20025 32970 43460
20050 32959 43509 20075 32959 43513 20100 32852 43540
20125 32778 43539 20150 32622 43535 20200 31509 43469
20250 31024 43473 20300 30979 43471 20500 30746 43456
20750 30571 43453
444 20130 22091 0325/ 522// 60381=
ZZYY 52082 22091 01004 101953 155997 6113/
11119 02601 29083 40115
22219 00295
33311 88872 20000 32947 20002 32947 20025 32968 43461
20050 32960 43509 20075 32956 43513 20100 32850 43540
20125 32773 43540 20150 32599 43534 20200 31604 43469
20250 31028 43473 20300 30979 43471 20500 30748 43456
20750 30569 43453
444 20130 21091 2352/ 522// 60381=
####018000237####
SSVX02 LFVW 220526
ZZYY 22691 22091 0516/ 138808 131835 6113/
22219 00219
444 20130 21091 2110/ 50101 80146 80001 9/015=
ZZYY 21735 22091 0516/ 137204 130586 6112/
22219 00241
444 20120 22091 0403/ 50101 80038 80007 9/015=
####018000137####
SSVX13 KARS 220528
ZZYY 22531 22091 0510/ 120792 127607 6113/
11119 30088 40088 57022
22219 00293
444 50101 80110 80045 9/015=
####018008419####
SSVX02 KARS 220528
ZZYY 53604 22091 0516/ 133382 151158 6111/
22219 00276
444 20110 22091 0511/ 50101 80132 80001 9/015=
ZZYY 21907 22091 0510/ 119566 133161 6111/
11119 30083 40083 52240
22219 00307
444 50101 80100 80005 9/015=
ZZYY 53601 22091 0518/ 139577 150813 6113/
22219 00239
444 20130 22091 0402/ 50101 80130 80007 9/015=
ZZYY 21896 22091 0510/ 119538 127471 6112/
11119 30082 40082 52237
22219 00292
444 20120 22091 0508/ 50101 80090 80000 9/015=
ZZYY 52919 22091 0517/ 121750 149259 6113/
22219 00283
444 20130 22091 0509/ 50101 80119 80022 9/015=
ZZYY 21514 22091 0440/ 139067 145687 6111/
11119 39980 49980 57240
22219 00222
444 20110 22091 0516/ 50101 80120 80020 9/015=
ZZYY 14940 22091 0521/ 138737 149288 6111/
22219 00248
444 20110 22091 0517/ 50101 8//// 80099 9/015=
ZZYY 21915 22091 0522/ 137416 146641 6112/
22219 00249
444 20120 20091 2224/ 50101 80000 80000 9/015=
ZZYY 21968 22091 0430/ 114496 126306 6112/
11119 30082 40082 52241
22219 00325
444 20120 22091 0354/ 50101 80080 80000 9/015=
ZZYY 21524 22091 0519/ 140204 148900 6112/
22219 00215
444 20120 22091 0404/ 50101 80120 80084 9/015=
ZZYY 51957 22091 0522/ 126581 133982 6111/
22219 00272
444 20110 22091 0354/ 50101 80119 80255 9/015=
ZZYY 46919 22091 0510/ 147954 161214 6113/
11119 30145 40145 57045
444 20130 22091 0334/ 50101 80077 80008 9/015=
ZZYY 21624 22091 0440/ 135881 154665 6111/
11119 30141 40141 52245
22219 00256
444 20110 22091 0517/ 50101 80100 80003 9/015=
ZZYY 21624 22091 0340/ 135872 154646 6111/
11119 30144 40144 52244
22219 00256
444 20110 22091 0355/ 50101 80100 80003 9/015=
ZZYY 21616 22091 0521/ 137978 145416 6112/
22219 00228
444 20120 22091 0402/ 50101 80120 80045 9/015=
ZZYY 21537 22091 0521/ 141809 153794 6112/
22219 00224
444 20120 22091 0224/ 50101 80110 80030 9/015=
ZZYY 53597 22091 0516/ 114689 121716 6112/
22219 00296
444 20120 22091 0510/ 50101 80094 80002 9/015=
ZZYY 53524 22091 0522/ 128282 134174 6111/
22219 00278
444 20110 22091 0510/ 50101 80092 80006 9/015=
ZZYY 52594 22091 0520/ 130487 151470 6111/
22219 00274
444 20110 22091 0510/ 50101 80126 80003 9/015=
ZZYY 22528 22091 0519/ 131598 141954 6111/
22219 00241
444 20110 22091 0510/ 50101 80096 80255 9/015=
ZZYY 52907 22091 0518/ 112407 138476 6112/
22219 00318
444 20120 22091 0508/ 50101 80120 80003 9/015=
ZZYY 53567 22091 0410/ 113191 126544 6113/
11119 30088 40088 52244
22219 00311
444 20130 22091 0353/ 50101 80120 80008 9/015=
ZZYY 53908 22091 0518/ 120621 129738 6111/
22219 00290
444 20110 22091 0509/ 50101 80138 80003 9/015=
ZZYY 21535 22091 0430/ 142563 145110 6113/
11119 39946 49946 52043
22219 00173
444 20130 22091 0402/ 50101 80120 80063 9/015=
ZZYY 53592 22091 0450/ 135012 147873 6111/
11119 30035 40035
22219 00276
444 20110 22091 0517/ 50101 80110 80100 9/015=
ZZYY 53593 22091 0420/ 134399 159647 6112/
11119 30201 40201
22219 00271
444 20120 22091 0401/ 50101 80110 80000 9/015=
ZZYY 52807 22091 0514/ 102040 133773 6113/
22219 00289
444 20130 22091 0503/ 50101 80120 80030 9/015=
ZZYY 53525 22091 0522/ 137173 149920 6111/
22219 00255
444 20110 22091 0518/ 50101 80136 80001 9/015=
ZZYY 21622 22091 0450/ 132438 137354 6111/
11119 30015 40015 52248
22219 00259
444 20110 22091 0510/ 50101 80100 80000 9/015=
ZZYY 22583 22091 0520/ 119443 128940 6113/
22219 00293
444 20130 22091 0509/ 50101 80140 80003 9/015=
ZZYY 21608 22091 0500/ 135400 130166 6113/
22219 00237=
ZZYY 21608 22091 0200/ 135406 130163 6113/
22219 00237=
ZZYY 21607 22091 0500/ 133034 126576 6113/
22219 00268=
ZZYY 21607 22091 0200/ 133041 126559 6113/
22219 00268=
ZZYY 51964 22091 0521/ 124917 122200 6111/
22219 00277
444 20110 22091 0511/ 50101 80121 80009 9/015=
ZZYY 52614 22091 0519/ 120221 124271 6113/
22219 00290
444 20130 22091 0510/ 50101 80006 80009 9////=
ZZYY 53523 22091 0516/ 120914 120249 6111/
22219 00287
444 20110 22091 0126/ 50101 80119 80255 9/015=
ZZYY 22574 22091 0522/ 127514 130079 6111/
22219 00266
444 20110 22091 0510/ 50101 80009 80032 9////=
ZZYY 21890 22091 0522/ 136786 150000 6111/
22219 00254
444 20110 22091 0516/ 50101 80120 80093 9/015=
ZZYY 52916 22091 0520/ 127755 130958 6112/
22219 00259
444 20120 22091 0355/ 50101 80103 80011 9/015=
ZZYY 52608 22091 0516/ 106018 133324 6112/
22219 00292
444 20120 22091 0349/ 50101 80120 80028 9/015=
ZZYY 22579 22091 0514/ 129773 154018 6111/
22219 00275
444 20110 22091 0355/ 50101 80007 80010 9/015=
ZZYY 52679 22091 0515/ 112517 138980 6112/
22219 00294
444 20120 22091 0507/ 50101 80120 80031 9/015=
ZZYY 51864 22091 0517/ 133178 146803 6111/
22219 00276
444 20110 22091 0355/ 50101 80117 80010 9/015=
ZZYY 51860 22091 0514/ 115999 155923 6112/
22219 00290
444 20120 22091 0508/ 50101 80117 80007 9/015=
ZZYY 52909 22091 0516/ 114755 139282 6112/
22219 00296
444 20120 22091 0509/ 50101 80120 80042 9/015=
ZZYY 53518 22091 0517/ 121012 114051 6112/
22219 00286
444 20120 22091 0512/ 50101 80138 80004 9/015=
ZZYY 22634 22091 0519/ 128995 149182 6111/
22219 00279
444 20110 22091 0511/ 50101 80048 80000 9////=
ZZYY 51861 22091 0518/ 134639 143966 6111/
22219 00276
444 20110 22091 0355/ 50101 80005 80000 9////=
ZZYY 21529 22091 0440/ 138013 150594 6113/
11119 30031 40031 52241
22219 00232
444 20130 22091 0402/ 50101 80120 80019 9/015=
ZZYY 52914 22091 0522/ 134911 143403 6111/
22219 00275
444 20110 22091 0510/ 50101 80051 80004 9/015=
ZZYY 21571 22091 0510/ 131150 162219 6111/
11119 30217 40217 57005
22219 00273
444 20110 22091 0330/ 50101 80120 80100 9/015=
ZZYY 52673 22091 0514/ 101712 131798 6113/
22219 00290
444 20130 22091 0502/ 50101 80120 80029 9/015=
ZZYY 21625 22091 0515/ 135523 147237 6111/
22219 00244
444 20110 22091 0355/ 50101 80120 80064 9/015=
ZZYY 52598 22091 0450/ 122248 125544 6113/
11119 30096 40096 57028
22219 00288
444 20130 22091 0516/ 50101 80110 80000 9/015=
ZZYY 51829 22091 0516/ 127219 144329 6112/
22219 00274
444 20120 22091 0510/ 50101 80119 80010 9/015=
ZZYY 52838 22091 0520/ 126547 143279 6112/
22219 00276
444 20120 22091 0510/ 50101 80123 80015 9/015=
ZZYY 52615 22091 0520/ 131502 151454 6111/
22219 00274
444 20110 22091 0511/ 50101 80121 80020 9/015=
ZZYY 53517 22091 0516/ 117632 129616 6112/
22219 00319
444 20120 22091 0508/ 50101 80094 80008 9/015=
ZZYY 51668 22091 0515/ 123108 147958 6112/
444 20120 22091 0509/ 50101 80121 80070 9/015=
ZZYY 17904 22091 0510/ 345387 124290 6111/
11119 30114 40114
22219 00095
444 20110 22091 0456/ 50101 80100 80100 9/015=
ZZYY 71614 22091 0500/ 344608 149388 6111/
22219 00108
444 20110 22091 0454/ 50101 80010 80000 9////=
ZZYY 56908 22091 0500/ 356919 138143 6112/
11119 39885 49885 57010
22219 00018
444 20120 22091 0454/ 50101 80110 80010 9/015=
ZZYY 71616 22091 0440/ 561243 130754 6113/
11119 40139 57011
22219 01003
444 20130 22091 0419/ 50101 80010 80000 9////=
ZZYY 33952 22091 0510/ 348436 126628 6112/
11119 30044 40044 52032
22219 00093
444 20120 22091 0453/ 50101 80100 80014 9/015=
ZZYY 56909 22091 0500/ 359176 132176 6112/
11119 39917 49917 57005
22219 00006
444 20120 22091 0339/ 50101 80110 80015 9/015=
ZZYY 56904 22091 0500/ 350093 156215 6111/
11119 30050 40050 57015
22219 00086
444 20110 22091 0455/ 50101 80100 80037 9/015=
ZZYY 34543 22091 0510/ 340579 115285 6111/
11119 40183 57016
22219 00110
444 20110 22091 0326/ 50101 80010 80005 9////=
ZZYY 34543 22091 0410/ 340579 115285 6111/
444 20110 22091 0326/ 50101 9////=
ZZYY 34512 22091 0350/ 548084 177529 6113/
11119 40215 57007
22219 00071
444 20130 22091 0339/ 50101 80010 80009 9////=
ZZYY 33951 22091 0334/ 338971 087189 6112/
22219 00116
444 20120 22091 0324/ 50101 80072 80014 9/015=
ZZYY 33690 22091 0334/ 342377 099604 6113/
22219 00108
444 20130 22091 0325/ 50101 80074 80126 9/015=
ZZYY 33687 22091 0333/ 333700 061721 6113/
22219 00151
444 20130 22091 0326/ 50101 80070 80000 9/015=
ZZYY 33692 22091 0331/ 341271 091043 6113/
22219 00108
444 20130 22091 0325/ 50101 80074 80095 9/015=
ZZYY 23678 22091 0334/ 340029 089170 6113/
22219 00113
444 20130 22091 0325/ 50101 80049 80099 9////=
