####018000269####
SSVF21 EIDB 211400
ZZYY 62091 21091 14001 753481 005424 11199 02611 10135 29084 40093 22299 00139 10505 20052 21025 33300 88872 20000 40000=
ZZYY 62093 21091 14001 754998 009998 11199 02611 10129 29066 40041 22299 00131 10811 20083 21056 33300 88872 20000 43535=
####018000149####
SSVX13 KARS 211423
ZZYY 13587 21091 1300/ 710040 047894 6112/
11119 40136 52015
22219 00290
444 20120 21091 1227/ 50101 80126 80002 9/015=
####018010945####
SSVX02 KARS 211423
ZZYY 41558 21091 1330/ 729554 053253 6113/
11119 40257 52014
22219 00290
444 20130 21091 1337/ 50101 80008 80000 9////=
ZZYY 42538 21091 1340/ 733568 053889 6111/
22219 00284
444 20110 21091 1341/ 50101 80100 80001 9////=
ZZYY 42547 21091 1336/ 738409 037192 6112/
22219 00238
444 20120 21091 1328/ 50101 80094 80002 9/015=
ZZYY 44514 21091 1334/ 749251 022135 6111/
22219 00149
444 20110 21091 1324/ 50101 80142 80001 9/015=
ZZYY 44513 21091 1336/ 750891 033858 6112/
22219 00132
444 20120 21091 1325/ 50101 80142 80011 9/015=
ZZYY 44516 21091 1335/ 749023 026272 6111/
22219 00153
444 20110 21091 1325/ 50101 80140 80069 9/015=
ZZYY 44515 21091 1335/ 745227 025890 6111/
22219 00169
444 20110 21091 1405/ 50101 80142 80010 9/015=
ZZYY 13907 21091 1220/ 727007 036156 6113/
11119 30236 40236 52006
22219 00268
444 20130 21091 1151/ 50101 80110 80000 9/015=
ZZYY 13907 21091 1320/ 726977 036146 6113/
11119 30235 40235 52002
22219 00268
444 20130 21091 1335/ 50101 80110 80000 9/015=
ZZYY 44932 21091 1333/ 750852 025300 6111/
22219 00141
444 20110 21091 1322/ 50101 80142 80005 9/015=
ZZYY 15637 21091 1344/ 709054 058335 6112/
22219 00297
444 20120 21091 1339/ 50101 80126 80001 9/015=
ZZYY 44518 21091 1335/ 743144 022885 6112/
22219 00202
444 20120 21091 1328/ 50101 80142 80002 9/015=
ZZYY 13568 21091 1310/ 725230 052245 6113/
11119 30227 40227 52017
22219 00280
444 20130 21091 1337/ 50101 80100 80000 9////=
ZZYY 44517 21091 1334/ 751861 020133 6111/
22219 00136
444 20110 21091 1323/ 50101 80142 80008 9/015=
ZZYY 13567 21091 1340/ 727886 053637 6112/
11119 30244 40244 52014
22219 00282
444 20120 21091 1329/ 50101 80100 80000 9////=
ZZYY 44519 21091 1333/ 750781 019578 6111/
22219 00147
444 20110 21091 1325/ 50101 80140 80002 9/015=
ZZYY 13569 21091 1240/ 728663 043508 6112/
11119 30245 40245 52009
22219 00278
444 20120 21091 1223/ 50101 80100 80000 9////=
ZZYY 13569 21091 1340/ 728661 043515 6113/
11119 30245 40245 52005
22219 00279
444 20130 21091 1335/ 50101 80100 80000 9////=
ZZYY 44880 21091 1240/ 726134 035904 6112/
11119 30231 40231 52006
22219 00264
444 20120 21091 1201/ 50101 80110 80004 9/015=
ZZYY 41573 21091 1320/ 727556 037956 6113/
11119 30237 40237 52001
22219 00273
444 20130 21091 1335/ 50101 80120 80000 9/015=
ZZYY 41955 21091 1240/ 729260 077437 6113/
11119 30185 40185
22219 00288
444 20130 21091 1224/ 50101 80110 80100 9/015=
ZZYY 62935 21091 1250/ 735251 030589 6112/
11119 30228 40228
22219 00248
444 20120 21091 1218/ 50101 80100 80100 9/015=
ZZYY 41715 21091 1320/ 723668 052732 6112/
11119 30219 40219 52018
22219 00280
444 20120 21091 1337/ 50101 80110 80038 9/015=
ZZYY 41572 21091 1250/ 726181 048950 6113/
11119 30239 40239 52015
22219 00280
444 20130 21091 1223/ 50101 80110 80033 9/015=
ZZYY 41943 21091 1342/ 732418 065267 6112/
22219 00275
444 20120 21091 1340/ 50101 80144 80002 9/015=
ZZYY 41609 21091 1343/ 731958 066412 6111/
22219 00274
444 20110 21091 1336/ 50101 80144 80001 9/015=
ZZYY 41578 21091 1341/ 729777 058756 6111/
22219 00282
444 20110 21091 1336/ 50101 80144 80010 9/015=
ZZYY 41974 21091 1344/ 727176 066686 6111/
22219 00282
444 20110 21091 1342/ 50101 80144 80008 9/015=
ZZYY 42513 21091 1340/ 728019 085600 6112/
22219 00288
444 20120 21091 1401/ 50101 80094 80001 9/015=
ZZYY 13599 21091 1344/ 721930 066640 6113/
22219 00285
444 20130 21091 1339/ 50101 80109 80008 9/015=
ZZYY 44554 21091 1336/ 733810 038102 6112/
444 20120 21091 1329/ 50101 80098 80099 9/015=
ZZYY 41997 21091 1339/ 744098 040349 6113/
444 20130 21091 1326/ 50101 80094 80028 9/015=
ZZYY 41575 21091 1240/ 728753 050786 6112/
11119 30254 40254 52016
22219 00280
444 20120 21091 1223/ 50101 80110 80040 9/015=
ZZYY 41575 21091 1340/ 728749 050787 6113/
11119 30256 40256 52013
22219 00280
444 20130 21091 1337/ 50101 80110 80045 9/015=
ZZYY 13967 21091 1300/ 724830 033496 6112/
11119 30221 40221 52004
22219 00262
444 20120 21091 1335/ 50101 80110 80040 9/015=
ZZYY 13527 21091 1320/ 712785 051559 6113/
11119 30147 40147
22219 00288
444 20130 21091 1339/ 50101 80070 80000 9/015=
ZZYY 13520 21091 1300/ 732364 028696 6111/
11119 30221 40221 52008
22219 00253
444 20110 21091 1330/ 50101 80120 80006 9/015=
ZZYY 41935 21091 1330/ 728702 033553 6112/
11119 30216 40216 57005
22219 00264
444 20120 21091 1335/ 50101 80110 80000 9/015=
ZZYY 41935 21091 1230/ 728703 033561 6112/
11119 30235 40235 52004
22219 00264
444 20120 21091 1200/ 50101 80110 80000 9/015=
ZZYY 13928 21091 1340/ 723526 034568 6111/
22219 00262
444 20110 21091 1336/ 50101 80124 80180 9/015=
ZZYY 41623 21091 1320/ 727522 053554 6112/
11119 30241 40241 52017
22219 00282
444 20120 21091 1329/ 50101 80120 80036 9/015=
ZZYY 41982 21091 1330/ 729052 063625 6113/
11119 30232 40232 52013
22219 00280
444 20130 21091 1336/ 50101 80120 80011 9/015=
ZZYY 62729 21091 1335/ 739789 026296 6112/
22219 00218
444 20120 21091 1150/ 50101 80116 80020 9/015=
ZZYY 13912 21091 1340/ 725444 031420 6113/
11119 30215 40215 57001
22219 00260
444 20130 21091 1201/ 50101 80110 80036 9/015=
ZZYY 44522 21091 1338/ 742380 044069 6111/
22219 00233
444 20110 21091 1326/ 50101 80118 80025 9/015=
ZZYY 41914 21091 1335/ 739310 036318 6112/
22219 00239
444 20120 21091 1327/ 50101 80116 80013 9/015=
ZZYY 44899 21091 1338/ 729508 044899 6113/
22219 00278
444 20130 21091 1335/ 50101 80118 80011 9/015=
ZZYY 13942 21091 1343/ 720131 057355 6111/
444 20110 21091 1339/ 50101 80000 80000 9/015=
ZZYY 62726 21091 1334/ 736215 019033 6113/
22219 00232
444 20130 21091 1358/ 50101 80120 80012 9/015=
ZZYY 13616 21091 1341/ 720708 063237 6112/
22219 00284
444 20120 21091 1339/ 50101 80052 80099 9/015=
ZZYY 44924 21091 1334/ 748634 034164 6113/
22219 00155
444 20130 21091 1405/ 50101 80102 9/015=
ZZYY 13623 21091 1345/ 722683 048858 6112/
22219 00279
444 20120 21091 1337/ 50101 80049 80099 9/015=
ZZYY 13636 21091 1343/ 723632 063673 6112/
22219 00284
444 20120 21091 1344/ 50101 80105 80008 9/015=
ZZYY 41970 21091 1310/ 725548 055853 6112/
11119 30223 40223 52017
22219 00281
444 20120 21091 1336/ 50101 80120 80035 9/015=
ZZYY 41565 21091 1340/ 729212 051039 6113/
11119 30258 40258 52013
22219 00281
444 20130 21091 1329/ 50101 80120 80006 9/015=
ZZYY 41903 21091 1341/ 736688 040754 6112/
22219 00248
444 20120 21091 1328/ 50101 80074 80003 9/015=
ZZYY 41686 21091 1344/ 719492 067895 6113/
22219 00288
444 20130 21091 1345/ 50101 80110 80000 9/015=
ZZYY 41983 21091 1335/ 740998 038913 6112/
444 20120 21091 1217/ 50101 80078 80021 9/015=
ZZYY 44886 21091 1336/ 729071 036971 6112/
22219 00268
444 20120 21091 1329/ 50101 80074 80007 9/015=
ZZYY 41611 21091 1343/ 727072 073173 6111/
22219 00289
444 20110 21091 1338/ 50101 80140 80006 9/015=
ZZYY 44553 21091 1344/ 729664 059890 6112/
22219 00281
444 20120 21091 1341/ 50101 80095 80011 9/015=
ZZYY 41570 21091 1344/ 727231 075237 6113/
22219 00284
444 20130 21091 1342/ 50101 80140 80002 9/015=
ZZYY 62909 21091 1336/ 730611 026710 6111/
22219 00261
444 20110 21091 1357/ 50101 80108 80003 9/015=
ZZYY 41606 21091 1340/ 735397 041619 6113/
22219 00264
444 20130 21091 1328/ 50101 80037 80006 9/015=
ZZYY 44914 21091 1340/ 735050 044418 6112/
22219 00270
444 20120 21091 1328/ 50101 80051 80005 9/015=
ZZYY 44921 21091 1336/ 738117 030159 6111/
22219 00239
444 20110 21091 1329/ 50101 80078 80001 9/015=
ZZYY 62723 21091 1337/ 740052 030205 6112/
22219 00221
444 20120 21091 1329/ 50101 80069 80008 9/015=
ZZYY 44894 21091 1338/ 742211 033391 6112/
22219 00209
444 20120 21091 1328/ 50101 80078 80004 9/015=
ZZYY 44915 21091 1341/ 736109 054830 6111/
22219 00273
444 20110 21091 1328/ 50101 80118 80013 9/015=
ZZYY 13590 21091 1337/ 725766 031337 6111/
22219 00260
444 20110 21091 1151/ 50101 80130 80100 9/015=
ZZYY 13600 21091 1300/ 733457 025847 6111/
11119 30236 40236 57002
22219 00248
444 20110 21091 1329/ 50101 80110 80013 9/015=
ZZYY 62727 21091 1334/ 741571 019710 6113/
22219 00208
444 20130 21091 1151/ 50101 80118 80020 9/015=
ZZYY 44945 21091 1338/ 732383 035618 6113/
444 20130 21091 1335/ 50101 80054 80011 9/015=
ZZYY 44939 21091 1337/ 737259 037848 6111/
22219 00244
444 20110 21091 1329/ 50101 80052 80002 9/015=
ZZYY 44929 21091 1334/ 726685 031465 6112/
444 20120 21091 1152/ 50101 80072 9/015=
ZZYY 41998 21091 1338/ 745913 041958 6111/
444 20110 21091 1340/ 50101 80068 80016 9/015=
ZZYY 62930 21091 1332/ 726684 031324 6112/
444 20120 21091 1151/ 50101 80084 80013 9/015=
ZZYY 13635 21091 1310/ 723473 032550 6111/
11119 30208 40208 57001
22219 00258
444 20110 21091 1152/ 50101 80120 80000 9/015=
ZZYY 41610 21091 1341/ 731711 056578 6112/
22219 00288
444 20120 21091 1342/ 50101 80094 80001 9/015=
ZZYY 31781 21091 1337/ 720988 068640 6113/
22219 00285
444 50101 80120 80018 9/015=
ZZYY 41999 21091 1344/ 730973 060436 6112/
22219 00284
444 20120 21091 1342/ 50101 80110 80085 9/015=
ZZYY 44883 21091 1340/ 728798 037693 6111/
22219 00271
444 20110 21091 1151/ 50101 80056 80011 9/015=
ZZYY 44881 21091 1337/ 736298 033043 6113/
22219 00251
444 20130 21091 1328/ 50101 80074 80003 9/015=
ZZYY 41932 21091 1344/ 732163 055421 6112/
22219 00286
444 20120 21091 1341/ 50101 80050 80000 9/015=
ZZYY 31982 21091 1344/ 730986 067185 6113/
22219 00264
444 20130 21091 1340/ 50101 80051 80061 9/015=
ZZYY 41980 21091 1300/ 717269 048420 6111/
11119 30167 40167 52011
22219 00277
444 20110 21091 1225/ 50101 80120 80032 9/015=
ZZYY 31775 21091 1344/ 726199 062777 6112/
444 20120 21091 1345/ 50101 80052 80095 9/015=
ZZYY 41978 21091 1310/ 710351 046334 6112/
11119 30130 40130 52020
444 20120 21091 1339/ 50101 80120 80034 9/015=
ZZYY 41569 21091 1310/ 720270 050439 6112/
11119 30193 40193 52014
22219 00280
444 20120 21091 1337/ 50101 80110 80008 9/015=
ZZYY 41603 21091 1250/ 730427 040010 6112/
11119 30245 40245 52006
22219 00272
444 20120 21091 1224/ 50101 80110 80042 9/015=
ZZYY 42518 21091 1339/ 728827 039033 6111/
22219 00277
444 20110 21091 1335/ 50101 80118 80000 9/015=
ZZYY 31785 21091 1344/ 705461 050555 6113/
22219 00292
444 20130 21091 1341/ 50101 80122 80014 9/015=
ZZYY 41616 21091 1310/ 712804 048794 6112/
11119 30142 40142 52014
22219 00285
444 20120 21091 1338/ 50101 80120 80037 9/015=
ZZYY 43537 21091 1342/ 738350 065888 6113/
22219 00261
444 20130 21091 1340/ 50101 80122 80014 9/015=
ZZYY 41607 21091 1300/ 717659 041685 6112/
11119 30175 40175 52016
22219 00272
444 20120 21091 1339/ 50101 80120 80040 9/015=
