####018000593####
SXPA01 KWNB 211700
ZZYY 51018 21091 17001 505029 124872 6113/ 11119 01207 10243
29078 22219 00254 33311 88872 20001 32537 43549 20020 32537 20040
32537 20060 32537 20080 32537 20100 32088 20120 31614 20140 31379
20180 31255 20300 31118 20500 30820 444 20130 21091 1700/ 34991
40500 521// 60401=
ZZYY 51007 21091 17001 705020 139978 6113/ 11119 01507 10259
29070 22219 00259 33311 88872 20001 32594 43465 20020 32593 20040
32558 20060 32543 20080 32529 20100 32521 20120 32517 20140 32441
20180 32237 20300 31009 20500 30848 444 20130 21091 1700/ 35037
40500 521// 60401=
####018001049####
SSVX08 KARS 211734
ZZYY 13001 20091 1200/ 711490 022997 6112/
33311 88872 20001 32869 43510 20020 32829 43543 20040 32165 43596
20060 31710 43573 20080 31509 20100 31412 20120 31349 20140 31312
20180 31262 20300 31133 20500 30965
444 20120 20091 1112/ 521//=
ZZYY 13002 20091 1200/ 720454 023122 6112/
33311 88872 20001 32485 43642 20020 32484 43642 20040 31964 43529
20060 31772 43572 20080 31725 20100 31675 20120 31629 20140 31592
20180 31558 20300 31429 20500 31192
444 20120 20091 1111/ 521//=
ZZYY 13002 21091 17004 720463 023122 6112/
11119 00513 10252 29084
22219 00251
444 20120 21091 1719/ 521// 60401=
ZZYY 41139 20091 12004 720015 037851 6111/
11119 00816 10266 29079 40181
22219 00266
33311 88872 20000 32656 20001 32660 20020 32658 43702
20060 32543 43727 20100 32344 20120 32290 20140 32226 20180 32032
20300 31581 20500 31203
444 20110 20091 1219/ 521// 60401=
ZZYY 41139 21091 17004 720020 037863 6111/
11119 00715 10266 29078 40178
22219 00266
444 20110 21091 1603/ 521// 60401=
####018000149####
SSVX13 KARS 211734
ZZYY 71653 21091 1710/ 556876 031916 6113/
11119 39967 49967
22219 01012
444 20130 21091 1535/ 50101 80110 80100 9/015=
####018002859####
SSVX02 KARS 211734
ZZYY 44515 21091 1719/ 745213 025848 6113/
444 20130 21091 1544/ 50101 80142 9/015=
ZZYY 13934 21091 1722/ 721812 028497 6112/
22219 00259
444 50101 80124 80180 9/015=
ZZYY 13910 21091 1719/ 718413 018858 6113/
22219 00273
444 20130 21091 1540/ 50101 80046 80255 9/015=
ZZYY 13928 21091 1721/ 723536 034597 6111/
22219 00262
444 50101 80124 80180 9/015=
ZZYY 13929 21091 1722/ 720826 029452 6113/
444 50101 80124 80180 9/015=
ZZYY 41608 21091 1710/ 741393 035495 6113/
11119 30208 40208 57023
22219 00225
444 20130 21091 1722/ 50101 80110 80014 9/015=
ZZYY 41914 21091 1724/ 739307 036316 6113/
22219 00239
444 20130 21091 1605/ 50101 80116 80012 9/015=
ZZYY 62726 21091 1721/ 736194 019010 6112/
22219 00234
444 20120 21091 1722/ 50101 80120 80015 9/015=
ZZYY 13903 21091 1722/ 724262 027828 6113/
22219 00254
444 20130 21091 1604/ 50101 80130 80100 9/015=
ZZYY 13945 21091 1721/ 714815 018185 6111/
22219 00300
444 20110 21091 1559/ 50101 80146 80008 9/015=
ZZYY 13961 21091 1716/ 714740 017385 6113/
22219 00351
444 20130 21091 1421/ 50101 80144 80002 9/015=
ZZYY 44929 21091 1716/ 726664 031465 6113/
22219 00269
444 20130 21091 1603/ 50101 80072 80009 9/015=
ZZYY 13589 21091 1722/ 728687 013994 6111/
22219 00256
444 50101 80108 80000 9/015=
ZZYY 41957 21091 1710/ 733324 028476 6113/
11119 30218 40218 57004
22219 00258
444 20130 21091 1722/ 50101 80110 80035 9/015=
ZZYY 71679 21091 1650/ 556208 034758 6112/
11119 39938 49938 57007
22219 01002
444 20120 21091 1535/ 50101 80100 80000 9/015=
ZZYY 33906 21091 1650/ 350568 068484 6111/
22219 00019
444 20110 21091 1708/ 50101 80100 80097 9/015=
ZZYY 17902 21091 1640/ 344837 077091 6112/
22219 00106
444 20120 21091 1615/ 50101 80110 80100 9/015=
ZZYY 33651 21091 1640/ 345342 078410 6112/
22219 00046
444 20120 21091 1615/ 50101 80100 80000 9/015=
ZZYY 16604 21091 1620/ 356382 034665 6111/
22219 01001
444 20110 21091 1614/ 50101 80009 80000 9////=
ZZYY 33690 21091 1707/ 342360 099576 6112/
444 20120 21091 1658/ 50101 80074 80108 9/015=
ZZYY 33692 21091 1708/ 341202 091000 6111/
22219 00108
444 20110 21091 1659/ 50101 80074 80072 9/015=
ZZYY 55946 21091 1640/ 355968 026789 6111/
11119 39874 49874 57030
22219 00003
444 20110 21091 1614/ 50101 80100 80004 9/015=
ZZYY 16517 21091 1710/ 344797 123250 6112/
22219 00096
444 20120 21091 1657/ 50101 80123 80001 9/015=
ZZYY 55915 21091 1630/ 548494 003705 6112/
11119 39943 49943 52028
22219 00043
444 20120 21091 1536/ 50101 80100 80004 9/015=
ZZYY 23678 21091 1707/ 340016 089040 6111/
22219 00113
444 20110 21091 1659/ 50101 80049 80099 9////=
ZZYY 34543 21091 1710/ 340638 115283 6113/
11119 40149 52017
22219 00109
444 20130 21091 1656/ 50101 80010 80010 9////=
####018000581####
SSVX02 LFVW 211733
ZZYY 61793 21091 1700/ 140573 001598 6113/
22219 00247
444 20130 21091 1723/ 50101 80110 80021 9/050=
ZZYY 61793 21091 1630/ 140574 001598 6113/
22219 00247
444 20130 21091 1653/ 50101 80110 80021 9/050=
ZZYY 61851 21091 1700/ 140753 004432 6113/
22219 00244
444 20130 21091 1720/ 50101 80080 80043 9/015=
ZZYY 61851 21091 1630/ 140748 004434 6113/
22219 00244
444 20130 21091 1650/ 50101 80080 80041 9/015=
ZZYY 13982 21091 1716/ 723991 043786 6112/
22219 00275
33311 88872 20000 32746 43750
444 2012/ 21091 1602/ 50101 9/015=
####018000637####
SSVX13 LFVW 211733
ZZYY 13575 21091 1600/ 703550 027640 6111/
11119 40121
22219 00282
33311 88872 20000 32822 43523
444 20110 21091 1558/ 50101 80118 80011 9/015=
ZZYY 13575 21091 1400/ 703555 027639 6111/
11119 40135
22219 00281
33311 88872 20000 32813 43523
444 20110 21091 1417/ 50101 80118 80008 9/015=
ZZYY 15955 21091 1650/ 503689 017986 6111/
11119 40120
22219 00253
33311 88872 20000 32527 43624
444 20110 21091 1530/ 50101 80118 80011 9/015=
ZZYY 15954 21091 1700/ 500557 045340 6113/
11119 40111
22219 00273
33311 88872 20000 32730 43579
444 20130 21091 1559/ 50101 80120 80003 9/015=
####018000111####
SSVX07 KARS 211736
ZZYY 48534 21091 1730/ 783368 046221 6113/
11119 11102 40173
444 20130 21091 1714/=
####018000427####
SSVX08 KARS 211736
ZZYY 41139 20091 12004 720015 037851 6111/
11119 00816 10266 29079 40181
22219 00266
33311 88872 20000 32656 20001 32660 20020 32658 43702
20060 32543 43727 20100 32344 20120 32290 20140 32226 20180 32032
20300 31581 20500 31203
444 20110 20091 1219/ 521// 60401=
ZZYY 41139 21091 17004 720020 037866 6111/
11119 00715 10266 29078 40178
22219 00266
444 20110 21091 1719/ 521// 60401=
####018000433####
SSVX06 KARS 211736
ZZYY 47558 21091 1732/ 773758 081658 6113/
444 20130 21091 1713/ 500// 9/000=
ZZYY 48506 21091 1732/ 779551 119114 6112/
444 20120 21091 1717/ 500//=
ZZYY 48505 21091 1733/ 780185 127778 6112/
11119 40037
444 20120 21091 1716/ 500//=
ZZYY 47554 21091 1733/ 774325 111735 6111/
444 20110 21091 1716/ 500// 9/000=
ZZYY 47553 21091 1733/ 779342 103388 6112/
444 20120 21091 1714/ 500// 9/000=
####018000149####
SSVX13 KARS 211736
ZZYY 13587 21091 1700/ 709995 047949 6113/
11119 40113 57022
22219 00293
444 20130 21091 1715/ 50101 80127 80001 9/015=
####018012283####
SSVX02 KARS 211736
ZZYY 41915 21091 1730/ 734532 056864 6112/
11119 30255 40255 57007
22219 00280
444 20120 21091 1717/ 50101 80110 80000 9/015=
ZZYY 41915 21091 1630/ 734537 056864 6113/
11119 30260 40260 57001
22219 00279
444 20130 21091 1604/ 50101 80110 80000 9/015=
ZZYY 64936 21091 1720/ 176066 007127 6111/
22219 00072
33311 88872 20000 30720 43512
444 20110 21091 1713/ 50101 80100 80100 9/015=
ZZYY 41561 21091 1630/ 727068 056030 6112/
11119 30226 40226 57009
22219 00281
444 20120 21091 1604/ 50101 80110 80012 9/015=
ZZYY 48673 21091 1732/ 776621 124024 6113/
444 20130 21091 1716/ 500// 9/000=
ZZYY 44554 21091 1728/ 733809 038106 6111/
444 20110 21091 1717/ 50101 80098 80099 9/015=
ZZYY 41575 21091 1640/ 728740 050823 6111/
11119 30246 40246 57010
22219 00281
444 20110 21091 1717/ 50101 80110 80042 9/015=
ZZYY 41623 21091 1720/ 727529 053568 6112/
11119 30226 40226 57014
22219 00284
444 20120 21091 1559/ 50101 80120 80033 9/015=
ZZYY 41623 21091 1620/ 727529 053568 6112/
11119 30231 40231 57010
22219 00283
444 20120 21091 1559/ 50101 80120 80035 9/015=
ZZYY 62729 21091 1728/ 739780 026333 6113/
444 20130 21091 1723/ 50101 80116 80016 9/015=
ZZYY 44522 21091 1731/ 742403 044030 6111/
22219 00232
444 20110 21091 1718/ 50101 80118 80027 9/015=
ZZYY 41914 21091 1728/ 739303 036310 6112/
22219 00239
444 20120 21091 1725/ 50101 80116 80012 9/015=
ZZYY 44899 21091 1729/ 729493 044908 6112/
22219 00281
444 20120 21091 1718/ 50101 80118 80012 9/015=
ZZYY 44924 21091 1731/ 748642 034146 6113/
22219 00155
444 20130 21091 1606/ 50101 80102 9/015=
ZZYY 41916 21091 1410/ 728331 076655 6113/
11119 30192 40192 52014
22219 00282
444 20130 21091 1401/ 50101 80120 80066 9/015=
ZZYY 41916 21091 1610/ 728331 076655 6113/
11119 30193 40193 52003
22219 00283
444 20130 21091 1401/ 50101 80120 80058 9/015=
ZZYY 41686 21091 1726/ 719492 067903 6111/
22219 00289
444 20110 21091 1716/ 50101 80110 80000 9/015=
ZZYY 41983 21091 1730/ 741068 038953 6112/
22219 00232
444 20120 21091 1718/ 50101 80078 80020 9/015=
ZZYY 44886 21091 1727/ 729049 036956 6112/
22219 00271
444 20120 21091 1722/ 50101 80074 80004 9/015=
ZZYY 44921 21091 1728/ 738156 030203 6112/
22219 00242
444 20120 21091 1725/ 50101 80080 80001 9/015=
ZZYY 44898 21091 1722/ 731595 029667 6112/
444 20120 21091 1605/ 50101 80084 80002 9/015=
ZZYY 44894 21091 1731/ 742221 033372 6112/
22219 00209
444 20120 21091 1727/ 50101 80078 80004 9/015=
ZZYY 44915 21091 1729/ 736095 054871 6112/
22219 00276
444 20120 21091 1717/ 50101 80118 80014 9/015=
ZZYY 41563 21091 1728/ 731735 071485 6111/
22219 00273
444 20110 21091 1725/ 50101 80110 80000 9/015=
ZZYY 44919 21091 1731/ 733824 056810 6111/
22219 00285
444 20110 21091 1717/ 50101 80116 80013 9/015=
ZZYY 41937 21091 1640/ 728535 078365 6113/
11119 30190 40190 52003
22219 00283
444 20130 21091 1522/ 50101 80120 80074 9/015=
ZZYY 41933 21091 1720/ 737111 061839 6113/
11119 30266 40266 57001
22219 00275
444 20130 21091 1718/ 50101 80120 80055 9/015=
ZZYY 41933 21091 1620/ 737122 061814 6113/
11119 30270 40270 52002
22219 00272
444 20130 21091 1605/ 50101 80120 80051 9/015=
ZZYY 44939 21091 1729/ 737258 037839 6112/
22219 00251
444 20120 21091 1722/ 50101 80052 80002 9/015=
ZZYY 41998 21091 1729/ 745862 041911 6113/
444 20130 21091 1727/ 50101 80068 80020 9/015=
ZZYY 41939 21091 1710/ 731517 076379 6113/
11119 30210 40210 52001
22219 00275
444 20130 21091 1519/ 50101 80120 80093 9/015=
ZZYY 41939 21091 1610/ 731517 076379 6113/
11119 30209 40209 52008
22219 00275
444 20130 21091 1519/ 50101 80120 80060 9/015=
ZZYY 62930 21091 1725/ 726653 031333 6111/
22219 00268
444 20110 21091 1716/ 50101 80084 80014 9/015=
ZZYY 41610 21091 1728/ 731707 056590 6112/
22219 00292
444 20120 21091 1716/ 50101 80094 80001 9/015=
ZZYY 41999 21091 1730/ 731007 060473 6113/
22219 00286
444 20130 21091 1716/ 50101 80110 80050 9/015=
ZZYY 44883 21091 1726/ 728828 037661 6111/
22219 00273
444 20110 21091 1605/ 50101 80060 80012 9/015=
ZZYY 63569 21091 1730/ 175109 002886 6111/
22219 00059
33311 88872 20000 30590 42048
444 20110 21091 1713/ 50101 80080 80100 9/015=
ZZYY 42536 21091 1730/ 735452 057289 6112/
22219 00272
444 20120 21091 1716/ 50101 80118 80000 9/015=
ZZYY 42518 21091 1726/ 728816 039081 6111/
22219 00281
444 20110 21091 1722/ 50101 80118 80001 9/015=
ZZYY 44505 21091 1720/ 745740 046293 6112/
22219 00126
444 20120 21091 1606/ 50101 9/050=
ZZYY 43537 21091 1729/ 738361 065905 6112/
22219 00265
444 50101 80122 80014 9/015=
ZZYY 41558 21091 1630/ 729539 053282 6112/
11119 40249 57008
22219 00291
444 20120 21091 1604/ 50101 80008 80000 9////=
ZZYY 41719 21091 1710/ 733259 055075 6112/
11119 40255 57008
22219 00304
444 20120 21091 1716/ 50101 80009 80000 9////=
ZZYY 42538 21091 1727/ 733535 053912 6111/
22219 00295
444 20110 21091 1717/ 50101 80100 80001 9////=
ZZYY 44882 21091 1630/ 729765 062467 6113/
11119 40233 57002
444 20130 21091 1605/ 50101 80009 80000 9////=
ZZYY 42547 21091 1727/ 738445 037184 6111/
22219 00239
444 50101 80094 80001 9/015=
ZZYY 44514 21091 1729/ 749267 022101 6111/
22219 00149
444 20110 21091 1544/ 50101 80142 80001 9/015=
ZZYY 44513 21091 1732/ 750888 033829 6111/
22219 00131
444 20110 21091 1728/ 50101 80142 80008 9/015=
ZZYY 44516 21091 1732/ 749053 026299 6112/
22219 00153
444 20120 21091 1727/ 50101 80140 80027 9/015=
ZZYY 44515 21091 1731/ 745224 025823 6111/
22219 00171
444 20110 21091 1726/ 50101 80142 80009 9/015=
ZZYY 44932 21091 1729/ 750847 025326 6111/
22219 00142
444 20110 21091 1727/ 50101 80142 80004 9/015=
ZZYY 44518 21091 1729/ 743110 022876 6112/
22219 00202
444 20120 21091 1722/ 50101 80142 80002 9/015=
ZZYY 44519 21091 1732/ 750807 019539 6111/
22219 00146
444 20110 21091 1729/ 50101 80140 80002 9/015=
ZZYY 41955 21091 1640/ 729354 077482 6111/
11119 30192 40192
22219 00291
444 20110 21091 1725/ 50101 80110 80076 9/015=
ZZYY 41954 21091 1630/ 728641 078460 6113/
11119 30187 40187
22219 00280
444 20130 21091 1518/ 50101 80110 80038 9/015=
ZZYY 41954 21091 1730/ 728641 078460 6113/
11119 30185 40185
22219 00281
444 20130 21091 1518/ 50101 80110 80030 9/015=
ZZYY 41960 21091 1620/ 738929 068809 6112/
11119 30253 40253
22219 00276
444 20120 21091 1614/ 50101 80110 80013 9/015=
ZZYY 41960 21091 1720/ 738970 068801 6113/
11119 30249 40249
22219 00276
444 20130 21091 1727/ 50101 80110 80010 9/015=
ZZYY 41972 21091 1730/ 737551 060372 6113/
11119 30261 40261
22219 00267
444 20130 21091 1717/ 50101 80120 80095 9/015=
ZZYY 41945 21091 1710/ 730415 079649 6113/
11119 30193 40193
22219 00296
444 20130 21091 1519/ 50101 80110 80014 9/015=
ZZYY 41943 21091 1723/ 732406 065304 6111/
22219 00277
444 20110 21091 1717/ 50101 80144 80002 9/015=
ZZYY 41609 21091 1729/ 731897 066434 6111/
22219 00276
444 20110 21091 1725/ 50101 80144 80002 9/015=
ZZYY 41578 21091 1725/ 729806 058795 6112/
22219 00284
444 20120 21091 1717/ 50101 80144 80010 9/015=
ZZYY 41974 21091 1728/ 727224 066677 6112/
22219 00283
444 20120 21091 1717/ 50101 80144 80008 9/015=
ZZYY 13599 21091 1725/ 721945 066660 6113/
22219 00286
444 20130 21091 1718/ 50101 80109 80007 9/015=
ZZYY 42508 21091 1731/ 735820 049392 6111/
22219 00274
444 20110 21091 1722/ 50101 80126 80001 9/015=
ZZYY 41997 21091 1733/ 744052 040245 6112/
444 20120 21091 1727/ 50101 80094 80027 9/015=
ZZYY 13527 21091 1720/ 712781 051638 6111/
11119 30124 40124
22219 00288
444 20110 21091 1715/ 50101 80070 80000 9/015=
ZZYY 13928 21091 1726/ 723536 034597 6111/
22219 00262
444 20110 21091 1721/ 50101 80124 80180 9/015=
ZZYY 41592 21091 1731/ 732316 071305 6112/
444 20120 21091 1718/ 50101 80096 80035 9/015=
ZZYY 41961 21091 1510/ 728112 069660 6111/
11119 30211 40211 52006
22219 00280
444 20110 21091 1520/ 50101 80138 80004 9/015=
ZZYY 41961 21091 1610/ 728112 069660 6111/
11119 30208 40208 57001
22219 00280
444 20110 21091 1520/ 50101 80138 80004 9/015=
ZZYY 41987 21091 1520/ 728240 075032 6111/
11119 30195 40195 52008
444 20110 21091 1518/ 50101 80130 80011 9/015=
ZZYY 41987 21091 1720/ 728240 075032 6111/
11119 30189 40189 57007
444 20110 21091 1518/ 50101 80130 80008 9/015=
ZZYY 44943 21091 1650/ 737611 053981 6111/
11119 30257 40257 57009
22219 00272
444 20110 21091 1718/ 50101 80100 80009 9/015=
ZZYY 41967 21091 1510/ 726575 074722 6111/
11119 30191 40191 52009
22219 00286
444 20110 21091 1401/ 50101 80138 80009 9/015=
ZZYY 41967 21091 1610/ 726575 074722 6111/
11119 30188 40188 52005
22219 00287
444 20110 21091 1401/ 50101 80138 80008 9/015=
ZZYY 13942 21091 1725/ 720137 057426 6113/
22219 00283
444 20130 21091 1717/ 50101 80048 80041 9/015=
ZZYY 13616 21091 1726/ 720689 063284 6111/
22219 00285
444 20110 21091 1716/ 50101 80052 80062 9/015=
ZZYY 41956 21091 1728/ 730601 064093 6113/
22219 00281
444 20130 21091 1717/ 50101 8//// 80000 9/015=
ZZYY 41970 21091 1610/ 725569 055865 6113/
11119 30221 40221 57002
22219 00282
444 20130 21091 1604/ 50101 80120 80042 9/015=
ZZYY 13636 21091 1727/ 723648 063612 6111/
22219 00285
444 20110 21091 1717/ 50101 80105 80014 9/015=
ZZYY 13623 21091 1727/ 722665 048896 6111/
22219 00280
444 20110 21091 1715/ 50101 80049 80099 9/015=
ZZYY 31527 21091 1730/ 732855 075121 6111/
22219 00275
444 20110 21091 1726/ 50101 8//// 80001 9////=
ZZYY 41981 21091 1600/ 728996 079399 6111/
11119 30184 40184 52006
22219 00292
444 20110 21091 1519/ 50101 80138 80002 9/015=
ZZYY 62722 21091 1650/ 738508 024574 6112/
11119 30248 40248 57009
22219 00229
444 20120 21091 1718/ 50101 80110 80038 9/015=
ZZYY 41855 21091 1710/ 729453 066894 6112/
11119 30220 40220 57008
22219 00271
444 20120 21091 1717/ 50101 80110 80000 9/015=
ZZYY 41611 21091 1728/ 727096 073190 6113/
22219 00290
444 20130 21091 1718/ 50101 80140 80007 9/015=
ZZYY 44553 21091 1729/ 729666 059902 6113/
22219 00283
444 20130 21091 1716/ 50101 80095 80009 9/015=
ZZYY 41570 21091 1727/ 727214 075227 6112/
22219 00284
444 20120 21091 1518/ 50101 80140 80002 9/015=
ZZYY 41606 21091 1724/ 735378 041595 6112/
22219 00268
444 20120 21091 1722/ 50101 80037 80005 9/015=
ZZYY 44914 21091 1729/ 735041 044378 6111/
22219 00277
444 20110 21091 1606/ 50101 80075 80005 9/015=
ZZYY 62723 21091 1729/ 740035 030222 6111/
22219 00222
444 20110 21091 1725/ 50101 80069 80008 9/015=
ZZYY 41926 21091 1610/ 733211 074467 6113/
11119 30215 40215 52007
22219 00272
444 20130 21091 1519/ 50101 80110 80034 9/015=
ZZYY 41926 21091 1710/ 733202 074448 6111/
11119 30212 40212 52001
22219 00272
444 20110 21091 1725/ 50101 80110 80029 9/015=
ZZYY 41924 21091 1710/ 732969 073855 6112/
11119 30213 40213 57001
22219 00276
444 20120 21091 1727/ 50101 80120 80027 9/015=
ZZYY 44905 21091 1720/ 736273 058076 6112/
11119 30249 40249 57018
22219 00279
444 20120 21091 1726/ 50101 8//// 80000 9/015=
ZZYY 44905 21091 1620/ 736280 058083 6113/
11119 30253 40253 57024
22219 00275
444 20130 21091 1604/ 50101 8//// 80000 9/015=
ZZYY 44903 21091 1640/ 736921 062448 6113/
11119 30261 40261 52001
22219 00277
444 20130 21091 1606/ 50101 8//// 80000 9/015=
ZZYY 62905 21091 1710/ 736758 053911 6111/
11119 30257 40257 57011
22219 00272
444 20110 21091 1717/ 50101 8//// 80000 9/015=
ZZYY 41932 21091 1730/ 732164 055447 6112/
22219 00290
444 20120 21091 1715/ 50101 80050 80029 9/015=
ZZYY 31982 21091 1727/ 730999 067152 6113/
22219 00267
444 20130 21091 1718/ 50101 80051 80082 9/015=
ZZYY 41980 21091 1700/ 717296 048441 6111/
11119 30150 40150 57018
22219 00278
444 20110 21091 1714/ 50101 80120 80034 9/015=
ZZYY 31775 21091 1723/ 726214 062808 6112/
444 20120 21091 1717/ 50101 80052 80090 9/015=
ZZYY 41607 21091 1700/ 717673 041693 6111/
11119 30157 40157 57017
22219 00272
444 20110 21091 1716/ 50101 80120 80045 9/015=
####018000134####
SSVX13 LFPW 211800
ZZYY 44722 21091 1800/ 756270 024717 6110/ 11119 40080 52012 444
 20100 21091 1800/ 50101 80108 80011 9/015=
