####018003909####
SSVX08 KARS 220149
ZZYY 28401 20091 1200/ 132409 144532 6112/
33311 88872 20001 32750 43316 20040 32403 20060 31218 20080 32332
444 20120 20091 1142/ 521//=
ZZYY 51302 21091 12004 508275 155015 6111/
11119 01216 10269 29076
22219 00272
33311 88872 20000 32721 20001 32725 43551 20025 32722 20050 32720
20075 32720 20100 32719 20125 32700 20150 32565 20200 32136
20250 31622 20300 31204 20500 30805
444 20110 21091 1121/ 521// 60401=
ZZYY 51302 22091 01004 508269 155017 6112/
11119 01013 10273 29074
22219 00274
444 20120 22091 0025/ 521// 60401=
ZZYY 51304 21091 12004 504996 170020 6112/
11119 01213 10276 29076
22219 00277
33311 88872 20000 32772 20001 32777 43543 20025 32775 20050 32774
20125 32674 20150 32508 20200 31866 20250 31307 20300 31059
20500 30810
444 20120 21091 1144/ 521// 60401=
ZZYY 51304 22091 01004 505004 170028 6112/
11119 01110 10276 29074
22219 00280
444 20120 22091 0028/ 521// 60401=
ZZYY 51022 21091 12004 501975 154995 6111/
11119 01019 10255 29085
22219 00267
33311 88872 20000 32672 20001 32678 43532 20025 32676 20050 32669
20075 32668 20100 32664 20125 31920 20150 31592 20200 31337
20300 31100
444 20110 21091 1143/ 521// 60401=
ZZYY 51022 22091 01004 501973 154998 6111/
11119 01115 10270 29075
22219 00269
444 20110 22091 0027/ 521// 60401=
ZZYY 52316 21091 1200/ 507988 179855 6112/
33311 88870 20025 32854 20050 32852 20075 32852 20100 32852
20125 32843 20150 32754 20200 32331 20300 31445 20500 30799
444 20120 21091 1442/ 521//=
ZZYY 52316 22091 01004 507993 179852 6111/
11119 00911 10281 29075
444 20110 22091 0027/ 521// 60401=
ZZYY 52311 21091 12004 700045 179905 6111/
11119 00913 10268 29084
22219 00278
33311 88872 20000 32777 20001 32779 43539 20025 32775 20050 32770
20075 32756 20100 32687 20125 32346 20150 32077 20200 31485
20250 31330 20500 30812
444 20110 21091 1324/ 521// 60401=
ZZYY 52311 22091 01004 700043 179913 6112/
11119 01015 10277 29077
22219 00279
444 20120 22091 0029/ 521// 60401=
ZZYY 51010 21091 12004 500029 170066 6112/
11119 00912 10265 29083 40103
22219 00268
33311 88872 20000 32682 20001 32687 43520 20025 32676 43522
20050 32660 43524 20125 32094 20150 31819 20200 31471 20250 31267
20300 31166 20500 30831
444 20120 21091 1144/ 521// 60401=
ZZYY 51010 22091 01004 500031 170053 6112/
11119 01110 10267 29082 40090
22219 00269
444 20120 22091 0028/ 521// 60401=
ZZYY 51019 21091 12004 504984 155022 6112/
11119 01013 10270 29079
22219 00271
33311 88870 20000 32708 20001 32712 20025 32709 20050 32707
20075 32706 20100 32706 20125 32608 20150 32164 20200 31449
20250 31163 20300 31067 20500 30823
444 20120 21091 1256/ 521// 60401=
ZZYY 51019 22091 01004 504990 155006 6111/
11119 01112 10273 29081
22219 00273
444 20110 22091 0025/ 521// 60401=
ZZYY 51310 21091 1200/ 508023 170059 6111/
33311 88872 20001 32809 43555 20025 32808 20050 32807 20075 32807
20100 32808 20125 32797 20150 32704 20200 32265
444 20110 21091 1145/ 521//=
ZZYY 51310 22091 01004 508018 170062 6111/
11119 01010 10279 29074
22219 00283
444 20110 22091 0027/ 521// 60401=
ZZYY 51303 21091 1200/ 705026 169984 6112/
11119 10248 29088
22219 00275
33311 88872 20000 32745 20001 32755 43518 20025 32754 20050 32754
20075 32753 20100 32751 20200 31609 20250 31113 20300 31009
20500 30845
444 20120 21091 1141/ 521//=
ZZYY 51305 21091 1200/ 702025 170063 6111/
11119 10266 29083
22219 00271
33311 88872 20000 32714 20001 32720 43512 20025 32715 20050 32707
20075 32690 20100 32645 20125 32522 20150 31968 20200 31159
20250 31134 20300 31116
444 20110 21091 1144/ 521//=
ZZYY 51306 21091 1200/ 502156 170026 6112/
33311 88872 20001 32772 43556 20025 32769 20050 32767 20100 32764
20125 32593 20150 32106 20250 31117 20500 30826
444 20120 21091 1143/ 521//=
####018007919####
SSVX02 KARS 220149 RRA
ZZYY 51946 22091 0120/ 525427 165251 6111/
22219 00216
33311 88872 20000 32160 42048
444 20110 22091 0133/ 50101 80070 80014 9/015=
ZZYY 51727 22091 0136/ 509480 177351 6112/
22219 00286
444 20120 22091 0029/ 50101 80111 80255 9/015=
ZZYY 71616 22091 0040/ 561259 130821 6112/
11119 40149 57034
22219 01003
444 20120 22091 0015/ 50101 80010 80000 9////=
ZZYY 54942 22091 0100/ 533054 161510 6111/
11119 30077 40077 57010
22219 00168
444 20110 22091 0132/ 50101 8//// 80076 9////=
ZZYY 55920 22091 0040/ 533892 135899 6112/
11119 30144 40144 57002
444 20120 22091 0017/ 50101 8//// 80085 9/015=
ZZYY 54948 22091 0040/ 529976 150631 6112/
11119 40074 57032
22219 00201
444 20120 22091 0017/ 50101 80010 80000 9////=
ZZYY 71627 22091 0030/ 353716 175345 6111/
22219 00068
444 20110 22091 0016/ 50101 80110 80004 9/015=
ZZYY 54949 22091 0100/ 530694 153671 6112/
11119 40084 57003
22219 00182
444 20120 22091 0133/ 50101 80010 80000 9////=
ZZYY 71611 22091 0100/ 558345 121862 6112/
11119 40069 57026
22219 00009
444 20120 22091 0016/ 50101 80010 80000 9////=
ZZYY 33628 22091 0100/ 547992 137462 6113/
22219 00081
444 20130 22091 0018/ 50101 80010 80004 9////=
ZZYY 55596 22091 0110/ 541267 135712 6111/
11119 30075 40075 52006
22219 00119
444 20110 22091 0131/ 50101 80090 80000 9/015=
ZZYY 33665 22091 0050/ 548100 155007 6113/
11119 40177 57015
22219 00091
444 20130 22091 0017/ 50101 80010 80008 9////=
ZZYY 51802 22091 0136/ 522840 175282 6111/
22219 00235
444 20110 22091 0017/ 50101 80053 80007 9/015=
ZZYY 14547 22091 0030/ 349029 176059 6112/
11119 30164 40164 57042
22219 00073
444 20120 22091 0016/ 50101 80100 80063 9/015=
ZZYY 14547 22091 0130/ 349025 176047 6111/
11119 30163 40163 57036
22219 00073
444 20110 22091 0132/ 50101 80100 80063 9/015=
ZZYY 16960 22091 0040/ 353962 163071 6111/
22219 00077
444 20110 21091 2255/ 50101 80100 80000 9/015=
ZZYY 51913 22091 0137/ 515757 173340 6111/
22219 00229
444 20110 22091 0134/ 50101 80115 80016 9/015=
ZZYY 51669 22091 0137/ 511827 174802 6113/
22219 00284
444 20130 22091 0020/ 50101 80105 80012 9/015=
ZZYY 54935 22091 0100/ 541328 136334 6112/
11119 30082 40082 52008
22219 00111
444 20120 22091 0131/ 50101 80080 80000 9/015=
ZZYY 51614 22091 0136/ 318883 173167 6113/
22219 00256
444 20130 21091 2212/ 50101 80046 80024 9/015=
ZZYY 54928 22091 0110/ 542437 153658 6113/
22219 00112
444 20130 22091 0132/ 50101 80110 80005 9/015=
ZZYY 54909 22091 0100/ 541689 147905 6112/
11119 30135 40135 57009
22219 00115
444 20120 22091 0132/ 50101 80090 80004 9/015=
ZZYY 55566 22091 0040/ 535945 146773 6113/
22219 00150
444 20130 22091 0018/ 50101 80009 80000 9////=
ZZYY 51627 22091 0135/ 517826 169377 6113/
22219 00278
444 20130 22091 0019/ 50101 80113 80000 9/015=
ZZYY 55911 22091 0130/ 536971 157395 6111/
11119 40043 57048
22219 00142
444 20110 22091 0135/ 50101 80010 80016 9////=
ZZYY 55911 22091 0030/ 536965 157401 6112/
11119 40058 57043
22219 00142
444 20120 22091 0017/ 50101 80010 80016 9////=
ZZYY 54550 22091 0040/ 531863 143579 6113/
11119 40154 57037
22219 00186
444 20130 22091 0017/ 50101 80010 80005 9////=
ZZYY 51655 22091 0137/ 528671 169943 6112/
22219 00188
444 20120 22091 0132/ 50101 80101 80011 9/015=
ZZYY 51663 22091 0137/ 512190 170442 6113/
22219 00278
444 20130 22091 0019/ 50101 80111 80008 9/015=
ZZYY 32871 22091 0137/ 525930 150012 6112/
22219 00227
444 20120 22091 0017/ 50101 80104 80023 9/015=
ZZYY 32564 22091 0131/ 533972 133407 6111/
22219 00146
444 50101 80007 80094 9/015=
ZZYY 32709 22091 0136/ 520539 135666 6112/
22219 00248
444 20120 22091 0018/ 50101 80121 80010 9/015=
ZZYY 32725 22091 0136/ 513120 167722 6113/
22219 00279
444 20130 22091 0019/ 50101 80121 80004 9/015=
ZZYY 51753 22091 0137/ 521364 163040 6112/
22219 00261
444 20120 22091 0018/ 50101 80083 80005 9/015=
ZZYY 32973 22091 0137/ 520720 156179 6112/
22219 00257
444 20120 22091 0017/ 50101 80047 80016 9/015=
ZZYY 55593 22091 0030/ 546644 144994 6112/
11119 30095 40095 57009
22219 00086
444 20120 22091 0017/ 50101 80100 80000 9/015=
ZZYY 55593 22091 0130/ 546631 145004 6112/
11119 30096 40096 57003
22219 00086
444 20120 22091 0131/ 50101 80100 80000 9/015=
ZZYY 55614 22091 0100/ 538417 168897 6112/
11119 39925 49925 57004
22219 00140
444 20120 22091 0132/ 50101 80110 80000 9/015=
ZZYY 55934 22091 0050/ 557596 114691 6112/
22219 00044
444 20120 22091 0015/ 50101 8//// 80000 9////=
ZZYY 32684 22091 0134/ 518573 158574 6112/
22219 00261
444 20120 22091 0018/ 50101 80102 80022 9/015=
ZZYY 32830 22091 0135/ 520978 160872 6112/
22219 00261
444 20120 22091 0133/ 50101 80108 80002 9/015=
ZZYY 51657 22091 0137/ 506821 179099 6112/
22219 00283
444 20120 22091 0031/ 50101 80117 80004 9/015=
ZZYY 32682 22091 0136/ 521491 155467 6111/
22219 00254
444 20110 22091 0132/ 50101 80100 80020 9/015=
ZZYY 51649 22091 0136/ 527087 159990 6112/
22219 00211
444 20120 22091 0132/ 50101 80008 80000 9/015=
ZZYY 34538 22091 0137/ 530222 143020 6111/
22219 00199
444 20110 22091 0132/ 50101 80010 80000 9////=
ZZYY 32827 22091 0137/ 522876 139145 6112/
22219 00241
444 20120 22091 0133/ 50101 80102 80001 9/015=
ZZYY 54925 22091 0136/ 528924 133632 6111/
22219 00200
444 20110 22091 0133/ 50101 80104 80000 9/015=
ZZYY 51526 22091 0137/ 507462 164080 6112/
22219 00279
444 20120 22091 0019/ 50101 80121 80012 9/015=
ZZYY 51643 22091 0136/ 508502 152904 6113/
22219 00273
444 20130 22091 0020/ 50101 80117 80019 9/015=
ZZYY 51624 22091 0136/ 516213 174292 6112/
22219 00279
444 20120 22091 0019/ 50101 80087 80022 9/015=
ZZYY 71641 22091 0120/ 548822 145926 6111/
22219 00084
444 20110 22091 0131/ 50101 8//// 80025 9////=
ZZYY 71641 22091 0020/ 548826 145939 6111/
22219 00084
444 20110 22091 0017/ 50101 8//// 80043 9////=
ZZYY 32719 22091 0137/ 510532 167220 6113/
444 20130 22091 0019/ 50101 80540 80003 9/015=
ZZYY 33518 22091 0110/ 537578 135344 6112/
11119 30106 40106 52015
22219 00131
444 20120 22091 0131/ 50101 8//// 80100 9/015=
ZZYY 32558 22091 0137/ 520205 153752 6111/
22219 00264
444 20110 22091 0133/ 50101 80108 80099 9/015=
ZZYY 55951 22091 0130/ 538204 133430 6111/
11119 30084 40084 52015
22219 00129
444 20110 22091 0132/ 50101 80100 80005 9/015=
ZZYY 55951 22091 0030/ 538223 133433 6112/
11119 30075 40075 52008
22219 00129
444 20120 22091 0017/ 50101 80100 80005 9/015=
ZZYY 51907 22091 0137/ 504191 159785 6112/
22219 00273
444 20120 22091 0020/ 50101 80119 80021 9/015=
ZZYY 55591 22091 0100/ 538617 124668 6111/
22219 00138
444 20110 22091 0129/ 50101 80010 80000 9////=
ZZYY 51918 22091 0137/ 504573 170863 6113/
22219 00279
444 20130 22091 0030/ 50101 80119 80006 9/015=
ZZYY 56570 22091 0050/ 558968 129599 6113/
11119 30168 40168 54000
22219 00022
444 20130 22091 0015/ 50101 80100 80008 9/015=
ZZYY 32617 22091 0134/ 324526 169971 6112/
22219 00231
444 20120 21091 2214/ 50101 8//// 80006 9/015=
ZZYY 32616 22091 0136/ 522590 140464 6111/
22219 00245
444 20110 22091 0133/ 50101 80100 80024 9/015=
ZZYY 32642 22091 0135/ 526351 132415 6111/
22219 00228
444 20110 22091 0132/ 50101 80102 80000 9/015=
ZZYY 51873 22091 0136/ 507937 161942 6112/
22219 00278
444 20120 22091 0019/ 50101 80117 80020 9/015=
ZZYY 32546 22091 0136/ 523990 135536 6111/
22219 00228
444 20110 22091 0133/ 50101 80050 80001 9/015=
ZZYY 34545 22091 0110/ 548508 143197 6112/
11119 40282 52030
22219 00084
444 20120 22091 0130/ 50101 80010 80010 9////=
ZZYY 34512 22091 0050/ 548096 177533 6112/
11119 40222 52003
22219 00071
444 20120 22091 0017/ 50101 80010 80008 9////=
####018014919####
SSVX02 KARS 220149
ZZYY 51957 21091 2352/ 126602 133945 6113/
22219 00272
444 20130 21091 2355/ 50101 80119 80255 9/015=
ZZYY 51853 21091 2351/ 130103 162184 6113/
22219 00279
444 20130 21091 2341/ 50101 80121 80026 9/015=
ZZYY 32619 21091 2346/ 135426 154036 6111/
22219 00274
444 20110 21091 2339/ 50101 80049 80085 9////=
ZZYY 21537 21091 2349/ 141816 153725 6111/
22219 00224
444 20110 22091 0040/ 50101 80110 80025 9/015=
ZZYY 21929 21091 2349/ 139899 150012 6112/
22219 00240
444 20120 21091 2228/ 50101 80110 80108 9/015=
ZZYY 21926 21091 2350/ 134161 159428 6113/
22219 00271
444 20130 21091 2342/ 50101 80110 80011 9/015=
ZZYY 52613 21091 2357/ 105711 142666 6112/
22219 00290
444 20120 21091 2351/ 50101 80120 80025 9/015=
ZZYY 51909 21091 2349/ 136667 151205 6112/
22219 00272
444 20120 21091 2341/ 50101 80046 80000 9////=
ZZYY 22919 21091 2345/ 131781 170440 6112/
444 20120 21091 2341/ 50101 80009 80000 9/015=
ZZYY 52807 21091 2358/ 102008 133713 6113/
22219 00288
444 20130 21091 2354/ 50101 80120 80031 9/015=
ZZYY 52619 21091 2358/ 105397 133069 6112/
22219 00292
444 20120 21091 2352/ 50101 80120 80044 9/015=
ZZYY 21608 21091 2030/ 135400 130103 6113/
22219 00235=
ZZYY 21607 21091 2030/ 133055 126513 6113/
22219 00268=
ZZYY 51964 21091 2350/ 124910 122197 6111/
22219 00277
444 20110 21091 2356/ 50101 80121 80008 9/015=
ZZYY 52666 21091 2359/ 301505 134759 6113/
22219 00290
444 20130 21091 2355/ 50101 80120 80255 9/015=
ZZYY 22574 21091 2352/ 127473 130058 6112/
22219 00264
444 20120 21091 2355/ 50101 80009 80085 9////=
ZZYY 21895 21091 2345/ 136027 149131 6111/
22219 00262
444 20110 21091 2340/ 50101 80120 80044 9/015=
ZZYY 21890 21091 2350/ 136635 149956 6111/
22219 00254
444 20110 21091 2341/ 50101 80120 80067 9/015=
ZZYY 52606 21091 2356/ 106948 132177 6112/
22219 00292
444 20120 21091 2352/ 50101 80120 80009 9/015=
ZZYY 22579 21091 2352/ 129766 154032 6112/
22219 00274
444 20120 21091 2340/ 50101 80007 80017 9/015=
ZZYY 52608 21091 2356/ 106031 133352 6112/
22219 00291
444 20120 21091 2351/ 50101 80120 80022 9/015=
ZZYY 53578 21091 2348/ 140563 155374 6111/
22219 00221
444 20110 21091 2340/ 50101 80108 80016 9/015=
ZZYY 22610 21091 2351/ 127481 152707 6112/
22219 00275
444 20120 21091 2341/ 50101 80009 80000 9////=
ZZYY 52842 21091 2350/ 131926 163938 6113/
22219 00275
444 20130 21091 2341/ 50101 80010 80027 9/015=
ZZYY 52662 21091 2358/ 102891 145844 6111/
22219 00295
444 20110 21091 2353/ 50101 80120 80026 9/015=
ZZYY 52901 21091 2349/ 132635 170035 6113/
22219 00272
444 20130 21091 2340/ 50101 80010 80000 9/015=
ZZYY 21625 21091 2349/ 135599 147092 6113/
22219 00246
444 20130 21091 2340/ 50101 80120 80067 9/015=
ZZYY 46908 21091 2350/ 124119 163916 6112/
22219 00283
444 20120 21091 2342/ 50101 80088 80040 9/015=
ZZYY 53517 21091 2355/ 117578 129549 6112/
22219 00296
444 20120 21091 2357/ 50101 80094 80006 9/015=
ZZYY 21521 21091 2349/ 135672 163635 6113/
22219 00258
444 20130 21091 2341/ 50101 80110 80003 9/015=
ZZYY 21961 21091 2348/ 133762 150494 6111/
22219 00273
444 20110 21091 2343/ 50101 80110 80071 9/015=
ZZYY 53604 21091 2350/ 133318 151066 6111/
22219 00276
444 20110 21091 2227/ 50101 80132 80001 9/015=
ZZYY 32679 21091 2349/ 128270 158821 6111/
22219 00272
444 20110 21091 2342/ 50101 80102 80001 9/015=
ZZYY 53601 21091 2349/ 139558 150657 6111/
22219 00241
444 20110 21091 2339/ 50101 80130 80004 9/015=
ZZYY 52919 21091 2354/ 121717 149284 6111/
22219 00280
444 20110 21091 2342/ 50101 80119 80028 9/015=
ZZYY 52804 21091 2354/ 117112 157421 6113/
22219 00290
444 20130 21091 2343/ 50101 80115 80004 9/015=
ZZYY 52841 21091 2352/ 119457 158091 6112/
22219 00287
444 20120 21091 2344/ 50101 80146 80008 9/015=
ZZYY 52920 21091 2354/ 121140 151015 6113/
22219 00282
444 20130 21091 2342/ 50101 80121 80021 9/015=
ZZYY 52839 21091 2348/ 123812 161623 6112/
22219 00278
444 20120 21091 2342/ 50101 80144 80008 9/015=
ZZYY 21915 21091 2350/ 137416 146641 6112/
22219 00251
444 20120 20091 2224/ 50101 80110 80008 9/015=
ZZYY 52617 21091 2346/ 120787 157114 6113/
22219 00280
444 20130 21091 2342/ 50101 80123 80000 9/015=
ZZYY 52827 21091 2349/ 122008 161701 6111/
22219 00284
444 20110 21091 2221/ 50101 80144 80004 9/015=
ZZYY 21616 21091 2349/ 138092 145409 6112/
22219 00229
444 20120 21091 2340/ 50101 80120 80054 9/015=
ZZYY 51648 21091 2357/ 304785 163704 6111/
22219 00293
444 20110 21091 2353/ 50101 80107 80008 9/015=
ZZYY 53597 21091 2354/ 114851 121788 6113/
22219 00289
444 20130 22091 0016/ 50101 80094 80003 9/015=
ZZYY 52836 21091 2349/ 117619 143049 6113/
22219 00290
444 20130 21091 2343/ 50101 80126 80002 9/015=
ZZYY 53524 21091 2352/ 128304 134221 6112/
22219 00278
444 20120 21091 2356/ 50101 80092 80006 9/015=
ZZYY 52594 21091 2352/ 130482 151538 6111/
22219 00274
444 20110 21091 2340/ 50101 80126 80003 9/015=
ZZYY 22528 21091 2348/ 131560 141989 6111/
22219 00241
444 20110 21091 2341/ 50101 80093 80000 9/015=
ZZYY 52907 21091 2354/ 112421 138525 6113/
22219 00317
444 20130 21091 2343/ 50101 80120 80003 9/015=
ZZYY 53908 21091 2353/ 120643 129757 6113/
22219 00289
444 20130 21091 2356/ 50101 80138 80003 9/015=
ZZYY 51927 21091 2350/ 117329 171044 6111/
22219 00288
444 20110 22091 0035/ 50101 80088 80005 9/015=
ZZYY 52601 21091 2352/ 120168 157846 6111/
22219 00286
444 20110 21091 2344/ 50101 80115 80008 9/015=
ZZYY 51531 21091 2359/ 307277 154787 6112/
22219 00292
444 20120 21091 2353/ 50101 80115 80005 9/015=
ZZYY 51901 21091 2359/ 312823 159266 6112/
22219 00281
444 20120 21091 2355/ 50101 80115 80005 9/015=
ZZYY 51875 21091 2359/ 310088 147733 6111/
22219 00174
444 20110 21091 2355/ 50101 80060 80003 9/015=
ZZYY 14946 21091 2349/ 132306 170958 6113/
22219 00274
444 20130 21091 2341/ 50101 8//// 80000 9/015=
ZZYY 51868 21091 2351/ 120474 167420 6111/
22219 00283
444 20110 21091 2342/ 50101 80103 80006 9/015=
ZZYY 53525 21091 2349/ 137060 149792 6111/
22219 00258
444 20110 21091 2340/ 50101 80136 80002 9/015=
ZZYY 22583 21091 2355/ 119483 128944 6112/
22219 00293
444 20120 21091 2357/ 50101 80140 80002 9/015=
ZZYY 21855 21091 2348/ 141632 150544 6112/
22219 00210
444 20120 21091 2341/ 50101 80110 80061 9/015=
ZZYY 51859 21091 2352/ 129120 151908 6111/
22219 00275
444 20110 21091 2340/ 50101 80520 80003 9/015=
ZZYY 21948 21091 2351/ 130436 152792 6111/
22219 00274
444 20110 21091 2342/ 50101 80110 80039 9/015=
ZZYY 52614 21091 2350/ 120313 124359 6113/
22219 00289
444 20130 21091 2356/ 50101 80006 80011 9////=
ZZYY 21952 21091 2348/ 135310 170231 6112/
22219 00261
444 20120 21091 2341/ 50101 80110 80067 9/015=
ZZYY 52916 21091 2352/ 127748 130828 6113/
22219 00257
444 20130 21091 2355/ 50101 80107 80014 9/015=
ZZYY 52668 21091 2355/ 114755 137979 6113/
22219 00295
444 20130 21091 2344/ 50101 80120 80255 9/015=
ZZYY 52805 21091 2351/ 108590 132355 6113/
22219 00293
444 50101 80120 80032 9/015=
ZZYY 52679 21091 2355/ 112494 138979 6112/
22219 00293
444 20120 21091 2351/ 50101 80120 80028 9/015=
ZZYY 51628 21091 2340/ 127612 179769 6111/
444 20110 22091 0009/ 50101 8//// 80019 9/015=
ZZYY 51864 21091 2351/ 133272 146718 6112/
22219 00276
444 20120 21091 2341/ 50101 80117 80012 9/015=
ZZYY 21577 21091 2349/ 137896 149985 6111/
22219 00272
444 20110 21091 2340/ 50101 80120 80081 9/015=
ZZYY 52910 21091 2355/ 111170 136810 6113/
22219 00294
444 20130 21091 2344/ 50101 80120 80012 9/015=
ZZYY 52909 21091 2356/ 114715 139274 6112/
22219 00294
444 20120 21091 2351/ 50101 80120 80037 9/015=
ZZYY 51860 21091 2354/ 116021 155975 6113/
22219 00290
444 20130 21091 2343/ 50101 80117 80007 9/015=
ZZYY 52915 21091 2351/ 122052 159900 6113/
22219 00283
444 20130 21091 2342/ 50101 80144 80008 9/015=
ZZYY 52803 21091 2352/ 105704 142385 6112/
22219 00297
444 50101 80120 80022 9/015=
ZZYY 53910 21091 2349/ 137906 163082 6111/
22219 00263
444 20110 21091 2340/ 50101 80136 80002 9/015=
ZZYY 51848 21091 2349/ 132117 166275 6113/
22219 00276
444 20130 21091 2340/ 50101 80119 80004 9/015=
ZZYY 52664 21091 2357/ 110060 133178 6113/
22219 00294
444 20130 21091 2351/ 50101 80120 80023 9/015=
ZZYY 52911 21091 2356/ 111443 136663 6113/
22219 00295
444 20130 21091 2351/ 50101 80120 80025 9/015=
ZZYY 22634 21091 2352/ 128914 149158 6112/
22219 00278
444 20120 21091 2343/ 50101 80048 80000 9////=
ZZYY 51858 21091 2354/ 116516 157955 6113/
22219 00290
444 20130 21091 2343/ 50101 80119 80009 9/015=
ZZYY 51861 21091 2350/ 134640 143893 6112/
22219 00276
444 20120 21091 2341/ 50101 80005 80001 9////=
ZZYY 52914 21091 2350/ 134928 143303 6111/
22219 00275
444 20110 21091 2341/ 50101 80069 80004 9/015=
ZZYY 52678 21091 2349/ 128000 161309 6113/
22219 00277
444 20130 21091 2342/ 50101 8//// 80009 9////=
ZZYY 52908 21091 2354/ 121143 155473 6111/
22219 00285
444 20110 21091 2344/ 50101 80144 80005 9/015=
ZZYY 52671 21091 2358/ 103862 145822 6112/
22219 00292
444 20120 21091 2352/ 50101 80120 80027 9/015=
ZZYY 52673 21091 2355/ 101713 131749 6113/
22219 00291
444 50101 80120 80021 9/015=
ZZYY 32552 21091 2350/ 122936 169647 6111/
22219 00272
444 20110 21091 2341/ 50101 80049 80035 9/015=
ZZYY 21923 21091 2350/ 139819 154667 6111/
22219 00226
444 20110 21091 2339/ 50101 80120 80053 9/015=
ZZYY 51536 21091 2354/ 110149 166123 6113/
22219 00288
444 20130 21091 2350/ 50101 80095 80006 9/015=
ZZYY 51972 21091 2355/ 311581 167602 6111/
22219 00288
444 20110 21091 2211/ 50101 80081 80006 9/015=
ZZYY 51829 21091 2352/ 127187 144308 6113/
22219 00274
444 20130 21091 2341/ 50101 80119 80009 9/015=
ZZYY 51644 21091 2359/ 311228 154684 6112/
22219 00283
444 20120 21091 2354/ 50101 80085 80006 9/015=
ZZYY 52838 21091 2353/ 126524 143311 6112/
22219 00277
444 20120 21091 2343/ 50101 80123 80011 9/015=
ZZYY 21901 21091 2352/ 126995 159401 6113/
22219 00278
444 20130 21091 2342/ 50101 80123 80005 9/015=
ZZYY 52815 21091 2350/ 129056 162015 6113/
22219 00279
444 20130 21091 2341/ 50101 80121 80009 9/015=
ZZYY 21538 21091 2351/ 126162 163164 6112/
22219 00280
444 20120 21091 2342/ 50101 80121 80014 9/015=
ZZYY 52615 21091 2352/ 131452 151511 6111/
22219 00274
444 20110 21091 2342/ 50101 80119 80023 9/015=
ZZYY 51668 21091 2354/ 123043 147986 6111/
444 20110 21091 2341/ 50101 80121 80112 9/015=
ZZYY 52906 21091 2353/ 115031 163778 6112/
22219 00289
444 20120 21091 2342/ 50101 80087 80021 9/015=
ZZYY 52611 21091 2349/ 130108 166651 6113/
22219 00273
444 20130 21091 2341/ 50101 80107 80000 9/015=
ZZYY 52591 21091 2355/ 122512 148193 6111/
22219 00281
444 20110 21091 2342/ 50101 80121 80015 9/015=
ZZYY 51744 21091 2349/ 134432 168095 6113/
22219 00269
444 20130 21091 2340/ 50101 80121 80004 9/015=
ZZYY 32667 21091 2352/ 127673 158337 6112/
22219 00278
444 20120 21091 2341/ 50101 80049 80001 9////=
ZZYY 33536 21091 2340/ 350811 164154 6111/
11119 40050 52022
22219 00080
444 20110 21091 2255/ 50101 80009 80000 9////=
ZZYY 33536 22091 0040/ 350811 164154 6111/
11119 40056 52021
22219 00080
444 20110 21091 2255/ 50101 80009 80000 9////=
ZZYY 55631 21091 2310/ 332377 168740 6113/
11119 30176 40176 52003
22219 00160
444 20130 21091 2213/ 50101 80100 80015 9/015=
ZZYY 55631 22091 0110/ 332381 168728 6111/
11119 30168 40168 57008
22219 00161
444 20110 22091 0134/ 50101 80100 80015 9/015=
ZZYY 55631 22091 0010/ 332381 168728 6111/
11119 30171 40171 57004
22219 00160
444 20110 22091 0134/ 50101 80110 80015 9/015=
ZZYY 55627 21091 2310/ 335089 170626 6113/
11119 30138 40138 54000
22219 00153
444 20130 21091 2223/ 50101 80110 80015 9/015=
ZZYY 55627 22091 0110/ 335094 170642 6111/
11119 30134 40134 57008
22219 00154
444 20110 22091 0132/ 50101 80110 80015 9/015=
ZZYY 55627 22091 0010/ 335094 170642 6111/
11119 30136 40136 57005
22219 00154
444 20110 22091 0132/ 50101 80110 80011 9/015=
ZZYY 56551 21091 2300/ 336754 168114 6112/
11119 30170 40170 52028
22219 00151
444 20120 21091 2222/ 50101 80110 80018 9/015=
ZZYY 56551 22091 0100/ 336746 168144 6111/
11119 30161 40161 57007
22219 00151
444 20110 22091 0133/ 50101 80110 80017 9/015=
ZZYY 56551 22091 0000/ 336746 168144 6111/
11119 30166 40166 52008
22219 00151
444 20110 22091 0133/ 50101 80110 80017 9/015=
ZZYY 43502 22091 0130/ 545076 158567 6111/
11119 40117 57035
22219 00094
444 20110 22091 0132/ 50101 80010 80000 9////=
ZZYY 43502 22091 0030/ 545085 158547 6112/
11119 40108 57100
22219 00094
444 20120 22091 0018/ 50101 80010 80000 9////=
ZZYY 33648 22091 0120/ 553343 134031 6111/
11119 40102 57006
22219 00066
444 20110 22091 0131/ 50101 80010 80000 9////=
ZZYY 33648 22091 0020/ 553369 134057 6112/
11119 40104 57008
22219 00066
444 20120 22091 0018/ 50101 80010 80000 9////=
ZZYY 33649 22091 0040/ 349455 177394 6112/
11119 40185 57006
22219 00072
444 20120 22091 0016/ 50101 80010 80000 9////=
ZZYY 51780 22091 0137/ 512525 161418 6111/
22219 00276
444 20110 22091 0019/ 50101 80113 80009 9/015=
ZZYY 51944 22091 0120/ 527176 156242 6112/
22219 00207
33311 88872 20000 32065 42048
444 20120 22091 0132/ 50101 80080 80033 9/015=
ZZYY 54946 22091 0040/ 535995 152040 6112/
11119 38500 48500 54000
22219 00150
444 20120 22091 0018/ 50101 80110 80014 9/015=
ZZYY 33535 22091 0110/ 550697 136208 6112/
22219 00076
444 20120 22091 0130/ 50101 80009 80000 9////=
ZZYY 51945 22091 0120/ 533967 159224 6111/
22219 00167
33311 88872 20000 31665 42048
444 20110 22091 0132/ 50101 80060 80070 9/015=
ZZYY 54901 22091 0110/ 543128 153253 6113/
11119 30135 40135 57015
22219 00110
444 20130 22091 0132/ 50101 80080 80009 9/015=
ZZYY 33586 22091 0130/ 351149 166307 6111/
22219 00080
444 20110 21091 2238/ 50101 80009 80000 9/015=
ZZYY 51940 22091 0110/ 525380 169846 6111/
22219 00224
33311 88872 20000 32235 43547
444 20110 22091 0132/ 50101 80080 80002 9/015=
ZZYY 51952 22091 0110/ 525929 149415 6112/
22219 00228
33311 88872 20000 32275 43584
444 20120 22091 0132/ 50101 80100 80019 9/015=
ZZYY 33587 22091 0100/ 551522 124249 6112/
22219 00065
444 20120 22091 0015/ 50101 80009 80000 9////=
ZZYY 51953 22091 0130/ 528885 152851 6111/
22219 00197
33311 88872 20000 31965 42048
444 20110 22091 0016/ 50101 80080 80098 9/015=
ZZYY 51946 22091 0110/ 525427 165251 6111/
22219 00216
33311 88872 20000 32160 42048
444 20110 22091 0133/ 50101 80070 80014 9/015=
####018000277####
SSVX13 KARS 220149
ZZYY 55962 21091 2300/ 337437 168547 6113/
11119 40139 52004
22219 00144
444 20130 21091 2222/ 50101 80108 80011 9/015=
ZZYY 55644 21091 2300/ 337034 171775 6112/
11119 40118 57010
22219 00143
444 20120 21091 2111/ 50101 80112 80031 9/015=
####018000155####
SSVX13 LFVW 220149
ZZYY 56511 22091 0040/ 544692 129589 6112/
11119 30015 40015 57006
22219 00084
444 20120 22091 0016/ 50101 80100 80000 9/015=
####018001893####
SSVX02 KARS 220153
ZZYY 17904 21091 2310/ 345420 124242 6112/
11119 30063 40063
22219 00095
444 20120 21091 2252/ 50101 80100 80100 9/015=
ZZYY 71614 21091 2300/ 344625 149359 6112/
22219 00107
444 20120 21091 2253/ 50101 80010 80000 9////=
ZZYY 71614 22091 0000/ 344615 149366 6112/
22219 00108
444 20120 22091 0006/ 50101 80010 80000 9////=
ZZYY 33586 21091 2330/ 351155 166320 6112/
22219 00080
444 20120 22091 0008/ 50101 80009 80000 9/015=
ZZYY 71575 21091 2310/ 349154 155875 6112/
22219 00082
444 20120 21091 2254/ 50101 80009 80000 9////=
ZZYY 71575 22091 0010/ 349164 155874 6112/
22219 00082
444 20120 22091 0008/ 50101 80009 80000 9////=
ZZYY 16573 21091 2340/ 338450 140513 6112/
11119 30096 40096 57020
22219 00149
444 20120 21091 2359/ 50101 80100 80000 9/015=
ZZYY 33629 21091 2300/ 339077 141808 6113/
11119 40111 57020
22219 00146
444 20130 21091 2252/ 50101 80010 80009 9////=
ZZYY 33629 22091 0000/ 339085 141820 6112/
11119 40099 57030
22219 00146
444 20120 21091 2357/ 50101 80010 80017 9////=
ZZYY 33663 21091 2340/ 347121 144863 6112/
11119 40019 57006
22219 00090
444 20120 22091 0000/ 50101 80010 80002 9////=
ZZYY 16960 21091 2340/ 353968 163097 6112/
22219 00077
444 20120 22091 0008/ 50101 80100 80000 9/015=
ZZYY 56907 21091 2330/ 348228 141849 6112/
11119 39909 49909 57003
444 20120 21091 2254/ 50101 80123 80000 9/015=
ZZYY 33695 22091 0011/ 339760 130977 6111/
22219 00126
444 20110 22091 0016/ 50101 80072 80005 9/015=
ZZYY 33690 22091 0012/ 342359 099576 6112/
22219 00108
444 20120 22091 0016/ 50101 80074 80104 9/015=
ZZYY 51644 22091 0002/ 311229 154681 6112/
22219 00283
444 20120 21091 2354/ 50101 80085 80006 9/015=
ZZYY 56904 22091 0000/ 350092 156096 6112/
11119 30062 40062 52058
22219 00086
444 20120 22091 0007/ 50101 80100 80041 9/015=
