1
2
3
4
5
6
7
8
9
10
199
299
301
391
392
394
395
399
401
402
499
501
502
503
504
505
506
507
508
509
510
511
512
513
514
515
516
517
518
519
520
521
522
523
524
525
526
527
528
529
530
531
532
533
534
535
536
537
538
539
540
541
542
543
544
545
546
547
548
549
550
551
552
553
554
555
556
557
558
559
560
561
562
563
564
565
566
567
568
569
570
571
572
599
601
602
603
604
605
606
607
608
609
610
611
612
613
614
615
616
617
618
619
620
621
622
623
624
625
626
627
628
629
630
631
632
633
634
635
636
637
638
639
640
641
642
643
644
645
646
647
648
649
650
651
652
653
699
701
702
703
704
705
706
707
708
709
710
711
712
713
714
715
716
717
718
719
720
721
722
723
724
725
726
727
799
801
802
803
804
805
806
807
808
809
810
811
812
813
814
899
901
902
903
904
905
999
55501
55502
55503
55504
55505
55506
55507
65035
65040
65041
65045
65048
65050
65055
65056
65065
65066
65067
65068
65069
65070
65071
65072
65073
65074
65075
65076
65077
65078
65079
65080
65081
65082
65083
65084
399005
399012
399013
399014
399015
399016
399017
399023
399024
399025
399026
399027
399028
399033
399034
399035
399036
399042
399043
399045
399046
399049
399053
399054
399055
399061
399063
399064
399065
399066
1000012
1003203
1003228
2000001
2000002
2000003
2000004
2000005
2000006
2000007
2000008
2000009
2000010
2000011
2000012
2000013
2000014
2000015
2000016
2000017
2000018
2000019
2000020
2000021
2000022
2000023
2000024
2000025
2000026
2000027
2000028
2000029
2000030
2000031
2000032
2000034
2000035
2000036
2000037
2000038
2000039
2000040
2000041
2000042
2000043
2000044
2000045
2000046
2000047
2000048
2000049
2000050
2000051
2000052
2000053
2000054
2000056
2000057
2000058
2000059
2000062
2000063
2000065
2000068
2000069
2000070
2000071
2000072
2000074
2000075
2000076
2000077
2000078
2000080
2000081
2000083
2000084
2000085
2000086
2000087
2000088
2000089
2000090
2000091
2000092
2000093
2000094
2000095
2000096
2000097
2000098
2000099
2000102
2000103
2000104
2000105
2000106
2000107
2000109
2000110
2000111
2000112
2000114
2000115
2000117
2000120
2000121
2000124
2000127
2000128
2000129
2000130
2000134
2000135
2000137
2000139
2000140
2000141
2000143
2000144
2000145
2000146
2000147
2000148
2000150
2000154
2000156
2000159
2000160
2000162
2000163
2000164
2000165
2000168
2000171
2000173
2000175
2000176
2000181
2000185
2000187
2000191
2000192
2000194
2000195
2000196
2000200
2000201
2000203
2000205
2000206
2000209
2000210
2000211
2000212
2000213
2000216
2000221
2000224
2000225
2000230
2000233
2000236
2000238
2000240
2000241
2000247
2000250
2000259
2000266
2000268
2000275
2000276
2000283
2000287
2000303
2000304
2000308
2000313
2000322
2000324
2000326
2000328
2000329
2000334
2000335
2000336
2000337
2000338
2000344
2000345
2000346
2000347
2000349
2000350
2000354
2000356
2000357
2000358
2000360
2000362
2000363
2000365
2000366
2000369
2000372
2000373
2000375
2000377
2000381
2000385
2000386
2000387
2000388
2000389
2000393
2000404
2000405
2000407
2000409
2000410
2000412
2000416
2000419
2000420
2000423
2000424
2000426
2000431
2000433
2000442
2000444
2000449
2000451
2000454
2000455
2000466
2000469
2000471
2000476
2000481
2000488
2000489
2000490
2000491
2000498
2000505
2000506
2000508
2000511
2000514
2000521
2000532
2000535
2000536
2000545
2000554
2000566
2000568
2000595
2000596
2000602
2000618
2000626
2000635
2000654
2000663
2000674
2000683
2000690
2000691
2000694
2000702
2000704
2000705
2000709
2000712
2000713
2000739
2000740
2000747
2000751
2000762
2000769
2000772
2000773
2000776
2000780
2000788
2000790
2000791
2000804
2000814
2000849
2000895
2000909
2000914
2000980
2001015
2001021
2001036
2001093
2001467
399100201
399100202
399100204
399100205
399100207
399100208
399100209
399100210
399100290
399100291
399100292
399100293
399100294
399101301
399101303
399101306
399101307
399101309
399101311
399101312
399101315
399101316
399101317
399101318
399101319
399101320
399101321
399101322
399101323
399101324
399101325
399101327
399101328
399101332
399101333
399101334
399101335
399101336
399101337
399101338
399101339
399101340
399101341
399101342
399101360
399101363
399101364
399101365
399101366
399101367
399101368
399101369
399101371
399101372
399101373
399101374
399101375
399101376
399101377
399101378
399101401
399101402
399101403
399101404
399101511
399101513
399101514
399101515
399101516
399101517
399101525
399101526
399101534
399101535
399101536
399101546
399101547
399101548
399101549
399101554
399101555
399101564
399101565
399101566
399101567
399101573
399101574
399101587
399101612
399101662
399101700
399101701
399101702
399101703
399101704
399101705
399101706
399101707
399101708
399101709
399101710
399101711
399101712
399101713
399101714
399101715
399101716
399101717
399101718
399101719
399101720
399101721
399101722
399101723
399101724
399101725
399101726
399101727
399101728
399101729
399101730
399101731
399101732
399101733
399101734
399101735
399101736
399101738
399101739
399101740
399101741
399101742
399101743
399101744
399101745
399101746
399101747
399101748
399101749
399101750
399101756
399101770
399101771
399101778
399101779
399101796
399101797
399101813
399101814
399101817
399101818
399101835
399101838
399101840
399101841
399101842
399101844
399101845
399101853
399101854
399101855
399101870
399101871
399101901
399101902
399101903
399101904
399101905
399101906
399101907
399101908
399101909
399101915
399101920
399101921
399101922
399101925
399101931
399101932
399101933
399101934
399101935
399101936
399101940
399101941
399101961
399101962
399101963
399101964
399101965
399101966
399101967
399101968
399101969
399101970
399101971
399101972
399101973
399101974
399104003
399104013
399104018
399104020
399104041
399104045
399104047
399104054
399104055
399104056
399104060
399104064
399104065
399104067
399104069
399104071
399104072
399104073
399104078
399104080
399104082
399104084
399104085
399104086
399104087
399104088
399104089
399104110
399104111
399104115
399104138
399104139
399104143
399104144
399104145
399104146
399104147
399104151
399104155
399104156
399104205
399104206
399104207
399104208
399104209
399104210
399104215
399104216
399104220
399104221
399104223
399104224
399104240
399104241
399104246
399104247
399104248
399104249
399104250
399104251
399104252
399104253
399104254
399104255
399104256
399104257
399104258
399104259
399104260
399104261
399104262
399104263
399104280
399104282
399104283
399104284
399104285
399104344
399104345
399104346
399104347
399104441
399104442
399104443
399104444
399104445
399104446
399104722
399104723
399104750
399104751
399104752
399104753
399104754
399104755
399104760
399104765
399104840
399104841
399104842
399104843
399104845
399104846
399104847
399104848
399104860
399104861
399104862
399104864
399104865
399104866
399104867
399104968
399104969
399104970
399104971
399107225
399107399
399108501
399108566
