359.212798527633 -2.95878607560164 5.130 145 
358.048792811907 -5.71084629425699 4.370 154 
4.13688200488045 7.97367244575892 6.330 186 
3.96696311795151 7.53281603662083 5.700 194 
356.806496023758 -10.0801570817335 4.990 355 
0.961338472049185 -0.965134651101189 6.320 417 
358.945227060772 -5.76555008599644 4.610 443 
6.70731825561266 11.7086898246802 5.550 476 
0.759564282324479 -3.10749222906155 6.430 635 
0.906833034123871 -3.0612558214051 6.180 664 
358.362218177774 -8.9144739776718 5.990 671 
6.76730808241174 9.22201269441003 5.540 813 
0.271234965499406 -5.83995133221088 5.840 840 
357.368565809068 -12.5896678737567 5.840 873 
9.1570132781756 12.5992303424098 2.830 1067 Algenib
0.200261155615146 -8.57236910913931 5.130 1158 
359.573133089151 -10.2546841300024 5.770 1191 
6.95154857867987 6.60415882065192 6.020 1196 
7.08006277127912 5.91502465787573 6.120 1319 
4.75287937762684 -0.218275778302287 6.190 1421 
8.66718143587126 8.4641546715381 6.070 1465 
1.06209192009056 -9.24331088400527 6.470 1499 
0.91532754624437 -10.0217629693189 3.560 1562 
7.97927235032579 5.47186519238975 5.380 1645 
10.5311424080754 10.1431113391466 6.250 1772 
0.304374496991638 -13.4593118350765 6.390 1803 
4.74033516765746 -4.46968310009763 6.080 1939 
11.3714497333113 10.6897956153949 6.480 1948 
6.59803323709934 -0.740847200202253 5.770 2006 
6.09118213933304 -2.68850693670791 6.160 2100 
12.7235195142982 11.9743376563167 6.440 2178 
13.6182408534341 13.6305480992409 5.010 2219 
13.0527203652474 12.290888623629 6.050 2224 
10.5403898006626 6.54706912135481 6.050 2235 
5.32368952184451 -6.61457187729325 5.720 2353 
10.1807942316514 3.1794240395433 5.690 2548 
13.3097845720109 8.82491131714452 6.390 2734 
6.67025101546314 -6.79518077321735 5.200 2762 
7.96394174967858 -3.98838570129802 5.940 2787 
13.4675054927949 8.57851846561818 6.320 2832 
14.4822832515158 10.3511912922299 5.890 2903 
9.8480305126661 -0.833372771106049 6.430 2954 
7.62810617854263 -8.03088732347419 5.900 3193 
5.89167563072367 -14.1138880372332 4.770 3455 
8.60415791422593 -8.74802603572087 6.150 3552 
16.7733452009343 9.64003127899917 5.360 3632 
15.4888354857195 6.37546267337037 5.510 3675 
18.5897305054984 13.3407392743392 6.110 3685 
13.5241261568546 1.52241915944455 5.980 3697 
13.9468160109116 1.950677048239 5.920 3760 
13.1821593834137 0.0815349287918934 5.740 3765 96 G. Psc
14.1474968803278 2.17549690714884 4.440 3786 
17.9063025896319 10.7550936281737 5.070 3810 
7.25626559512012 -14.7322960470706 5.170 3909 
13.1168848855008 -1.94817703820554 6.390 3992 
11.7446101635197 -6.28671675735677 4.780 4147 
9.0107500281389 -13.3974256713197 6.150 4257 
20.063465730789 12.2919231932982 5.800 4267 
9.90665122780861 -12.2567072971777 5.880 4346 
18.3287879241969 7.32793146684011 6.460 4382 
18.6244489051616 6.9262642459583 6.300 4520 
21.7892309826574 13.9803248363262 6.470 4558 
16.2719701603901 0.0897251196377786 6.140 4655 
17.525428536003 1.09248105303612 4.270 4906 
12.6232036181825 -10.6630070993823 5.400 4914 
15.2246551405927 -5.01639088431068 6.060 4979 
17.1144819332729 -1.15513448249642 6.030 5074 
20.7283714713616 7.40684681726765 5.640 5081 
23.4384556912926 13.3670031368628 5.330 5131 
23.4381072602718 13.3587344911037 5.550 5132 
17.0458161986799 -1.93600422118614 6.350 5141 
20.2910256724609 5.43225526172761 6.140 5204 
23.6439738782294 12.4843669909554 5.560 5310 
16.433203998247 -4.83763861001307 6.440 5315 
17.9155436249876 -1.49237495698271 5.510 5346 
23.6276490421443 11.3183388420876 5.570 5454 
22.1558389748638 7.6065836868027 6.070 5483 
17.200710122376 -4.66336212641954 5.970 5510 
24.5332260776314 12.4387705929713 4.660 5571 
20.3909284797932 2.50988243937057 6.490 5575 
15.6658706309724 -9.1157492385326 5.930 5594 
19.8775233141764 -0.214921236138821 5.210 5737 
19.8838941884421 -0.214378662071209 6.440 5743 
23.2154446331865 7.67012709880663 5.970 5778 
14.054613619751 -14.6046379571342 5.140 5799 
19.8826242910192 -0.84349058467467 6.040 5824 
16.8824033621948 -8.23079726389863 5.700 5833 
16.7110097020959 -9.81218422817208 5.420 5951 
19.3224372324479 -4.26523726058809 5.130 6061 
18.2257115523986 -8.27352606324972 5.870 6226 
17.3539556828681 -10.8802060135773 6.260 6283 
18.8979011984594 -8.48025790440142 6.500 6429 
19.7302898720189 -6.4668030095928 6.210 6432 
26.9492417677583 10.8446292044851 5.970 6492 
16.8062395524328 -14.6279305357979 5.920 6564 
18.5040824761386 -10.912306410128 6.170 6605 
28.6089206966906 13.4676554440448 6.180 6669 
18.3380595713599 -12.0111694274638 6.500 6687 
27.0811509855728 9.39203831642413 5.350 6706 
27.4542223698657 10.2124955548558 6.440 6714 
19.8253890379355 -8.79696168334822 6.420 6717 
27.2046821271515 9.41618610843181 5.500 6732 
23.3887012005527 -1.21113291539877 6.220 6868 
27.5786446843525 8.31394390400594 6.010 6981 
23.1350453531083 -3.06567918098774 4.840 7007 
26.8163201270952 5.37568140756337 3.620 7097 
24.6132151530319 -1.42829843372704 6.310 7243 
28.7169550799209 7.97841920988757 5.900 7359 
20.6182035132785 -12.4794948484786 6.440 7362 
27.5321265719913 4.35924232231635 6.230 7436 
28.5812130935283 6.92783390855996 5.950 7447 
25.2647483531559 -2.0881009404628 6.390 7505 
26.9146805620813 1.89478941133867 5.540 7535 
21.364837141536 -12.6819998570946 6.430 7597 
29.048672885501 5.64217082947715 5.980 7740 
26.4909619699368 -1.56690401161383 6.340 7819 
32.8810963619403 14.1951603681119 6.200 7874 
25.5062219105648 -4.69602020875529 4.450 7884 
31.0894684744648 8.99930627717374 5.240 7981 
22.4258857443984 -13.3620950155177 4.980 7999 
22.3008126334716 -14.4708361961419 6.200 8094 
31.5603778107577 8.61970450424242 6.270 8159 
27.7430368884506 -1.62229150792319 4.260 8198 
31.1560756883629 5.4236259471095 5.860 8387 
26.49360493632 -7.00417781516469 5.910 8404 
33.5089479608747 10.2281129488395 5.830 8544 
29.6710834174173 -0.336427536089546 5.920 8588 
33.1850406738059 7.15998707055926 3.880 8832 
27.5204480345759 -7.92354199459292 4.610 8833 
33.9705342758943 8.48480474575205 2.640 8903 Sheratan
35.2303795452239 10.975958215503 5.760 8993 
27.5961874031582 -9.38141573076447 6.010 8998 
33.5175367484416 5.45992643865322 5.090 9110 
37.1813455382159 14.7748068996468 5.840 9132 
35.6906614200836 10.8251383764696 4.790 9153 
32.0728569891885 0.105383786619824 6.090 9295 
35.1544880227162 8.31361197172565 5.890 9307 
29.0465421059636 -8.58609273917914 5.890 9353 
29.378056830049 -9.06301001929595 3.820 9487 
33.2007135555315 0.951135826231748 5.970 9533 
28.7191296249572 -11.6333473874704 5.420 9589 
37.772571473371 12.5590973181277 5.640 9621 
35.0936668256623 5.34632388075622 6.240 9627 
28.6977097551723 -12.1257412540609 5.960 9631 
31.761354687992 -4.63468072324837 6.440 9706 
32.252622460303 -4.26710070645991 6.270 9809 
29.4749934590034 -12.0069665910203 6.290 9827 
37.2464442367202 9.24579462076717 5.030 9836 
38.3738331709385 12.094796884316 6.010 9859 
37.6630662731655 9.96244205009137 2.010 9884 Hamal
36.0178558095147 3.91932136000681 6.400 10050 
39.0188758583567 12.1137378958572 4.980 10053 
37.065741498383 5.96327992318476 5.680 10155 
39.4019600318527 11.9738812054232 6.010 10203 
33.5631392720723 -4.39407796788699 5.640 10212 
30.0454645090353 -14.1943449199674 5.940 10234 
31.8015167152119 -9.95473557189227 6.490 10273 
39.0979827901694 10.2004523729712 5.960 10296 
30.1328285455839 -14.8306294576391 5.650 10305 
38.1281952888323 7.40296286894262 5.230 10306 
34.041046345069 -4.26936432979153 4.360 10324 
36.1969940332364 1.79231136183177 5.720 10328 
41.1042498809976 14.3017895453244 6.350 10446 
40.070067227456 10.787784094811 5.570 10535 
40.3355249481746 11.4804271030552 5.790 10540 
32.8424324599599 -11.3691262270496 5.600 10723 
38.8729159160776 5.75323463622439 5.580 10732 
42.0058156257145 13.9348440556981 5.290 10793 
40.1457686954797 8.77238941273706 6.450 10795 
33.3227881392775 -12.9799784317507 5.290 11021 
32.9475933891457 -14.2092375527769 5.420 11046 
37.3779037411663 -3.55719155997548 5.480 11249 
43.2004230872712 11.7983641552899 6.140 11415 
37.8460111763752 -4.15036231736504 6.450 11427 
35.3136476809219 -11.9991242155905 6.450 11474 
37.469516474277 -5.85826438163844 4.300 11484 
44.3141346402108 14.2345500039396 5.290 11486 
44.5386491906383 14.4369128298613 5.890 11548 
42.4975754929395 8.29071240677737 6.200 11578 
38.1591926540622 -4.92254769700251 6.090 11603 
43.3560200073723 9.86850647821493 5.880 11670 
41.6545427271418 4.76008447560117 6.140 11678 
35.4140854245667 -13.8353646166958 6.000 11687 
41.0342314770486 2.69863528342268 6.210 11698 
36.2614877744672 -11.9918143081922 5.270 11738 
40.6511554637365 0.013930024467551 6.000 11843 
38.7888614750542 -7.33726136746499 6.170 12022 
38.3869293507964 -9.18327566217388 4.870 12093 
38.845433424205 -7.9706073779124 5.790 12114 268 G. Cet
39.2300365560553 -7.20828328039624 5.810 12148 
40.7083966695329 -2.72632193279247 5.640 12153 
44.578132779556 8.84765144243542 6.480 12189 
39.5582124882798 -7.35108008554643 6.400 12272 
38.3620767668514 -11.4389251877291 6.210 12318 
44.1369821402782 6.16537326575926 5.450 12332 
37.5704662189501 -14.4643953495139 4.080 12387 
39.6004420252766 -9.02939509819353 6.260 12447 
46.137117733855 10.8850497435389 5.300 12489 
44.3311779144832 4.05562620881854 5.740 12640 
41.5523893045017 -4.78874254603685 6.320 12647 
39.4321993971436 -11.9989159991574 3.470 12706 
46.9356263236741 11.3104547774598 4.650 12719 
46.3799194391501 9.31317290367033 6.350 12744 
44.0938281263754 1.77339383642431 6.400 12784 
43.4114335979393 -0.582481188127441 5.780 12803 
41.9412110585156 -5.5696108021296 4.270 12828 
42.6471665694962 -3.34674149557747 5.170 12832 
40.3886739659741 -10.7500755705265 6.040 12862 
48.3686770026147 12.4785057995174 4.520 13061 
45.2060595717612 1.97136507481908 5.830 13108 
47.3129954077765 8.5497352663349 5.890 13121 
45.1368383584249 1.13513796467527 5.260 13165 
48.2040512041035 10.4464253411569 3.610 13209 
44.9439821687481 -1.29728429864203 5.520 13327 
45.7430211804436 -0.0753358559933802 6.300 13448 
46.872429898948 1.51497669924638 5.760 13654 
44.1073890036431 -8.04597119311814 5.970 13679 
46.9269815479747 1.17671015328412 5.580 13702 
43.1698747025015 -11.8209319865536 6.150 13756 
51.1740145926033 14.4407652608051 5.100 13775 
48.05514635063 3.60169774399083 5.800 13834 
48.4985100324912 4.17132538808727 4.630 13914 
45.0927984718416 -7.7890536759213 4.710 13954 
45.8954238454997 -5.97749572030681 5.930 14036 
44.5829709769294 -11.3649554349295 6.240 14104 
50.5492864233914 8.91085778910264 5.910 14109 
44.3194319973441 -12.5886467670569 2.540 14135 Menkar
44.4197233443966 -12.3432322741536 5.620 14143 
51.412380710626 10.5448218833499 6.380 14232 
44.2458601247455 -14.8899895195667 6.050 14315 
48.2105990866376 -1.4563904637886 6.370 14318 
50.9812666367798 7.52898529992884 5.450 14376 
47.8763849001554 -4.13662070583912 5.640 14439 
49.3977518686244 0.310055225601925 6.130 14514 
49.8572434960677 1.13121733445168 6.240 14586 
47.1118268186128 -8.82395776005636 6.280 14607 
50.6122480404139 2.96144184529796 6.410 14649 
52.9510582976461 10.9475773564753 5.740 14677 
52.7166526949198 9.70601102984262 6.420 14719 
52.527879814524 8.79896159745254 6.020 14748 
48.5202218726223 -5.6836882249863 5.970 14764 
49.0068264445953 -4.59877147437646 6.110 14821 
50.8530930737926 1.82054889909793 4.350 14838 
53.0141818956082 9.03875391360386 5.780 14893 
47.5299316154384 -10.821589751859 5.550 14915 
51.9424145943912 2.88821659934281 4.870 15110 
54.5806885985157 12.0350626010972 5.610 15154 
55.3087899904142 14.2251220894732 6.300 15191 
55.2901602149336 13.5318060030053 5.980 15241 
55.2288030737995 12.4517434507323 6.400 15323 
48.329499725115 -14.4535532607287 4.840 15457 
54.6342066719066 8.40789948947957 5.910 15514 
55.2416757143656 10.294357702355 4.470 15549 
54.3761293771709 7.01846405749618 6.140 15557 
48.8478916546686 -14.2741899810392 5.700 15619 
53.3958196817823 2.60585824436498 5.270 15627 
55.2660572463977 8.79671114552132 5.550 15696 
53.6383392607026 2.12374432796761 5.100 15737 
49.7995793181858 -13.2736362256785 6.370 15807 
51.9240129467153 -5.81323898697755 6.030 15850 
54.9906992272073 5.88742356153637 5.500 15861 
54.0344303199905 2.08452076360415 6.070 15870 
57.3073794697408 14.3998379492468 5.780 15876 
51.1631486276592 -9.33766067992162 3.610 15900 
56.4986669936149 9.62319744464273 6.470 16042 
51.9115698305717 -8.80209915608723 3.730 16083 
52.6966390419187 -5.90196653478635 6.290 16095 
58.1786656266291 14.4580706359567 5.720 16168 
55.4324721249533 3.79272337364295 6.030 16181 
53.0899425641962 -7.44384122930727 5.140 16322 
51.8931221088498 -12.4556282308653 5.930 16358 
53.5924500151012 -5.91917810508275 4.140 16369 
53.1366543855208 -9.4789432491283 5.760 16511 
55.5327030673531 -1.35361301070743 6.140 16641 
57.1715913788695 5.07307912030446 5.950 16664 
52.9525850017967 -12.4798810237952 6.490 16695 
55.822256070688 -3.89423609568517 6.400 16924 
57.3662230140598 1.37721953975091 6.500 17026 
56.4600842271204 -2.90834385401642 6.180 17058 
58.7753498004128 5.58069267197211 6.110 17181 
57.8468349063144 0.0168893655358876 5.680 17309 
61.132319431783 13.9058267722667 4.970 17313 
58.1764330592827 -0.0949463827919309 6.130 17408 
61.1436752888952 12.1805294286734 3.840 17448 
58.6135685696058 1.10152631691914 6.090 17453 
59.4351997176853 4.36144771168792 5.450 17489 
59.4120774121098 4.18606111895717 3.720 17499 
59.6373251942409 4.87945638865455 5.660 17527 
59.5648542704922 4.51440492437842 4.300 17531 
55.5563203928891 -13.4681506083827 5.340 17563 
59.680535860111 4.38622405209179 3.870 17573 
59.739907867878 4.56431984878228 5.760 17579 
59.7652692001482 4.53132636513906 6.430 17588 
55.8506420514112 -12.7610589441899 5.910 17595 
59.6994405981612 3.95204166051864 4.140 17608 
59.9925480076499 4.04714741426001 2.850 17702 Alcyone
61.8594399296551 11.9240530096806 6.260 17732 
60.3243856757837 4.87834931409335 6.440 17759 
57.3485571461378 -8.64511663868932 5.080 17771 
60.0366486409426 3.33673040401844 5.440 17776 
60.2659226875616 3.73250817565088 6.470 17832 
60.3560581046188 3.91365734217643 3.620 17847 
60.3795319561248 3.99379068939422 5.050 17851 
62.4250242650462 12.7176096779936 5.140 17886 
60.408432472094 3.55240824427858 6.170 17900 
60.1368217184102 2.10931208015913 6.050 17921 
60.9413946174684 5.34774771735731 5.240 17954 
58.4847121568762 -6.94542595557504 6.300 18033 
63.1997248880226 13.8478857676155 5.780 18081 
57.2435358773838 -13.3436646128995 5.660 18089 
62.5324540170745 10.7244268528474 6.220 18094 
59.8433218655404 -2.85811400523863 5.970 18170 
61.6844352291597 5.29332137590776 6.350 18201 
63.1242416288484 11.3295859388355 2.840 18246 
64.3074680080146 14.3513671390086 5.490 18434 
61.7581054382035 2.00229922434715 5.620 18471 
58.3906976675514 -14.0934208798867 6.090 18481 
61.9444414430515 2.67608323027168 6.050 18485 
62.2908887583335 3.91808557737383 6.190 18508 
64.9729421939621 14.9398622468133 3.980 18614 
59.9499547685639 -10.0298749059 6.350 18658 
61.5797712771293 -3.2502622870789 6.310 18717 
60.6342108190261 -7.96363252909431 3.410 18724 
61.8039808925442 -2.38003746754226 5.890 18735 
60.3950049322697 -10.459069828454 5.670 18805 
59.9185942409027 -14.4554933208531 3.910 18907 
60.5669648860747 -12.3305354569848 5.450 18975 
63.7693895048586 3.25696843880528 5.460 19009 
63.4553927635151 1.25589039238581 4.360 19038 
63.5875312664482 1.15573542933005 5.900 19076 
64.9382359236214 6.58965032069702 5.180 19171 
65.2941859814712 7.94870509850863 5.210 19205 
62.8398444036174 -5.67248805036186 6.020 19261 
63.3184193309805 -3.54713186835153 5.890 19284 
62.8246353625601 -7.46595603121491 5.940 19376 
64.0152836348654 -1.36931998611621 5.510 19388 
65.6572862837736 5.31478515869088 5.390 19513 
67.0184117701395 12.2924053821386 5.750 19525 
64.3724735717147 -3.80721016042982 6.090 19641 
65.3724406066569 1.23121865863928 6.140 19672 
62.8679838565825 -13.2557697301635 5.290 19719 
63.339176672546 -10.8022474270286 6.240 19720 
63.8665516294469 -8.31399663327806 6.250 19736 
63.2535443240183 -11.751394604278 4.840 19740 
63.5555594730464 -11.0456863499107 5.220 19799 
63.0658440329931 -14.8465393347965 6.320 19859 
63.5808850766282 -12.1877456633087 4.270 19860 
64.807041466072 -5.79269221362787 6.310 19877 
66.0588391528553 -0.755322717157886 4.930 19990 
66.4892021848299 0.185501139964976 5.640 20087 
66.6555095257967 -0.28659545599133 5.500 20171 
66.8026456966911 0.328575909136641 5.340 20186 
64.8148120888648 -11.1547829165892 6.310 20188 
65.8055726437461 -5.73626518600281 3.650 20205 
65.5743537774144 -7.31257582961991 5.580 20219 
68.6577620811399 10.34048639101 6.160 20231 
67.9104590105268 5.79771426032523 4.970 20250 
69.1661271812115 12.9066841085767 4.930 20252 
66.4793235923628 -2.69095519098883 6.110 20255 
65.9092269190667 -6.29384644606781 5.260 20261 
65.766391794586 -7.5184692144884 6.150 20284 
66.0869027762692 -7.35656661083253 5.720 20400 
67.2795945713904 -0.717557099644248 5.910 20417 
68.1164170696039 4.01728980602202 5.380 20430 
66.8705864923983 -3.97354578887447 3.770 20455 
66.8591355247224 -4.74735745680728 5.640 20484 
67.5732784112453 -0.603401311895999 6.000 20493 
65.7519578749009 -11.9821142529964 5.100 20522 
68.2158600213629 2.65448799813837 6.340 20533 
67.128345368545 -4.11573956019994 4.800 20542 
66.296784587737 -9.33714050944777 6.420 20558 
69.9405815683928 12.3353423751646 5.730 20579 
69.9406801811994 12.1618861009699 5.770 20591 
67.5874373315912 -2.57155290182769 5.970 20614 
68.2042967403213 0.622788122404312 4.210 20635 
68.2001672008076 0.528360602367451 5.270 20641 
67.5347845313474 -3.69169057557795 4.300 20648 
67.2473506790046 -5.65808588380759 6.440 20661 
69.8362648825318 9.62401081467978 5.290 20704 
68.5008117154288 1.10146427223718 4.280 20711 
67.3683843599549 -6.00446889597171 4.480 20713 
66.226389131647 -12.9417295282207 6.060 20715 
67.2862236401789 -6.90745167832069 4.690 20732 
68.7532179089035 1.24630303161869 5.530 20789 
66.9361235826027 -10.3982774806556 5.870 20804 
68.703444065105 -0.139329919196426 5.720 20842 
67.7195904843761 -6.94848591934918 5.900 20873 
67.9849169973705 -5.35138235308512 4.960 20877 
67.9551274108541 -5.74909632730013 3.840 20885 
68.4649491370738 -2.5712434603464 3.530 20889 
67.9617489729722 -5.84255030739653 3.400 20894 
67.5610145512165 -8.6380252415587 5.020 20901 
70.2558923136839 8.46643335513544 6.380 20904 
67.4162465914107 -11.4352881377449 6.470 20985 
68.279665809186 -6.12770382814481 5.580 20995 
68.4645777615125 -5.59332935018443 4.780 21029 
68.1004722311265 -8.03638549102304 5.400 21036 
70.9638587780091 10.4788866725317 6.180 21038 
68.4087402297824 -6.0928265796886 5.470 21039 
68.5099708603254 -5.64612226142985 6.500 21053 
68.432197367816 -6.69012625359191 6.280 21082 
68.7234392209453 -5.97911906913179 6.010 21137 
71.9123466767252 14.671316558718 6.350 21144 
69.4468603089852 -3.89788906701677 6.240 21251 
68.220744832233 -12.4153888715163 6.010 21269 
69.049338648502 -7.04622603121997 4.650 21273 
71.2924584346063 6.89321772167089 5.880 21323 
68.7950867936108 -11.7438495801558 4.250 21402 
70.223378360253 -2.12653726010749 6.330 21408 
69.7890352582967 -5.47144885454898 0.870 21421 Aldebaran
70.8947471444793 1.2715613929209 6.010 21459 
70.3926726067215 -3.5032481211645 6.490 21517 
70.2553526582991 -6.01867147337732 5.780 21588 
69.7562815394225 -9.50625325898854 4.270 21589 
70.9299992562872 -1.41612212118136 5.850 21604 
69.3212481214049 -14.1323903422951 5.380 21670 
70.4612587842788 -6.28315538001597 5.080 21673 
70.5067591501551 -6.17019051453393 4.670 21683 
71.8118398440824 3.038387268809 6.210 21689 
70.1778935610811 -9.88113127673149 5.450 21735 
72.7059307359815 6.3446665230019 5.730 21819 
72.1537306622982 0.709718161360877 4.270 21881 
72.5264766580479 1.80216505069685 6.180 21961 
73.811690491843 10.4862837481079 6.490 22003 
71.1129226006786 -11.0671983302112 5.390 22044 
73.0292404168898 1.27209240610877 6.340 22128 
71.5822798479643 -10.5633272084941 5.350 22157 
72.5433024291847 -3.598875195004 5.990 22176 
74.7796250409152 8.92414341297136 5.570 22393 
74.9447363975974 10.0635917289064 5.840 22407 
73.0138837902023 -6.50943620073001 6.090 22441 
75.6867377560501 14.9113811608241 4.890 22453 
72.3667821276207 -13.487752560381 4.350 22509 
73.755170944585 -3.64135446486291 5.080 22565 
72.7791277590019 -12.453814626339 6.110 22597 
73.2510415896217 -8.8029729187408 6.300 22607 
73.4921249145637 -8.23150970721175 4.710 22667 
76.1448375415169 14.0662062104817 4.790 22678 
75.1315303666738 5.31715852000015 5.970 22697 
73.7143562949132 -11.100483405283 5.180 22833 
73.2892030781221 -14.7237823370123 5.330 22834 
73.5942640875987 -12.3705316701083 4.640 22845 
74.6748551377394 -3.09743200470339 6.360 22850 
74.3841673537671 -7.53789542112915 5.790 22913 
73.6481965605871 -14.637300310656 6.420 22938 
75.5350021247911 1.94531242406343 6.330 22949 
76.8426423674613 13.449143564295 6.100 22955 
74.3438205182469 -9.06869004706432 4.060 22957 
76.6396404203176 10.4502107889195 2.690 23015 Hassaleh
74.9860384936906 -5.47753483255821 5.510 23043 
75.8170528147546 1.26725014088214 5.790 23068 
76.0125924341439 2.35446991001536 5.790 23088 
75.0949158003884 -8.11458813168039 6.140 23161 
76.7878540195275 -1.20349166987617 4.620 23497 
77.9110944017068 7.63411688591041 6.140 23583 
77.0505157792487 -1.54251348977525 6.200 23589 
76.5354609868771 -7.39408253610937 4.650 23607 
77.1851389333146 -3.03316642166574 6.480 23695 
78.8170106866003 13.0152626979929 6.490 23724 
77.5287715374513 -4.23157324795028 4.910 23835 
76.7250767067521 -13.3705906253099 6.150 23852 
77.7730259539639 -2.47307831077967 5.280 23871 
76.6937806639294 -14.3453159162411 5.330 23879 
77.9158432510592 -1.1942871548989 5.840 23883 
78.1876818029941 1.35195891872031 5.500 23900 
77.184323118736 -13.0521938120786 5.430 23983 
77.7941848749468 -7.31511586588513 4.810 24010 
78.8873005875289 5.07017968912252 5.930 24019 
79.8297803815175 14.2957713117749 6.020 24072 
79.4616501775201 6.90120520718197 6.420 24193 
78.3143034798312 -6.90936017462116 5.180 24197 
80.4415761623134 14.280358365103 6.480 24332 
80.5001429697208 9.61089540510637 5.010 24504 
79.7054122472213 -0.761717292070096 6.260 24512 
79.0036721904344 -11.6839991797229 5.520 24555 
80.8173862936559 11.2162712351048 5.990 24575 
81.1403185590735 10.2490035062416 4.540 24727 
81.1991429691142 10.641554191313 6.150 24740 
81.3423259730593 10.6123026863847 5.380 24799 
80.4269428425269 -2.9710767339849 6.120 24820 
80.572543045838 -1.01456784416499 4.960 24822 
81.4429108525329 10.8428363520587 6.490 24832 
81.571412745361 10.8064355780043 5.050 24879 
80.8035850597154 -3.3181129547839 6.200 24977 
81.3640332300065 4.80553456064537 6.350 24984 
81.5223527305821 6.41118208162853 5.660 25001 
80.2128612158057 -14.6905741446973 5.780 25041 
81.9555383037141 5.74841110372896 6.450 25192 
81.2374228820184 -6.46817655897759 6.090 25216 
81.4714133627776 -5.79717909116361 5.000 25278 
82.3737851635352 8.01399209978839 6.300 25290 
82.3690868472055 7.93336154966619 5.940 25291 
82.7678177948935 14.1632942164341 5.020 25292 
82.7106315927843 12.9790467754519 6.490 25301 
81.8308965615056 -6.50343815916335 6.230 25410 
82.5749889897246 5.38075056991114 1.650 25428 Alnath
83.0291430620708 11.1487089576088 5.920 25471 
82.9707780745299 10.0205822818058 6.180 25475 
83.1120449002629 12.211240565809 6.170 25476 
82.8532745931998 6.96854519180253 5.690 25492 
82.1614787967185 -5.25836716711665 5.400 25499 
82.0211737759576 -7.95940303843009 6.180 25502 
82.4961074856839 -1.29616128914129 4.880 25539 
83.2092508388123 11.2227039823135 5.080 25541 
82.1846921731733 -7.35119684615813 5.520 25555 
83.2454616116792 10.5073497676218 6.410 25580 
82.3258132946553 -5.99183050555817 5.770 25583 
82.261055745904 -9.55389308504194 6.350 25638 
83.0469241903774 1.89177237235801 5.470 25695 
83.3508692510137 5.91761421609678 6.200 25730 
82.8058204579415 -7.89881483085485 5.930 25790 
83.2379343684451 -0.809751357563151 6.290 25806 
83.395181356699 -4.69028874550864 4.320 25945 
83.3261618094086 -6.22486747066284 5.500 25950 
84.163713668891 8.88638994844604 4.710 25984 
84.3483438814684 9.48761387208981 6.500 26054 
83.7048994126581 -4.75892053321157 5.670 26064 
84.4775747045802 11.4081685009785 6.270 26071 
83.822114585136 -2.82826748871178 6.190 26072 
83.6003197163716 -8.99326870900369 5.600 26093 
83.6059496765327 -13.8144701734431 4.390 26176 
83.7067203178008 -13.3738209755107 3.390 26207 
83.741486874435 -13.0690835735618 5.600 26215 
84.3966766861455 0.71521713376962 5.370 26248 
84.6560207096717 4.33026628043778 6.270 26291 
84.1266774587199 -14.0353587393119 4.090 26366 
84.4847564089569 -6.29362083769186 5.530 26382 
84.2421072387976 -12.2941688815168 5.970 26386 
84.8978696310252 3.58193716141686 5.830 26396 
84.2180567685643 -14.3780679915353 6.110 26414 
84.7846242770885 -2.19999279279127 2.970 26451 
85.295088253897 10.2062482479305 6.360 26463 
85.3631566338605 7.13467658959911 5.400 26536 
85.2903322559825 3.26036870087331 6.450 26571 
85.462197462481 5.85300418240039 5.980 26606 
85.2281148823608 -1.59568608790456 6.420 26616 
85.4395354187136 2.53358246086326 5.180 26640 
85.8188411426533 7.98489792834859 6.040 26712 
85.860111459098 8.54624597254627 6.230 26718 
85.4854245971241 -6.83626996839079 4.840 26777 
85.9192444967863 6.10977066524848 6.400 26781 
85.8630019545748 -0.718985005746585 6.350 26853 
86.1689950397351 -0.183880314824667 6.230 26964 
86.2875043157334 -10.5070980891093 6.470 27116 
86.8726599495167 7.92051128942315 6.500 27164 
86.7869985451822 -7.58426524959607 6.000 27265 
86.6649826377833 -13.8833375954787 5.780 27280 
86.868602832887 -8.92063005958127 5.720 27316 
86.9936751913967 -5.68176501938829 5.470 27338 
87.1968464245668 2.1551589165724 6.480 27353 
86.9771963799608 -9.51185789246634 5.280 27364 
87.28135853427 -2.5467694201814 6.030 27421 
87.5022770917555 1.14766140832584 4.880 27468 
87.4049568681706 -10.7688216900009 4.890 27511 
87.4777993537677 -13.5506736481958 5.790 27549 
87.6647425490325 -9.11878428058371 5.540 27581 
87.9996554033222 4.53985749112619 5.600 27629 
88.1649671511842 13.8761591900739 4.720 27639 
88.1643760342418 8.69466558487557 6.280 27661 
88.126526149279 -9.25949208222817 5.600 27743 
88.2073273652138 -3.56399385782271 5.960 27747 
88.4531902018454 10.483622058995 6.040 27778 
88.5179520031658 4.17716204183351 4.560 27830 
88.5437311553793 -12.8499775336407 6.130 27900 
88.6808127886065 -3.16107787139247 4.390 27913 
88.8080706479228 -3.6888392148155 5.920 27965 
88.9217643580784 8.26250795959729 5.900 27973 
89.1025508838582 -13.9315351869072 5.970 28110 
89.2445428783185 5.5008368026178 6.350 28117 
89.2048859098808 -11.9204332573563 5.890 28139 
89.3013676303039 0.807864375380685 6.030 28154 
89.5487043043877 2.51101466602386 4.810 28237 
89.7240057926127 -10.6351524483267 5.700 28302 
89.9428201054182 13.7689158438891 2.650 28380 
90.2238673874068 4.12887478251588 6.040 28500 
90.2522887219841 7.59108963974013 6.180 28517 
90.3915604464299 -1.042106343286 6.360 28561 
90.604851428762 -13.795155784618 4.120 28614 
90.6226165021315 9.19359167505412 6.230 28644 
90.8534441916834 -11.7600899601224 6.090 28686 
90.8152495245947 -3.75067644437267 5.140 28691 
90.9215499657311 -3.30209574629248 4.640 28716 
90.9463165259528 -0.176957792111671 4.160 28734 
91.0267709100035 14.5250832947572 6.320 28820 
91.1772463236401 10.1610532169537 6.230 28861 
91.2796100494175 11.95087899231 6.120 28908 
91.3945569092521 6.07644609205506 6.010 28930 
91.8515868650277 -8.66304261122927 4.420 29038 
92.2089158067676 -1.23513092515659 5.930 29196 
92.237878946176 -0.31131333000627 5.750 29225 
92.6315823291799 -5.28802866174162 6.370 29326 
92.8264872940767 -9.77699885031225 6.040 29371 
92.6267540979418 1.00287314200302 5.830 29379 
92.9313666669566 -9.20454387869119 4.450 29426 
92.8335810813815 -3.62357638120718 5.760 29433 
92.9184839851742 -7.28274583287824 4.950 29434 
92.6293399976559 9.2778444455865 5.780 29451 
93.3278987885358 -12.7783945657007 6.430 29525 
93.459480923292 -5.49387184251978 5.860 29616 
93.5158355096568 -4.24193551903595 5.200 29650 
93.4361857348177 -0.892522104262691 3.310 29655 
93.7267199736866 -9.54362138591299 5.910 29678 
93.3646568686455 6.09929302885454 4.320 29696 
93.7323795910451 -7.25057114777149 5.340 29704 
93.9130331081692 -10.8391406428065 5.440 29736 
93.72721372871 0.579117389416054 6.090 29789 
93.9390371098218 -6.20603406667725 6.390 29798 
94.0937103850587 -11.1131109753304 5.040 29800 
93.8849088136764 0.354459091079182 6.240 29840 
94.3320233643667 -13.436979939782 5.390 29850 
94.4359289691278 -8.9911863271125 6.120 29931 
94.7580823778698 -14.3194176224057 6.240 29982 
94.5667790558061 -6.04302104137235 6.270 30019 
94.9107857916442 -8.70704793819362 5.670 30099 
94.6361399550973 6.18239757707359 6.410 30200 
95.1262698523504 -5.58486922880338 6.320 30218 
95.6148358130453 -10.7633397108944 6.000 30318 
95.3018809090734 -0.824497339156474 2.870 30343 
96.131290916334 -14.4308341631599 6.240 30448 
95.6014167120875 1.72518182738974 6.350 30501 
96.0247397578363 -7.25654416064941 6.350 30517 
96.2275667443445 -8.58412372364284 6.300 30564 
95.8632262944441 0.0134149634445635 6.050 30570 
96.4925306820639 -12.1721185319237 6.390 30602 
95.8865383031059 9.26013399627469 6.430 30741 
96.5496625696056 -2.78863933208905 6.220 30769 
97.1467563915672 -12.964326149712 6.160 30804 
96.8836776092441 -7.03536737523622 6.240 30815 
96.1992207951647 7.20294190667016 5.750 30827 
96.8024749283452 -3.06070210561532 4.130 30883 
97.8104003019714 -11.9813185985673 6.170 31066 
97.6645548956867 -7.33004448524888 6.380 31105 
97.9551355443801 -11.679929313597 5.220 31119 
97.723929094552 -5.4429873469937 6.260 31158 
98.0931546533383 -11.5429360290014 6.080 31168 
96.9291554065542 9.20619450050875 5.820 31173 
98.2471888305618 -9.04829984991491 5.570 31277 
97.7894430853492 4.81631916389913 5.260 31434 
98.92557856645 -13.1823385454012 5.930 31448 
98.5104664186786 1.42342336697239 6.440 31650 
99.4522972477546 -12.2823108546932 6.390 31662 
99.1046664637726 -6.74690051491073 1.930 31681 Alhena
98.4284957939268 5.82104735625262 5.760 31737 
99.0540014104052 -1.1061388017814 6.090 31813 
98.9794726880839 1.4640141060776 6.430 31850 
98.7344996478243 5.11882021860663 6.020 31852 
99.8467535407989 -10.1214349184328 5.990 31876 
100.366353530305 -13.1799745977106 4.660 31978 
100.36148944372 -12.0699331617976 6.190 32012 
99.1354318659871 5.08023631645459 6.450 32019 
99.9850859797857 -6.68823447649182 6.280 32020 
98.6268183013505 12.799447053855 6.480 32040 
100.143136663754 -5.4258120395906 5.200 32104 
98.8621201331577 14.0356337794937 6.210 32190 
99.9387675718452 2.06564201633153 3.060 32246 
100.862229680287 -9.801889677385 4.490 32249 
99.1465247505881 13.0158969656192 6.370 32268 
99.8271849375729 5.90823256287268 5.420 32311 
101.209363492659 -10.1085242768199 3.350 32362 
101.377337185743 -10.2979518053575 6.470 32404 
101.880106669281 -14.3778964979203 5.920 32463 
102.128981904206 -14.9095213793943 4.770 32533 
101.287388756354 -4.78712211403109 6.350 32539 
100.590739053675 9.61872031075615 5.720 32740 
100.161497443898 14.50674444867 6.490 32746 
102.039336764327 -6.7215699462115 5.870 32753 
102.429653495871 -9.48812576296923 5.680 32814 
101.957601887446 -1.14906612965477 5.280 32921 
101.896741459608 0.693411605973439 5.680 32968 
101.123239691684 11.0258515582109 3.600 33018 
103.497050001871 -14.4465820995779 5.750 33024 
101.005802081587 12.8498165982479 6.030 33044 
103.383263949834 -11.8291554933087 6.300 33082 
103.488068934868 -9.62838542164958 4.730 33202 
102.483314692123 2.52936343441402 5.740 33277 
104.202386663365 -14.4368777618524 6.280 33297 
104.251767358862 -12.7917435742943 5.900 33372 
102.039142521508 10.8311899549845 5.910 33421 
101.718014701708 14.5321424058459 6.480 33453 
104.301085426184 -10.8261050773889 6.260 33465 
103.194785266902 3.30823819770332 6.200 33595 
103.362951151572 3.15761985015017 6.400 33650 
104.562246124257 -6.60617545286561 5.730 33715 
105.130375785586 -7.29331085522428 5.780 33914 
104.205223501682 1.53806431581049 5.200 33927 
104.900801979336 -4.88437526689027 5.960 33929 
105.048495504439 -5.9558487142361 5.860 33937 
106.069237444395 -13.4267693492049 5.960 34002 
103.892692299393 6.65603535958307 5.930 34017 
105.946423396869 -11.6153859787541 5.140 34033 
105.816282955662 -9.9770141416507 6.010 34055 
104.990275105278 -2.04308021668402 4.010 34088 
105.037677940973 0.0421885528346464 6.000 34182 
106.656468377797 -13.3137323521455 5.780 34215 
103.880326866719 11.8243919706667 5.550 34267 
104.182943024452 11.391343436319 5.940 34358 
104.88002079094 5.59959597927738 6.470 34367 
107.415550820341 -14.9530239991809 5.740 34387 
104.38239873592 11.2364898429962 6.310 34428 
106.526943564737 -6.53759625262128 5.470 34440 
104.016131468399 14.8323799551805 6.190 34462 
106.305609897696 -1.20983267203312 6.430 34608 
105.444153818161 7.75021464939279 4.410 34693 
105.915088916417 4.39371276494582 5.750 34722 
107.217257867029 -5.40099195962927 6.500 34763 
106.487724454402 1.71570925325295 5.850 34819 
106.187270502685 4.79855596990527 6.460 34860 
107.69963055404 -6.16455045038933 5.070 34909 
108.505250189106 -10.1384709986005 5.710 35005 
106.903012432692 2.53068445558126 5.840 35025 
109.338060168729 -14.2049677701871 5.780 35120 
106.793137362853 5.5541740092291 5.750 35152 
107.195835024162 4.38871368552653 6.380 35253 
106.845670307232 8.64666206953885 6.190 35345 
108.778981935991 -5.63936770622592 3.580 35350 
110.505235980696 -14.8917286830073 5.910 35509 
109.453909464852 -6.95811960588174 6.450 35548 
108.519308690395 -0.182558940246499 3.500 35550 
109.152605812897 -1.64795255043415 5.090 35699 
106.8554303905 14.5096342548756 5.120 35710 
109.150985256049 0.878568270050689 6.170 35842 
108.853682050935 2.96267794548933 5.040 35846 
110.445591915507 -6.44006581062918 6.470 35933 
108.723250369593 5.55808051055904 5.770 35941 
111.134375074154 -10.2289417968582 5.370 35987 
111.663150781159 -12.5715217795314 4.990 36041 
108.95715841986 5.7541616087002 3.780 36046 
111.66294788146 -11.224523339694 6.380 36123 
111.657269135189 -10.8200451296268 6.390 36141 
110.337597885636 -1.66442290407011 5.940 36156 
112.192111786957 -13.4912855720526 2.890 36188 Gomeisa
110.346795275696 -0.462131776102915 5.200 36238 
112.627933100633 -14.7892510232959 5.220 36265 
112.346497049942 -12.8243474336984 4.330 36284 
109.64022356946 5.6083202038694 6.360 36325 
111.54483430529 -6.68877964723295 6.230 36340 
109.088322341753 9.80557783029334 4.160 36366 
109.70259221959 6.18975998876327 5.070 36393 
112.268447976229 -9.71821376696581 4.550 36425 
109.837135857705 6.00587494037596 5.010 36429 
112.727024807482 -10.4606542362819 6.380 36553 
111.960107683648 -4.62468281878732 5.450 36616 
112.587261796648 -5.80049070572731 5.270 36760 
113.554216182076 -10.9726873647607 6.280 36796 
110.239968843023 10.0916317309286 1.580 36850 Castor
110.509804936576 9.19557741256202 5.340 36896 
111.344186098694 5.21191707633472 4.060 36962 
112.277330815175 2.79653888723291 6.370 37165 
110.532871337984 13.3448047420736 5.580 37204 
110.742616577314 12.909086529149 4.890 37265 
112.516381735858 2.69695030053306 6.180 37269 
113.67540590355 -3.74810776321232 5.040 37300 
111.346722521494 10.3986462795765 6.160 37339 
114.651359693911 -7.5417731658205 6.230 37404 
113.120367118796 1.57861600697905 5.930 37428 
114.962035179993 -7.78327674053502 5.790 37508 
114.880967253589 -7.05821725900397 5.550 37521 
111.589009088953 12.4617147206031 6.050 37580 
112.626341398369 7.4464255289953 4.230 37629 
113.770760322703 1.06349498217592 6.250 37636 
113.348031745993 4.42605455420403 5.300 37704 
115.645181502889 -8.29336704942847 6.400 37723 
113.665686154714 3.07451855023728 3.570 37740 
113.215610184366 6.68018266462789 1.160 37826 Pollux
115.089218442851 -2.65219168709345 4.890 37908 
116.520609121583 -10.262493668949 5.250 37921 
112.697345092063 12.0659389417874 5.140 38016 
114.817091275314 2.00564520514886 6.180 38106 
116.711845584684 -7.57948654969532 6.070 38147 
116.938317890804 -8.10475146035733 6.420 38196 
113.473644024569 12.0249132493578 6.060 38319 
116.295259166445 -1.59975688987118 6.030 38394 
115.244051820017 5.77512827560769 4.970 38538 
119.167034990359 -11.7039219512792 5.860 38712 
117.049377265349 -0.884977403441406 5.380 38722 
114.00496142315 14.3484091101716 6.230 38723 
118.153269047274 -4.84006967810415 5.800 38848 
119.642474783804 -11.8361628591616 6.030 38868 
120.142396985008 -13.1936328682144 6.420 38945 
118.372186116229 -4.05358759128725 6.050 38975 
119.277940600483 -7.21409531109329 6.050 39067 
118.746560311994 -3.17168423514976 5.600 39177 
118.247188053419 -0.714331257779675 6.300 39180 
117.157660974976 4.75511959459751 5.870 39191 
117.540274467308 2.9859949301828 6.340 39194 
119.08665520709 -3.97320392942285 5.990 39236 
117.396364935764 4.49435633616145 6.320 39263 
120.717562285042 -11.3399893701785 6.220 39271 
115.290294367185 14.6075771579381 6.340 39279 
117.235818226047 7.22402134394853 4.940 39424 
119.358451467324 -1.4787795165082 6.210 39535 
120.622016738134 -7.06280839540244 5.140 39567 
117.749465806473 7.06157810110723 6.210 39607 
118.927081196334 2.30750255217363 5.960 39659 
119.478244642245 1.34794884200613 5.300 39780 
121.380812706549 -6.36573672561805 6.250 39874 
118.27621979714 8.7746955031629 6.470 39958 
119.119460044491 5.63251007826313 6.440 40007 
119.24421520515 5.31464226790145 5.730 40023 
121.708753138989 -5.28189223076431 6.220 40058 
122.83470831168 -9.95946205684848 6.080 40085 
121.34267551456 -2.27123858658595 4.670 40167 
121.772808869626 -3.33669289967086 6.030 40231 
118.918355928418 9.49408820021718 5.620 40240 
121.795619541127 -2.14097003360292 6.470 40342 
122.858858760653 -6.64580517416701 6.390 40354 
124.257772082737 -10.2912242141385 3.530 40526 
124.579095152908 -10.5451722670564 6.280 40617 
123.189853933378 -3.87201963007988 6.420 40675 
120.972700043828 7.46160506273583 5.130 40843 
122.524547304296 1.17886433202205 5.800 40866 
121.815206750894 4.37620045959062 5.920 40881 
123.773218699516 -1.00747351072815 5.940 41117 
125.716293476212 -8.46171980542084 6.110 41163 
124.646707328446 -2.11949036930103 6.110 41319 
126.94456856712 -11.3231869611642 5.130 41325 
122.203868188745 8.45184662152551 5.580 41377 
125.905932850082 -6.33347810490543 5.560 41400 
122.506129294636 7.53889548194006 6.300 41404 
123.583919928536 4.9293853747196 6.050 41574 
125.978738130578 -4.71245021937007 5.940 41578 
124.242838202647 5.02816256517438 5.710 41816 
125.728468275293 -0.771720562275957 5.330 41822 
125.531406792656 0.0998633817370457 6.500 41833 
127.964434235029 -8.48943859802015 6.480 41904 
125.407676486068 1.56778086369963 5.330 41909 
124.573514818263 5.11565276740898 6.350 41940 
129.583352602516 -13.5620504844587 5.890 42008 
127.42523657424 -5.33211745135984 6.260 42010 
128.750460717995 -9.95564463843214 6.040 42049 
129.620502818688 -11.6256383050823 5.910 42172 
127.469801361077 -3.19710531542081 6.330 42187 
129.137171857099 -8.61196472525301 5.920 42265 
130.304969884538 -12.3958840193679 4.140 42313 
123.474844340878 13.8436611782847 5.960 42365 
131.210528241627 -14.6051279586046 4.450 42402 
130.123106607238 -10.0482761134443 6.460 42462 
127.197177986371 1.58394005789905 6.390 42516 
124.123287632454 13.1236105463127 6.210 42538 
127.34311335352 1.27308732410576 6.420 42549 
127.393883985371 1.15709304111093 6.290 42556 
129.80970659823 -5.30266432602001 5.620 42795 
132.30476739438 -14.254043353856 4.300 42799 
127.538312395079 3.1870175219473 4.660 42806 
132.237232138769 -13.3008114828933 6.370 42854 
128.721989143869 0.0737377864511928 3.940 42911 
130.864752956495 -7.71110727505868 5.630 42917 
132.119357041862 -11.9356258551809 6.130 42931 
125.528481843716 12.2112237833418 6.120 42954 
132.536692364802 -12.8768928842941 6.450 42981 
126.34565892372 10.4229611157147 4.030 43103 
132.345358568396 -11.1073471467984 3.380 43109 
130.843003021858 -5.61343372751527 5.890 43121 
132.910433690328 -11.5549507094686 4.350 43234 
129.928518398043 1.10963187109678 6.410 43427 
130.931260546874 -2.22506240568973 6.360 43454 
134.019874424741 -11.7616311678683 6.340 43570 
127.726214005058 10.2874187727495 6.250 43575 
126.545844790458 14.3417276127313 5.670 43584 
127.73209758956 10.3636509559013 5.960 43587 
127.44409761148 12.6228223614382 5.400 43721 
131.423882930142 -0.130514468380942 6.280 43811 
134.576274512787 -10.9727012980229 3.110 43813 
128.505562934633 10.1643771086047 5.230 43834 
133.102269438668 -5.48103318163768 5.440 43851 
135.367599149867 -12.5261655850377 6.130 43902 
131.851278898731 -0.0985340045760194 6.170 43957 
132.383058659427 -1.84037938103296 5.220 43970 
132.389240063143 -1.56944088744892 5.680 44001 
134.152797288217 -7.50851392501683 6.190 44010 
128.335028042996 12.5196545931061 6.250 44031 
133.641913491764 -5.08361767190379 4.260 44066 
132.041603295957 0.988891532895988 6.300 44126 
133.524917835958 -3.85002106500402 6.490 44148 
128.01744572122 14.7081929280867 5.230 44154 
128.455615621439 14.6635108664193 5.890 44307 
136.152872765369 -10.8308907901759 6.080 44315 
129.837364223852 10.5270487583674 6.070 44342 
131.042658594644 7.2827172525104 5.450 44405 
135.963274418564 -9.15633399785554 5.850 44406 
137.394711959094 -11.033313358243 4.990 44659 
138.749006825445 -14.4237790518479 6.160 44738 
132.511001313485 6.18585684175209 6.390 44768 
136.168717716173 -5.57321106071134 5.230 44798 
130.635956788635 12.5991853055188 5.420 44818 
131.7213222493 9.76227262825465 5.950 44892 
133.21044955626 5.42071352682811 5.160 44946 
136.382340361199 -4.5706729615426 6.480 44984 
133.444931891431 5.44133581115637 6.040 45033 
130.791263218128 14.0191990729684 6.040 45058 
138.720988870061 -10.2334860107597 6.340 45150 
139.282119805213 -11.7391430555893 6.140 45167 
135.955167153113 -1.11093017400233 6.490 45170 
134.386925337874 4.98609441127579 6.480 45272 
140.289209365144 -13.0549636671779 3.890 45336 
136.648955505888 -0.951701808688932 5.360 45410 
138.296064111813 -4.03989429555058 6.400 45614 
135.369870491658 9.39459587802465 6.410 46058 
135.29551455561 10.4230918383671 4.470 46146 
138.509637030512 1.3710031338223 6.310 46232 
141.543232441363 -5.55776925179541 5.400 46454 
141.82590613412 -6.37951856505866 5.720 46457 
137.872960582793 7.88578745511717 4.320 46750 
141.647244257828 -3.15829585774357 4.990 46771 
142.156106914693 -4.65880732576344 5.070 46774 
145.738906914221 -14.9735010153148 4.540 46776 
144.884884145232 -12.0345954006988 6.110 46840 
136.437413376979 13.1103554775395 6.500 46891 
138.212767021978 8.51341488037933 6.260 46938 
141.570887269006 0.0664791300680385 6.320 47096 
141.172152376153 2.10518332661945 5.730 47189 
144.324863180292 -6.96686846477048 5.000 47205 
145.341770478807 -8.93214136641049 4.680 47310 
147.642757805129 -14.2795593056529 3.900 47431 
144.247297928477 -3.75977141276038 3.520 47508 
139.059649308958 11.4072635397929 6.260 47550 
143.48631776056 0.347759150662475 5.360 47723 
142.058534449774 4.97851445618115 6.490 47779 
140.704297578777 9.71260694063851 2.970 47908 Ras Elased Australis
146.480457967713 -6.35374979234222 5.800 47943 
144.829212196537 -1.52508137165849 5.670 47959 
148.207640367843 -10.9716516584872 5.650 47960 
141.079611959198 9.7106567812997 6.490 48023 
145.150831876641 -1.66813138145376 6.440 48029 
142.466040335647 7.58033214393243 6.100 48218 
148.306981163758 -8.21746300030082 6.240 48273 
145.477786576735 0.0379087635407115 6.450 48324 
141.805619444997 10.7647171505929 5.290 48390 
150.196142229235 -12.082622382396 6.340 48413 
149.363643617956 -9.84890772491727 6.020 48414 
141.429326854639 12.3461433596782 3.880 48455 
148.511629562437 -6.42660413747311 5.900 48519 
148.127489852242 -3.40081450056027 5.850 48734 
152.246525464661 -13.4910971011245 6.430 48839 
148.734368401616 -3.83889372609559 6.050 48876 
147.337731418494 0.0491037734110964 5.260 48883 
142.015976055247 14.4299847915024 6.480 48895 
149.31328994874 -3.91421727884473 4.680 49029 
145.061444574997 9.3442175617062 5.680 49220 
151.931318530942 -8.11357921163066 6.430 49329 
147.886698141611 3.78313079473248 6.360 49445 
151.700052158005 -5.62486105201744 6.200 49530 
147.904793524853 4.86337649780675 3.480 49583 
150.413968448678 -1.42174146704705 4.390 49637 
154.116738345696 -11.1174012970742 4.480 49641 
149.829120020278 0.462635938041524 1.360 49669 Regulus
150.084363195698 2.04230436744927 6.430 49929 
153.463186716848 -6.02582077864681 5.770 50027 
147.915992010141 9.58288733856042 6.020 50174 
147.49948230892 11.9298027361733 5.950 50319 
151.097215947364 2.82787601391407 5.420 50333 
147.564696297809 11.8627161645749 3.430 50335 
146.830419095908 13.6801277560269 5.840 50336 
147.801579826973 11.6196409220913 5.810 50384 
147.581662855702 13.2616909470735 6.420 50516 
158.654378183485 -14.4684352291216 6.380 50552 
149.698714123318 8.44729195924157 4.780 50564 
149.614409341971 8.81262511877185 2.010 50583 Algieba
151.814080815541 4.44209982592193 6.160 50755 
155.14218883503 -3.31300534382787 6.060 50851 
159.187885485534 -13.1484192994803 5.930 50885 
157.994322169923 -10.1997930479283 6.450 50887 
159.047524583868 -12.7387063184834 6.390 50893 
156.953912215746 -7.08985210333013 6.330 50939 
154.844437558578 -1.02204172079181 5.610 51008 
158.76781025951 -9.98895853180399 6.330 51117 
151.351604543617 8.97798423384559 6.150 51161 
155.037950837171 0.103934702804839 6.010 51213 
160.315539882981 -12.3470926351927 6.050 51302 
160.107446684663 -11.347198157299 5.190 51362 
159.500741253473 -9.32144355602408 5.080 51437 
154.461483136791 4.58095528495673 5.430 51585 
156.388910345605 0.147969895959928 3.840 51624 
157.717189482121 -1.8556216139704 5.070 51775 
157.142135282997 -0.258259684712176 5.670 51802 
162.529437474744 -9.29978451026543 6.250 52316 
160.516027411595 -3.10761851757245 5.770 52452 
153.484368745898 13.9637841710694 5.080 52457 
155.018754606767 10.8728176468675 6.270 52513 
161.789797882299 -5.03005095460741 6.270 52584 
160.536299788957 -1.34446296663829 6.380 52660 
155.837242367622 10.2677638728463 5.500 52686 
157.649959071618 5.92707678680799 5.490 52689 
164.314446055951 -8.80747279962509 5.920 52863 
159.681451488418 2.81326270185511 5.320 52911 
165.319811952764 -9.62243059534269 5.950 53035 
163.989941913818 -5.71097494749461 6.370 53141 
164.549249906781 -6.80835103867268 6.310 53167 
165.535678700054 -8.62579541712197 6.120 53240 
165.559404677944 -8.47943053348807 5.450 53273 
164.907950055913 -5.64371950223113 5.910 53423 
162.890467540446 -0.580488216186969 5.910 53449 
156.63662677702 14.3538320986489 6.170 53472 
164.919883368224 -2.51837021059831 4.840 53807 
164.006675960648 -0.207782978251127 4.980 53824 
167.583308541789 -8.02356794133929 4.730 53907 
158.851683894899 12.9154666753481 4.420 53954 
167.233382223596 -6.29005952697289 6.120 54027 
167.025466940936 -5.5617450916298 5.950 54049 
164.508966335315 1.3401258739578 4.620 54182 
160.815804322699 11.0826672541882 6.400 54319 
167.025696165408 -3.43922832528341 5.520 54336 
163.269077651596 8.48785339283683 6.300 54688 
169.398660792614 -4.63687669282431 5.400 54849 
166.286328175012 2.87539586513449 5.790 54863 
161.315506876071 14.3321685769412 2.560 54872 Zosma
163.42230860866 9.67305579682574 3.330 54879 
164.635982359293 7.87887049358599 5.310 55016 
171.484023264898 -7.64674527348537 4.450 55084 
172.952869381034 -10.8147670804754 6.110 55106 
169.397300261526 -2.37734170043981 5.180 55137 
169.912641727054 -2.54965219698451 5.900 55249 
168.70565548315 1.69600340083039 4.050 55434 
171.51877365885 -3.51579560858798 6.050 55595 
167.565498036775 6.10437320269912 4.000 55642 
171.186483705701 -2.27020558250499 5.390 55650 
176.248539794447 -13.4703261225046 4.810 55687 
167.446761361365 7.03438109648211 5.800 55716 
165.555663377412 11.7041450658373 5.580 55765 
170.634086228099 0.160850686405911 6.350 55791 
171.178751988478 -0.527339490413907 6.490 55846 
177.462564781823 -14.5859614738728 5.930 55874 
173.30168267796 -4.7461906853488 6.230 55941 
171.511782663518 -0.555282043888867 4.950 55945 
166.902154546947 11.1440243737165 5.740 56080 
174.377255993844 -5.70396625834658 4.770 56127 
165.837515740392 13.9609224757864 5.540 56146 
167.793060284834 10.382698904202 6.270 56242 
176.889029582282 -9.88260858786711 5.940 56318 
172.953476821551 -0.324915904272888 6.490 56388 
172.906005874241 0.265538942152397 5.760 56445 
167.456656968867 12.8958125695245 5.950 56473 
175.994273877561 -6.48749651206171 6.430 56500 
178.592215110872 -11.303933091572 4.700 56633 
175.036883140131 -3.04576933765633 4.300 56647 
171.460946176583 5.98614962312772 6.180 56756 
176.011781565787 -4.38156347275977 6.220 56775 
171.8282436128 5.32773307512952 5.240 56779 
180.463376645007 -14.2133479881299 5.480 56802 
178.980750953552 -7.72280483975888 6.050 57214 
173.335025783354 6.11430709362634 4.840 57328 
174.158877394473 4.58587422649082 4.040 57380 
173.940237116628 6.36317827811642 5.310 57562 
181.488076196643 -10.6067131120038 6.240 57587 
171.642467268297 11.9624488553512 5.900 57606 
177.6083031883 -1.38401699977459 6.150 57629 
171.616617433111 12.2662500316224 2.140 57632 Denebola
170.959134472434 13.8100817404077 6.050 57646 
177.164106499756 0.694036452510613 3.590 57757 
172.986804911979 10.3536484782335 6.370 57779 
180.072848306841 -5.78319695365304 5.620 57791 
182.94280270361 -12.0249677175247 6.340 57819 
178.367010343092 -0.106257765623839 6.310 58002 
175.489602099911 7.25149686182168 5.580 58110 
172.662697152631 13.8992036349405 5.530 58159 
179.572258873136 0.392941821736882 6.180 58445 
184.014780144066 -9.68627095931445 6.490 58450 
178.532326519619 3.34798706681176 5.360 58510 
184.364068218464 -9.50173755287619 5.540 58576 
177.558491940557 6.15293993997776 4.650 58590 
180.939608883663 -1.51983619930476 6.320 58603 
183.726594314334 -6.76192558889121 6.240 58741 
178.63991594586 5.46956915826839 6.390 58809 
177.693749555452 8.52456793141105 4.120 58948 
182.621509679483 -2.27674968216546 6.370 59010 
181.467164231643 2.70472816569806 5.950 59285 
179.987694644275 6.32620988918683 5.720 59309 
178.950352425463 10.7416315050759 5.850 59608 
187.597809519408 -7.9516661568885 6.110 59750 
190.72675653016 -14.500080757392 2.580 59803 Gienah Ghurab
190.649856768409 -13.6039985901877 6.050 59895 
184.59650580068 1.13281049775973 5.900 60030 
184.832017887542 1.36564533086763 3.890 60129 
183.351346853023 5.06199538168355 4.970 60172 
190.226874805052 -10.365683101556 5.140 60221 
183.055190646526 7.1068184276898 6.460 60353 
187.306942643742 -2.25828670503211 6.470 60418 
190.053452438932 -8.52599277976742 6.480 60421 
190.398721743449 -8.15709694815782 5.950 60595 
182.905295939341 10.6486165576773 6.360 60804 
193.043049594866 -12.4992775255 6.300 60809 
188.218517605449 -1.47473790553012 6.230 60813 
193.452676487653 -12.1952655923071 2.940 60965 Algorab
192.224839300059 -9.31491965882397 6.370 60994 
184.158071753696 10.0899503498425 6.050 61103 
189.258088025638 -1.50435056947507 6.190 61134 
193.816213136921 -11.6896652120176 4.300 61174 
192.982541266748 -9.49740127945848 5.740 61212 
183.444609728659 12.7222063933989 6.290 61246 
195.602236075784 -14.8534915162342 6.260 61270 
192.786618654673 -8.45963103499511 5.580 61296 
191.484532766986 -5.33812350043694 5.480 61318 
190.742228856069 -1.71693192580539 5.880 61558 
187.446105733806 6.78900423330278 6.330 61637 
188.081987771041 5.50663262174048 5.680 61658 
196.155177506449 -12.9290700064923 6.000 61688 
192.154329706397 -3.46719172772396 4.660 61740 
194.599153162751 -7.88469772768398 5.170 61910 
185.361199642349 13.6871106129659 6.220 61937 
190.141245511153 2.79106436499058 2.740 61941 Porrima
197.465376507682 -14.0170017992843 6.020 61951 
185.51222051328 13.543394888219 4.880 61960 
186.93012008901 10.4073080991977 5.570 61968 
190.645652811265 2.86669066725912 5.910 62103 
187.428435917393 11.5641883901941 5.220 62267 
186.841167874823 13.3501316120097 5.650 62325 
188.454243656015 10.1226718689288 6.310 62376 
193.390380628354 -1.10210391025612 6.270 62421 
189.593442887502 8.01804555932486 6.420 62443 
195.835726994098 -4.45232785692208 6.480 62743 
190.668950058234 7.91141715573432 6.020 62757 
193.614916877107 1.97522989834424 6.110 62875 
193.978491464497 1.39947668079995 6.450 62915 
197.011699703283 -5.3801891669113 6.000 62983 
196.200433283407 -3.43180233771015 4.770 62985 
191.460238781802 8.61431176342026 3.390 63090 
198.810516130406 -8.61917635493189 6.180 63109 
197.831680055237 -5.49059232966587 6.330 63220 
195.205579731937 2.35997901315417 5.790 63414 
195.251677016497 2.85956226422686 5.990 63494 
202.658524613994 -12.7237818876428 5.580 63738 
199.745273260624 -3.25974048936825 5.150 64078 
199.222997233884 -1.57554041462165 5.570 64122 
204.842858964673 -14.5739222541736 4.940 64166 
199.592576777978 -2.02236386209718 6.320 64181 
200.011466571052 -2.70581634370969 5.950 64224 
198.237156120312 1.74425086971356 4.380 64238 
202.777153413962 -7.91968261907707 5.040 64407 
204.105466268125 -10.2206735779502 6.260 64520 
204.699937010179 -11.1739819446599 5.310 64577 
205.102241033914 -11.0230301962396 5.210 64725 
198.138862537736 6.95831897613464 6.360 64838 
195.786455876265 12.6508327047265 4.780 64852 
205.007964326301 -9.29590757629551 4.740 64924 
207.019234046414 -13.7406225963637 2.990 64962 
197.499250054793 10.6094434035562 6.260 65119 
206.147446855541 -10.1087156355369 6.210 65183 
198.063911050018 9.91308419945077 5.690 65198 
196.984305119397 12.7946072024568 5.890 65241 
205.815173121347 -8.34828598739971 5.360 65301 
201.092072350179 3.56535985620043 5.880 65323 
207.243102124472 -11.2189087937537 6.440 65381 
201.468301046853 3.45780609826459 5.760 65420 
203.841500624931 -2.05271663089746 0.980 65474 Spica
200.363790850301 7.29592348524969 5.970 65545 
204.762416475698 -3.35056560324629 5.270 65581 
206.143501999215 -6.31777112040447 4.760 65639 
201.143710880585 7.42076745464841 6.420 65796 
209.417391373316 -12.8964264814565 6.400 65835 
203.311628208826 2.78438160252308 6.100 65892 
203.588205874082 3.12400082529527 4.680 66006 
208.200455918225 -8.4701413555972 6.010 66015 
207.132766772095 -5.26958620506307 5.520 66091 
205.250885104553 -0.423001013948858 5.210 66098 
200.395096739857 12.5374391847314 4.920 66200 
206.754115002741 -3.10920346956643 5.920 66247 
202.133580981589 8.63823122098733 3.380 66249 
204.098139228745 4.24763193521273 5.700 66320 
206.707911325545 1.71249583435593 5.030 66803 
202.563787364043 13.2514466034045 5.350 66936 
210.04931219513 -5.013870395266 5.550 67057 
213.5337404901 -13.6801491837867 6.210 67071 
210.146305578887 -4.53598004491882 6.180 67139 
213.950750800592 -14.1815731850471 5.810 67143 
209.033003439973 -1.38424655413716 5.500 67172 
208.361263387186 1.26729552061748 6.040 67271 
211.310096167739 -6.33305204744065 5.410 67288 
211.955725678156 -6.38206012806257 4.960 67494 
214.54446233253 -12.1034275694455 6.430 67620 
207.188731962807 9.60038160400985 5.160 67929 
209.571506913294 3.48616492851739 6.190 67953 
206.685694031971 12.1442887983822 5.900 68092 
215.383047222086 -10.3262803715939 6.140 68177 
216.571264585568 -13.0673927768831 6.420 68224 
216.314910542197 -12.0651665807944 5.200 68269 
209.127571245406 8.13286631160975 6.360 68380 
216.650161446404 -11.9822619703958 5.770 68390 
207.747844577334 13.0646136323025 4.230 68520 
218.037894802105 -14.0582628964685 5.470 68581 
214.644541775041 -4.56622185614648 6.320 68643 
216.578582304884 -9.24611927079997 6.300 68705 
210.809052146394 6.79511298998709 6.390 68739 
214.136524324749 -2.20182188283487 6.350 68763 
208.191855108927 14.0310700357984 6.280 68776 
218.62469274903 -13.0467970532807 3.250 68895 
212.733813556401 3.3077312455858 5.460 68940 
213.612362191867 2.53793313786938 6.450 69127 
216.036323298455 -2.93364146677506 4.930 69269 
210.191076992582 13.7529810377038 6.420 69340 
209.99890232349 14.7999253446497 4.990 69389 
219.118176465021 -10.4011561049363 6.350 69398 
220.202741717739 -13.0986833797562 5.070 69415 
214.493533102359 2.91547559187439 4.180 69427 
220.07323836546 -12.4542286795117 6.230 69458 
211.484993332754 11.8623799615903 5.890 69493 
213.386921382803 7.11427042966483 6.360 69564 
221.395368496424 -14.8278728102043 6.100 69623 
217.698944773254 -4.36091810663117 5.530 69658 
213.796712880857 7.20193531019281 4.070 69701 
214.085164563991 6.64438776360231 6.440 69727 
212.967454634803 9.8863751282359 6.150 69747 
214.944577907696 4.54626643552528 6.470 69773 
218.199797109866 -4.59394914461766 6.220 69792 
214.781489798515 5.91116534142182 6.470 69881 
218.596110926758 -4.59423286421147 5.860 69929 
221.049228843995 -11.2660963334212 5.870 69965 
216.952139840748 0.493313707946923 4.520 69974 
221.524136290235 -12.5079173071573 6.350 69977 
213.379346579798 11.0168777274136 5.140 70012 
212.50771234376 13.5263925589705 6.180 70022 
214.959793189833 6.81604558055408 6.420 70038 
222.58596899143 -12.7921234166945 4.780 70306 
213.07970574435 14.6329290202174 6.250 70319 
217.41060936143 2.40267552302724 6.220 70336 
217.687162222117 2.54351962900584 6.490 70452 
221.96878893757 -9.88172357002761 5.340 70469 
218.369469337236 0.9971361015481 6.490 70501 
222.862000602879 -11.7432676971674 6.480 70538 
216.536374897515 8.01492287297348 6.180 70680 
224.255709405655 -14.0661231480786 4.970 70753 
215.451377094847 11.7629743394901 4.810 70755 
217.094773426078 7.37852571431289 5.420 70794 
214.827452685774 14.7868568745974 5.960 70894 
225.719980520761 -14.8722446612674 6.070 71154 
222.77903648963 -5.00489330590768 6.490 71295 
220.749214759661 2.88914648626774 6.200 71469 
227.620818409714 -14.4857392865076 6.380 71853 
220.130607963633 9.6748904010372 3.870 71957 
226.045456247414 -8.74625130338089 5.700 71974 
219.319896663678 13.8745796665988 6.060 72122 
223.780623637347 0.543336238873954 6.330 72194 
226.787567844061 -8.98039352721151 5.150 72197 
226.116573090717 -6.78863951683932 5.800 72210 
225.536812270012 -4.89750788176864 6.430 72217 
225.814903153867 -4.96693596270358 6.050 72310 
227.142130651313 -9.05979139220189 5.610 72323 
227.363607231369 -9.47664195056098 5.230 72357 
223.454305209445 3.18525658714495 6.340 72373 
227.579824525279 -9.99524587961612 5.760 72378 
220.049887400074 14.7007757607455 6.150 72449 
227.151530444207 -7.61854885362262 5.680 72488 
224.167103498755 2.03520524246403 5.320 72489 
228.482305523258 -11.0942333227044 4.420 72571 
225.025461710757 0.365273552138296 5.150 72603 
225.082661752705 0.336186810113609 2.750 72622 Zubenelgenubi
221.02229866986 13.4772447194488 4.930 72631 
225.980828180924 -1.80866778038593 6.270 72702 
229.763835961459 -13.4444964100989 6.300 72772 
228.369860142177 -7.65619845501006 5.270 72929 
224.691290576405 4.54770641831811 5.780 72934 
225.112002969514 5.18387430838866 5.480 73133 
223.14998123684 11.9765731688011 4.470 73165 
230.327954977717 -11.789251727626 6.280 73171 
228.129056290712 -4.35878301989915 5.720 73184 
230.191683084158 -10.2623275104502 5.650 73284 
223.753418725275 11.4838494237421 6.080 73309 
225.537328120136 5.58709043300924 5.880 73310 
225.282445313354 8.24966852214363 4.910 73473 
223.693340156507 13.7995352683285 5.520 73497 
231.052208935052 -10.4309626118293 5.830 73566 
225.293721200123 9.2367235658334 6.380 73571 
232.578034689961 -14.7692712852121 5.450 73624 
230.687635714623 -7.64106127972975 3.250 73714 
232.507653275261 -12.6071747091979 6.480 73850 
230.311499373093 -4.36678527958759 6.130 73927 
232.822438788835 -12.9003998883956 5.970 73937 
228.771039366868 1.19946312511201 5.190 73945 
228.877261070665 0.993073393042209 6.410 73953 
232.342771770255 -8.26498655328607 5.750 74239 
230.817593610988 -1.18690743585278 6.490 74391 
231.004794624098 -1.84610644678519 4.540 74392 
232.368192992937 -5.84504263815407 6.470 74490 
231.215854469732 -1.63855230963373 6.070 74493 
232.758091293037 -7.08778346474215 6.470 74500 
233.085436395995 -7.91546635674478 5.840 74539 
231.004144208069 0.251534647476382 6.180 74600 
234.693751558547 -13.0034568192983 4.910 74604 
227.798632840287 12.0980940207084 6.280 74623 
232.630822614743 -4.10570686250498 5.520 74732 
229.37126851664 8.49927359577167 2.610 74785 Zubeneschemali
234.998873035901 -11.498927789374 4.350 74857 
235.466756494788 -12.473385722962 6.180 74929 
232.559632864229 0.264342855954517 6.160 75110 
231.924536423727 2.79647583205383 6.140 75118 
229.427940979621 12.200439989092 5.540 75127 
235.836097332195 -10.442043506285 6.500 75272 
232.28811259881 3.31985633135108 6.460 75294 
231.787379073291 6.04663588738763 5.720 75352 
231.345294187684 8.04792029664606 4.920 75379 
233.900252178937 2.0991965522259 5.640 75730 
237.050954702249 -9.64009239562315 6.430 75790 
235.414574942791 -1.65754595170148 6.200 75939 
234.436043931354 2.34371173875386 5.820 75944 
235.533455739492 -1.04738135909357 6.280 76033 
238.668278108133 -13.3790137746871 6.490 76048 
235.617878994696 -0.517335756337007 5.500 76106 
235.017153667376 2.23649964882418 5.530 76126 
236.892669806741 -5.16792532860848 6.260 76143 
233.687687411321 8.90176989792642 4.610 76219 
233.53786349538 9.77281919937657 5.160 76243 
238.068157259294 -8.54356422930807 5.130 76259 
235.137836508809 4.38953174243927 3.910 76333 
239.631108610231 -13.3623748331846 6.260 76395 
238.609744777851 -8.50374473340645 3.600 76470 
238.269781870988 -6.67663823128993 6.190 76503 
237.609324626543 -3.60727993327846 5.790 76532 
238.895178136575 -8.5094013627382 6.320 76567 
237.223550888423 -1.51429640345514 5.820 76569 
239.351379914144 -10.017040559649 3.660 76600 
234.473441237361 10.4006389798821 6.450 76603 
236.97452464348 0.188554486476705 5.360 76628 
237.95991587295 -3.53309495292326 6.330 76666 
240.698563807111 -14.4665860705971 4.660 76705 
240.033523216875 -11.3330921163256 6.350 76739 
238.320184677078 -4.13462429745745 4.970 76742 
237.757357092854 -0.0155760672256272 4.750 76880 
241.373989236452 -14.6162702250122 4.750 76945 
237.056591336964 4.5802146540544 6.300 77007 
237.352978502884 4.00203665086627 5.410 77060 
240.586564032092 -7.96953365890687 6.490 77235 
242.205140031789 -14.3984865998445 5.610 77286 
235.842353315559 13.4603042784638 6.240 77287 
242.841022609825 -13.1757378847414 3.970 77634 
241.125030681254 -5.4837439107098 4.630 77635 
238.807500447685 5.90230131440288 6.200 77689 
242.283649490354 -9.46566065347381 6.390 77729 
240.475987346116 0.0891802795450805 5.040 77811 
241.617956845251 -4.94369498863596 4.590 77840 
239.87232735009 3.47558347914429 4.130 77853 
241.515316262704 -4.15365347393161 5.380 77858 
241.406583045283 -3.60924459675917 5.410 77859 
242.236459106449 -6.86915809937349 6.150 77900 
241.832799446887 -4.81280202678831 5.870 77909 
240.697914740461 0.93786625884113 5.950 77939 
242.23186308561 -5.77357948443969 5.630 77984 
243.2450246907 -10.4857337111747 6.210 77985 
243.548251376021 -11.1402070055838 6.290 78058 
239.959186727873 5.87539489467692 6.320 78059 
240.123033192031 5.47020232616735 6.110 78078 
243.146652101586 -8.59514613665836 3.870 78104 
244.15219071922 -13.243571103967 5.140 78105 
244.153954746865 -13.2413089784871 5.590 78106 
241.637904926572 -0.500521120041969 5.840 78168 
240.399186927156 6.08930836430186 4.950 78207 
242.620518631401 -4.22748669619703 5.430 78246 
242.940071781503 -5.47145643244793 2.890 78265 
241.360216988847 3.98468430562832 5.470 78400 
242.571300810742 -1.98215576474916 2.290 78401 Dschubba
239.82982654857 11.9650809529389 5.530 78436 
244.648510703741 -11.0200405300065 6.330 78486 
244.378370394905 -8.26466198110932 6.070 78575 
243.884137416404 -5.02756141479578 4.960 78650 
245.146987304375 -11.0344110573901 6.000 78665 
243.788775068903 -3.88537315851351 6.220 78699 
245.543678026914 -12.1937609109409 6.100 78726 
243.189987893751 1.01168731272195 2.560 78820 Graffias
243.190549569474 1.0154566063092 4.900 78821 
240.630836502738 14.2872150112464 6.350 78849 
240.664151547721 14.4480460205806 6.390 78870 
244.065854223504 -2.69020189141337 5.900 78877 
243.669340730033 0.224571317695731 3.930 78933 
242.478766791353 6.7149538598834 6.320 78955 
243.844252310347 0.0548777519103127 4.310 78990 
242.35816928345 8.04220394708407 5.750 79005 
244.622404826832 -3.45514771245782 6.320 79031 
245.030882371007 -5.27540641172503 5.350 79050 
244.671227225822 -2.65506707657006 5.860 79098 
246.533218206958 -11.4282724413686 6.180 79173 
246.778693399552 -12.2953492411859 5.500 79199 
243.956620720114 2.64907506308693 6.430 79203 
246.244414089555 -8.19192630549222 5.090 79302 
244.643751790322 1.63723658940658 4.000 79374 
242.923284872227 10.8771011328019 4.930 79375 
242.668107969501 12.3733461980557 5.430 79387 
246.327777173723 -7.160531138686 5.670 79399 
246.245891592764 -6.67630965136843 4.580 79404 
245.935977303128 -3.17043402296708 6.400 79530 
243.704182398296 9.21579463716183 5.240 79540 
247.621946928193 -11.5965057468319 5.910 79596 
245.511747505037 0.121009550541162 6.410 79599 
245.0970847603 2.65970021813037 6.320 79605 
246.376561628493 -4.16306855626971 6.060 79622 
243.506500900245 12.7060357976931 5.490 79672 
244.730352684459 6.33937739251601 6.090 79692 
245.913531473705 1.21159214342757 6.400 79788 
247.676979920626 -7.11979078537682 4.800 79881 
245.488525344478 6.44783824293993 5.970 79938 
246.428425463479 1.18536405859266 6.290 79945 
248.343945451814 -9.33203183097285 5.530 79980 
247.437899885313 -2.65072698962751 4.550 80079 
247.799711967566 -4.03330153618202 2.900 80112 
249.670163133632 -11.4353080878542 6.450 80324 
247.550334588633 1.5570163584048 4.480 80343 
249.242787369212 -7.96267988227063 5.400 80399 
248.437430905317 -1.75338934432423 4.570 80473 
247.97913279783 3.22779442723927 4.220 80569 
246.406413628306 13.9758930593765 5.240 80620 
246.553871067978 13.2152297605144 4.620 80628 
246.768369779496 13.494925672199 6.490 80719 
249.762418657849 -4.5658227151176 1.060 80763 Antares
248.025097426586 7.18843735426085 5.660 80793 
249.739051457993 -3.23698168219416 4.790 80815 
247.093084320604 14.1673097855061 6.460 80840 
248.666171611905 5.20049004952129 4.290 80894 
250.21633537592 -4.60307568775241 6.070 80910 
251.472389517715 -12.6750035231691 4.240 80911 
249.627840521092 0.436936506888402 4.450 80975 
251.457064745877 -6.11623899057783 2.820 81266 
252.594160936688 -13.0665900874068 4.180 81304 
249.228872482683 11.3954361504049 2.540 81377 
249.352992303589 13.3815371543749 6.440 81499 
253.44328314451 -14.9293788125698 5.930 81523 
249.703141703531 12.4846981879138 6.330 81580 
251.428342685222 1.76375773913875 6.250 81632 
249.84860913258 13.7618208468803 6.470 81663 
251.30301021157 4.43771095174199 4.910 81724 
252.209041677297 -2.22687502444947 6.070 81728 
253.417223215486 -10.8214812271819 5.840 81741 
251.670391959118 2.28518982060775 5.550 81754 
254.116890333485 -14.6983113792923 6.470 81803 
253.676131469955 -9.73783734993646 6.460 81891 
253.496403405534 -6.13402869398982 5.990 81992 
252.581842511979 7.45899771543353 6.030 82259 
252.919319278692 6.73597855955456 6.180 82339 
252.407554931632 11.5956140026037 4.640 82369 
255.335622213504 -11.7342370703971 2.290 82396 
255.912064107658 -14.9108270729828 6.100 82453 
254.417048341742 2.13205958791071 5.860 82621 
255.836785224117 -7.9441703315655 6.340 82731 
256.460260986295 -10.8127524070266 6.290 82855 
254.627552292965 5.78790616496082 6.330 82861 
255.501045135876 -0.498545115803781 5.570 82925 
255.171942313758 3.09745929074502 6.270 82951 
256.690781140103 -10.5386310968639 5.480 82960 
254.320833722277 11.6328432476202 6.150 82979 
255.057592701887 7.78237233526868 6.480 83090 
257.527572848276 -14.8363032950468 6.050 83100 
256.423865403371 -2.35325884517629 5.880 83176 
256.457586949049 -2.24609246744418 5.740 83196 
257.700513319955 -13.1222889690799 5.950 83235 
256.229969548045 3.86584499041488 6.280 83331 
257.567770899688 -9.32492381908603 5.030 83336 
258.584375609069 -14.9542570501458 6.480 83499 
257.067823016227 2.33098443528465 6.290 83567 
258.390342252015 -11.2336219699527 4.830 83574 
257.50323896071 1.29737178300956 6.290 83684 
259.009647179088 -14.2944495041188 5.980 83693 
258.864632291839 -12.5233014362233 6.150 83706 
258.115761583795 -3.61557766664039 6.260 83740 
257.624566245358 5.2804333113438 5.980 83854 
258.887409729566 -7.45265476882489 5.930 83896 
257.366173802798 12.3715626013462 5.430 83962 
257.969457941618 7.20209317412338 2.430 84012 
259.453684304719 -4.75297728605602 6.120 84175 
259.962297070335 -9.40344721825189 5.950 84226 
260.550301137478 -10.4704853931757 5.600 84401 
259.079065101097 8.43717890233191 5.980 84402 
260.012787445551 -3.54538490018456 4.330 84405 
260.40296834559 -7.13403954153973 6.200 84445 
260.203462041213 -3.47395008011552 6.330 84478 
260.942634193179 -12.649069492967 6.090 84489 
260.850240506064 -9.55954724236665 5.530 84551 
260.438931901844 -1.19100825166383 5.140 84626 
259.933238752538 6.76836149513033 6.280 84649 
261.114746978822 -9.43014726080992 6.360 84650 
261.423258864322 -11.8512029015605 5.910 84709 
260.412364583311 5.35395923389198 6.030 84792 
260.683358296728 3.79165733678618 6.500 84856 
260.297547909089 10.2675208449343 4.320 84880 
260.158574224829 12.4136993157096 6.460 84883 
260.905939983827 2.02347544696108 4.390 84893 
261.31698139873 -1.75067299487496 6.360 84947 
261.394860116519 -1.83917401477597 3.270 84970 
262.254182649325 -12.7179103475936 6.420 85019 
262.38801233749 -14.6073836807326 6.330 85020 
262.400868622062 -14.0214131778855 5.910 85048 
261.900138758673 -4.956385616181 5.300 85084 
261.583167677464 4.73979816962749 6.340 85195 
261.78639590145 1.75089498579883 5.820 85207 
262.676983692065 -11.4742939018707 6.140 85237 
262.049295061846 -1.04050023134698 6.170 85242 
262.333497599344 -0.955135278660904 4.160 85340 
262.560355492381 -2.71313094949212 6.420 85391 
261.812771303141 10.6972452474981 6.200 85397 
262.039361334724 7.36372784648849 6.480 85405 
262.88078974131 -6.62485596853152 4.280 85423 
262.931825850031 -6.47928591303964 5.980 85442 
263.608910111156 -13.5067685590045 5.980 85543 
264.012789794779 -14.0039390966229 2.700 85696 
263.47222709465 -0.680771983256462 4.780 85755 
263.659117369726 -2.98143139182922 6.050 85783 
264.038919713055 -10.4053250428552 6.430 85786 
264.198626224325 -10.9745444391046 6.160 85839 
264.585820499957 -13.7840793734809 1.620 85927 Shaula
264.604814501946 -9.25634211854831 5.690 86011 
263.67438232017 12.0632797086182 5.540 86019 
264.278477368716 1.27732173179984 6.470 86060 
265.033368350453 -14.1008154972772 6.480 86098 
265.413384964294 -14.7124169736146 6.260 86246 
264.546001764292 7.93908560115651 3.540 86263 
264.556895043322 7.76689526180312 5.940 86266 
264.510152399867 12.4133989628182 5.740 86313 
265.070158302725 1.44013192405334 6.190 86352 
265.929002620858 -8.83797890262294 6.010 86527 
265.393501903186 10.4940963822591 4.240 86565 
266.476633693592 -13.5543092640848 5.530 86698 
266.411698803976 -9.66018213111125 6.440 86716 
266.297981713548 -4.49395903776616 6.400 86725 
266.149365575264 1.70512494460675 4.860 86736 
266.004551521474 9.87884470542375 6.360 86769 
267.381564297603 -14.6977456872308 6.410 87042 
267.241927353839 -4.41687953039603 4.530 87072 
266.970287875857 8.68529080363454 5.930 87074 
267.172294100618 0.935855559838839 6.180 87099 
267.425006556446 -3.55704169802002 6.310 87163 
267.673454889618 -8.28137787709249 4.790 87220 
267.917874506217 -13.6179482480156 3.190 87261 
268.372594081429 -11.3664910838774 5.880 87460 
268.388598618359 -10.9838869003021 5.840 87472 
268.487848643628 -10.680572754468 6.050 87516 
268.536466899096 -12.1895733954461 6.030 87532 
268.254442137342 12.5336053126016 6.170 87540 
268.601805435174 -11.2952277582998 6.140 87567 
268.617354940994 -11.4593728635244 5.580 87569 
268.724932670739 -11.3157744881853 6.000 87616 
268.737524163826 -11.3939785629716 6.410 87624 
268.835006512896 -11.0286488074384 6.100 87671 
268.843208467303 -1.44853183396299 6.180 87706 
268.995910208457 -13.0362028711893 6.050 87722 
269.030351082216 4.63809200383014 6.480 87782 
269.106247693885 7.62830516332923 5.930 87813 
269.269041667776 -4.62380637054753 5.760 87836 
269.703037799336 -5.31575375053884 5.990 88012 
269.779573722996 -13.4148980789883 5.740 88038 
269.753165368002 13.6698424330234 3.320 88048 
269.801652525713 -6.80949900921504 5.000 88060 
269.952559659165 -0.372458540875777 4.740 88116 
270.00032396432 3.10413499961196 6.220 88125 
270.332925077901 6.28641468125676 6.270 88258 
270.372765247774 -12.9347649968152 6.300 88294 
270.439433650907 0.66265790461442 5.720 88298 
270.649900766958 -0.840393566045418 5.370 88380 
270.882395970533 -0.920014078857088 5.890 88469 
271.003700870985 -12.4619751779065 5.980 88550 
271.097806651378 -6.14118766190694 4.660 88567 
271.261433782163 -6.98676707177413 2.980 88635 Nash
271.324883032596 -12.5834588053475 5.940 88694 
271.673855616233 1.98930073776739 6.220 88760 
271.875832876093 6.27681592725977 5.520 88816 
271.783357722985 -5.02592075788351 4.550 88839 
272.012260991823 1.97902635092767 6.420 88876 
272.391923772623 9.48906417833421 6.380 88981 
272.130973716131 -9.29444518019141 6.390 89010 
272.187382216295 -7.30415071987874 5.530 89020 
272.306586661754 -10.3782517223382 6.130 89086 
272.649722265521 3.57586334223856 6.330 89114 
272.683213599359 -0.284848301609513 4.960 89153 
273.213518096107 2.34646739843013 3.840 89341 
273.314365207563 1.68949114961993 5.490 89369 
273.561093162736 2.66839648891896 5.290 89439 
273.570350067891 3.00856696327495 5.960 89440 
273.686592412235 4.73248106324182 6.050 89470 
274.124687764753 6.00826236258627 5.810 89609 
273.842779038685 -4.90329560232346 6.360 89620 
273.833006720339 -5.26625731207189 6.180 89622 
274.411880228103 13.6184879962433 6.290 89623 
273.707674593243 -10.7202106414958 6.030 89637 
273.62775515405 -13.3734922290252 3.100 89642 
274.027220337646 -3.6620412981814 4.660 89678 
274.887315041915 7.5265639714974 5.390 89851 
274.277229215749 -14.1215982893077 6.460 89920 
274.580825474896 -6.46785500659262 2.720 89931 Kaus Meridionalis
275.073606290067 4.48956720764596 5.760 89968 
274.880465988828 -1.56272028823764 6.190 89980 
274.854621719238 -5.07894286888535 6.150 90012 
274.713226189064 -13.319446524002 5.330 90074 
275.819269221289 13.1084253250871 6.320 90083 
275.785971400926 11.3124777162283 5.710 90096 
274.854409615499 -12.8931867977015 5.520 90124 
276.032735945361 14.385496711061 4.660 90135 
275.078486747909 -11.0474227584908 1.790 90185 Kaus Australis
275.418908130889 -7.43051158621051 5.580 90260 
275.940174649768 2.7713924290727 4.810 90289 
275.25449259989 -12.6639378852278 6.140 90290 
275.463913256187 -10.6248338705288 6.300 90336 
276.204195264462 -3.34036450729483 6.310 90478 
276.071037326184 -6.51968798027892 5.900 90485 
276.680066584851 5.48146376671475 6.190 90494 
276.317087358355 -2.13125379010471 2.820 90496 Kaus Borealis
276.281741640643 -3.46666132316776 6.280 90510 
277.146155406945 8.69694856870493 4.670 90595 
277.287513634106 8.67352713258039 6.020 90651 
277.170016707201 4.52715194524337 5.630 90687 
276.606798637585 -9.72349440684535 5.370 90763 
277.903622271982 12.4325022282305 5.770 90804 
277.48208808779 4.83704790240812 5.120 90806 
277.910750463423 8.57760160345293 6.360 90884 
277.990194964705 8.35136940327628 5.470 90913 
278.217241969554 8.35038142624313 5.740 90991 
277.734472814702 -0.815840631138494 5.490 91004 
277.217322560282 -9.78539310968197 5.280 91014 
278.798672692434 12.1992728638463 5.120 91105 
279.016683906917 14.9244901349789 3.850 91117 
278.263402102315 2.35001034371798 6.490 91132 
277.859366382683 -6.50063709456154 6.360 91172 
278.822315142581 1.7561456849892 5.930 91347 
279.352762324251 9.13034152290575 6.490 91369 
278.822603706229 -0.355649937796969 5.780 91405 
279.073985713899 2.08602987262975 5.850 91438 
280.201824996425 8.51087436715753 6.400 91677 
279.564699851241 -0.736601125824182 6.220 91689 
280.758406433993 13.9972416869962 4.700 91726 
280.143351019382 3.78240013718345 6.320 91781 
281.136981709493 14.748746122566 4.880 91845 
279.081778609328 -13.6219010970384 6.310 91901 
279.207640599432 -12.5518682212556 4.860 91918 
280.150090011409 -1.96130413821237 5.820 91974 
280.572956719388 2.02719702575638 6.350 92016 
280.18128188715 -3.94968039103165 3.170 92041 
280.848797187756 3.40502148545723 6.340 92079 
280.702165465676 0.622029040529853 5.370 92111 
281.795200829713 12.8415623398523 5.690 92136 
281.577329937262 4.35390628862591 6.460 92301 
281.645160498205 2.61837907513152 5.220 92390 
282.438658159914 9.32763418749334 6.480 92456 
281.758428870613 0.764079889756621 6.290 92480 
282.896994514819 13.1007574117467 5.820 92488 
281.728668270247 -3.73970958393938 6.280 92635 
281.512021405908 -6.4602615150075 6.120 92643 
283.433675895949 13.2519389417795 6.270 92674 
282.561678244041 1.49695133571152 5.680 92747 
282.471604807116 0.114344849219273 4.860 92761 
283.273193824344 7.21244022064243 5.080 92814 
282.696476716052 0.166954001426933 5.000 92845 
282.385263938099 -3.44522670123305 2.050 92855 Nunki
281.327757426758 -14.485999222996 6.480 92866 
283.391161651373 6.42406408513019 5.560 92882 
282.852998257084 -0.352795374956061 5.910 92931 
282.121294264877 -8.83740185448998 6.450 92972 
281.594054942267 -14.4681946900934 5.360 92989 
283.405317353933 2.12259066011489 5.020 93057 
283.451169635764 1.66551070433528 3.520 93085 
282.595407080859 -8.22806872085661 6.090 93134 
283.467157587913 0.233937444386163 6.140 93140 
282.037684886438 -14.2752655512141 4.830 93174 
284.690894402331 9.84895137609752 5.510 93225 
284.109501666766 4.15214991407718 6.370 93234 
283.676298010709 -2.21283048599377 6.350 93315 
282.523255458685 -14.2794027947364 6.440 93371 
284.958970163392 7.36531815826569 6.310 93418 
284.188125960409 -0.00748096797865978 6.250 93423 
284.148489686433 -2.16698882975128 5.630 93498 
283.63823027527 -7.17463738203481 2.600 93506 
284.890400381737 3.38659322439357 5.960 93537 
284.918400170537 3.52705402054838 6.370 93543 
283.899167880651 -8.37729355629407 5.490 93667 
284.99406453737 0.864262753075923 3.760 93683 
285.913333808082 6.88052870724903 5.930 93763 
283.616930529224 -14.4015303247599 4.230 93825 
286.132150713564 6.28293555548349 6.000 93855 
284.834178131098 -5.08461041746979 3.320 93864 
285.906422419331 3.78330576959132 6.280 93887 
284.848184572057 -6.05912996202162 6.050 93925 
285.474927426858 -2.1257205009402 6.300 93993 
286.110271705858 3.20365851064561 5.560 93996 
286.2518342027 1.44129093215236 2.880 94141 Albaldah
286.406517506723 2.65144947636069 6.110 94144 
285.573801439827 -7.01758381335664 6.280 94272 
286.799655616082 0.734741483011832 6.390 94372 
288.588746202677 14.3391386790745 5.350 94385 
286.443535722658 -3.50229687959637 5.790 94434 
288.167282754224 10.0132901609632 5.510 94437 
287.044344027299 -2.92372888583082 4.860 94643 
287.186319991202 -1.85577408646736 6.250 94645 
288.348649601268 3.26278596626531 4.880 94820 
289.13231504194 6.60470726555801 6.090 94929 
286.561083982614 -13.1160075474006 5.590 94986 
288.579462448031 -0.249937994123236 5.590 95077 
287.003833343577 -12.7349237242145 6.480 95149 
289.244210831976 2.8561772150296 6.250 95159 
289.45016982719 4.22817181573192 3.920 95168 
289.727980288695 6.10005963869911 4.520 95176 
289.427196480278 3.76566477574429 5.840 95188 
291.299437210108 14.5203162012185 6.310 95281 
288.678212787837 -5.78204737612342 6.030 95408 
288.591260487113 -7.22819086137662 5.910 95456 
289.336166972023 -2.48487177069696 5.020 95477 
290.899558891047 8.0113906602996 5.720 95485 
289.464929918672 -1.95177264118628 5.450 95503 
290.927544225875 6.83851457502157 5.710 95557 
289.971426718038 0.182990327117393 5.570 95564 
288.933565379066 -7.71728892288583 5.660 95619 
292.946451492392 14.6374658697993 6.370 95820 
289.992451848088 -5.08818742497155 5.460 95865 
291.094421861518 0.48236444724252 6.110 95965 
293.811905243393 10.9387409691856 5.120 96327 
294.428387004416 13.9813299862367 6.320 96356 
293.638378990742 9.25131632184223 6.270 96365 
291.721604917739 -3.06792034959842 5.640 96406 
292.767064840652 2.7051810461736 6.130 96440 
291.847213952704 -3.25535733033224 4.590 96465 
294.854577966135 14.3502327288018 4.930 96483 
293.014153246278 3.2946803625386 5.660 96496 
293.786910312131 7.14986885858949 5.460 96536 
292.790490497888 -1.93726613149979 6.330 96729 
292.857019646195 -1.95001687932065 5.970 96760 
294.203879442357 5.0592323648132 5.300 96808 
295.76390032151 11.9969427190814 6.310 96917 
294.659436011401 5.15212236887304 5.060 96950 
295.021005669035 5.7526238890322 5.490 97063 
292.664036393928 -10.5270924856762 5.510 97260 
294.921778504275 1.41108616684756 4.870 97290 
296.41441144999 7.2969392631857 6.110 97423 
296.860298252063 8.6226989035866 6.470 97484 
297.180095135318 10.037423182387 6.000 97499 
293.921528495984 -7.58455401121243 6.040 97515 
297.627457941715 10.0630029033501 5.380 97650 
296.406550128438 1.8637065718502 5.880 97783 
297.458698661185 6.18521774761583 6.470 97849 
298.881395162979 12.0538750550283 5.760 97928 
295.960835374522 -3.03634842447827 6.220 97944 
299.072066903627 12.3705578426189 5.700 97966 
299.07181460881 12.3606562519385 6.490 97967 
294.36022348216 -12.0041581970568 6.470 98012 
299.547094084068 13.800031820335 6.490 98038 
295.850493226248 -5.41796495801558 4.700 98066 
295.924282562687 -6.31985772625324 4.540 98162 
298.439411060131 5.08782952683779 5.010 98258 
295.683356871919 -9.7080933459119 6.270 98351 
296.558753521462 -5.4530125909396 4.840 98353 
294.869543477602 -14.3817130900923 4.370 98412 
299.99524493036 10.4210259446672 5.870 98416 
295.016377226202 -13.8204760191 5.300 98421 
295.32563213643 -12.867534202638 5.650 98470 
297.797044569936 -2.1752144018214 6.010 98575 
299.771721531515 6.70989140337043 5.690 98633 
297.065578481952 -7.10229336912159 4.430 98688 
298.355026919719 -2.14603833226966 6.440 98785 
296.512654731273 -11.4294950252862 4.990 98842 
300.945301957027 8.5474612004218 6.380 98910 
302.109161078255 9.87097911740699 6.180 99221 
303.026281961874 10.9204208681 6.390 99457 
302.432614071566 7.41358817809366 6.340 99529 
302.494910238143 7.16905587761434 5.840 99572 
299.971562761178 -7.04078852489728 5.730 99825 
299.417403055147 -9.96467691077971 6.300 99878 
303.504965573023 7.2285308781741 6.300 99918 
303.76992411185 6.99200447340079 4.300 100027 
301.755226992143 -2.09025794837807 5.860 100062 
303.858876487097 6.93382243623739 3.580 100064 
302.677273354609 0.458639413765275 5.280 100195 
304.433437288646 6.57960519543063 4.770 100310 
303.991224908522 4.60198530934553 6.090 100325 
304.047600871763 4.59231426900843 3.050 100345 
305.730198181118 9.46414286879184 6.290 100524 
301.797929522707 -9.14566973588303 5.860 100738 
304.714450035081 0.903137243903627 5.080 100881 
305.633500455026 3.22080920137535 6.410 101011 
305.16537758154 1.20184964278988 4.770 101027 
304.211695612748 -3.27837158807726 6.130 101090 
305.218927270986 0.395598201827843 5.940 101123 
302.871162932116 -9.87415907789055 6.350 101211 
306.349417138953 3.74860291060624 6.100 101221 
307.952819490671 8.71189140726432 5.660 101345 
304.331414081321 -5.94072464958896 6.350 101384 
307.414484142628 4.85605321319605 6.110 101507 
303.345729321423 -11.4003975406537 6.420 101552 
307.028223959547 2.05905820791192 6.190 101608 
305.391931433015 -6.38495333311106 6.380 101808 
310.866540331306 13.0502729782075 6.460 101911 
308.29588345142 3.35231214042685 5.240 101923 
307.662248071835 0.226471087542713 5.150 101984 
306.249448114012 -5.22935596156162 6.360 101997 
303.723775381357 -14.5621866945717 5.470 102014 
308.292325582987 2.14355217084453 5.790 102026 
304.445426550707 -12.8531811895467 5.750 102092 
305.9371542313 -7.45063760055778 6.290 102094 
306.43694423773 -8.87816864197031 6.500 102414 
307.158645209344 -7.02509175810824 4.130 102485 
308.174018576086 -3.40677827908499 5.910 102487 
313.512393194505 14.8719470135912 6.280 102561 
311.723609512793 8.08382183450384 3.780 102618 
312.96560558501 12.3815913477234 4.430 102624 
307.721554531286 -7.71012797846685 5.860 102772 
309.82058535486 -0.252734897723642 6.200 102780 
311.614797029505 4.94778843166255 5.870 102891 
306.291805223551 -13.8331036154169 6.420 102901 
313.701119691481 11.5536279194169 5.990 102945 
307.959037578804 -8.95924757067822 4.120 102978 
306.216965433998 -14.9819578068311 6.060 102989 
313.90960622246 11.619251568833 5.550 103005 
313.058524653655 8.24319869497313 4.730 103045 
309.088949941067 -6.01773191600349 6.320 103071 
312.44681713037 5.7226922548971 6.380 103077 
307.228383150314 -12.7070108892301 6.350 103103 
313.963205085914 10.1650458207375 6.440 103154 
308.171862843112 -10.0664804167086 6.410 103168 
311.0996397962 -0.496062153492565 5.780 103226 
309.213343548851 -8.66907879853536 5.700 103389 
313.874343673827 7.26643414981716 5.490 103401 
312.284797308239 1.13091274469599 5.890 103460 
312.953739743533 2.54904081607323 5.950 103545 
311.885154316611 -1.88128056702905 6.260 103616 
316.187342803202 11.7717939026595 6.210 103682 
312.596148436659 -0.522082205041872 6.070 103703 
308.430739640875 -14.6618710277658 4.670 103738 
310.123246491722 -9.54491034747108 6.040 103777 
310.179496069634 -10.4500491022821 6.250 103902 
316.718311605309 10.4724355597052 5.530 103981 
312.738671106377 -2.98879378637326 4.820 104019 
313.843846013024 -0.582743388684388 4.080 104139 
310.071953646136 -12.921168249147 5.690 104148 
311.843615944591 -8.10091336266026 4.490 104234 
314.189914069247 -0.920479385392083 6.180 104297 
313.283045646605 -4.55195763358425 5.300 104365 
313.691845458881 -4.01064420341661 6.250 104452 
316.396955006917 4.76778239678233 4.500 104459 
317.275722158159 6.60940691064394 6.270 104557 
315.97059858708 1.65433324268172 6.470 104634 
312.391044920801 -11.006856981612 5.410 104750 
315.901795302814 -1.33305453206869 6.050 104914 
315.026202997273 -4.52429971039842 5.170 104963 
316.698985502489 0.694911614680676 5.310 104974 
318.624095883419 6.33520058900053 6.450 105019 
321.073027609108 13.550665519305 6.480 105046 
317.610484360489 2.39189474884102 6.410 105079 
316.355511485854 -2.14732375887168 5.400 105143 
320.524160663354 10.6635557725789 5.830 105164 
313.234412129598 -12.477576283326 6.400 105228 
321.207322042035 10.4021464716906 5.870 105412 
317.682090777495 -1.36383808979465 4.280 105515 
320.160630210439 5.7340726334268 5.990 105574 
316.046832759234 -6.96881259458384 5.630 105576 
315.451144366029 -9.44171391797533 6.470 105646 
316.270583390042 -7.1236210274425 6.380 105662 
316.870052227587 -5.32449976729771 5.380 105665 
319.349534613966 2.25484590933227 5.480 105668 
322.491807177884 11.2089276223297 6.380 105729 
320.563298727517 5.15149062131615 5.710 105761 
322.542412749007 11.0254108356941 5.480 105767 
324.022317733628 14.8566525710069 6.450 105819 
316.936501627638 -6.98793692846649 3.770 105881 
317.449518745446 -5.87673770900406 5.780 105928 
317.583492041113 -6.56481604119506 4.500 106039 
323.39561630601 8.61763237251041 2.900 106278 Sadalsuud
317.527869105379 -9.48339638609534 6.430 106363 
319.499714957926 -5.38878983046518 5.700 106559 
316.322316162886 -14.4780508510832 6.420 106564 
318.493521262858 -8.60893333581464 6.390 106590 
324.80782040907 9.81927127725224 5.790 106592 
317.792408338069 -11.2451441040173 5.730 106654 
320.19874775607 -4.97319905384854 4.510 106723 
326.559513622451 13.0257926924195 6.220 106758 
324.118890959565 5.96027759614852 4.680 106786 
323.63130247417 3.24802306044378 6.070 106938 
321.790614428799 -2.55455994630246 3.690 106985 
322.977493508272 -0.198229116005146 5.160 107095 
320.036779162182 -8.93646927476404 5.240 107128 
328.253729923393 14.218709423674 5.660 107144 
321.644892863857 -4.83713191391885 4.720 107188 
323.211165702027 -0.652156135444427 5.880 107232 
321.521573731135 -5.59364657242291 6.230 107238 
323.311381204966 -1.05744962316248 5.960 107302 
325.414255855257 4.21104068720047 5.100 107382 
325.645452888229 3.92464262581831 6.000 107487 
325.010649896138 1.93202950526666 5.570 107517 
323.542375618578 -2.59905415974916 2.850 107556 
327.093905080124 6.97747295491777 6.170 107596 
325.283378037841 0.39596771941892 6.310 107750 
324.020207206215 -3.53010881196332 6.380 107797 
323.750986312244 -5.32270813514236 6.190 107901 
325.832148648727 -0.680782501798944 5.080 108036 
329.199275348745 7.96868559162919 5.710 108102 
329.638389064094 8.84790580806469 6.240 108144 
329.755679652252 6.54312388099089 6.330 108453 
324.431572950266 -8.29431705404796 6.060 108494 
330.285789303611 7.470171634863 6.240 108506 
332.566748384564 11.944513765184 5.600 108691 
326.351198347652 -5.50306824071267 6.280 108784 
326.732922093624 -4.64298269598236 6.390 108797 
330.557228401954 5.07793093805012 5.550 108868 
332.107919440006 9.16504866221431 4.740 108874 
323.683745106721 -14.0447951005387 5.970 108975 
332.905435710882 10.2033882654786 5.290 108991 
333.353208511737 10.6635446681375 2.950 109074 Sadalmelik
328.719803744813 -2.07872471938587 4.290 109139 
327.650849953105 -6.64595858849638 5.800 109332 
325.903191528396 -11.4886494770051 6.360 109375 
333.146307502959 6.9171783328559 6.280 109442 
333.062223348965 6.55010428111837 5.980 109466 
330.486897891438 -0.280540433739262 5.430 109472 
327.130402239465 -9.35327427690255 6.100 109509 
329.966493716143 -2.89483934066626 6.040 109624 
333.407597123514 5.93347470185712 6.390 109647 
325.661951476478 -14.2611110102197 6.190 109667 
326.262968222749 -13.25830950561 5.580 109737 
327.907172356374 -9.47924992315029 5.330 109786 
335.438818558724 8.50541533162401 6.160 109984 
326.614462535466 -14.164415895279 6.140 109990 
331.446688555994 -2.00120122684543 5.340 110000 
333.263655014148 2.70883730040383 4.170 110003 
332.822550246825 1.53185087857761 5.800 110009 
327.735246665225 -11.6306560829553 6.170 110018 
334.189908858315 4.92062920843249 5.750 110023 
336.294677699254 9.6343137436205 6.390 110091 
331.779415908421 -2.63665398586644 5.960 110179 
334.028364316553 2.37368404858789 5.350 110273 
329.31904599714 -10.5860214949636 5.120 110391 
336.714627411575 8.23690140923034 3.860 110395 
328.538232950854 -13.6885927845651 5.530 110529 
335.02733011332 2.65813436247096 5.920 110532 
336.021908306965 4.80130180007196 5.790 110578 
332.932389109838 -3.32496876730445 5.760 110602 
338.598814483701 10.4745553661281 4.800 110672 
329.532317457962 -12.9140339751045 6.290 110746 
332.230259841846 -6.502129282752 5.550 110778 
340.066199781453 13.1482809937081 5.760 110785 
340.475871335983 13.3123808096366 4.780 110882 
338.910293952571 8.84728229578194 3.650 110960 
340.873171858806 12.8700960049914 5.510 111062 
334.42202478805 -3.25027503859744 6.410 111066 
333.864542922774 -4.82693744917582 6.360 111086 
335.387859784346 -1.22622455759439 4.820 111123 
337.057934068577 2.54685956404018 6.150 111170 
338.408624123326 5.9327080999686 6.150 111171 
335.541870346126 -1.53207938507483 6.390 111200 
339.548504902635 6.91941553587797 5.880 111394 
332.541603832973 -10.898908565614 5.210 111449 
340.403703209652 8.14835123765764 4.040 111497 
331.464075351457 -14.0158063294919 5.970 111515 
334.028467089429 -7.98903590963885 6.390 111539 
339.416528433792 4.11188694228001 5.040 111710 
338.187585973403 0.650494184219039 6.230 111761 
340.375259430639 4.45247441878716 6.320 111965 
340.094147737706 2.89620167745859 6.280 112078 
339.108624210852 -0.167558010626938 6.450 112168 
339.65681850875 1.06531823505905 6.400 112179 
335.234521784202 -9.9558074674307 4.680 112211 
335.808271277365 -11.0378557666995 5.240 112529 
337.993927741329 -5.91816778247508 5.680 112542 
339.505944439963 -2.75250909238634 6.190 112615 
338.595324924362 -5.66291759124957 4.050 112716 
341.576115783154 -0.385247982573999 3.730 112961 
340.232046124285 -4.19825688466538 5.800 113031 
337.430854469341 -11.2310306015703 6.370 113080 
342.166954362418 -0.223306488026138 6.200 113127 
338.872876401104 -8.18975635409962 3.270 113136 
338.720998714777 -8.61592535298937 5.530 113148 
345.439371887287 7.37570860199339 6.110 113167 
343.154812061856 1.76706609566125 5.720 113184 
348.570602858677 14.4923982144683 4.910 113186 
337.360220813066 -12.2489247822648 6.360 113204 
343.707286361378 1.73075872709692 6.310 113345 
347.108447664752 9.66040676225649 6.280 113360 
344.859410969086 3.8674878602261 6.170 113421 
345.270708815977 4.76387512099258 6.380 113433 
349.577998319436 14.6611641544557 6.430 113445 
348.787352661143 12.7960799852006 6.350 113465 
346.43755080249 6.85073737263229 5.430 113521 
341.055543390111 -6.11491912130443 6.120 113531 
346.407523324682 6.02061984260287 6.220 113610 
347.53181278299 8.61736297540946 5.850 113622 
343.785788936995 -0.739892467644196 6.230 113674 
344.721278183863 1.41583571202607 5.940 113686 
347.971638994929 8.99719261391223 6.440 113705 
344.236565422185 -0.40015527387504 6.180 113781 
338.660751668954 -13.5876901422338 5.970 113801 
348.586084021869 9.05394971611603 4.480 113889 
349.733236841424 11.612663800858 6.420 113904 
344.403967884347 -1.68408616397539 5.440 113996 
340.740379962949 -10.3349917112881 6.150 113998 
347.925841677138 6.60196946870055 6.390 114005 
351.565691504382 13.8833687271666 4.540 114144 
349.033371630026 7.02753569234825 5.420 114273 
340.016683309301 -14.488718622167 3.680 114341 
351.852155408197 12.9637266244002 5.050 114347 
342.796845182414 -8.40829233481722 6.430 114371 
352.43858076802 13.9641392460526 5.390 114389 
352.384015534573 12.7851702254255 5.150 114520 
353.748157338244 14.7649866739427 5.850 114641 
347.138480919324 -1.05141527053444 4.220 114724 
345.401406737814 -5.35579782374771 6.130 114750 
348.420935418568 1.1775092049763 5.560 114822 
346.308329575755 -4.00054649693212 4.240 114855 
347.060323969896 -2.84056259818399 4.930 114939 
351.453769823745 7.25776506315118 3.700 114971 
345.676917058902 -6.58652012363085 6.330 115015 
346.72920372802 -4.28234975319272 4.410 115033 
346.801256510683 -4.77861740044477 4.990 115115 
345.308359236237 -8.32938541216626 5.200 115126 
348.662778531974 -0.694051119041279 5.560 115142 
343.503161986846 -12.592042894039 5.960 115144 
353.02673276278 8.8726547109657 5.050 115227 
348.649138465479 -1.53999619824408 6.170 115257 
345.470099336053 -10.1209883467915 5.190 115404 
343.455684439796 -14.7852347535044 3.960 115438 
356.502530440054 14.952312435253 5.090 115444 
351.739476745138 3.88204536879301 6.330 115476 
344.304152125912 -13.6047008734348 6.180 115528 
352.903856992586 4.43305180482879 4.950 115738 
352.923493193723 4.27987155988665 6.260 115768 
355.18972919336 9.03362579506268 4.270 115830 
348.14277578465 -7.35403240930235 6.370 115839 
349.224294602988 -5.43962481937997 6.200 115906 
358.092457802676 14.7563543507006 4.540 115919 
352.278954339268 1.38516034051188 6.350 115945 
351.217185888283 -1.14254482061654 6.260 115953 
350.863417020329 -2.90114740142703 6.390 116060 
351.848935875546 -0.929149309323569 6.500 116106 
353.133979539121 1.78561763552886 6.390 116146 
353.573252959017 1.42066108836237 5.910 116323 
348.124351332238 -11.4886268476353 5.950 116368 
354.892708710201 3.6409683631427 6.470 116422 
351.427929105099 -4.42511490811393 6.400 116428 
355.41606355151 4.27497501994543 5.680 116495 
349.660197083461 -9.76470436476868 5.660 116591 
348.913826939561 -11.6652085806434 6.380 116624 
349.664855468759 -11.0361700709648 4.970 116758 
359.284086603084 10.8678631235387 5.990 116768 
357.645229598608 7.15414384529909 4.130 116771 
351.012273769422 -8.8433249988994 5.890 116853 
348.48011729473 -14.6869961702591 5.360 116889 
348.611562374393 -14.5133269343156 4.820 116901 
358.759557738271 8.44441915443669 5.890 116918 
356.588374265436 3.41784366469107 4.490 116928 
349.762487445698 -12.4192160414647 5.270 116957 
350.195365853753 -11.6190379142213 4.490 116971 
0.346073130105078 11.1226733493048 5.090 117020 
358.267057496644 4.55197693970381 4.950 117245 
352.306963134345 -9.6562720729544 5.740 117314 
356.136675153488 -1.33544629611122 5.490 117375 
354.831505895563 -4.71478935662569 6.090 117420 
358.317296824763 3.14312387901716 6.470 117445 
358.009776431412 2.03564668141983 5.770 117491 
351.182994177849 -13.4893984868518 6.210 117494 
353.773559577283 -8.17712058593108 5.930 117541 
352.025904312498 -12.2576051130249 5.700 117567 
1.75640166885895 9.39744662498632 5.770 117628 
359.323687470338 3.48753750411936 5.590 117683 
352.528963948276 -12.3120462096552 5.850 117722 
2.71575963543284 10.766587802789 5.300 117730 
354.761550793566 -7.53888201015324 5.760 117756 
357.122137598407 -2.19166408907162 5.930 117761 
359.244708078143 2.60630338841766 6.290 117774 
358.845499878233 0.619735209172392 5.780 117887 
1.7104705497938 6.96866091641372 6.220 117927 
5.25451361377241 14.3510312945632 6.450 117986 
353.183831049439 -14.3465537697329 6.280 118178 
358.279562803062 -3.13017195743208 4.880 118209 
2.58403283073683 6.36277531573221 4.030 118268 
6.66822388806801 -6.79455572332674 6.400 0 
39.430347129326 -11.9966829560544 6.300 0 
77.5298556118676 -4.22957403873432 5.700 0 
110.242063016639 10.0942445258512 2.850 0 
190.138787140264 2.79017101163357 3.520 0 
202.65670544223 -12.7243818737964 6.400 0 
241.305481192236 9.23534749422697 4.840 0 
241.305481192236 9.23534749422697 5.000 0 
257.966950229003 7.19985951274389 3.400 0 
260.011450735588 -3.545875323029 5.070 0 
283.615250856768 -14.4026501119914 5.000 0 
312.739824013076 -2.98981738411964 6.500 0 
332.23175396248 -6.50302362804579 6.210 0 
