####018003593####
SNVD15 KWNB 221400 RRB
BBXX
41012 22141 99300 70805 46/// /1603 10276 40185 53010 91350 22200
00284 10802 20401 310// 40802 70011 333 91204 555 11030 22031
31255 41510 61349 156030 153032 163032 150044 143069 146075=
41001 22141 99347 70727 46/// /1706 10272 20222 40230 51010 91350
22200 00274 11102 20502 3//// 41102 70012 333 91207 555 11066
22070 31335 41808 61349 174062 180064 181062 179058 177062 179063=
41049 22141 99275 70630 46/// /0908 10276 20235 40230 51009 91350
22200 00272 10804 20703 300// 40802 70018 333 91209 555 11084
22090 31318 40910 61349 085078 086077 090078 085074 088075 087076
80808 91317=
42363 22141 99282 70892 46/// /1806 10250 20206 40166 91345 333
91206=
42364 22141 99291 70881 46/// /1412 10250 20217 40173 91345=
42020 22141 99270 70967 46/// /0402 10284 20214 40158 53013 91350
22200 00291 10501 20401 309// 40501 70007 333 91203 555 11019
22019 31253 40703 61349 043018 033017 033017 072018 067020 070022=
42065 22141 99149 70751 46/// /0808 10293 20254 91350 22200 10603
20603 70014 333 91209 555 11082 22088 31341 40709 61349 077077
078072 082075 083072 081076 080073 80808 91346=
41044 22141 99217 70587 46/// /1108 10284 20239 40206 51016 91350
22200 00283 10805 20704 300// 40803 70025 333 91210 555 11090
22096 31318 41111 61349 106084 106093 108095 107093 110088 104089
81110 91318=
42058 22141 99149 70749 46/// /0808 10295 20246 40133 51016 91350
22200 00294 10603 20603 70013 333 91209 555 11084 22089 31330
40810 61349 076078 078076 077076 080075 079072 078070 80808 91330=
41048 22141 99320 70696 46/// /1008 10273 20236 40232 52005 91350
22200 00277 11103 20402 3//// 41102 70014 333 91210 555 11081
22086 31257 40912 61349 104080 100076 099080 089078 087083 087087
80911 91257=
42056 22141 99198 70849 46/// /1506 10297 20234 40149 51024 91350
22200 00301 10601 20601 70005 333 91207 555 11064 22067 31334
41607 61349 152060 153057 149057 146056 153052 154053 81507 91341=
44005 22141 99432 70691 46/// /1903 10169 91350 22200 00149 10401
20401 3//// 40801 70007 333 91204 555 11039 22046 31316 42006
61349 193034 198036 194042 197042 195042 188048=
42001 22141 99259 70897 46/// /1107 10282 20247 40156 51017 91350
22200 00288 10502 20502 70009 333 91209 555 11077 22081 31256
41209 61349 114072 121066 128066 129069 125072 116073=
42057 22141 99170 70815 46/// /0807 10292 20255 40141 51014 91350
22200 00297 10301 20301 70005 333 91208 555 11072 22076 31345
40708 61349 076068 076067 073059 076058 079059 078057 80707 91345=
42035 22141 99292 70944 46/// /0206 10256 20233 40167 53014 91350
22200 00275 1//00 70002 333 91207 555 11066 22069 31300 40207
61349 023062 022059 021056 022052 016060 031044=
42060 22141 99163 70635 46/// /0709 10288 20249 40164 51015 91350
22200 00293 10503 20503 300// 40801 70014 333 91210 555 11091
22096 31309 40512 61349 066084 064085 062071 059087 064087 063076
80511 91309=
42003 22141 99260 70856 46/// /0708 10263 40146 50000 91350 22200
00293 10502 20502 70012 333 91210 555 11085 22089 31307 40615
61349 073082 072091 069112 065123 064115 057104 80613 91312=
42055 22141 99222 70940 46/// /3002 10293 20232 40148 51017 91350
22200 00295 10401 20401 307// 40601 70004 333 91202 555 11020
22020 31338 43103 61349 300018 304022 313017 329015 321018 333016
83203 91338=
41047 22141 99275 70715 46/// /0909 10272 20258 40210 51013 91350
22200 00289 10703 20602 310// 40702 70015 333 91212 555 11087
22091 31308 41015 61349 094088 096088 100089 104114 097109 093081
81014 91308=
####018000233####
SNVD20 KWNB 221400 RRD
BBXX
41013 22141 99334 70777 46/// /0503 10250 20233 40204 51013 91350
22200 00267 10502 20401 313// 40502 70009 333 91204 555 11033
22034 31306 41705 61349 044032 032023 022017 181010 162030 128013=
####018000599####
SNVD15 KWNB 221400 RRC
BBXX
42036 22141 99285 70845 46/// /1303 10271 20237 40165 53015 91350
22200 00283 10402 20401 309// 40401 70008 333 91205 555 11032
22033 31327 41008 61349 128034 112049 101058 111046 107035 087040=
41036 22141 99342 70770 46/// /2105 10275 20237 40208 91350 22200
00272 10502 20401 314// 40502 70010 333 91205 555 11048 22052
61349 207045 206040 203027 208025 209030 211033=
42012 22141 99301 70876 46/// /0706 10266 20246 40170 52008 91350
22200 00278 333 91207 555 11062 22065 31349 40707 61349 068059
055054 065055 073059 071058 070054 80706 91307=
####018001804####
SNVD17 KWNB 221400
BBXX
32012 22141 99197 50856 46/// ///// 1//// 91350 22200 10604 70018=
46081 22141 99608 71483 46/// /3607 10082 20077 49880 51019 91350
22200 00092 10301 20301 70004 333 91209 555 11076 22080 31330
43510 61349 002072 002070 001080 357073 347061 356069 83509 91330=
46006 22141 99408 71375 46/// /2011 10210 40086 57017 91350 22200
00200 11107 20803 3//// 41106 70033 333 91214 555 11120 22129
31347 42014 61349 196111 196106 197103 198099 200097 201103=
46002 22141 99426 71305 46/// ///09 10195 40128 56006 91350 22200
00188 11407 20503 3//// 41406 70033 333 91212 555 11100 22108=
46084 22141 99566 71361 46/// /2008 10106 20075 40004 53010 91350
22200 00119 11007 20704 300// 41006 70035 333 91210 555 11084
22088 31325 42014 61349 201080 203092 204096 192094 191095 191101=
46078 22141 99561 71526 46/// /2806 10104 20058 49851 52007 91350
333 91207 555 11061 22065 31310 42708 61349 275057 280058 277059
277063 277064 279064 82807 91251=
46059 22141 99380 71300 46/// /2705 10200 40188 55000 91350 22200
00195 11507 20401 3//// 41507 70033 333 91206 555 11051 22056
31344 42806 61349 269045 259039 254030 269036 261037 257039=
46075 22141 99539 71608 46/// /3011 10077 20050 49915 52003 91350
22200 00085 10805 20805 70027 333 91214 555 11115 22122 31306
43114 61349 304107 305109 302109 302107 303108 297107 83112 91307=
46005 22141 99461 71310 46/// /1603 10155 40089 56020 91350 22200
00169 11307 20401 3//// 41307 70037 333 91205 555 11035 22036
31348 41505 61349 172033 308029 314029 315029 324028 308026=
46080 22141 99580 71500 46/// /1606 10099 20084 49847 53009 91350
22200 00100 11204 20502 3//// 41204 70022 333 91207 555 11061
22064 31343 41707 61349 164056 166053 163051 165046 161041 160049
81606 91344=
####018000418####
SNVD19 KWNB 221400 RRA
BBXX
46070 22141 99551 11753 46/// /3307 10095 20039 40110 53012 91350
22200 00111 11405 20603 3//// 41403 70023 333 91208 555 11073
22076 31251 43309 61349 334069 335064 331067 335074 330072 328074
83308 91251=
46078 22141 99561 71526 46/// /2806 10104 20058 49851 52007 91350
333 91207 555 11061 22065 31310 42708 61349 275057 280058 277059
277063 277064 279064 82807 91251=
####018000169####
SNVD01 PANC 221300 RRH
BBXX
9HXC9 22133 99367 10153
41898 32206 10250 20222 40150 54000 7//11 83//1
22254 04220 20201 3//// 4//// 5//// 6//// 80230 ICE /////=
####018000582####
SNVD01 PANC 221400 RRB
BBXX
WNGW 22144 99592 71520
41/// 81010 10100 2//// 49835 52015 75152 8////
222// 02100 2//// 3//// 4//// 5//// 6//// 8//// ICE /////=
NWS0022 22144 99377 70714
43/// /2612 10272 20238 40223 5//// 7//// 8////
222// 04291 2//// 3//// 4//// 5//// 6//// 8//// ICE /////=
NWS0001 22144 99569 71644
43/// /3032 10063 20037 49899 5//// 7//// 8////
222// 04076 2//// 3//// 4//// 5//// 6//// 8//// ICE /////=
KNBD 22144 99421 70667
41397 81613 10183 20178 40242 56003 70222 888//
22282 00174 20302 3//// 4//// 5//// 6//// 80180 ICE /////=
####018000284####
SMVA01 KWBC 221200 RRG
BBXX
VRBL4 22123 99051 70264 41298 62110 10270 2024/ 40159 52009 70310
 84298 22253 00290 20301 3//// 40401 5//// 6//// 80250 ICE /////=
TBWUK12 22124 99227 30587 414// 20514 10230 20183 40106 57015
 7//// 822// 22253 00/// 2//// 319// 41402 80200=
####018000235####
SMVB01 KWBC 221200 RRI
BBXX
SHIP 22124 99139 11189 41297 71919 10260 20248 40088 52001 75005
 86647 22244 00294 2//// 80252=
DCQR2 22123 99266 11321 41/98 /3415 10245 20194 40090 5//// 702//
 8//// 22284 04260 299// 80210=
####018000758####
SNVD45 KWNB 221400 RRC
BBXX
45005 22141 99417 70824 46/// /2101 10185 39975 40182 51010 91350
22200 00197 1//00 70001 333 91202 555 11014 22015 31258 42503
61349 207014 207017 202017 215018 235025 247026=
45001 22141 99481 70878 46/// /3505 10089 39925 40147 53020 91350
22200 00124 333 91207 555 11054 22056 61349 348051 351050 351055
343058 346059 345056=
45007 22141 99427 70870 46/// /2607 10142 20100 39962 40174 51017
91350 22200 00181 10401 20401 70007 333 91208 555 11068 22071
31251 42709 61349 261066 260066 263063 266063 272065 269069=
45003 22141 99454 70828 46/// /2205 10145 39940 40154 53018 91350
22200 00142 10501 20501 70006 333 91206 555 11057 22062 31339
42207 61349 220053 231054 234050 239048 241044 248040=
####018000220####
SMVD80 KWBC 221200 RRH
BBXX
45027 22121 99469 70919 46/// /3102 10063 20031 39972 40197 91230
 22200 00084 333 91203=
45027 22121 99469 70919 46/// /3102 10063 20031 39972 40196 91220
 22200 00084 333 91203=
####018002923####
SNVD22 KWNB 221400 RRF
BBXX
46053 22141 99342 71198 46/// /0000 10141 40130 53003 91350 22200
00166 333 91202 555 11003 22003 31337 42203 61349 313004 208016
256008 273006 285009 273012=
46014 22141 99394 71240 46/// /3408 10129 40149 53006 91350 22200
00116 11508 20703 3//// 41507 70039 333 91210 555 11088 22096
31302 43310 61349 342080 344075 349072 347081 345083 343084=
46011 22141 99350 71210 46/// /3303 10141 40137 54000 91350 22200
00168 11704 20301 330// 41704 70020 333 91205 555 11034 22035
31313 43406 61349 336034 331040 333040 327042 335046 341040=
46047 22141 99324 71195 46/// /3203 10158 40141 53004 91350 22200
00179 11703 20401 331// 41703 70014 333 91205 555 11035 22036
31257 43406 61349 323033 332029 320037 338031 335032 339040=
46028 22141 99357 71219 46/// /3307 10135 20132 30137 40137 54000
91350 22200 00156 11505 20602 331// 41505 70027 333 91209 555
11072 22075 31347 43309 61349 329067 330064 333063 331063 334063
328062=
46027 22141 99419 71244 46/// /1802 10126 40171 55000 91350 22200
00118 11006 20401 330// 41006 70029 333 91203 555 11019 22023
31337 41604 61349 176016 170025 168018 181015 163014 172016=
46086 22141 99325 71180 46/// /3601 10162 40140 53008 91350 22200
00185 11902 20401 330// 41902 70009 333 91201 555 11006 22006
31251 43204 61349 007006 070008 037005 006014 003018 333021=
46088 22141 99483 71232 46/// /0403 10110 40119 91350 22200 00106
1//00 70001 333 91203 555 11031 22035 31333 40404 61349 040028
042034 012028 344030 337026 324017=
46050 22141 99442 71246 46/// /1806 10143 40159 55000 91350 22200
00138 11507 20501 330// 41507 70034 333 91207 555 11060 22065
31347 41707 61349 180055 186053 186054 187055 188055 187054=
46069 22141 99337 71202 46/// /3304 10145 40138 53005 91350 22200
00182 11704 20401 330// 41704 70021 333 91206 555 11038 22039
31255 43207 61349 326036 305040 304040 317048 312045 328053=
46013 22141 99382 71233 46/// /3302 10113 40137 53007 91350 22200
00121 11606 20301 3//// 41606 70029 333 91203 555 11024 22024
31300 43306 61349 331023 334025 000023 348036 339041 330043=
46012 22141 99374 71229 46/// /3006 10123 40140 54000 91350 22200
00138 11409 20501 330// 41409 70044 333 91208 555 11062 22065
31348 43108 61349 303058 304056 322051 322052 319056 315059=
46087 22141 99485 71247 46/// /1701 10143 20143 40119 56003 91350
22200 00111 11107 20401 327// 41107 70037 333 91202 555 11009
22010 31334 42303 61349 165008 192010 145007 124008 150011 135013=
46029 22141 99461 71245 46/// /1808 10152 20151 40138 54000 91350
22200 00146 11308 20703 330// 41307 70040 333 91210 555 11087
22094 31324 41711 61349 179081 180084 176087 173087 180083 188078=
46025 22141 99337 71191 46/// /0401 10164 40139 53005 91350 22200
00184 11401 317// 41401 70007 333 91202 555 11014 22015 31254
40503 61349 033014 323003 010004 008001 085008 052014=
####018000152####
SNVA01 KWBC 221300 RRD
BBXX
ELYE8 22130 99278 30379 41598 30910 10210 20180 40220 55010 70222
 82175 22224 00270 20104 32011 40107 50104 80190=
####018001838####
SNVD01 KWBC 221300 RRM
BBXX
42023 22131 99261 70831 46/// /1404 1//// 91330 333 91204=
46221 22131 99339 71186 46/// ///// 1//// 91315 22200 00188 11401
 20901 321// 41401 70006=
44039 22131 99411 70727 46/// /1802 10210 20208 40215 91330 22200
 00214 1//00 70001 333 91203=
42085 22131 99179 70665 46/// /1107 10292 40152 91320 333 91208=
42085 22131 99179 70665 46/// /1007 10293 40152 91330 333 91208=
44037 22131 99435 70679 46/24 /1405 10159 40222 50000 91304 22200
 00150 10801 70006 333 91206 555 11064 22071=
42085 22131 99179 70665 46/// /1107 10292 40152 91310 333 91208=
46242 22131 99332 71174 46/// ///// 1//// 91326 22200 00181 11401
 21001 321// 41401 70006=
46231 22131 99327 71174 46/// ///// 1//// 91319 22200 00182 11401
 20901 319// 41401 70007=
46216 22131 99343 71198 46/// ///// 1//// 91327 22200 00169 10801
 20801 327// 41101 70007=
46223 22131 99335 71178 46/// ///// 1//// 91330 22200 00183 11401
 21001 319// 41401 70006=
46241 22131 99330 71173 46/// ///// 1//// 91310 22200 00186 11401
 21001 323// 41401 70005=
46232 22131 99325 71174 46/// ///// 1//// 91308 22200 00193 11402
 21001 319// 41401 70009=
41052 22131 99183 70648 46/// /0907 10292 40152 91310 333 91209=
41052 22131 99183 70648 46/// /0908 10291 40153 91320 333 91210=
41053 22131 99185 70661 46/// /1008 10290 40154 91310 333 91210=
41052 22131 99183 70648 46/// /1008 10291 40154 91330 333 91210=
44024 22131 99423 70659 46/28 /1305 10165 40242 58006 91304 22200
 00153 10801 70007 333 91206 555 11064 22072=
41053 22131 99185 70661 46/// /1108 10292 40155 91330 333 91209=
41053 22131 99185 70661 46/// /1107 10291 40155 91320 333 91209=
42392 22131 99272 70900 46/// ///// 1//// 91240 22200 10403 70013=
42887 22131 99282 70885 46/// /0103 10255 91240 22200 10602 70011=
####018000642####
SNVD80 KWBC 221300 RRF
BBXX
45028 22131 99468 70918 46/// /3205 10070 20045 39967 40191 91320
 22200 00092 333 91207=
45028 22131 99468 70918 46/// /3205 10069 20042 39967 40191 91310
 22200 00092 333 91207=
45027 22131 99469 70919 46/// /3106 10065 20033 39974 40198 91310
 333 91207=
45027 22131 99469 70919 46/// /3003 10063 20031 39973 40197 91240
 22200 00084 333 91205=
45027 22131 99469 70919 46/// /3105 10065 20033 39973 40197 91300
 333 91207=
45027 22131 99469 70919 46/// /3106 10066 20032 39974 40198 91320
 333 91207=
45027 22131 99469 70919 46/// /3104 10064 20032 39973 40197 91250
 333 91205=
####018000087####
SNVC01 KWBC 221400
BBXX
BAREU54 22144 99150 50760 46/// ///// 4//// 54000 22274=
####018000569####
SNVD80 KWBC 221400
BBXX
45004 22141 99476 70866 46/// /2905 10100 39919 40140 53020 91350
 22200 00126 10402 20401 300// 40501 70008 333 91206 555 11053
 22055 31306 43007 61349 293050 283046 278045 285046 293053
 294053=
45026 22141 99420 70866 46/// /2207 10164 20124 91350 22200 00191
 10402 70010 333 91209=
45025 22141 99470 70884 46/// /2304 10080 20062 40150 91350 22200
 00162 1//00 70002 333 91206=
WDD2876 22144 99445 70827 43/98 32320 10155 2//// 40152 5////
 7//// 8//// 22243 00167 2//02 3//// 4//// 5//// 6//// 8//// ICE
 /////=
####018002527####
SNVD01 KWBC 221400
BBXX
41004 22141 99325 70791 46/// /0401 10260 20223 40202 51015 91350
 22200 00274 10802 20401 3//// 40802 70009 333 91202 555 11014
 22015 31340 40803 61349 048016 050009 281010 277020 276016
 271020=
44014 22141 99366 70748 46/// /1302 1//// 40218 53010 91350 22200
 00213 10702 20401 312// 40702 70011 333 91202 555 11018 22018
 31346 41202 61349 129018 135015 118017 133018 139013 159012=
44009 22141 99385 70747 46/// /2104 10204 40201 53008 91350 22200
 00206 10602 20401 300// 40602 70009 333 91205 555 11047 22049
 31313 41906 61349 207043 197045 192043 189045 191046 183047=
44022 22141 99409 70737 46/// /2602 10211 20202 40201 91345 22200
 00211 333 91203 555 11021 22026=
41008 22141 99314 70809 46/// /3302 10269 20257 40196 53012 91350
 22200 00269 10701 20401 300// 40701 70007 333 91203 555 11025
 22027 31345 43303 61349 327024 318017 324022 348005 076006
 098007=
41101 22144 99146 70562 46/// /0721 10285 20239 40148 52010 22200
 00286 10705 70023 555 1/026=
KNBD 22144 99421 70667 41397 81613 10183 20178 40242 56003 70222
 888// 22282 00174 20302 3//// 4//// 5//// 6//// 80180 ICE /////=
46088 22141 99483 71232 46/// /0403 10110 40119 54000 91350 22200
 00106 1//00 70001 333 91203 555 11031 22035 31333 40404 61349
 040028 042034 012028 344030 337026 324017=
44060 22141 99413 70721 46/// ///01 10195 40207 91345 22200 00197
 333 91202 555 11010 22015=
41114 22141 99276 70802 46/// ///// 1//// 91346 22200 00287 11002
 21002 305// 41201 70011=
44098 22141 99428 70702 46/// ///// 1//// 91337 22200 00171 10801
 20801 70006=
41115 22141 99184 70673 46/// ///// 1//// 91335 22200 10802 20802
 335// 41101 70011=
46211 22141 99469 71242 46/// ///// 1//// 91336 22200 00138 11507
 21003 327// 41506 70033=
46222 22141 99336 71183 46/// ///// 1//// 91334 22200 00190 11401
 20901 318// 41401 70006=
46240 22141 99366 71219 46/// ///// 1//// 91342 22200 00147 11303
 21001 336// 41303 70015=
46217 22141 99342 71194 46/// ///// 1//// 91342 22200 00174 11401
 21001 318// 41401 70005=
46237 22141 99378 71226 46/// ///// 1//// 91340 22200 00148 11405
 21003 325// 41404 70025=
46248 22141 99461 71247 46/// ///// 1//// 91334 22200 00151 11407
 21004 329// 41406 70037=
46249 22141 99338 71197 46/// ///// 1//// 91340 22200 00187 11402
 21001 319// 41401 70008=
WNGW 22144 99592 71520 41/// 81010 10100 2//// 49835 52015 75152
 8//// 222// 02100 2//// 3//// 4//// 5//// 6//// 8//// ICE /////=
####018000955####
SNVF01 KWBC 221400
BBXX
DBBA 22141 99547 10135 46/// /2513 10149 20111 40118 52007 22251
 00142=
DBCK 22141 99540 10079 46/// /2814 10149 20082 40151 52012 22271
 00161=
DBND 22141 99543 10101 46/// /2703 10145 20093 40141 52012 22220
 00142=
DBBI 22141 99535 10100 46/// /2708 10157 20081 40155 52008 22240
 00166=
DBEA 22141 99540 10085 46/// /2815 10148 20095 40153 52008 22210
 00149=
DBJM 22141 99542 10079 46/// /2613 10155 20088 40150 52010 22201
 00170=
DBFR 22141 99549 10065 46/// /2714 10137 20090 40135 52004 22272
 00160=
DBBC 22141 99541 10089 46/// /2710 10148 2//// 40150 52007 22270
 00148=
DBKR 22141 99541 10121 46/// /2706 10164 20066 40137 52010 22200
 00154=
DBFH 22141 99548 10139 46/// /2612 10143 20116 40115 52003 22231
 00140=
DBEB 22141 99538 10082 41/// /2715 10144 20144 40153 52007 7////
 22221 00150=
BAREU61 22144 99334 10338 46/// /2614 10276 29063 40073 57013
 22214=
####018000221####
SNVD45 KWNB 221400 RRD
BBXX
45006 22141 99473 70898 46/// /3307 10076 39940 40163 51013 91350
22200 00120 10402 20402 70008 333 91208 555 11076 22079 31319
43209 61349 324072 320072 322071 326072 321065 316059=
####018000221####
SNVD20 KWNB 221400 RRE
BBXX
44020 22141 99414 70702 46/// /1307 10191 20191 40210 54000 91350
22200 00196 10201 20201 70003 333 91208 555 11076 22080 31349
41308 61349 126070 127061 125056 127059 125056 129055=
####018000089####
SNVF25 LFPW 221400
BBXX
BAREU00 22144 99489 70295 46/// ///// 40054 57014
22263=
####018000089####
SNVD25 LFPW 221400
BBXX
BAREU11 22144 99277 70580 46/// ///// 40249 57003
22254=
####018000089####
SNVD25 LFPW 221400
BBXX
BAREU04 22144 99392 70762 46/// ///// 40201 52005
22252=
####018000083####
SNVF25 LFPW 221400
BBXX
BAREU60 22144 99421 10175 46/// ///// 40137
22253=
####018000089####
SNVF25 LFPW 221400
BBXX
BAREU51 22144 99386 10131 46/// ///// 40157 57006
22235=
####018000149####
SMVX76 LFPW 221200 RRB
BBXX
TBWUK12 22124 99227 30587 414// 20514 10230 20183 40106 57015 7////
822//
22253 00/// 2//// 319// 41402 80200=
####018000107####
SNVF25 LFPW 221400
BBXX
BATFR01 22144 99405 10269 46/// ///// 10217 20175 40092 56006
22200 00232=
####018000101####
SNVE25 LFPW 221400
BBXX
BATEU07 22144 99242 31108 46/// /1617 10197 20144 40225 50006
22283=
####018000107####
SNVF25 LFPW 221400
BBXX
BATFR34 22144 99465 70025 46/// /3413 10160 20102 40234 56009
22221 04197=
####018000107####
SNVF25 LFPW 221400
BBXX
BATFR10 22144 99375 10004 46/// /0803 10255 20174 40172 56013
22222 04262=
####018000107####
SNVF25 LFPW 221400
BBXX
BATFR60 22144 99523 10034 46/// /2615 10170 20070 40189 58007
22213 04157=
####018000101####
SNVF25 LFPW 221400
BBXX
BATFR09 22144 99366 70070 46/// /2809 10225 20182 40183
22263 04234=
####018000107####
SNVF25 LFPW 221400
BBXX
BATFR13 22144 99382 70304 46/// /2109 10234 20177 40217 58009
22214 04244=
####018000101####
SNVF25 LFPW 221400
BBXX
BATFR30 22144 99412 10086 46/// /2816 10232 20177 40166
22284 00234=
####018000101####
SNVF25 LFPW 221400
BBXX
BATFR41 22144 99433 10049 46/// ///// 10252 20092 40155 58012
22200=
####018000107####
SNVF25 LFPW 221400
BBXX
BATFR33 22144 99432 10053 46/// /3011 10217 20139 40152 55018
22284 04179=
####018000104####
SNVD25 LFPW 221400
BBXX
FVNM 22144 99213 71579 46/// /0104 10247 20184 40157 56011
22200 04269=
####018000107####
SNVF25 LFPW 221400
BBXX
BATFR39 22144 99475 70027 46/// /2509 10162 20114 40235 56008
22200 04187=
####018000107####
SNVE25 LFPW 221400
BBXX
BATFR59 22144 99199 31657 46/// /1220 10229 20172 40159 58011
22251 04249=
####018000107####
SNVD25 LFPW 221400
BBXX
BATFR15 22144 99306 70399 46/// /0805 10269 20212 40237 50000
22254 04274=
####018000107####
SNVE25 LFPW 221400
BBXX
BATFR56 22144 99093 30737 46/// /1330 10257 20234 40119 53003
22213 04269=
####018000101####
SNVF25 LFPW 221400
BBXX
BATFR02 22144 99508 70011 46/// /2317 10164 20112 40182
22233 00159=
####018000107####
SNVF25 LFPW 221400
BBXX
BATFR29 22144 99501 70016 46/// /2717 10167 20114 40221 58014
22214 00165=
####018000101####
SNVF25 LFPW 221400
BBXX
BATEU04 22144 99588 70279 46/// /2703 10087 20020 49987 56005
22223=
####018000107####
SNVF25 LFPW 221400
BBXX
BATFR53 22144 99383 70289 46/// /2206 10224 20199 40222 58010
22252 04232=
####018000101####
SNVF25 LFPW 221400
BBXX
BATEU06 22144 99461 70265 46/// /2516 10167 20154 4////
22264 04177=
####018000107####
SNVF25 LFPW 221400
BBXX
BATFR49 22144 99442 70020 46/// /0311 10194 20135 40224 58008
22242 04209=
####018000238####
SMVF01 EIDB 221200
BBXX
NUEK 22124 99519 70069 41497 62218 10140 40210 70222
22234 20304=
SDVY 22124 99497 70099 41598 72220 10170 40250 70102
22273 20304=
WJRX 22124 99516 70084 41/98 62615 10140 40210 70201
22272 20301=
####018000158####
SNVF11 BIRK 221400
BBXX
TFBLK nil=
TFDRN nil=
TFGRS nil=
TFGRV nil=
TFGSK nil=
TFHFN nil=
TFKGR nil=
TFSRT nil=
TFSTD nil=
TFBKF nil=
####018000864####
SNVD15 KWNB 221400 RRD
BBXX
42059 22141 99151 70675 46/// /1108 10295 20244 40147 51015 91350
22200 00296 10602 20602 70011 333 91209 555 11080 22085 31322
40909 61349 104075 102072 102078 105074 109072 105073 81008 91327=
42040 22141 99292 70882 46/// /0806 10274 20203 40160 50011 91350
22200 00276 10602 20401 313// 40601 70010 333 91207 555 11056
22059 31331 40908 61349 080057 088061 093064 104056 098057 096058
81007 91325=
42002 22141 99258 70937 46/// /0201 10283 20228 40152 53014 91350
22200 00295 10601 20401 306// 40601 70006 333 91202 555 11014
22014 31335 43603 61349 026015 002015 039004 013003 357004 000001=
41043 22141 99211 70650 46/// /1108 10282 20242 40190 51018 91350
22200 00282 10805 20604 300// 40803 70023 333 91210 555 11088
22093 31323 41011 61349 105082 102083 103088 101087 101084 102086
81009 91322=
####018000131####
SNVD17 CWVR 221400
BBXX
45144 22141 99532 70983 46/// /0000 10103 39933 40200 57007
22200 00110 10701 70006 333 912// =

####018000242####
SMVX46 LFPW 221200 RRC
BBXX
NUEK 22124 99519 70069 41497 62218 10140 40210 70222
22234 20304=
WJRX 22124 99516 70084 41/98 62615 10140 40210 70201
22272 20301=
SDVY 22124 99497 70099 41598 72220 10170 40250 70102
22273 20304=
####018000422####
SNVD20 KWNB 221400 RRF
BBXX
44007 22141 99435 70701 46/// /0902 10167 40212 54000 91350 22200
00163 10801 20401 3//// 40801 70005 333 91202 555 11020 22023
31321 40702 61349 090017 090018 075018 062017 060014 054013=
44013 22141 99423 70707 46/// /1403 10175 20172 40208 54000 91350
22200 00163 10801 300// 40801 70004 333 91204 555 11036 22042
31302 41504 61349 143031 150028 146034 147035 147039 150030=
####018000247####
SNVD15 KWNB 221400 RRE
BBXX
41040 22141 99145 70530 46/// /0610 10286 20243 40149 51008 91350
22200 00289 10806 20806 3//// 41403 70032 333 91213 555 11111
22118 31317 40513 61349 055104 057100 055105 053110 051110 053102
80612 91309=
####018000247####
SNVD19 KWNB 221400 RRB
BBXX
46072 22141 99517 71722 46/// /3305 10072 20053 40076 51027 91350
22200 00068 10804 20401 3//// 40804 70020 333 91206 555 11050
22055 31326 43306 61349 328046 330053 336053 329047 319036 319033
83406 91328=
####018001176####
SNVD17 KWNB 221400 RRA
BBXX
46001 22141 99563 71480 46/// /2008 10104 49872 51006 91350 22200
00100 11106 20704 300// 41105 70030 333 91210 555 11085 22091
31253 42010 61349 198078 192083 193083 194080 196082 197082=
46082 22141 99597 71434 46/// /1805 10102 20090 49900 53019 91350
22200 00111 11005 20401 300// 41005 70027 333 91206 555 11057
22059 31317 41809 61349 182055 185067 182068 184067 192058 190058
81808 91317=
46072 22141 99517 71722 46/// /3305 10072 20053 40076 51027 91350
22200 00068 10804 20401 3//// 40804 70020 333 91206 555 11050
22055 31326 43306 61349 328046 330053 336053 329047 319036 319033
83406 91328=
46085 22141 99559 71425 46/// /2008 10100 20071 49937 91350 22200
00106 333 91210 555 11088 22094=
46077 22141 99579 71543 46/// /2404 10090 20072 49837 51020 91350
22200 00095 11002 20401 3//// 41002 70009 333 91204 555 11037
22038 31324 42605 61349 242035 247042 255043 260041 257036 255039
82605 91324=
46035 22141 99571 71778 46/// /3208 1//// 40066 51008 91350 22200
10804 20703 300// 40803 70022 333 91211 555 11084 22089 31331
43113 61349 314084 302105 293093 291077 292079 296083 83012 91331=
####018000812####
SNVD22 KWNB 221400 RRG
BBXX
46026 22141 99378 71228 46/// /2101 10121 40137 52004 91350 22200
00144 11505 20401 329// 41505 70024 333 91202 555 11007 22007
31330 40802 61349 207008 253006 355009 057002 105002 266003=
46015 22141 99427 71248 46/// /1003 10127 30169 40169 55000 91350
22200 00125 11407 20301 330// 41407 70035 333 91205 555 11033
22036 31346 41005 61349 102029 110025 113011 197005 261006 247006=
46041 22141 99474 71247 46/// /1808 10147 40121 55000 91350 22200
00137 11208 20703 3//// 41207 70038 333 91209 555 11085 22092
31333 41710 61349 176079 177080 176081 174083 177077 175077=
46041 22141 99474 71247 46/// /1808 10147 40121 91350 22200 00137
11208 20703 3//// 41207 70038 333 91209 555 11085 22092 31333
41710 61349 176079 177080 176081 174083 177077 175077=
