####018000239####
SNVD15 KWNB 220200 RRK
BBXX
41037 22021 99340 70775 46/// /1706 10267 40192 51013 90200 333
91206=
41038 22021 99341 70777 46/// /1704 10248 40200 51012 90200 333
91204=
42362 22021 99278 70907 46/// /1104 10278 20222 90215=
####018006787####
SNVF21 EGRR 220200
BBXX
ZCEE2 22024 99365 70080 41998 03322 10200 20167 40175 56030 7////
80000 22224 00220 20402 3//// 4//// 5//// 80180=
64045 22024 99591 70117 46/// /2622 10118 20084 49994 51019 22200
00127 10810 70049 333 90710 91131=
62105 22024 99554 70122 46/// /2721 10127 20063 40106 53008 22200
00131 10909 70046 333 90710 91131=
62081 22024 99510 70134 46/// ///// 10143 20121 40200 56002 22200
00146 10809 70046=
62103 22024 99499 70029 46/98 /2719 10150 20121 40204 55000 22200
00157 10702 70011 333 90710 91125=
62442 22024 99490 70163 46/// /2413 1//// 2//// 40228 58007 22200
00154=
62163 22024 99475 70084 46/// /3007 10159 20114 40240 57003 22200
00168 11007 70033=
62001 22024 99453 70050 46/// /0311 10177 20155 40234 50001 22200
00192 10906 70028=
64046 22024 99606 70049 46/// /2722 10109 20079 49936 52025 22200
00112 10707 70035 333 90710 91129=
62301 22024 99524 70047 46/// /2819 10141 20096 40168 52010 22200
00157 10504 70022 333 90710 91125=
62303 22024 99516 70051 46/// /2720 10144 20121 40180 52005 22200
00151 10605 70026 333 90710 91127=
62107 22024 99501 70061 46/// /2919 10146 20114 40211 54000 22200
00153 10905 70023=
62029 22024 99487 70125 46/// /2813 10153 20122 40234 58003 22200
00157=
62305 22024 99504 10000 46/98 /2624 10156 20119 40205 55001 22200
00164 10602 70010 333 90710 91132=
62170 22024 99514 10020 46/97 /2527 10154 20117 40174 56003 22200
00166 10601 70007 333 90710 91133=
AMOUK05 22024 99528 10019 46/// ///// 10142 20107 30104 40152
 52024 90150=
AMOUK12 22024 99533 70061 46/// ///// 10120 20079 30122 40156
 52030 90150=
AMOUK01 22024 99554 10073 46/// ///// 10156 2//// 30065 40084
 54000 90150=
AMOUK14 22024 99535 70030 46/// ///// 10137 20082 30106 40142
 52009 90150=
AMOUK03 22024 99525 10021 46/// ///// 10145 20110 30109 40144
 52019 90150=
AMOUK13 22024 99519 10013 46/// ///// 10134 20108 30155 40169
 54000 90150=
63106 22024 99610 10017 46/// /2211 10096 49915 58004 22200=
63108 22024 99608 10017 47998 /2418 10092 20062 49915 56013 700// 22200 10000 70000=
63055 22024 99606 10016 469// /2817 10103 20070 49921 57010 22200=
62112 22024 99584 70002 47598 /2717 10113 20071 49992 52018 700// 22200=
PJAI 22024 99581 70014 47598 /2722 10121 20064 49998 52019 700// 22200=
62111 22024 99580 70003 46/// /2626 10115 20066 40021 52017 22200 10605 70027=
62150 22024 99536 10007 47798 /2620 10132 20078 40139 52009 700// 22200 10402 70011=
62148 22024 99536 10015 46/// ///// 10136 40143 53007 22200=
62149 22024 99537 10011 47798 /2521 10137 20092 40132 52011 700// 22200 10403 70014=
63056 22024 99597 10016 47597 /2327 10109 20070 49930 58005 751// 22200 10708 70039=
63112 22024 99611 10010 46/96 /2315 10114 20066 49906 57004 22200 10706 70031=
63107 22024 99611 10017 46/// /2111 10098 49912 58003 22200=
63101 22024 99612 10009 46/// /2614 10103 20074 49906 58005 22200=
63103 22024 99612 10011 46/// ///// 22200=
63104 22024 99612 10016 47998 /2113 10100 20071 49912 58002 700// 22200=
63117 22024 99613 10011 47/98 /2313 10209 20080 49909 58003 700// 22200=
63115 22024 99616 10013 47698 /2009 10121 20071 49906 51002 700// 22200 10707 70034=
MWYG6 22024 99603 70040 47998 /2723 10110 700// 22200=
62121 22024 99535 10027 46/// ///// 22200=
64041 22024 99607 70026 47898 ///// 10100 20062 49929 52030 700// 22200 10807 70036=
62144 22024 99534 10017 47997 /2621 10137 20088 40144 53008 700// 22200 10403 70014=
62145 22024 99531 10028 47597 /2523 10147 20088 40144 53008 700// 22200 10505 70023=
62142 22024 99530 10021 46597 /2724 10143 40137 53004 22200 10403 70016=
62116 22024 99576 10011 47997 /2428 10117 20080 40011 52009 700// 22200 10606 70032=
62104 22024 99574 10013 47997 /2523 10120 20082 40018 52008 700// 22200=
62153 22024 99573 10020 47497 /2421 10119 20084 40025 53005 700// 22200 10707 70036=
62122 22024 99573 10016 47997 /2426 10121 20079 40036 52006 700// 22200 10607 70035=
62140 22024 99573 10013 46/// /25// 10119 20079 40018 52008 22200=
62146 22024 99572 10021 47/97 /2525 10118 20077 40045 52008 700// 22200 10607 70034=
62164 22024 99572 10008 469// /2426 10120 20082 40029 52009 22200 10607 70034=
PJGO 22024 99571 10022 47597 /2419 10121 20084 40037 53005 700// 22200=
62133 22024 99571 10009 46/// /2327 10124 20069 40027 51009 22200=
62119 22024 99570 10019 47497 /2630 10119 20076 40048 53008 700// 22200 10607 70035=
62152 22024 99570 10018 47997 /2420 10119 20076 40048 53003 700// 22200 14817 70085=
62154 22024 99564 10022 46/// /2527 10118 20068 40054 53004 22200=
62120 22024 99564 10021 47997 /2629 10118 20069 40051 53004 700// 22200=
62132 22024 99564 10020 46/// /2719 10122 20068 40061 52012 22200=
62123 22024 99563 10022 47997 /2530 10124 20070 40055 53005 700// 22200=
62165 22024 99540 10009 47597 /2523 10131 20086 40126 52012 762// 22200 10403 70016=
62127 22024 99540 10007 47598 ///// 10128 20081 40121 51011 700// 22200 10403 70013=
62131 22024 99539 10012 46/// /25// 10133 20092 40124 52012 22200=
63057 22024 99592 10015 47497 /2632 10110 20077 49953 55000 700// 22200 10707 70036=
62128 22024 99587 10014 47597 /2433 10114 20072 49967 58003 700// 22200 10707 70036=
62129 22024 99584 10003 46/// /2627 10115 20070 49999 51007 22200=
62113 22024 99584 10002 47598 /2527 10115 20071 40001 53014 700// 22200=
ZQSD5 22024 99583 10007 46/// ///// 10120 20073 49995 52011 22200 10808 70039=
62114 22024 99583 10000 46/// /2530 10114 20073 49987 52014 22200=
62134 22024 99580 10014 47597 /2427 10122 20073 40004 52006 700// 22200 10606 70031=
62102 22024 99579 10018 46/// /2425 10118 20077 40003 53004 22200 10607 70035=
62117 22024 99579 10000 47698 /2527 10121 20071 40005 52012 700// 22200 10605 70027=
62143 22024 99577 10018 47997 /2529 10118 20083 40021 53006 700// 22200 10606 70032=
62118 22024 99577 10009 47997 /2327 10126 20081 40007 52010 700// 22200 10606 70028=
62155 22024 99577 10007 47997 /2529 10121 20082 40021 52009 751// 22200 10606 70028=
AMOUK04 22024 99535 70039 46/// ///// 10135 20050 30115 40155
 52005 90150=
AMOUK02 22024 99535 70050 46/// ///// 10129 20075 30101 40144
 54003 90150=
AMOUK11 22024 99533 70046 46/// ///// 10136 20070 30096 40141
 52008 90150=
AMOUK06 22024 99533 70042 46/// ///// 10128 20072 30128 40158
 52026 90150=
AMOUK09 22024 99538 70034 46/// ///// 10132 20082 30121 40147
 52015 90150=
62094 22024 99517 70067 46/// /2518 10140 20120 40182 52007 22200
00141 10504 70021=
62095 22024 99531 70159 46/// /2516 10133 20115 40156 50000 22200
00132 10908 70041 333 90710 91127=
62304 22024 99511 10018 46/98 /2523 10155 20120 40183 55001 22200
00169 10602 70009 333 90710 91131=
####018000210####
SIVF21 EGRR 212100 RRC
BBXX
62050 21211 99500 70042 46/// /2608 10146 2//// 40215 5//// 22200
00152 1//// 7////=
62030 21211 99502 70042 46/// /2310 10146 2//// 40203 5//// 22200
00151 1//// 7////=
####018000534####
SNVD20 KWNB 220200 RRO
BBXX
44067 22021 99384 70770 46/// /1503 10223 40195 52004 90200=
41029 22021 99328 70796 46/// ///02 10259 90200 555 11019 22021=
44039 22021 99411 70727 46/// /1304 10202 20197 40242 54000 90200
22200 00213 1//00 70002 333 91206=
44060 22021 99413 70721 46/// ///03 10188 40238 90215 22200 00194
333 91204 555 11031 22031=
44022 22021 99409 70737 46/// /2202 10203 20188 40225 90215 22200
00210 333 91204 555 11021 22021=
42085 22021 99179 70665 46/// /0304 10293 40140 90210 333 91205=
####018000483####
SNVD22 KWNB 220200 RRX
BBXX
46109 22021 99481 71234 46/// /2201 10122 40130 52012 90200 22200
00101=
46110 22021 99481 71230 46/// /3202 10142 40121 50000 90200=
46111 22021 99481 71227 46/// /0602 10133 40118 50000 90200 22200
00104=
46112 22021 99481 71227 46/// /0602 10134 40118 50004 90200=
46088 22021 99483 71232 46/// /2503 10118 40122 90220 22200 00107
1//00 70002 333 91204 555 11038 22044 30131 42406 60219 246032
236036 248028 246029 238045 224032=
####018000317####
SNVE15 KWNB 220200 RRD
BBXX
51203 22021 99208 71570 46/// ///// 1//// 90213 22200 00266 11402
20901 325// 41401 70009=
52200 22021 99134 11448 46/// ///// 1//// 90215 22200 00294 10903
20902 309// 41101 70013=
51201 22021 99217 71581 46/// ///// 1//// 90212 22200 00265 11304
20902 334// 41303 70018=
####018000224####
SNVD45 KWNB 220200 RRG
BBXX
45025 22021 99470 70884 46/// /3006 10109 20096 40090 90220 22200
00164 10301 70003 333 91208=
45026 22021 99420 70866 46/// /2808 10191 20133 90220 22200 00193
10502 70010 333 91210=
####018000129####
SMVX01 EDZW 220000
BBXX
A8IV4 22004 99315 50506 41498 31702 10140 20056 40170 51///
70200 22254 20202 318// 40303 80100=
####018000170####
SNVD15 KWNB 220200 RRL
BBXX
42363 22021 99282 70892 46/// /0607 10267 20200 40163 90215 333
91207=
42364 22021 99291 70881 46/// /0304 10267 20211 40169 90215=
####018000151####
SMXX16 KAWN 220000 RRE
BBXX
SHIP 22004 99342 71314 41598 60111 10220 20158 40191 57012 70222
 85361 92355 22234 00230 20200 329// 40804 80220=
####018000124####
SNVD17 CWVR 220200
BBXX
46147 22021 99518 71312 46/// /2207 1//// 4//// 5////
22200 0//// 1//// 70/// 333 912//=

####018000151####
SMXX16 KAWN 211800 RRH
BBXX
PHSG 21184 99582 71375 41297 82030 10115 20085 49820 55170 76562
 887// 22232 00110 22014 32016 41612 51208 80100=
####018000131####
SNVD17 CWTO 220200
BBXX
45135 22021 99438 70769 46/// /1708 10203 30070 40159 57001
22200 00183 10401 70006 333 91210 =

####018000125####
SNVD17 CWVR 220200
BBXX
46145 22021 99544 71324 46/// /1907 10113 40025 52012
22200 00117 11405 70024 333 91209 =

####018000114####
SMVB01 ESWI 220000 RRB
BBXX
SLCO 22004 99363 11511 43/96 61940 10272
40083 50004 22252 00258 2//// 4////=
####018000134####
SMVX40 KAWN 220000 RRM
BBXX
A8IV4 22004 99315 50506 41498 31702 10140 20056 40170 51/// 70200
 22254 20202 318// 40303 80100=
####018000131####
SNVD17 CWTO 220200
BBXX
45132 22021 99425 70812 46/// /2005 10197 39938 40144 52008
22200 00189 10401 70004 333 91206 =

####018000125####
SNVD17 CWVR 220200
BBXX
46131 22021 99499 71250 46/// /1804 1//// 40121 52021
22200 00130 10401 70006 333 91206 =

####018000131####
SNVD17 CWTO 220200
BBXX
45152 22021 99462 70797 46/// /1907 10195 39875 40107 52000
22200 00173 10200 70002 333 91209 =

####018000226####
SNVB20 RJTD 220200
BBXX
JGQH    22024 99351 11537
46/// /1924 10269 20235 40146 50005 8////
22232 00271 10806 70031=
JGQH    22024 99351 11537
46/// /1924 10269 20235 40146 50005 8////
22232 00271 10806 70031=
####018000170####
SNVD15 KWNB 220100 RRX
BBXX
42392 22011 99272 70900 46/// ///// 1//// 90120 22200 10402 70010=
42887 22011 99282 70885 46/// /0103 10255 90120 22200 10602 70011=
####018000131####
SNVD17 CWTO 220200
BBXX
45137 22021 99455 70810 46/// /1908 10171 39896 40106 52006
22200 00159 10502 70008 333 91209 =

####018000124####
SNVD17 CWVR 220200
BBXX
46204 22021 99514 71288 46/// /1806 10131 40095 5////
22200 00134 11510 70048 333 91208=

