####018000108####
SIVX21 EUMS 221500 RRE
BBXX
DBJM 22151 99542 10079 46/// /2613 10153 20088 40152 52008
22200 00169=
####018000108####
SIVX21 EUMS 221500 RRF
BBXX
DBFH 22151 99547 10139 46/// /2711 10140 20100 40119 52006
22241 00144=
####018000108####
SIVX21 EUMS 221500 RRJ
BBXX
DBBA 22151 99546 10135 46/// /2711 10148 20094 40124 52010
22251 00154=
####018000115####
SIVX21 EUMS 221500 RRG
BBXX
DBEB 22151 99538 10081 41/// /2713 10145 20144 40158 52010
7//// 22200 00155 =
####018000108####
SIVX21 EUMS 221500 RRL
BBXX
DBBI 22151 99535 10100 46/// /2807 10160 20071 40157 52010
22260 00166=
####018000108####
SIVX21 EUMS 221500 RRK
BBXX
DBND 22151 99543 10101 46/// /2604 10152 20087 40145 52013
22270 00142=
####018000108####
SIVX21 EUMS 221500 RRH
BBXX
DBKR 22151 99541 10121 46/// /2605 10157 20078 40142 52012
22200 00154=
####018000108####
SIVX21 EUMS 221500 RRM
BBXX
DBCK 22151 99541 10078 46/// /2714 10148 20083 40151 52007
22201 00163=
####018000108####
SIVX21 EUMS 221500 RRI
BBXX
DBBC 22151 99541 10089 46/// /2809 10147 2//// 40152 52009
22220 00148=
####018000108####
SIVX21 EUMS 221500 RRD
BBXX
DBEA 22151 99540 10084 46/// /2714 10150 20073 40155 52010
22270 00150=
####018000131####
SIVD30 LFPW 221500
BBXX
41101 22154 99146 70562 46/// /0720 10285 20239 40146 52002
22200 00286 10705 70024
  555 1/025=
####018000287####
SNVD45 KWNB 221400 RRK
BBXX
45027 22141 99469 70919 46/// /3207 10068 20037 39979 40203 91410
333 91209=
45027 22141 99469 70919 46/// /3207 10068 20037 39980 40203 91420
333 91209=
45028 22141 99468 70918 46/// /3406 10072 20045 39967 40190 91420
22200 00090 333 91208=
####018000117####
SIVF30 LFPW 221500
BBXX
61001 22154 99434 10078 46/// /2007 10205 20175 40146 57010
22200 00221 10501 70003=
####018002850####
SIVD15 KWNB 221500 RRB
BBXX
41012 22151 99300 70805 46/// /1104 10277 40187 51011 91450 22200
00285 10702 20401 311// 40702 70011 333 91206 555 11046 22048
31429 41106 61449 106044 112050 125042 131040 133043 139048=
41001 22151 99347 70727 46/// /1707 10272 20221 40231 51007 91450
22200 00275 10802 20602 3//// 40802 70012 333 91208 555 11071
22075 31436 41708 61449 171068 170067 174063 174063 175061 176064=
41049 22151 99275 70630 46/// /0909 10277 20235 40228 54000 91450
22200 00273 10904 20603 300// 40903 70019 333 91210 555 11091
22098 31350 40911 61449 089087 087085 084079 084079 084079 085078
80910 91450=
42020 22151 99270 70967 46/// /0702 10283 20213 40161 51013 91450
22200 00291 10501 20301 309// 40501 70006 333 91203 555 11022
22022 31439 40803 61449 069021 064020 068020 046018 037020 031016=
42065 22151 99149 70751 46/// /0908 10293 20247 91450 22200 10603
20603 70014 333 91210 555 11090 22096 31446 40910 61449 089083
083077 082072 079075 079075 077081 80909 91446=
41044 22151 99217 70587 46/// /1008 10284 20239 40203 50005 91450
22200 00283 10905 20804 300// 40903 70025 333 91210 555 11087
22093 31357 41110 61449 104082 103084 102085 102081 106085 103089
81009 91358=
42058 22151 99149 70749 46/// /0908 10294 20245 40137 51013 91450
22200 00294 10603 20603 70014 333 91209 555 11086 22091 31421
40810 61449 087080 089077 084079 080079 075074 078079 80809 91422=
41048 22151 99320 70696 46/// /1209 10272 20237 40235 53006 91450
22200 00277 11103 20602 3//// 41102 70015 333 91211 555 11090
22095 31407 41011 61449 122090 117090 113081 113080 109084 109080
81210 91448=
44005 22151 99432 70691 46/// /2004 10167 91450 22200 00149 10802
20401 3//// 40801 70008 333 91204 555 11043 22051 31355 41904
61449 200036 198035 192031 184033 190036 193041=
42056 22151 99198 70849 46/// /1506 10295 20239 40152 51018 91450
22200 00301 10301 20301 307// 40601 70006 333 91207 555 11059
22062 31415 41408 61449 148057 149057 150060 146068 150068 154061
81507 91411=
42001 22151 99259 70897 46/// /3509 10241 20219 40170 53024 91450
22200 00288 10502 20502 70010 333 91212 555 11093 22097 31449
43612 61449 354086 012058 107050 106055 105061 108070=
42035 22151 99292 70944 46/// /0306 10256 20222 40173 53016 91450
22200 00276 10301 20301 70004 333 91207 555 11063 22066 31359
40208 61449 032060 029061 026061 026062 023063 023065=
42060 22151 99163 70635 46/// /0809 10290 20245 40163 51009 91450
22200 00293 10503 20503 300// 40801 70015 333 91211 555 11100
22107 31353 40712 61449 081094 080093 076091 075094 076088 069094
80711 91353=
42057 22151 99170 70815 46/// /1007 10293 20253 40145 51013 91450
22200 00297 10301 20301 70005 333 91208 555 11069 22073 31350
40809 61449 094065 090060 084062 079069 079072 079075 80808 91352=
####018000119####
SNVD15 KWNB 221400 RRX
BBXX
42360 22141 99267 70905 46/// /0908 10269 91400 22200 00303 10503
70014 333 91210=
####018000823####
SIVD20 KWNB 221500 RRC
BBXX
44060 22151 99413 70721 46/// ///01 10195 40208 91445 22200 00196
333 91202 555 11010 22010=
44014 22151 99366 70748 46/// /1502 1//// 40218 52007 91450 22200
00215 10802 20401 310// 40802 70010 333 91203 555 11024 22024
31438 41503 61449 153024 155023 149022 142021 148015 140016=
41004 22151 99325 70791 46/// /0601 10257 20217 40209 53012 91450
22200 00275 10602 20301 3//// 40602 70009 333 91203 555 11006
22006 31357 40704 61449 062006 044011 011017 032018 051020 067025=
44022 22151 99409 70737 46/// /2901 10218 20205 40201 91445 22200
00213 333 91202 555 11010 22010=
44009 22151 99385 70747 46/// /2103 10207 40201 52005 91450 22200
00207 10702 20401 300// 40702 70009 333 91204 555 11034 22036
31418 42105 61449 207032 209037 211042 208044 206044 204045=
####018000509####
SNVD20 KWNB 221400 RRX
BBXX
41024 22141 99338 70785 46/// /2602 10283 40206 51013 91400=
44024 22141 99423 70659 46/30 /1404 10164 40244 54000 91404 22200
00151 10301 70003 333 91205 555 11058 22067=
44039 22141 99411 70727 46/// /2102 10212 20208 40216 91423 22200
00215 1//00 70001 333 91203=
44060 22141 99413 70721 46/// ///02 10196 40208 91430 22200 00195
333 91203 555 11015 22015=
44022 22141 99409 70737 46/// /2401 10215 20205 40201 91415 22200
00212 333 91201 555 11010 22010=
####018000083####
SIVF30 LFPW 221500
BBXX
BAREU59 22154 99441 10099 46/// ///// 40121
22200=
####018000089####
SIVF30 LFPW 221500
BBXX
BAREU51 22154 99383 10134 46/// ///// 40154 57006
22235=
####018000089####
SIVF30 LFPW 221500
BBXX
BAREU00 22154 99489 70299 46/// ///// 40048 57013
22263=
####018000107####
SIVF30 LFPW 221500
BBXX
BATFR39 22154 99474 70027 46/// /2709 10165 20112 40233 56007
22241 04189=
####018000089####
SIVF30 LFPW 221500
BBXX
BAREU60 22154 99418 10173 46/// ///// 40131 57001
22254=
####018000089####
SIVD30 LFPW 221500
BBXX
BAREU04 22154 99392 70764 46/// ///// 40203 52006
22252=
####018000091####
SNVX19 LFVW 221300 RRE
BBXX
MINFR05 2213/ 99227 10697 46/// ///// 10278 40088 52004=
####018000091####
SNVX19 LFVW 221400 RRC
BBXX
MINFR03 2214/ 99033 30643 46/// ///// 10275 40104 52012=
####018000089####
SIVD30 LFPW 221500
BBXX
BAREU11 22154 99275 70583 46/// ///// 40246 57003
22254=
####018000124####
SIVD02 CWAO 221500
BBXX
VCRG 22154 99464 70619 41597 51612 10164 20147 40247 51005 7//11 851// 22244 00156 20101 =

####018000145####
SIVD03 CWAO 221500
BBXX
VEP717 22154 99467 70487 41998 12923 10125 2011/ 40212 52009 70200 80001 22200 06114 20402 324// 40704 80115= =

####018000233####
SIVD20 KWNB 221500 RRD
BBXX
41013 22151 99334 70777 46/// /0903 10245 20229 40207 51013 91450
22200 00267 10802 20401 311// 40802 70010 333 91204 555 11034
22035 31418 40907 61449 088035 086045 086049 107049 136028 081030=
####018000338####
SIVD19 KWNB 221500 RRA
BBXX
46070 22151 99551 11753 46/// /3105 10096 20042 40116 53015 91450
22200 00111 11304 20502 3//// 41304 70022 333 91206 555 11053
22056 31401 43308 61449 315051 319057 320059 327061 327065 331062
83307 91400=
46078 22151 99561 71526 46/// /2805 10104 20060 49855 91450 333
91206 555 11055 22059=
####018001673####
SIVD17 KWNB 221500 RRA
BBXX
46081 22151 99608 71483 46/// /0207 10083 20078 49887 52018 91450
22200 00094 10301 20301 70005 333 91211 555 11074 22078 31414
40113 61449 016070 014068 011083 005081 010073 006071 83611 91415=
46002 22151 99426 71305 46/// ///09 10195 40130 54000 91450 22200
00188 11207 20703 3//// 41207 70037 333 91210 555 11095 22103=
46006 22151 99408 71375 46/// /2011 10211 40085 56012 91450 22200
00200 11207 20804 3//// 41205 70034 333 91213 555 11119 22128
31425 42014 61449 201110 201112 199113 196111 196109 197109=
46084 22151 99566 71361 46/// /1909 10110 20081 40006 51009 91450
22200 00118 11108 20705 300// 41106 70038 333 91211 555 11094
22099 31358 42014 61449 186086 188082 190077 191086 193086 201087=
46078 22151 99561 71526 46/// /2805 10104 20060 49855 91450 333
91206 555 11055 22059=
46005 22151 99461 71310 46/// /1606 10158 40082 58014 91450 22200
00169 11207 20501 3//// 41207 70037 333 91207 555 11061 22064
31432 40508 61449 149058 054054 074050 336047 307042 300037=
46059 22151 99380 71300 46/// /2704 10200 40193 53008 91450 22200
00195 11407 20401 3//// 41406 70033 333 91205 555 11041 22046
31426 42506 61449 265037 247034 242038 255028 264028 259037=
46075 22151 99539 71608 46/// /3112 10075 20048 49919 53008 91450
22200 00087 10906 20705 300// 40903 70028 333 91214 555 11125
22133 31351 43015 61449 304117 303112 308111 306113 302116 304118
83013 91351=
46080 22151 99580 71500 46/// /1605 10100 20086 49852 53012 91450
22200 00100 11104 20501 3//// 41104 70021 333 91207 555 11058
22061 31418 41607 61449 162054 162054 163051 165052 165052 165051
81706 91408=
####018002082####
SIVD15 KWNB 221500 RRC
BBXX
42036 22151 99285 70845 46/// /1808 10242 20231 40171 53016 91450
22200 00280 10401 20401 70007 333 91209 555 11079 22082 31419
41615 61449 176073 152062 123052 157100 218067 276056=
42055 22151 99222 70940 46/// /2902 10291 20234 40153 53015 91450
22200 00296 10401 20401 305// 40401 70004 333 91202 555 11020
22020 31421 43103 61449 287018 280017 305021 302019 316020 287017
83103 91419=
42003 22151 99260 70856 46/// /0905 10279 40146 56010 91450 22200
00294 10602 20401 312// 40602 70010 333 91207 555 11052 22054
31351 40908 61449 091048 074052 066050 053042 070046 086062 80807
91351=
41047 22151 99275 70715 46/// /1110 10281 20260 40212 51007 91450
22200 00289 10703 20502 312// 40702 70016 333 91212 555 11100
22106 31351 41112 61449 110100 109091 106087 112089 111083 112103
81011 91351=
42012 22151 99301 70876 46/// /0305 10262 20247 40171 51008 91450
22200 00278 10501 20401 315// 40501 70007 333 91207 555 11057
22059 31352 40607 61449 030054 032053 032055 036054 055053 061063
80607 91352=
42059 22151 99151 70675 46/// /1008 10295 20248 40148 51011 91450
22200 00297 10602 20602 70011 333 91209 555 11083 22088 31419
41010 61449 099077 098075 104077 098078 103072 104073 80909 91419=
42002 22151 99258 70937 46/// /0301 10287 20228 40156 51015 91450
22200 00296 10601 20301 305// 40601 70006 333 91201 555 11010
22010 31435 40303 61449 028010 023020 011015 030014 347017 009014=
42040 22151 99292 70882 46/// /1411 10260 20220 40168 51016 91450
22200 00276 10502 20502 70011 333 91212 555 11106 22112 31403
41214 61449 141106 131110 133111 137103 137113 097074 81413 91400=
41043 22151 99211 70650 46/// /1108 10283 20244 40192 51013 91450
22200 00282 10804 20703 300// 40803 70021 333 91209 555 11086
22092 31400 41109 61449 108080 108077 107080 107076 109076 106077
81109 91448=
41036 22151 99342 70770 46/// /2003 10268 20232 40215 53016 91450
22200 00272 10702 20401 311// 40702 70010 333 91205 555 11035
22037 61449 191037 183038 212038 211041 205039 207041=
####018002861####
SIVD22 KWNB 221500 RRF
BBXX
46053 22151 99342 71198 46/// /0000 10142 40138 53011 91450 22200
00166 333 91201 555 11005 22005 31354 42802 61449 173005 186005
196008 150008 229005 290008=
46014 22151 99394 71240 46/// /3408 10133 40151 52009 91450 22200
00117 11508 20703 3//// 41507 70038 333 91210 555 11086 22095
31445 43410 61449 343080 339082 340083 342083 341085 343081=
46011 22151 99350 71210 46/// /3204 10140 40144 53010 91450 22200
00168 11604 20401 330// 41604 70022 333 91205 555 11039 22041
31352 43206 61449 318036 316035 316037 341037 321040 322040=
46047 22151 99324 71195 46/// /3403 10160 40145 53010 91450 22200
00179 11703 20301 330// 41703 70015 333 91204 555 11030 22031
31404 43606 61449 335030 339030 330024 342024 353041 348031=
46028 22151 99357 71219 46/// /3306 10133 20131 30140 40140 53004
91450 22200 00156 333 91207 555 11058 22060 31351 43408 61449
328055 330057 338057 330061 332059 335066=
46086 22151 99325 71180 46/// /3304 10163 40138 51006 91450 22200
00185 11902 20401 327// 41902 70009 333 91205 555 11039 22041
31446 43305 61449 326037 332035 355031 351022 344022 354018=
46027 22151 99419 71244 46/// /0000 10125 40177 53010 91450 22200
00118 11506 20301 329// 41506 70032 333 91202 555 11006 22007
31351 41503 61449 161005 177005 184012 193017 186014 187016=
46088 22151 99483 71232 46/// /2101 10112 40122 91450 22200 00109
1//00 70001 333 91202 555 11014 22017 31408 40603 61449 197011
182011 136007 076013 055023 047023=
46050 22151 99442 71246 46/// /1806 10143 40163 53007 91450 22200
00139 11508 20501 329// 41508 70041 333 91207 555 11063 22068
31434 41608 61449 179058 173059 176056 177057 175058 178057=
46069 22151 99337 71202 46/// /3304 10144 40142 53011 91450 22200
00181 11703 20401 329// 41703 70017 333 91205 555 11037 22038
31443 43205 61449 323036 306035 308036 322032 317037 317027=
46013 22151 99382 71233 46/// /3504 10109 40142 53014 91450 22200
00120 11605 20401 3//// 41605 70026 333 91205 555 11036 22038
31447 43405 61449 355034 015024 017016 004014 326023 314019=
46012 22151 99374 71229 46/// /3107 10123 40145 53006 91450 22200
00139 11308 20602 330// 41307 70038 333 91209 555 11074 22077
31441 43109 61449 310072 303067 308065 309059 312060 309060=
46087 22151 99485 71247 46/// /1104 10135 20135 40121 52003 91450
22200 00108 333 91206 555 11044 22052 31448 41106 61449 112035
129029 128029 148020 174018 148006=
46029 22151 99461 71245 46/// /1808 10151 20151 40145 53010 91450
22200 00146 11308 20603 330// 41307 70038 333 91209 555 11085
22092 31431 41810 61449 180079 183079 183079 184076 186077 185078=
46025 22151 99337 71191 46/// /1201 10165 40144 53011 91450 22200
00184 11401 315// 41401 70006 333 91201 555 11007 22007 31355
40303 61449 119007 150004 185006 137008 088013 038019=
####018000776####
SIVD45 KWNB 221500 RRC
BBXX
45005 22151 99417 70824 46/// /1903 10188 39981 40188 53011 91450
22200 00198 1//00 70001 333 91204 555 11033 22034 31447 42004
61449 188032 192028 194027 180027 184020 203015=
45001 22151 99481 70878 46/// /0105 10091 39931 40153 51021 91450
22200 00123 10401 20401 70007 333 91207 555 11056 22058 61449
016055 007059 007059 007064 003055 355057=
45007 22151 99427 70870 46/// /2706 10143 20100 39968 40180 53013
91450 22200 00180 10401 20401 70007 333 91207 555 11058 22061
31411 42708 61449 271057 269061 265063 265069 262065 259063=
45003 22151 99454 70828 46/// /2406 10144 39947 40160 53017 91450
22200 00140 10501 20501 70006 333 91207 555 11063 22068 31416
42308 61449 235058 234058 228052 229066 220055 214052=
####018000221####
SIVD20 KWNB 221500 RRE
BBXX
44020 22151 99414 70702 46/// /1305 10192 20192 40205 58004 91450
22200 00195 10601 20301 70004 333 91207 555 11057 22060 31353
41309 61449 130057 126062 124069 126072 127069 127074=
####018000127####
SMVX40 KAWN 221200 RRH
BBXX
VNVD 22123 99341 31371 41/98 12320 10145 20127 40223 52030 7//00
 819// 22283 2//// 80135=
####018000221####
SIVD45 KWNB 221500 RRD
BBXX
45006 22151 99473 70898 46/// /3506 10078 39948 40171 52018 91450
22200 00118 10502 20502 70008 333 91207 555 11061 22063 31414
43209 61449 344058 345063 344066 335065 330064 331072=
####018000136####
SIVD02 CWAO 221500
BBXX
CGDX 22154 99606 70654 41498 83013 10012 21036 40209 56003 71522 885// 22223 00031 20000 305// 40503 =

####018000158####
SIVF11 BIRK 221500
BBXX
TFBLK nil=
TFDRN nil=
TFGRS nil=
TFGRV nil=
TFGSK nil=
TFHFN nil=
TFKGR nil=
TFSRT nil=
TFSTD nil=
TFBKF nil=
####018000107####
SIVF30 LFPW 221500
BBXX
BATFR29 22154 99503 70013 46/// /2619 10165 20119 40216 57015
22214 00167=
####018000107####
SIVF30 LFPW 221500
BBXX
BATFR27 22154 99504 70042 46/// /2411 10159 20097 40214 56013
22200 04160=
####018000107####
SIVF30 LFPW 221500
BBXX
BATFR11 22154 99390 10011 46/// /1905 10247 20192 40175 56013
22214 04267=
####018000101####
SIVF30 LFPW 221500
BBXX
BATFR30 22154 99415 10087 46/// /2813 10234 20169 40161
22284 00227=
####018000107####
SIVF30 LFPW 221500
BBXX
BATFR50 22154 99330 10287 46/// /3010 10237 20199 40062 57009
22252 04259=
####018000107####
SIVF30 LFPW 221500
BBXX
BATFR49 22154 99440 70020 46/// /0211 10195 20137 40220 56011
22242 04209=
####018000101####
SIVF30 LFPW 221500
BBXX
BATFR03 22154 99494 70002 46/// /0011 10169 20120 40226 57050
22284=
####018000107####
SIVF30 LFPW 221500
BBXX
BATFR28 22154 99332 10260 46/// /3117 10254 20157 40076 55004
22223 04270=
####018000101####
SIVF30 LFPW 221500
BBXX
BATEU08 22154 99575 10032 46/// /2621 10125 20080 40079 51017
22262=
####018000101####
SIVF30 LFPW 221500
BBXX
BATFR02 22154 99505 70009 46/// /2421 10157 20119 40182
22244 00159=
####018000107####
SIVE30 LFPW 221500
BBXX
BATFR43 22154 99178 51525 46/// /0511 10254 20209 40140 56004
22264 00262=
####018000107####
SIVF30 LFPW 221500
BBXX
BATFR10 22154 99375 10006 46/// /0803 10250 20177 40166 57015
22222 04262=
####018000107####
SIVA30 LFPW 221500
BBXX
BATFR45 22154 99158 10653 46/// ///// 10267 20237 40100 53021
22244 00284=
####018000107####
SIVF30 LFPW 221500
BBXX
BATFR01 22154 99405 10269 46/// ///// 10227 20177 40092 56003
22200 00232=
####018000104####
SIVD30 LFPW 221500
BBXX
FVNM 22154 99213 71579 46/// /0304 10249 20174 40156 56007
22200 04269=
####018000101####
SIVF30 LFPW 221500
BBXX
BATEU03 22154 99527 70061 46/// /2409 10169 20109 40183
22282 04144=
####018000107####
SIVF30 LFPW 221500
BBXX
BATFR60 22154 99525 10037 46/// /2813 10165 20077 40186 58007
22213 04157=
####018000107####
SIVF30 LFPW 221500
BBXX
BATFR52 22154 99489 70039 46/// /2814 10159 20122 40242 57040
22284 04149=
####018000107####
SIVF30 LFPW 221500
BBXX
BATFR09 22154 99366 70073 46/// /2610 10230 20182 40179 56013
22263 04242=
####018000107####
SIVA30 LFPW 221500
BBXX
BATFR08 22154 99201 30575 46/// /0906 10234 20169 40204 53018
22200 00264=
####018000107####
SIVF30 LFPW 221500
BBXX
BATFR53 22154 99382 70291 46/// /2408 10225 20195 40213 58019
22262 04232=
####018000101####
SIVD30 LFPW 221500
BBXX
BATEU00 22154 99646 70528 46/// /3313 10025 21051 40065 52001
22283=
####018000107####
SIVE30 LFPW 221500
BBXX
BATFR59 22154 99199 31656 46/// /1220 10227 20167 40155 58014
22251 04249=
####018000101####
SIVE30 LFPW 221500
BBXX
BATEU07 22154 99239 31107 46/// /1717 10199 20145 40220 58003
22284=
####018000101####
SIVF30 LFPW 221500
BBXX
BATEU04 22154 99588 70274 46/// /0904 10085 20007 49982 58007
22223=
####018000121####
SIVD30 LFPW 221500
BBXX
BATFR15 22154 99304 70402 44/98 30709 10229 20179 40212 58013 70100
82222
22254 04244=
####018000131####
SIVD17 CWVR 221500
BBXX
45144 22151 99532 70983 46/// /0000 10104 39930 40197 57010
22200 00110 10700 70001 333 912// =

####018000139####
SNVD21 KHAF 221400
BBXX V2AH1 22144 99058 10970 41998 09904 10270 20245 40125 52035
7//// 80000 22264 20000 3//// 4//// 5//// 80252=
####018000143####
SNVC25 LFPW 221400
BBXX
2BLY5 22143 99168 50374 41298 10306 10258 20165 40195 52017 70200
81100
22285 04257 20402 314// 40903 80200=
####018000143####
SNVA25 LFPW 221400
BBXX
V7LD4 22143 99167 70181 41597 33412 10295 20242 40131 56020 70200
83122
22243 00190 20803 336// 40803 80258=
####018001550####
SIVD17 KWNB 221500 RRB
BBXX
46001 22151 99563 71480 46/// /1907 10100 49875 53006 91450 22200
00100 11006 20603 300// 41005 70029 333 91209 555 11073 22077
31432 41909 61449 186068 187076 193073 194071 198069 199071=
46082 22151 99597 71434 46/// /1504 10103 20092 49906 53018 91450
22200 00111 11106 20401 300// 41105 70028 333 91205 555 11043
22045 31353 41806 61449 150040 159036 162041 172041 172047 175052
81706 91355=
46072 22151 99517 71722 46/// /3306 10074 20043 40083 51022 91450
22200 00072 11604 20502 3//// 41604 70022 333 91207 555 11064
22069 31350 43307 61449 330060 325055 322055 320055 326054 329046
83206 91434=
46085 22151 99559 71425 46/// /2007 10100 20068 49940 91450 555
11072 22076=
46077 22151 99579 71543 46/// /3103 10091 20080 49852 53027 91450
22200 00102 10702 20401 3//// 40702 70009 333 91204 555 11030
22031 31435 42605 61449 306030 267042 248036 256037 244034 238033
82505 91435=
46035 22151 99571 71778 46/// /3009 1//// 40070 53006 91450 22200
10904 20703 300// 40903 70022 333 91213 555 11088 22094 31440
43014 61449 301092 301101 298094 306084 296092 303080 83112 91441=
51101 22151 99243 71621 46/// /0706 10257 20195 40177 56010 91450
22200 00268 11104 20501 333// 41104 70020 333 91207 555 11061
22064 31443 40807 61449 068058 068058 058059 066056 070060 064059=
46061 22151 99602 71468 46/// /0908 10096 49883 53018 91450 22200
00114 11204 20602 300// 41203 70020 333 91210 555 11086 22090
31406 41013 61449 087081 089083 089083 097071 102085 115060=
####018000422####
SIVD20 KWNB 221500 RRF
BBXX
44007 22151 99435 70701 46/// /0802 10166 40210 54000 91450 22200
00160 10801 20401 3//// 40801 70004 333 91202 555 11023 22028
31432 40702 61449 083020 069021 072016 077014 091015 091017=
44013 22151 99423 70707 46/// /1303 10177 20175 40206 54000 91450
22200 00165 10801 300// 40801 70003 333 91204 555 11039 22046
31427 41305 61449 129034 131040 134040 138037 138036 141034=
####018000521####
SIVD15 KWNB 221500 RRD
BBXX
41040 22151 99145 70530 46/// /0511 10286 20241 40144 58004 91450
22200 00289 10907 20805 3//// 40905 70036 333 91213 555 11113
22121 31404 40513 61449 052105 052105 052104 053105 054112 057107
80612 91404=
41010 22151 99289 70785 46/// /1405 10283 40195 53015 91450 22200
00289 10603 20401 300// 40603 70015 333 91206 555 11056 22059=
41009 22151 99285 70802 46/// /1306 10287 20248 40185 51011 91450
22200 00288 10602 20602 300// 41002 70012 333 91208 555 11068
22072=
####018000247####
SIVD19 KWNB 221500 RRB
BBXX
46072 22151 99517 71722 46/// /3306 10074 20043 40083 51022 91450
22200 00072 11604 20502 3//// 41604 70022 333 91207 555 11064
22069 31350 43307 61449 330060 325055 322055 320055 326054 329046
83206 91434=
####018001013####
SIVD22 KWNB 221500 RRG
BBXX
46026 22151 99378 71228 46/// /3003 10119 40145 53011 91450 22200
00142 11605 20401 329// 41605 70023 333 91204 555 11027 22027
31449 43004 61449 295024 277012 273016 256009 214002 257012=
46015 22151 99427 71248 46/// /1302 10129 30176 40176 53011 91450
22200 00131 11607 20401 331// 41607 70036 333 91204 555 11020
22020 31400 41004 61449 138018 163013 141015 130019 117021 105024=
46041 22151 99474 71247 46/// /1707 10146 40125 53005 91450 22200
00136 11308 20503 3//// 41307 70039 333 91209 555 11080 22088
31432 41710 61449 172074 172078 173075 173075 172073 175075=
46041 22151 99474 71247 46/// /1707 10146 40125 91450 22200 00136
11308 20503 3//// 41307 70039 333 91209 555 11080 22088 31432
41710 61449 172074 172078 173075 173075 172073 175075=
46042 22151 99368 71224 46/// /3505 10123 30143 40143 53004 91450
22200 00145 11608 20401 330// 41608 70041 333 91207 555 11052
22054 31353 43507 61449 345049 000043 353043 347040 348048 347046=
####018000593####
SIVD45 KWNB 221500 RRE
BBXX
45008 22151 99443 70824 46/// /2408 10156 39957 40169 53015 91450
22200 00174 10301 20301 70007 333 91209 555 11085 22089 61449
244080 238080 229074 229073 231067 228065=
45012 22151 99436 70774 46/// /2303 10198 30078 40168 51009 91450
22200 00192 1//00 70002 333 91204 555 11035 22040 31444 42304
61449 231030 213028 215028 221026 213026 206026=
45002 22151 99453 70864 46/// /3006 10109 20069 39959 40172 51025
91450 22200 10602 20401 319// 40601 70010 333 91207 555 11059
22062 31353 42908 61449 296055 296053 291055 295058 296059 301060=
####018000593####
SIVE15 KWNB 221500 RRA
BBXX
51004 22151 99175 71524 46/// /0708 10247 20189 40128 57003 91450
22200 00256 10804 20403 310// 40803 70021 333 91210 555 11085
22090 31405 40610 61449 065081 067080 063082 062081 057083 055077=
51002 22151 99171 71578 46/// /0806 10253 40138 57006 91450 22200
00261 333 91208 555 11068 22071 31353 41008 61449 082064 085063
085065 086061 084063 097067=
51100 22151 99236 71539 46/// /0706 10243 40180 56005 91450 22200
00257 11305 20501 333// 41305 70024 333 91207 555 11062 22065
31351 40708 61449 070058 071058 070055 071054 073055 067056=
####018000142####
SIVA30 LFPW 221500
BBXX
DADD 22153 99109 70179 41998 50805 10290 20228 40120 57030 70211
82068
22244 20300 315// 40803 5//// 80245=
