####018000184####
SNVD15 KWNB 221900 RRQ
BBXX
41114 22191 99276 70802 46/// ///// 1//// 91916 22200 00290 11002
21002 306// 41101 70012=
42362 22191 99278 70907 46/// /1205 10311 20217 91915=
####018006600####
SNVF21 EGRR 221900
BBXX
64045 22194 99591 70117 46/// /2113 10115 20079 40050 57006 22200
00126 10606 70028=
62105 22194 99554 70122 46/// /2019 10133 20122 40090 57019 22200
00128 10706 70030=
62081 22194 99510 70134 46/// ///// 10151 20134 40168 56012 22200
00146 10706 70030=
62442 22194 99490 70163 46/// /2018 1//// 2//// 40168 57014 22200
00154=
62163 22194 99475 70084 46/// /1804 10160 20110 40230 56003 22200
00173 11007 70035=
62001 22194 99453 70050 46/// /0511 10172 20124 40224 56003 22200
00190 11007 70033=
64046 22194 99606 70049 46/// /2618 10109 20087 40042 52014 22200
00110 10706 70029=
62301 22194 99524 70047 46/// /2317 10140 20119 40192 55001 22200
00157 10403 70013=
62303 22194 99516 70051 46/// /2314 10143 20112 40208 53001 22200
00151 10503 70017=
62107 22194 99501 70061 46/// /2613 10147 20112 40223 53001 22200
00157 10904 70020=
62103 22194 99499 70029 46/99 /2716 10149 20115 40220 53001 22200
00158 10702 70008=
62029 22194 99487 70125 46/// /2115 10156 20132 40208 56010 22200
00159=
62305 22194 99504 10000 46/98 /2617 10159 20125 40221 53001 22200
00167 10601 70006=
62170 22194 99514 10020 46/97 /2414 10168 20135 40204 53003 22200
00167 10501 70003=
AMOUK14 22194 99536 70040 46/// ///// 10144 20122 30145 40180
 57005 91850=
AMOUK06 22194 99533 70046 46/// ///// 10146 20124 30156 40187
 54000 91850=
AMOUK13 22194 99519 10013 46/// ///// 10165 20084 30186 40201
 52004 91850=
AMOUK03 22194 99515 10031 46/// ///// 10164 20131 30166 40202
 57007 91850=
AMOUK09 22194 99537 70038 46/// ///// 10144 20120 30158 40183
 57007 91850=
AMOUK02 22194 99535 70030 46/// ///// 10145 20111 30145 40187
 57007 91850=
AMOUK11 22194 99533 70062 46/// ///// 10153 20097 30135 40180
 54002 91850=
AMOUK16 22194 99523 70063 46/// ///// 10137 20115 30190 40196
 57012 91850=
AMOUK12 22194 99533 70047 46/// ///// 10147 20123 30150 40183
 54003 91850=
AMOUK05 22194 99519 10041 46/// ///// 10157 20110 30157 40204
 54002 91850=
62148 22194 99536 10015 46/// ///// 10143 40189 53009 22200=
62150 22194 99536 10007 47698 /2607 10145 20085 40191 52011 700// 22200 10401 70007=
62121 22194 99535 10027 46/// /2514 10143 20068 40183 53008 22200=
62111 22194 99580 70003 46/// /2820 10125 20087 40108 53011 22200 10503 70017=
PJAI 22194 99581 70014 47798 /2617 10132 20081 40095 53012 700// 22200=
62112 22194 99584 70002 47598 /2814 10117 20081 40091 52014 751// 22200=
63055 22194 99606 10016 469// /3022 10115 20066 40034 52016 22200=
63108 22194 99608 10017 47598 /2820 10110 20060 40024 52015 700// 22200 10706 70028=
63106 22194 99610 10017 46/// /2724 10109 40016 52013 22200=
63112 22194 99611 10010 46/98 /2824 10112 20055 40014 52015 22200 10707 70033=
63107 22194 99611 10017 46/// /2620 10113 40015 52015 22200=
63101 22194 99612 10009 46/// /2922 10119 20068 40009 52015 22200=
63103 22194 99612 10011 46/// /2825 10115 20059 40021 52016 22200 10707 70033=
63104 22194 99612 10016 47598 /2723 10115 20067 40008 52014 700// 22200=
63117 22194 99613 10011 47/98 /2723 10113 20059 40011 52014 700// 22200=
63115 22194 99616 10013 47295 /2627 10099 20067 40003 53016 763// 22200 10709 70044=
MWYG6 22194 99603 70040 47998 /2619 10112 700// 22200=
62144 22194 99534 10017 47797 /2610 10142 20081 40188 53006 700// 22200 10402 70010=
64041 22194 99607 70026 47497 ///// 10106 20078 40036 52016 700// 22200 10807 70034=
62145 22194 99531 10028 47997 /2713 10150 20051 40192 53006 700// 22200 10503 70014=
62142 22194 99530 10021 46698 /2610 10151 40187 53007 22200 10402 70009=
62149 22194 99537 10011 47798 /2609 10144 20082 40184 52012 700// 22200 10402 70009=
62131 22194 99539 10012 46/// /27// 10140 20070 40177 52010 22200=
62127 22194 99540 10007 47798 ///// 10139 20064 40179 53012 700// 22200 10402 70009=
62165 22194 99540 10009 47798 /2709 10139 20065 40183 53010 700// 22200 10402 70010=
62123 22194 99563 10022 47997 /2620 10129 20085 40127 53008 700// 22200=
62132 22194 99564 10020 46/// /2915 10128 20083 40130 52009 22200=
62120 22194 99564 10021 47997 /2821 10125 20084 40123 53010 700// 22200=
62154 22194 99564 10022 46/// /2717 10125 20085 40123 52010 22200=
62152 22194 99570 10018 47797 /3213 10127 20087 40121 700// 22200 16208 70040=
62119 22194 99570 10019 47897 /2922 10135 20090 40120 53011 700// 22200 10505 70025=
62133 22194 99571 10009 46/// /2513 10130 20091 40113 52017 22200=
PJGO 22194 99571 10022 47797 /2614 10128 20098 40114 53012 700// 22200=
62164 22194 99572 10008 47798 /2611 10134 20097 40113 52014 700// 22200 10504 70020=
62146 22194 99572 10021 47/97 /2509 10123 20098 40115 53009 700// 22200 10605 70023=
62140 22194 99573 10013 46/// /27// 10127 20087 40108 52018 22200=
62122 22194 99573 10016 47898 /2713 10127 20098 40113 53012 700// 22200 10605 70024=
63056 22194 99597 10016 47998 /2719 10114 20072 40039 52017 700// 22200 10706 70031=
63057 22194 99592 10015 47497 /2722 10124 20082 40062 52017 751// 22200 10606 70029=
62128 22194 99587 10014 47998 /2614 10115 20078 40077 52016 700// 22200 10605 70025=
62129 22194 99584 10003 46/// /2818 10118 20082 40088 53012 22200=
62113 22194 99584 10002 47798 /2620 10118 20077 40093 53013 700// 22200=
ZQSD5 22194 99583 10007 46/// ///// 10122 20080 40093 53015 22200 10705 70026=
62114 22194 99583 10000 46/// /2619 10117 20088 40089 53014 22200=
62134 22194 99580 10014 47998 /2718 10123 20081 40096 53014 700// 22200 10605 70023=
62102 22194 99579 10018 46/// /2821 10126 20079 40094 53013 22200 10605 70025=
62117 22194 99579 10000 47998 /2716 10129 20081 40099 52015 700// 22200 10504 70018=
62143 22194 99577 10018 47998 /3113 10124 20084 40109 53013 700// 22200 10605 70025=
62118 22194 99577 10009 47798 /2717 10126 20079 40098 52015 700// 22200 10604 70021=
62155 22194 99577 10007 47797 /2718 10126 20082 40107 52015 751// 22200 10504 70019=
62116 22194 99576 10011 47798 /2816 10128 20080 40101 53014 700// 22200 10504 70022=
62104 22194 99574 10013 47798 /2714 10129 20083 40106 53015 700// 22200=
62153 22194 99573 10020 47998 /2608 10126 20084 40109 53015 700// 22200 10604 70022=
AMOUK01 22194 99554 10077 46/// ///// 10145 2//// 30112 40131
 52007 91850=
62094 22194 99517 70067 46/// /2316 10140 20121 40198 56002 22200
00143 10503 70016=
62095 22194 99531 70159 46/// /2024 10137 20133 40080 56021 22200
00132 10607 70033 333 90710 91136=
62304 22194 99511 10018 46/98 /2619 10163 20130 40207 53005 22200
00168 10501 70007 333 90710 91125=
####018000535####
SNVD20 KWNB 221900 RRO
BBXX
44098 22191 99428 70702 46/// ///// 1//// 91907 22200 00175 10801
20801 70004=
44034 22191 99441 70681 46/10 /1803 10142 40206 56015 91904 22200
00129 10401 70006 333 91203 555 11041 22049=
44039 22191 99411 70727 46/// /1001 10239 20199 40205 57007 91900
22200 00228 1//00 70001 333 91201=
44060 22191 99413 70721 46/// ///02 10209 40196 91915 22200 00205
333 91203 555 11026 22031=
44022 22191 99409 70737 46/// /2802 10251 20199 40187 91915 22200
00221 333 91202 555 11021 22021=
####018000305####
SNVE15 KWNB 221900 RRE
BBXX
51203 22191 99208 71570 46/// ///// 1//// 91913 22200 00265 11302
21001 324// 41302 70010=
52200 22191 99134 11448 46/// ///// 1//// 91915 22200 00292 10903
20903 70015=
51201 22191 99217 71581 46/// ///// 1//// 91912 22200 00264 11104
21002 334// 41103 70018=
####018000224####
SNVD45 KWNB 221900 RRF
BBXX
45025 22191 99470 70884 46/// /2803 10113 20076 40170 91920 22200
00161 1//00 70002 333 91205=
45026 22191 99420 70866 46/// /2507 10160 20096 91920 22200 00190
10402 70009 333 91209=
####018000139####
SMVF01 EGRR 221800 RRC
BBXX
P3JA9 22183 99484 70186 41797 62027 10160 20144 40160 54000 70311
8457/ 22224 21006 335// 41505 80150=
####018000203####
SNVD22 KWNB 221900 RRU
BBXX
46088 22191 99483 71232 46/// /3102 10118 40132 91920 22200 00110
1//00 70002 333 91202 555 11019 22023 31905 43002 61919 307016
308016 296011 311011 082006 287006=
####018000087####
SNVX19 LFVW 221900
BBXX
MINFR00 2219/ 99321 70811 46/// ///// 10250 40187 57017=
####018000125####
SNVD17 CWVR 221900
BBXX
46147 22191 99518 71312 46/// /1410 10174 40031 57029
22200 00138 11306 70032 333 91212 =

####018000131####
SNVD17 CWTO 221900
BBXX
45135 22191 99438 70769 46/// /2807 10189 30081 40170 57003
22200 00183 10201 70003 333 91208 =

####018000125####
SNVD17 CWVR 221900
BBXX
46145 22191 99544 71324 46/// /1407 10117 40036 57019
22200 00117 11203 70016 333 91209 =

####018000125####
SNVD17 CWVR 221900
BBXX
46131 22191 99499 71250 46/// /1511 1//// 40109 5////
22200 00147 10402 70008 333 91213 =

####018000131####
SNVD17 CWTO 221900
BBXX
45152 22191 99462 70797 46/// /2106 10178 39931 40165 52001
22200 00174 10200 70001 333 91210 =

####018000131####
SNVD17 CWTO 221900
BBXX
45132 22191 99425 70812 46/// /2103 10193 39980 40187 57004
22200 00194 10400 70002 333 91203 =

####018000226####
SNVB20 RJTD 221900
BBXX
JGQH    22194 99352 11542
46/// /1825 10267 20236 40126 55002 8////
22221 00269 11109 70043=
JGQH    22194 99352 11542
46/// /1825 10267 20236 40126 55002 8////
22221 00269 11109 70043=
####018000170####
SMVD15 KWNB 221800 RRX
BBXX
42392 22181 99272 70900 46/// ///// 1//// 91820 22200 10503 70015=
42887 22181 99282 70885 46/// /0103 10255 91820 22200 10602 70011=
####018000151####
SNVB21 RJTD 221900
BBXX
VRGM8   22193 99227 11195
41/98 /0215 10260 20207 40101 56/// 70222 8////
22213 00288 20402 322// 40803 5//// 80225=
####018000131####
SNVD17 CWTO 221900
BBXX
45137 22191 99455 70810 46/// /2206 10160 39961 40173 52006
22200 00159 10301 70005 333 91206 =

####018000262####
SNVD20 KWNB 221900 RRP
BBXX
44029 22191 99425 70706 46/30 /1002 10180 40184 58012 91904 22200
00170 1//00 70002 333 91202 555 11025 22030=
44030 22191 99432 70704 46/30 /0802 10176 40189 58012 91904 22200
00168 10801 70005 333 91202 555 11025 22030=
####018000185####
SNVD15 KWNB 221900 RRR
BBXX
41036 22191 99342 70770 46/// /2401 10271 20234 40194 91920 22200
00275 333 91202 555 11009 22009 61919 246009 245012 252018 243015
230021 224018=
####018000227####
SNVX22 EGRR 221900
BBXX
AMOUK15 22194 99159 50057 46/// ///// 10193 20156 30160 40196
 52007 91850=
ZCDT2 22193 99291 70161 41498 80413 10226 20188 40190 52001 75885
882// 22284 00230 20101 304// 40302 5//// 80202=
####018000147####
SNVX21 EGRR 221900
BBXX
VQKR7 22194 99322 71171 41297 73210 10181 20168 40143 57/// 70222
85761 22200 04181 20903 33400 40701 5//// 80173=
####018000368####
SNVD22 KWNB 221900 RRV
BBXX
46088 22191 99483 71232 46/// /3102 10118 40132 91920 22200 00110
1//00 70002 333 91202 555 11019 22023 31905 43002 61919 307016
308016 296011 311011 082006 287006=
46087 22191 99485 71247 46/// /1808 10157 20157 40129 91920 22200
00106 333 91210 555 11093 22107 31826 41911 61919 179082 181081
184085 184083 186083 185084=
####018000287####
SNVD45 KWNB 221900 RRG
BBXX
45027 22191 99469 70919 46/// /3303 10094 20042 39986 40210 91840
333 91205=
45027 22191 99469 70919 46/// /3304 10093 20042 39987 40211 91850
333 91205=
45028 22191 99468 70918 46/// /2902 10090 20062 39979 40202 91850
22200 00088 333 91203=
