####018000027####
SIVB21 BABJ 220900
NIL
####018003369####
SNVD15 KWNB 221000 RRC
BBXX
41049 22101 99275 70630 46/// /1007 10272 20237 40216 53004 90950
22200 00272 10803 20602 300// 40802 70016 333 91208 555 11075
22080 30904 40909 60949 094069 092064 101064 099068 091071 095067
80908 90904=
41001 22101 99347 70727 46/// /1807 10269 20225 40216 55000 90950
22200 00271 11102 20502 3//// 41102 70012 333 91208 555 11074
22078 30936 41809 60949 178069 182072 181074 183069 185072 177066=
42020 22101 99270 70967 46/// /1102 10281 20215 40143 57008 90950
22200 00290 10502 20401 309// 40501 70008 333 91203 555 11024
22024 30911 41304 60949 112022 128023 139025 133029 138028 124025=
41044 22101 99217 70587 46/// /1110 10282 20237 40185 53010 90950
22200 00283 10905 20704 300// 40903 70023 333 91212 555 11109
22116 30934 41012 60949 110102 109103 106098 107086 105080 111090
81111 90937=
42065 22101 99149 70751 46/// /0808 10287 20248 90950 22200 10602
20602 70012 333 91209 555 11086 22091 30949 40809 60949 079079
079080 075077 074079 076078 074077 80808 90949=
41048 22101 99320 70696 46/// /1106 10270 20234 40223 55000 90950
22200 00276 11103 20401 3//// 41102 70013 333 91207 555 11056
22059 30924 41107 60949 105057 107064 105063 112058 110049 108055
81007 90924=
44005 22101 99432 70691 46/// /1704 10156 90950 22200 00149 333
91205 555 11043 22049=
42058 22101 99149 70749 46/// /0908 10289 20244 40110 53005 90950
22200 00293 10602 20602 70012 333 91209 555 11083 22088 30855
40710 60949 091077 085078 086076 083078 074080 074083 80709 90855=
42001 22101 99259 70897 46/// /1006 10280 20246 40139 56008 90950
22200 00288 10502 20501 3//// 40601 70008 333 91207 555 11059
22062 30916 41008 60949 102056 100063 099062 096063 099059 099059=
42035 22101 99292 70944 46/// /0902 10263 20212 40152 56008 90950
22200 00276 1//00 70002 333 91202 555 11016 22017 30910 40904
60949 087016 083019 084024 093029 079025 086023=
42056 22101 99198 70849 46/// /1606 10293 20233 40120 57004 90950
22200 00301 10301 20301 70005 333 91207 555 11060 22063 30941
41507 60949 156058 156059 156052 156052 151059 151054 81507 90941=
42060 22101 99163 70635 46/// /0808 10287 20237 40142 53007 90950
22200 00293 10503 20503 300// 40901 70015 333 91209 555 11083
22088 30901 40709 60949 074078 074079 072078 070079 072077 079077
80708 90932=
42036 22101 99285 70845 46/// /1307 10282 20252 40149 55000 90950
22200 00285 10402 20402 70009 333 91208 555 11070 22074 30906
41410 60949 129066 131071 131079 133085 131084 126077=
42057 22101 99170 70815 46/// /0705 10289 20255 40122 55003 90950
22200 00297 10301 20301 70004 333 91207 555 11049 22051 30949
40607 60949 064047 063046 066043 067042 080033 087030 80706 90949=
42012 22101 99301 70876 46/// /0403 10266 20243 40161 57007 90950
22200 00276 10401 20401 317// 40601 70006 333 91204 555 11032
22033 30941 40404 60949 038032 036024 041016 042015 050012 054007
80404 90942=
42055 22101 99222 70940 46/// /0102 10286 20228 40126 58008 90950
22200 00295 10601 20401 305// 40601 70004 333 91203 555 11023
22023 30935 40203 60949 014021 020022 020017 020020 029020 029020
80303 90936=
42003 22101 99260 70856 46/// /0609 10254 40142 53008 90950 22200
00295 10602 20602 70012 333 91211 555 11098 22103 30858 41017
60949 059093 059082 061072 059080 064114 087088 80813 90859=
####018001645####
SNVD17 KWNB 221000 RRA
BBXX
46081 22101 99608 71483 46/// /0103 10087 20082 49853 51029 90950
22200 00090 1//00 70000 333 91204 555 11036 22037 30939 40204
60949 010035 009032 016034 031033 033024 015019 80204 90924=
32012 22101 99197 50856 46/// ///// 1//// 90950 22200 10603 70017=
46002 22101 99426 71305 46/// ///08 10194 40135 58012 90950 22200
00188 11507 20602 3//// 41507 70036 333 91210 555 11088 22095=
46006 22101 99408 71375 46/// /2008 10204 40117 56015 90950 22200
00200 11206 20602 3//// 41206 70030 333 91209 555 11086 22093
30928 42110 60949 204080 205079 203084 200075 201071 201075=
46084 22101 99566 71361 46/// /1912 10114 20081 49987 51023 90950
22200 00119 11108 20806 300// 41105 70038 333 91215 555 11125
22133 30949 41915 60949 191116 192101 188106 189092 189100 190100=
46075 22101 99539 71608 46/// /2809 10078 20048 49911 51011 90950
22200 00085 10907 20705 300// 40905 70033 333 91211 555 11093
22098 30857 43013 60949 278088 281085 286090 294093 299098 298105
83011 90853=
46059 22101 99380 71300 46/// /2804 10196 40195 55006 90950 22200
00195 11508 20401 3//// 41508 70038 333 91205 555 11037 22040
30948 42805 60949 273034 262032 247032 230030 216031 214031=
46005 22101 99461 71310 46/// /0401 10151 40107 58008 90950 22200
00169 11107 20401 3//// 41107 70033 333 91202 555 11009 22009
30910 41702 60949 046009 213008 199004 182009 213005 153005=
46080 22101 99580 71500 46/// /1703 10097 20082 49834 51018 90950
22200 00101 11004 20401 3//// 41004 70018 333 91204 555 11030
22031 30900 41705 60949 171029 176034 179037 166036 165039 166040
81704 90900=
####018000247####
SNVD19 KWNB 221000 RRA
BBXX
46070 22101 99551 11753 46/// /3209 10101 20053 40093 53019 90950
22200 00111 11404 20503 3//// 41402 70021 333 91210 555 11093
22098 30922 43111 60949 320087 323089 321089 317087 317087 318082
83210 90929=
####018001122####
SNVD20 KWNB 221000 RRB
BBXX
44060 22101 99413 70721 46/// ///02 10195 40205 90945 22200 00196
333 91203 555 11021 22021=
41008 22101 99314 70809 46/// /1602 10272 20257 40180 55004 90950
22200 00269 10801 20401 300// 40801 70007 333 91203 555 11027
22030 30858 41403 60949 162024 166022 151016 146016 141020 135025=
44014 22101 99366 70748 46/// /2002 1//// 40202 53005 90950 22200
00210 10902 20301 308// 40902 70010 333 91203 555 11021 22021
30911 42104 60949 200021 201025 197028 200029 202035 197033=
41004 22101 99325 70791 46/// /1801 10272 20232 40190 55000 90950
22200 00275 10802 20401 3//// 40801 70008 333 91202 555 11013
22014 30949 42105 60949 181014 196022 197026 200030 195032 204041=
44009 22101 99385 70747 46/// /2103 10205 40189 53004 90950 22200
00203 10802 20301 300// 40802 70009 333 91204 555 11034 22037
30850 42204 60949 210032 203027 202026 194020 181018 173018=
41013 22101 99334 70777 46/// /2003 10263 20232 40190 55000 90950
22200 00268 10502 20401 315// 40502 70009 333 91203 555 11027
22028 30851 42206 60949 204028 205031 206038 215046 214048 210052=
####018000416####
SNVD45 KWNB 221000 RRD
BBXX
45007 22101 99427 70870 46/// /2806 10150 20100 39943 40154 54000
90950 22200 00182 10402 20402 70008 333 91208 555 11067 22070
30949 42609 60949 276064 272065 268066 265068 266066 265067=
45003 22101 99454 70828 46/// /2407 10148 39919 40132 53005 90950
22200 00149 10502 20502 70008 333 91209 555 11077 22082 30923
42409 60949 241072 241069 242070 242067 245068 250071=
####018003118####
SNVD22 KWNB 221000 RRE
BBXX
46053 22101 99342 71198 46/// /2802 10143 40126 58005 90950 22200
00168 333 91204 555 11019 22020 30947 42804 60949 281019 271023
277020 254018 249023 262019=
46014 22101 99394 71240 46/// /3604 10122 40147 54000 90950 22200
00113 11607 20301 3//// 41607 70034 333 91205 555 11043 22049
30949 43507 60949 353039 352040 353045 351050 352053 351055=
46011 22101 99350 71210 46/// /3205 10141 40137 50000 90950 22200
00168 11703 20401 330// 41703 70016 333 91206 555 11050 22052
30943 43206 60949 324047 331044 331042 338035 347040 334039=
46047 22101 99324 71195 46/// /3203 10160 40136 56006 90950 22200
00179 11002 20401 332// 41002 70011 333 91205 555 11035 22036
30911 43006 60949 316034 320039 321038 302039 309037 304029=
46028 22101 99357 71219 46/// /3407 10132 20129 30138 40138 57005
90950 22200 00156 11705 20502 330// 41705 70024 333 91209 555
11075 22078 30921 43409 60949 335072 333073 327069 341066 336066
325071=
46088 22101 99483 71232 46/// /2301 10115 40122 90950 22200 00108
1//00 70001 333 91201 555 11011 22013 30857 40204 60949 224008
282005 352013 328012 016017 030028=
46086 22101 99325 71180 46/// /3003 10165 40131 58004 90950 22200
00185 11402 20401 317// 41402 70009 333 91204 555 11028 22029
30901 43104 60949 300027 291018 335018 321009 308025 303027=
46027 22101 99419 71244 46/// /0000 10124 40169 56009 90950 22200
00118 11206 20401 329// 41206 70028 333 91202 555 11006 22007
30854 41302 60949 300004 023004 070003 076002 077003 068006=
46050 22101 99442 71246 46/// /1806 10142 40156 58007 90950 22200
00138 11608 20501 330// 41608 70040 333 91207 555 11061 22067
30905 41807 60949 178056 183052 185053 190051 184056 184055=
46069 22101 99337 71202 46/// /3104 10152 40134 54000 90950 22200
00181 11903 20401 331// 41903 70015 333 91206 555 11041 22043
30909 43106 60949 310040 295041 298037 302037 309036 310038=
46013 22101 99382 71233 46/// /3306 10122 40129 54000 90950 22200
00115 11605 20502 3//// 41605 70026 333 91207 555 11064 22070
30910 43208 60949 329058 328063 328065 323069 324068 323070=
46012 22101 99374 71229 46/// /3307 10125 40143 56003 90950 22200
00136 11607 20602 330// 41607 70037 333 91208 555 11070 22073
30905 43209 60949 329065 325069 320068 311070 320078 320071=
46087 22101 99485 71247 46/// /1503 10144 20144 40125 54000 90950
22200 00110 11207 20401 328// 41207 70033 333 91204 555 11030
22036 30913 41707 60949 145024 139022 170044 170061 171057 182057=
46029 22101 99461 71245 46/// /1809 10152 20151 40139 57007 90950
22200 00146 11607 20602 330// 41606 70034 333 91210 555 11092
22099 30916 41710 60949 178085 178082 177082 174087 173088 171087=
46054 22101 99342 71204 46/// /3305 10143 40131 54000 90950 22200
00154 11703 20501 300// 41703 70013 333 91206 555 11051 22054
30905 40207 60949 339049 020045 023049 023059 017063 017059=
46025 22101 99337 71191 46/// /2801 10164 40135 54000 90950 22200
00188 11501 319// 41501 70006 333 91202 555 11013 22014 30850
40103 60949 280013 338015 341013 212007 329013 017015=
####018000089####
SNVF25 LFPW 221000
BBXX
BAREU51 22104 99399 10122 46/// ///// 40167 52005
22235=
####018000089####
SNVF25 LFPW 221000
BBXX
BAREU00 22104 99491 70280 46/// ///// 40070 57011
22263=
####018000083####
SNVF25 LFPW 221000
BBXX
BAREU58 22104 99357 10252 46/// ///// 40090
22284=
####018000095####
SNVF25 LFPW 221000
BBXX
BATFR03 22104 99501 70007 46/// /2724 10159 20122 40226
22244=
####018000150####
SIVX19 LFVW 220900 RRE
BBXX
MINUK04 2209/ 99521 10018 46/// ///// 10158 4//// 52145=
MINUK03 2209/ 99525 10046 46/// ///// 10153 40176 52018=
####018000089####
SNVD25 LFPW 221000
BBXX
BAREU11 22104 99285 70570 46/// ///// 40247 52005
22254=
####018000089####
SNVD25 LFPW 221000
BBXX
BAREU04 22104 99395 70757 46/// ///// 40193 57001
22273=
####018000107####
SNVE25 LFPW 221000
BBXX
BATFR59 22104 99197 31657 46/// /1117 10237 20182 40170 51017
22242 04249=
####018000115####
SMVX40 KAWN 220900 RRC
BBXX
VLHJ 22091 99273 31128 46/// /1708 10180 20097 40203 57001 22252
 06205 85133=
####018000221####
SNVD20 KWNB 221000 RRC
BBXX
44020 22101 99414 70702 46/// /1607 10195 20194 40210 56010 90950
22200 00196 10301 20301 70004 333 91208 555 11070 22075 30926
41709 60949 162067 168069 170071 172062 174069 175066=
####018000221####
SNVD45 KWNB 221000 RRE
BBXX
45006 22101 99473 70898 46/// /3206 10074 39925 40147 53005 90950
22200 00119 10502 20502 70008 333 91208 555 11065 22067 30851
43208 60949 315062 322061 317064 319064 318065 319068=
####018001282####
SNVD15 KWNB 221000 RRD
BBXX
41047 22101 99275 70715 46/// /1007 10278 20263 40192 55000 90950
22200 00289 10703 20602 312// 40703 70016 333 91208 555 11069
22072 30901 41109 60949 104069 100071 107069 100073 106071 109061
81108 90904=
42002 22101 99258 70937 46/// /1402 10281 20239 40137 58008 90950
22200 00296 10601 304// 40601 70006 333 91203 555 11017 22017
30858 41103 60949 137017 077010 094012 093009 118015 104017=
42040 22101 99292 70882 46/// /1205 10269 40146 56006 90950 22200
00279 10401 20401 3//// 40501 70007 333 91206 555 11046 22048
30923 41407 50145 60949 121045 128046 133055 144058 142052 139054
70939 81506 90912=
42059 22101 99151 70675 46/// /0806 10282 20254 40125 53007 90950
22200 00296 10502 20502 3//// 40601 70011 333 91207 555 11063
22066 30930 40910 60949 080061 081077 097068 091066 085065 091064
80909 90931=
41043 22101 99211 70650 46/// /1009 10278 20246 40163 55000 90950
22200 00282 10805 20704 300// 40803 70024 333 91211 555 11094
22100 30947 41011 60949 101089 098084 098087 096082 095081 092084
81010 90948=
41036 22101 99342 70770 46/// /2106 10272 20238 40193 55000 90950
22200 00272 10502 20502 309// 40901 70010 333 91207 555 11061
22065 60949 210058 213060 213063 213061 216048 207048=
####018000428####
SNVD20 KWNB 221000 RRD
BBXX
44007 22101 99435 70701 46/// /1302 10169 40209 56011 90950 22200
00164 10801 20401 3//// 40801 70005 333 91203 555 11023 22027
30853 41705 60949 131022 139028 138032 145031 148038 162046=
44013 22101 99423 70707 46/// /1505 10173 20167 40207 56011 90950
22200 00163 10801 20301 300// 40801 70004 333 91206 555 11053
22060 30932 41506 60949 149048 151054 151052 152043 146040 141039=
####018000158####
SNVF11 BIRK 221000
BBXX
TFBLK nil=
TFDRN nil=
TFGRS nil=
TFGRV nil=
TFGSK nil=
TFHFN nil=
TFKGR nil=
TFSRT nil=
TFSTD nil=
TFBKF nil=
####018000101####
SNVF25 LFPW 221000
BBXX
BATEU08 22104 99576 10049 46/// /2723 10120 20082 40049 53018
22263=
####018000107####
SNVF25 LFPW 221000
BBXX
BATEU06 22104 99461 70247 46/// /1917 10182 20132 40156 58033
22264 04187=
####018000101####
SNVD25 LFPW 221000
BBXX
BATEU05 22104 99672 70542 46/// /0515 11007 21066 40114 58013
22243=
####018000107####
SNVE25 LFPW 221000
BBXX
BATFR56 22104 99098 30730 46/// /1422 10247 20225 40117 56018
22213 04272=
####018000101####
SNVF25 LFPW 221000
BBXX
BATEU04 22104 99588 70299 46/// /2205 10092 20039 49993 51001
22223=
####018000107####
SNVF25 LFPW 221000
BBXX
BATFR60 22104 99515 10023 46/// /2615 10154 20115 40196 58001
22213 04157=
####018000107####
SNVA25 LFPW 221000
BBXX
BATFR08 22104 99201 30575 46/// /2514 10242 20197 40191 56024
22200 00295=
####018000107####
SNVF25 LFPW 221000
BBXX
BATFR13 22104 99376 70318 46/// /1709 10227 20172 40223 53004
22214 04247=
####018000107####
SNVF25 LFPW 221000
BBXX
BATFR28 22104 99336 10244 46/// /3017 10254 20165 40091 58001
22224 04267=
####018000107####
SNVE25 LFPW 221000
BBXX
BATFR43 22104 99178 51509 46/// /0616 10254 20207 40153 57004
22264 00267=
####018000107####
SNVF25 LFPW 221000
BBXX
BATFR01 22104 99405 10269 46/// ///// 10199 20152 40099 50000
22200 00232=
####018000107####
SNVF25 LFPW 221000
BBXX
BATEU03 22104 99527 70061 46/// /2615 10142 20104 40189 51015
22241 04144=
####018000107####
SNVF25 LFPW 221000
BBXX
BATFR42 22104 99503 70025 46/// /2717 10149 20099 40226 51004
22213 04169=
####018000107####
SNVE25 LFPW 221000
BBXX
BATFR36 22104 99173 51461 46/// /0717 10252 20189 40157 50001
22221 04265=
####018000101####
SNVE25 LFPW 221000
BBXX
BATEU07 22104 99254 31112 46/// /2210 10179 20139 40215 53001
22283=
####018000107####
SNVF25 LFPW 221000
BBXX
BATFR19 22104 99482 70052 46/// /2503 10162 20115 40251 53006
22211 04150=
####018000104####
SNVD25 LFPW 221000
BBXX
FVNM 22104 99213 71579 46/// /0204 10257 20185 40173 50000
22200 04269=
####018000101####
SNVF25 LFPW 221000
BBXX
BATFR06 22104 99452 70014 46/// /0512 10197 20132 40236
22241 04212=
####018000101####
SNVF25 LFPW 221000
BBXX
BATFR52 22104 99494 70041 46/// /3110 10150 20117 40242
22243 04149=
####018000101####
SNVF25 LFPW 221000
BBXX
BATFR41 22104 99433 10049 46/// ///// 10217 20102 40170 58003
22200=
####018000107####
SNVF25 LFPW 221000
BBXX
BATFR02 22104 99503 70008 46/// /2618 10157 20117 40190 57005
22284 00155=
####018000101####
SNVF25 LFPW 221000
BBXX
BATFR29 22104 99490 70023 46/// /2812 10162 20114 40234
22284 00172=
####018000107####
SNVF25 LFPW 221000
BBXX
BATFR62 22104 99497 70020 46/// /2913 10157 20117 40233 51003
22212 04175=
####018000083####
SNVF25 LFPW 221000
BBXX
IDDUK02 22104 99536 70002 46/// ///// 40174
222//=
####018000131####
SNVD17 CWVR 221000
BBXX
45144 22101 99532 70983 46/// /0000 10113 39941 40208 57010
22200 00114 10700 70001 333 912// =

####018000428####
SNVD15 KWNB 221000 RRE
BBXX
42039 22101 99288 70860 46/// /0807 10282 40147 55000 90950 22200
00284 10402 20402 70010 333 91208 555 11076 22080 30916 40910
60949 076070 080076 086081 092082 084069 081070 80909 90919=
41040 22101 99145 70530 46/// /0510 10283 20248 40136 53013 90950
22200 00288 10805 20805 70027 333 91212 555 11108 22115 30909
40514 60949 051100 056105 053107 051110 054102 051095 80512 90925=
####018001140####
SNVD17 KWNB 221000 RRB
BBXX
46001 22101 99563 71480 46/// /2309 10107 49863 51019 90950 22200
00101 11006 20804 300// 41004 70029 333 91211 555 11095 22102
30938 42211 60949 229089 220090 219089 217087 223080 233071=
46082 22101 99597 71434 46/// /1804 10106 20095 49873 51030 90950
22200 00111 11207 20401 300// 41207 70036 333 91205 555 11042
22044 30856 41807 60949 181040 184041 182042 182047 180042 178048
81805 90900=
46072 22101 99517 71722 46/// /3403 10066 20061 40041 51029 90950
22200 00062 10903 20401 3//// 40903 70016 333 91204 555 11037
22042 30933 43305 60949 340034 334040 335037 339031 344035 347036
83304 90935=
46085 22101 99559 71425 46/// /2210 10103 90950 555 11103 22110=
46077 22101 99579 71543 46/// /2706 10090 20070 49811 51019 90950
22200 00089 10802 20501 3//// 40801 70009 333 91207 555 11060
22064 30850 42607 60949 264056 256044 255045 251043 245043 243051
82706 90948=
46035 22101 99571 71778 46/// /3107 1//// 40054 51015 90950 22200
10904 20602 300// 40903 70019 333 91209 555 11072 22077 30910
43309 60949 312073 313074 321070 327079 312074 308072 83108 90851=
####018000247####
SNVD19 KWNB 221000 RRB
BBXX
46072 22101 99517 71722 46/// /3403 10066 20061 40041 51029 90950
22200 00062 10903 20401 3//// 40903 70016 333 91204 555 11037
22042 30933 43305 60949 340034 334040 335037 339031 344035 347036
83304 90935=
