####018000086####
SMVX81 EDZW 220000
BBXX
DK7210 22001 99540 10066 46/// /2514 10164 20142 30099=
####018000089####
SMVF13 LFPW 220000
BBXX
BAREU06 22004 99435 10076 46/// ///// 40167 57003
22254=
####018000089####
SMVF13 LFPW 220000
BBXX
BAREU00 22004 99494 70242 46/// ///// 40185 57028
22263=
####018000089####
SMVD13 LFPW 220000
BBXX
BAREU04 22004 99390 70742 46/// ///// 40213 57008
22244=
####018000089####
SMVF13 LFPW 220000
BBXX
BAREU60 22004 99418 10173 46/// ///// 40136 57007
22213=
####018000089####
SMVD13 LFPW 220000
BBXX
BAREU11 22004 99306 70543 46/// ///// 40270 52011
22254=
####018000089####
SMVF11 LFPW 220000
BBXX
BAREU51 22004 99433 10097 46/// ///// 40167 57003
22235=
####018002084####
SMVD15 KWNB 220000 RRD
BBXX
42035 22001 99292 70944 46/// /1204 10271 20200 40151 55000 92350
22200 00281 10601 70003 333 91205 555 11044 22046 32339 41106
62349 116042 111046 116045 116044 118043 121045=
42058 22001 99149 70749 46/// /0908 10294 20246 40109 53012 92350
22200 00294 10502 20502 70011 333 91209 555 11089 22095 32327
40910 62349 090084 088082 089080 094078 096081 097079 80909 92338=
42362 22001 99278 70907 46/// /1004 10278 20217 92345=
42363 22001 99282 70892 46/// /1005 10267 20194 40163 92345 333
91205=
42060 22001 99163 70635 46/// /1004 10289 20239 40140 51016 92350
22200 00297 10602 20401 300// 40602 70009 333 91205 555 11044
22046 32341 40905 62349 101042 105039 106039 112036 117038 123028
81005 92342=
42364 22001 99291 70881 46/// /1003 10256 20206 40163 92345=
42036 22001 99285 70845 46/// /0803 10284 20240 40155 53004 92350
22200 00287 10501 20401 314// 40501 70006 333 91204 555 11035
22036 32302 41004 62349 084033 095031 088026 097033 095035 094033=
42056 22001 99198 70849 46/// /1205 10291 20232 40111 51006 92350
22200 00303 10501 20401 308// 40501 70005 333 91205 555 11048
22050 32255 41206 62349 116047 123041 127042 127040 127044 116051
81205 92256=
42057 22001 99170 70815 46/// /1004 10293 20235 40114 53010 92350
22200 00301 10601 306// 40601 70004 333 91205 555 11043 22045
32306 41205 62349 104040 103039 110040 116042 113043 109041 81105
92306=
42012 22001 99301 70876 46/// /0406 10273 20240 40160 51010 92350
22200 00283 1//00 70002 333 91206 555 11058 22060 32328 40407
50156 62349 039054 045052 047053 061041 083027 087026 72326 80406
92328=
41047 22001 99275 70715 46/// /1009 10282 20267 40195 51005 92350
22200 00289 10704 20703 304// 41102 70018 333 91211 555 11088
22093 32302 41011 62349 101087 105084 104091 104088 104092 108089
81010 92303=
42055 22001 99222 70940 46/// /0204 10294 20226 40122 55000 92350
22200 00296 10601 304// 40601 70004 333 91205 555 11044 22046
32313 43605 62349 017043 017037 016041 005041 001044 005041 80105
92305=
####018000433####
SMVD20 KWNB 220000 RRC
BBXX
44060 22001 99413 70721 46/// ///04 10189 40238 92345 22200 00195
333 91205 555 11036 22036=
44022 22001 99409 70737 46/// /2102 10208 20183 40225 92345 22200
00209 333 91203 555 11021 22021=
41013 22001 99334 70777 46/// /1405 10263 20226 40194 53016 92350
22200 00270 10802 20401 309// 40802 70009 333 91206 555 11048
22050 32349 41306 62349 139045 143047 140043 140034 150038 150039=
####018000218####
SNVD45 KWNB 212300 RRL
BBXX
45028 21231 99468 70918 46/// /3307 10108 20069 39895 40115 92320
22200 00096 333 91209=
45028 21231 99468 70918 46/// /3306 10106 20072 39895 40115 92330
22200 00097 333 91208=
####018001468####
SMVD17 KWNB 220000 RRA
BBXX
46006 22001 99408 71375 46/// /2203 10185 40131 54000 92350 22200
00201 11508 20401 3//// 41508 70041 333 91203 555 11026 22026
32255 42704 62349 221024 228024 243020 254019 265018 266025=
46002 22001 99426 71305 46/// ///10 10199 40137 56010 92350 22200
00188 11508 20804 3//// 41507 70039 333 91212 555 11109 22118=
46084 22001 99566 71361 46/// /2015 10119 20097 49876 51082 92350
22200 00118 11213 20607 300// 41211 70067 333 91220 555 11156
22167 32301 42022 62349 197147 195147 193151 195154 195165 197161=
46078 22001 99561 71526 46/// /2509 10110 20072 49799 52007 92350
555 11096 22103=
46075 22001 99539 71608 46/// /2811 10083 20059 49889 50000 92350
22200 00088 10806 20805 300// 41002 70029 333 91213 555 11114
22122 32332 42814 62349 284108 282111 284102 286108 283106 283109
82812 92340=
46005 22001 99461 71310 46/// /2108 10163 40096 55000 92350 22200
00170 11610 20603 3//// 41610 70050 333 91209 555 11083 22088
32251 40710 62349 227079 294078 047076 051081 042076 044079=
46059 22001 99380 71300 46/// /3103 10202 40192 56008 92350 22200
00197 11406 20401 3//// 41406 70032 333 91204 555 11032 22037
32304 43006 62349 306030 301033 302032 305036 308040 297040=
46080 22001 99580 71500 46/// /0000 10104 20090 49791 51008 92350
22200 00103 11106 20401 3//// 41105 70028 333 91201 555 11002
22003 32311 43302 62349 338002 325002 347003 353007 335009 322009
83401 92311=
####018000794####
SMVD22 KWNB 220000 RRG
BBXX
46087 22001 99485 71247 46/// /1205 10144 20144 40127 58009 92350
22200 00109 333 91208 555 11053 22063 32344 41208 62349 112045
103048 103046 091048 067040 058039=
46029 22001 99461 71245 46/// /1805 10154 20154 40148 56011 92350
22200 00151 11608 20401 330// 41608 70040 333 91206 555 11053
22057 32304 41806 62349 178048 188046 186050 184051 177053 184049=
46054 22001 99342 71204 46/// /2904 10157 40123 56011 92350 22200
00164 11002 20401 300// 41002 70011 333 91205 555 11039 22040
32342 43005 62349 291037 277030 286027 302027 277026 269025=
46025 22001 99337 71191 46/// /2703 10174 40127 56006 92350 22200
00194 11502 20401 320// 41501 70008 333 91204 555 11029 22030
32331 42605 62349 271028 257033 269033 255033 253038 238034=
####018000119####
SMVD19 KWNB 220000 RRB
BBXX
46078 22001 99561 71526 46/// /2509 10110 20072 49799 52007 92350
555 11096 22103=
####018000206####
SMVE15 KWNB 220000
BBXX
51203 22001 99208 71570 46/// ///// 1//// 92343 22200 00266 11401
21001 325// 41401 70007=
52200 22001 99134 11448 46/// ///// 1//// 92345 22200 00292 10903
20903 70014=
####018000221####
SMVD45 KWNB 220000 RRD
BBXX
45006 22001 99473 70898 46/// /3310 10094 39865 40086 53033 92350
22200 00115 10302 20302 70008 333 91212 555 11107 22113 32335
43313 62349 333100 335110 330104 337095 337107 333109=
####018000324####
SMVD20 KWNB 220000 RRD
BBXX
44040 22001 99410 70736 46/// /1202 10209 20199 40233 92345 22200
1//00 70001 333 91203 555 11026 22026=
44020 22001 99414 70702 46/// /1506 10188 20187 40241 52003 92350
22200 00198 10801 70003 333 91207 555 11061 22064 32349 41607
62349 153058 155056 160053 161049 165051 172048=
####018000121####
SMVF11 LFPW 220000
BBXX
BATFR32 22004 99424 10072 46/// /2416 10207 20144 40176 56004 7////
8////
22234 00234=
####018000101####
SMVF11 LFPW 220000
BBXX
BATEU08 22004 99576 10085 46/// /2529 10132 20075 40019 56021
222//=
####018000107####
SMVA11 LFPW 220000
BBXX
BATFR05 22004 99040 10005 46/// /1811 10260 20232 40142 58003
22200 04239=
####018000145####
SMVD11 LFPW 220000
BBXX
BATFR15 22004 99330 70361 44/98 40504 10250 20204 40241 50006 701//
8/16/
22254 04267 210// 332// 425// 5////=
####018000129####
SMVA11 LFPW 220000
BBXX
BATFR55 22004 99202 30569 44898 30909 10227 20197 40210 70200 83060
22262 04235 60//0 ICE 0/0//=
####018000107####
SMVF11 LFPW 220000
BBXX
BATFR27 22004 99452 70043 46/// /0408 10169 20104 40228 51009
22285 04199=
####018000101####
SMVF11 LFPW 220000
BBXX
BATEU04 22004 99589 70348 46/// /2515 10079 20037 40000 52003
22223=
####018000107####
SMVF11 LFPW 220000
BBXX
BATFR28 22004 99343 10211 46/// /3414 10234 20177 40095 56009
22223 04270=
####018000095####
SMVF11 LFPW 220000
BBXX
BATFR03 22004 99498 70005 46/// /2624 10149 20119 40208
22282=
####018000107####
SMVF11 LFPW 220000
BBXX
BATFR19 22004 99477 70070 46/// /2908 10157 20120 40243 58003
22221 04162=
####018000107####
SMVF11 LFPW 220000
BBXX
BATFR29 22004 99498 70019 46/// /2725 10154 20114 40200 53015
22253 00167=
####018000107####
SMVF11 LFPW 220000
BBXX
BATFR16 22004 99497 70002 46/// /2618 10154 20112 40204 51015
22242 04179=
####018000101####
SMVE11 LFPW 220000
BBXX
BATEU07 22004 99281 31122 46/// /1812 10172 20092 40235 53018
22283=
####018000107####
SMVF11 LFPW 220000
BBXX
BATFR62 22004 99488 70042 46/// /2411 10142 20127 40228 57004
22222 04152=
####018000101####
SMVF11 LFPW 220000
BBXX
BATFR06 22004 99452 70013 46/// /0116 10187 20142 40220
22200 04212=
####018000127####
SMVD11 LFPW 220000
BBXX
BATFR13 22004 99361 70353 44698 41512 10239 20212 40232 50000 70211
845//
22214 04264 20302=
####018000107####
SMVF11 LFPW 220000
BBXX
BATEU03 22004 99527 70061 46/// /2418 10129 20097 40157 51011
22241 04144=
####018000107####
SMVE11 LFPW 220000
BBXX
BATFR36 22004 99174 51474 46/// /1021 10255 20174 40146 56021
22221 04267=
####018000137####
SMVE11 LFPW 220000
BBXX
BATFR56 22004 99110 30712 44/98 01227 10252 20197 40133 55004 70200
22213 04265 21006 309// 40106 5////=
####018000101####
SMVF11 LFPW 220000
BBXX
BATFR20 22004 99420 10078 46/// /2715 10209 20164 40180 51002
22233=
####018000158####
SMVF11 BIRK 220000
BBXX
TFBLK nil=
TFDRN nil=
TFGRS nil=
TFGRV nil=
TFGSK nil=
TFHFN nil=
TFKGR nil=
TFSRT nil=
TFSTD nil=
TFBKF nil=
####018000490####
SMVX40 KAWN 220000
BBXX
DBBT 22001 99230 30145 46/// /1602 10108 20082 40167 57005 22230
 00139=
DBBU 22001 99542 10119 46/// /2110 10159 20125 40136 57014 22210
 00154=
DBEA 22001 99540 10082 46/// /2413 10153 20136 40122 57007 22220
 00156=
DBFR 22001 99542 10080 46/// /2611 10157 20124 40119 57006 22211
 00160=
DBJM 22001 99540 10085 46/// /2311 10149 20130 40127 57005 22220
 00154=
DBKV 22001 99636 10094 46/// /1203 10134 20060 49938 57031 22230
 00129=
####018001754####
SMXX16 KAWN 220000
BBXX
46005 22001 99461 71310 46/// /2108 10163 40096 55000 92350 22200
 00170 11610 20603 3//// 41610 70050 333 91209 555 11083 22088
 32251 40710 62349 227079 294078 047076 051081 042076 044079=
46006 22001 99408 71375 46/// /2203 10185 40131 54000 92350 22200
 00201 11508 20401 3//// 41508 70041 333 91203 555 11026 22026
 32255 42704 62349 221024 228024 243020 254019 265018 266025=
46012 22001 99374 71229 46/// /3206 10137 40132 56005 92350 22200
 00146 11903 20601 331// 41903 70017 333 91208 555 11066 22069
 32257 43109 62349 324063 325070 321069 319070 315072 314070=
46013 22001 99382 71233 46/// /3211 10122 40126 58010 92350 22200
 00116 11704 20502 3//// 41703 70018 333 91213 555 11113 22121
 32345 43213 62349 317105 316102 312093 312087 311083 312079=
46014 22001 99394 71240 46/// /3205 10133 40145 58004 92350 22200
 00123 11707 20502 3//// 41707 70036 333 91207 555 11056 22063
 32253 43308 62349 320051 324054 325059 325061 324066 327069=
46028 22001 99357 71219 46/// /3305 10139 20133 30131 40131 56010
 92350 22200 00163 10703 20401 330// 40703 70014 333 91206 555
 11050 22052 32338 43306 62349 330046 328043 327045 342031 341038
 332043=
46050 22001 99442 71246 46/// /2301 10155 40161 56009 92350 22200
 00148 11508 20301 329// 41508 70039 333 91203 555 11013 22016
 32250 42604 62349 231011 239012 236009 237013 250019 260026=
46054 22001 99342 71204 46/// /2904 10157 40123 56011 92350 22200
 00164 11002 20401 300// 41002 70011 333 91205 555 11039 22040
 32342 43005 62349 291037 277030 286027 302027 277026 269025=
WFLG 22003 99328 71217 41398 83209 10200 20156 40145 56012 70222
 886// 22214 00156 20602 334// 41003 5//// 6//// 80172 ICE /////=
####018000123####
SMXX18 KAWN 220000
BBXX
UEYO 22001 99492 11526 42498 70706 10123 40159 55027 8789/ 22213
 00130 20201 334// 40402=
####018000961####
SMVD15 KWNB 220000 RRE
BBXX
42003 22001 99260 70856 46/// /0907 10288 40127 55005 92350 22200
00297 10602 20602 70010 333 91208 555 11073 22077 32346 40908
62349 091068 091063 091061 091059 092059 094057 80907 92346=
42059 22001 99151 70675 46/// /0906 10292 20247 40128 53016 92350
22200 00298 10502 20502 3//// 40701 70009 333 91207 555 11065
22068 32343 41007 62349 092060 088058 093058 090060 087052 093053
80907 92344=
42002 22001 99258 70937 46/// /0506 10282 20234 40139 55000 92350
22200 00299 10601 20401 307// 40601 70005 333 91207 555 11055
22057 32349 40507 62349 049055 047053 046051 045050 036049 051041=
42040 22001 99292 70882 46/// /1303 10266 40156 53017 92350 22200
00277 10301 20301 70004 333 91204 555 11027 22028 32252 41206
50149 62349 127027 118032 124039 127044 127043 122055 72254 81206
92252=
41043 22001 99211 70650 46/// /0908 10279 20253 40170 53015 92350
22200 00284 333 91209 555 11083 22088=
####018000148####
SMVF11 LFPW 220000
BBXX
PDHY 22003 99484 70266 41/98 81809 10165 20120 40170 57020 70222
8////
22223 04150 20904 328// 41206 5//// 80140=
####018000107####
SMVF11 LFPW 220000
BBXX
BATFR42 22004 99478 70051 46/// /3112 10150 20099 40230 58002
222// 04164=
####018000107####
SMVF11 LFPW 220000
BBXX
BATFR22 22004 99430 10070 46/// /3306 10199 20169 40168 55007
22264 04209=
####018000107####
SMVF11 LFPW 220000
BBXX
BATFR30 22004 99422 10076 46/// /2513 10207 20152 40182 50000
22234 00217=
####018000095####
SMVD11 LFPW 220000
BBXX
BATEU05 22004 99688 70527 46/// /1802 10004 21037 40136
22263=
####018000107####
SMVF11 LFPW 220000
BBXX
BATFR50 22004 99327 10288 46/// /2709 10259 20204 40090 58012
22212 04269=
####018000083####
SMVF11 LFPW 220000
BBXX
IDDUK02 22004 99536 70002 46/// ///// 40127
222//=
####018000107####
SMVF11 LFPW 220000
BBXX
BATEU06 22004 99461 70202 46/// /2409 10164 20117 40242 56009
22264 04179=
####018000107####
SMVE11 LFPW 220000
BBXX
BATFR59 22004 99199 31658 46/// /1118 10239 20175 40167 50006
22242 04249=
####018000456####
SMVD15 KWNB 220000 RRF
BBXX
42039 22001 99288 70860 46/// /0704 10276 40153 53004 92350 22200
00286 10401 20301 300// 40401 70005 333 91205 555 11044 22046
32255 40806 62349 068043 057044 060037 051031 063040 081045 80806
92255=
41040 22001 99145 70530 46/// /0509 10284 20247 40140 52008 92350
22200 00289 10805 20704 3//// 40803 70024 333 91211 555 11099
22105 32258 40612 62349 054093 059091 060098 060100 061095 065092
80611 92308=
####018000422####
SMVD20 KWNB 220000 RRE
BBXX
44007 22001 99435 70701 46/// /1502 10167 40230 53004 92350 22200
00162 10901 3//// 40901 70005 333 91203 555 11025 22029 32251
41704 62349 145022 140023 144027 151030 155033 162035=
44013 22001 99423 70707 46/// /1805 10184 20158 40229 53005 92350
22200 00168 10801 20301 300// 40801 70005 333 91205 555 11051
22059 32251 41807 62349 184045 187043 187046 186047 187051 186054=
####018000247####
SMVD19 KWNB 220000 RRC
BBXX
46072 22001 99517 71722 46/// /2606 10077 20054 40008 58011 92350
22200 00064 10904 20602 3//// 40904 70021 333 91207 555 11063
22071 32250 42707 62349 261056 257046 254039 254039 264045 264051
82706 92350=
####018001154####
SMVD17 KWNB 220000 RRB
BBXX
46001 22001 99563 71480 46/// /2406 10113 49809 51013 92350 22200
00107 11005 20502 300// 41005 70025 333 91207 555 11062 22068
32252 42408 62349 239057 241059 244060 243060 249059 248064=
46082 22001 99597 71434 46/// /0102 10097 20084 49783 52004 92350
22200 00106 11006 20401 300// 41006 70032 333 91203 555 11016
22017 32342 43603 62349 007016 358011 336007 352002 013004 037004
80202 92345=
46072 22001 99517 71722 46/// /2606 10077 20054 40008 58011 92350
22200 00064 10904 20602 3//// 40904 70021 333 91207 555 11063
22071 32250 42707 62349 261056 257046 254039 254039 264045 264051
82706 92350=
46085 22001 99559 71425 46/// /2206 10110 20094 49824 52031 92350
555 11060 22063=
46077 22001 99579 71543 46/// /2404 10089 20080 49789 58011 92350
22200 00091 10801 3//// 40801 70007 333 91205 555 11042 22044
32348 42405 62349 238040 240037 242036 241038 239039 242037 82404
92348=
46035 22001 99571 71778 46/// /3307 1//// 40006 52006 92350 22200
10804 20502 300// 40803 70019 333 91209 555 11070 22074 32301
43110 62349 335070 317072 323072 312078 304078 309074 83108 92301=
####018000513####
SMVE15 KWNB 220000 RRA
BBXX
51004 22001 99175 71524 46/// /0507 10251 20183 40123 58022 92350
22200 00258 10804 20602 309// 40803 70020 333 91208 555 11073
22077 32333 40509 62349 049068 050069 049067 052065 054068 053064=
51002 22001 99171 71578 46/// /0809 10256 40139 58020 92350 22200
00262 333 91211 555 11097 22103 32335 40912 62349 082092 083092
082089 081090 079091 085088=
51100 22001 99236 71539 46/// /0805 10247 40181 58016 92350 22200
00259 333 91207 555 11057 22059 32341 40729=
####018000563####
SMVD45 KWNB 220000 RRE
BBXX
45008 22001 99443 70824 46/// /2206 10195 39899 40109 53009 92350
22200 00179 10502 20502 70010 333 91207 555 11063 22072 62349
220057 208056 220052 228053 229064 224081=
45012 22001 99436 70774 46/// /1607 10213 30065 40154 56007 92350
22200 00192 10301 20301 70005 333 91208 555 11075 22085 32333
41609 62349 162068 159072 156069 152069 152068 153069=
45002 22001 99453 70864 46/// /2412 10158 20114 39882 40092 51010
92350 333 91215 555 11131 22140 32302 42415 62349 238122 236111
239122 241121 240121 238126=
####018000812####
SMVD22 KWNB 220000 RRH
BBXX
46026 22001 99378 71228 46/// /3105 10133 40130 56007 92350 22200
00155 10702 20401 330// 40702 70012 333 91206 555 11050 22052
32349 43106 62349 310047 286032 290027 295026 299024 298022=
46015 22001 99427 71248 46/// /3505 10141 30162 40162 57005 92350
22200 00121 11608 20501 331// 41608 70041 333 91206 555 11057
22066 32348 43406 62349 349049 353048 359048 357044 357047 356045=
46041 22001 99474 71247 46/// /1507 10139 40133 56013 92350 22200
00138 11608 20602 3//// 41607 70039 333 91209 555 11079 22085
32314 41410 62349 149074 151079 153076 151078 151077 151076=
46041 22001 99474 71247 46/// /1507 10139 40133 92350 22200 00138
11608 20602 3//// 41607 70039 333 91209 555 11079 22085 32314
41410 62349 149074 151079 153076 151078 151077 151076=
