####018000593####
SNVD45 KWNB 222000 RRB
BBXX
45004 22201 99476 70866 46/// /3303 10106 39942 40165 52011 91950
22200 00127 10401 20301 300// 40401 70007 333 91204 555 11031
22032 31902 43405 61949 335030 336033 344026 340037 337043 327020=
45005 22201 99417 70824 46/// /3003 10187 39981 40187 57006 91950
22200 00201 1//00 70001 333 91204 555 11034 22035 31907 42904
61949 297032 292031 281029 294035 288037 281034=
45001 22201 99481 70878 46/// /0105 10101 39951 40173 51011 91950
22200 00123 10401 20401 70006 333 91206 555 11053 22055 61949
009052 004054 005050 007052 001051 004049=
####018000380####
SNVD45 KWNB 221900 RRI
BBXX
45027 22191 99469 70919 46/// /3104 10093 20041 39987 40211 91910
333 91205=
45027 22191 99469 70919 46/// /3204 10093 20041 39987 40211 91920
333 91205=
45028 22191 99468 70918 46/// /2902 10089 20066 39979 40203 91910
22200 00087 333 91203=
45028 22191 99468 70918 46/// /3103 10090 20063 39979 40203 91920
22200 00087 333 91204=
####018002917####
SNVD22 KWNB 222000 RRF
BBXX
46053 22201 99342 71198 46/// /0102 10152 40144 50000 91950 22200
00172 333 91202 555 11020 22020 31948 40102 61949 009019 009017
031015 029012 013014 001017=
46014 22201 99394 71240 46/// /3407 10135 40163 54000 91950 22200
00120 11608 20502 3//// 41607 70039 333 91208 555 11073 22081
31853 43408 61949 339066 340064 343062 345062 346063 343067=
46011 22201 99350 71210 46/// /3103 10146 40157 51005 91950 22200
00166 11604 20401 330// 41604 70020 333 91205 555 11032 22033
31925 43105 61949 312032 319037 309038 311037 301035 303026=
46047 22201 99324 71195 46/// /3202 10163 40154 50000 91950 22200
00180 11605 20401 330// 41604 70023 333 91204 555 11022 22022
31914 43205 61949 316021 308026 313028 311034 316028 318024=
46028 22201 99357 71219 46/// /3306 10138 20130 30157 40157 51005
91950 22200 00155 11505 20501 328// 41505 70027 333 91207 555
11058 22060 31922 43207 61949 330056 327053 327057 331052 330054
338051=
46027 22201 99419 71244 46/// /2602 10133 40183 54000 91950 22200
00123 11306 20401 328// 41306 70031 333 91203 555 11027 22032
31900 42605 61949 263023 264028 258028 252026 257031 254030=
46086 22201 99325 71180 46/// /2902 10170 40146 54000 91950 22200
00189 11703 326// 41703 70013 333 91203 555 11022 22022 31923
43104 61949 286021 266019 296019 309015 307015 293021=
46088 22201 99483 71232 46/// /0000 10126 40134 91950 22200 00110
1//00 70002 333 91201 555 11003 22004 31905 43002 61949 326003
020004 354008 307016 308016 296011=
46050 22201 99442 71246 46/// /1706 10147 40169 50000 91950 22200
00143 11407 20402 329// 41407 70034 333 91208 555 11066 22071
31915 41609 61949 172062 168068 168068 167071 171064 174062=
46069 22201 99337 71202 46/// /3101 10154 40151 50000 91950 22200
00184 11605 20401 330// 41605 70024 333 91203 555 11009 22009
31936 43104 61949 309009 305019 301012 316008 005005 005005=
46013 22201 99382 71233 46/// /3004 10118 40156 51003 91950 22200
00125 11506 20401 3//// 41506 70029 333 91206 555 11044 22046
31936 43106 61949 299042 302044 313032 325034 328033 324039=
46012 22201 99374 71229 46/// /3207 10121 40155 50000 91950 22200
00144 11407 20402 330// 41407 70036 333 91208 555 11071 22074
31905 43109 61949 315067 324063 331067 328071 320072 321066=
46087 22201 99485 71247 46/// /1908 10159 20159 40136 53012 91950
22200 00106 11305 20602 326// 41305 70025 333 91210 555 11092
22106 31856 41810 61949 187080 183078 182079 179082 181081 184085=
46029 22201 99461 71245 46/// /1808 10153 20153 40154 50000 91950
22200 00148 11406 20703 331// 41406 70032 333 91210 555 11089
22096 31854 41611 61949 178083 177083 177085 177084 171086 169087=
46025 22201 99337 71191 46/// /2901 10177 40146 58007 91950 22200
00194 11501 322// 41501 70006 333 91203 555 11011 22011 31949
43403 61949 296012 301016 311013 323011 020013 003014=
####018000247####
SNVD19 KWNB 222000 RRA
BBXX
46070 22201 99551 11753 46/// /2906 10095 20042 40131 53009 91950
22200 00111 10904 20603 3//// 40903 70019 333 91208 555 11067
22070 31901 43010 61949 293064 286060 315074 326073 319077 299074
83209 91923=
####018001025####
SNVD20 KWNB 222000 RRC
BBXX
41008 22201 99314 70809 46/// /0606 10253 20240 40179 56018 91950
22200 00273 10702 20501 300// 40701 70008 333 91207 555 11061
22063 31907 40711 61949 053059 053075 062077 069080 066079 054059=
44014 22201 99366 70748 46/// /1803 1//// 40208 56008 91950 22200
00217 10902 20401 308// 40902 70010 333 91203 555 11028 22028
31856 41605 61949 179028 175033 176032 175034 166034 162038=
41004 22201 99325 70791 46/// /0907 10238 20223 40187 58012 91950
22200 00275 10802 20601 3//// 40801 70008 333 91207 555 11068
22071 31943 40907 61949 086065 080051 044037 013018 030031 031013=
44009 22201 99385 70747 46/// /1805 10216 40190 57008 91950 22200
00212 10802 20501 300// 40801 70008 333 91206 555 11056 22061
31901 41807 61949 184052 193052 195050 189051 183051 172048=
41013 22201 99334 70777 46/// /1302 10250 20226 40186 56015 91950
22200 00270 10802 20401 311// 40802 70009 333 91203 555 11018
22019 31850 41606 61949 129017 124019 124014 111016 138022 166041=
####018001647####
SNVD17 KWNB 222000
BBXX
46081 22201 99608 71483 46/// /0308 10085 20076 49928 52024 91950
22200 00093 10301 20301 70004 333 91209 555 11081 22085 31859
40310 61949 029076 020068 021066 021072 024076 029076 80308 91904=
46006 22201 99408 71375 46/// /2014 10216 40071 58010 91950 22200
00200 10607 20606 3//// 41103 70035 333 91216 555 11147 22159
31945 42016 61949 199135 199132 199130 200130 198129 199129=
32012 22201 99197 50856 46/// ///// 1//// 91950 22200 10704 70020=
46002 22201 99426 71305 46/// ///10 10196 40135 54000 91950 22200
00189 11307 20503 3//// 41306 70033 333 91212 555 11107 22115=
46084 22201 99566 71361 46/// /1609 10117 20079 40011 58004 91950
22200 00119 10907 20705 300// 40905 70033 333 91210 555 11093
22099 31851 41711 61949 161087 159085 159078 162079 165083 171090=
46075 22201 99539 71608 46/// /3111 10078 20046 49948 51019 91950
22200 00086 10806 20806 300// 41401 70028 333 91213 555 11120
22127 31937 43014 61949 308110 304116 307114 304110 303112 307105
83012 91937=
46005 22201 99461 71310 46/// /1912 10172 40052 58020 91950 22200
00170 11007 20503 3//// 41006 70035 333 91214 555 11130 22139
31907 40515 61949 173120 053119 054120 055121 052122 058123=
46059 22201 99380 71300 46/// /2404 10202 40202 50000 91950 22200
00198 11406 20401 3//// 41406 70030 333 91205 555 11048 22053
31932 42206 61949 235044 234043 218034 213036 216036 221033=
46080 22201 99580 71500 46/// /1407 10101 20080 49885 51021 91950
22200 00101 11104 20502 3//// 41104 70021 333 91208 555 11070
22075 31917 41509 61949 142067 142064 141064 144069 144068 147067
81408 91917=
####018003708####
SNVD15 KWNB 222000 RRC
BBXX
41012 22201 99300 70805 46/// /1304 10272 40164 58018 91950 22200
00286 10802 20401 311// 40802 70011 333 91206 555 11045 22046
31927 41509 61949 128043 139046 149065 154052 165045 167043=
41001 22201 99347 70727 46/// /1706 10273 20226 40215 58013 91950
22200 00279 11002 20502 3//// 41002 70011 333 91207 555 11062
22066 31914 41807 61949 166060 168057 167055 172059 172056 167056=
41049 22201 99275 70630 46/// /1109 10272 20230 40214 55010 91950
22200 00274 11104 20603 300// 41103 70020 333 91210 555 11091
22096 31931 41010 61949 114084 106086 104082 104083 100079 099077
81009 91931=
42020 22201 99270 70967 46/// /0405 10280 20207 40152 58014 91950
22200 00295 10501 20401 309// 40501 70005 333 91205 555 11048
22050 31854 40306 61949 036046 037047 046045 043046 037045 034045=
42065 22201 99149 70751 46/// /0506 10289 20258 91950 22200 10603
20402 3//// 40602 70013 333 91207 555 11062 22066 31852 40608
61949 050059 051062 050067 060068 065066 057070 80608 91851=
41044 22201 99217 70587 46/// /0908 10285 20236 40187 57007 91950
22200 00286 10905 20603 300// 40903 70023 333 91209 555 11081
22086 31908 40910 61949 092077 093079 093083 090084 091080 088076
80909 91918=
41048 22201 99320 70696 46/// /1507 10274 20233 40220 56009 91950
22200 00278 10903 20502 3//// 40902 70015 333 91208 555 11070
22074 31853 41509 61949 153070 164069 159073 160073 161071 157076
81508 91853=
42058 22201 99149 70749 46/// /0808 10295 20246 40105 56022 91950
22200 00294 10703 20703 70013 333 91209 555 11081 22087 31940
40809 61949 077077 077077 073075 069068 064060 063065 80808 91942=
44005 22201 99432 70691 46/// /1504 10167 91950 22200 00152 10901
20301 3//// 40901 70005 333 91205 555 11043 22050 31931 41505
61949 152037 151041 149035 143036 150039 149042=
42001 22201 99259 70897 46/// /1009 10257 20229 40147 91950 22200
00286 10802 20702 3//// 40801 70012 333 91211 555 11096 22101
31949 41011 61949 104090 100078 090064 069075 067073 068067=
42035 22201 99292 70944 46/// /0603 10268 20223 40159 58014 91950
22200 00282 10301 20301 70003 333 91204 555 11031 22032 31908
40604 61949 063030 053029 052028 055029 053029 058029=
42056 22201 99198 70849 46/// /1704 10298 20235 40127 58024 91950
22200 00303 10401 20401 308// 40501 70005 333 91205 555 11044
22046 31852 41706 61949 169042 168045 173044 172045 169046 165045
81705 91914=
42060 22201 99163 70635 46/// /0907 10294 20236 40141 56012 91950
22200 00294 10503 20503 70014 333 91208 555 11077 22082 31853
40809 61949 091072 092067 087066 087071 083071 086072 80908 91853=
42036 22201 99285 70845 46/// /0705 10257 20225 40149 58025 91950
22200 00282 10602 20301 317// 40601 70008 333 91206 555 11047
22048 31921 40407 61949 067045 051050 047059 060053 066055 068053=
42057 22201 99170 70815 46/// /0905 10293 20246 40120 57022 91950
22200 00301 10401 20401 307// 40501 70006 333 91206 555 11050
22053 31854 40907 61949 085048 081055 084057 079059 084057 085061
80806 91919=
42012 22201 99301 70876 46/// /0905 10255 20224 40158 58022 91950
22200 00276 10602 20501 316// 40601 70008 333 91207 555 11057
22059 31910 40909 61949 096054 086064 083067 088075 089067 063055
80808 91918=
42055 22201 99222 70940 46/// /3203 10294 20225 40131 58020 91950
22200 00303 10401 20301 305// 40401 70004 333 91204 555 11034
22035 31949 43104 61949 315033 306032 309028 315028 307026 299029
83004 91936=
42003 22201 99260 70856 46/// /1503 10286 40138 58012 91950 22200
00298 10601 20401 312// 40601 70007 333 91203 555 11026 22027
31850 41705 61949 155025 152027 154032 155035 159036 168038 81604
91851=
####018000150####
SNVX19 LFVW 221900 RRB
BBXX
MINUK05 2219/ 99597 70047 46/// ///// 10110 40059 52011=
MINUK04 2219/ 99522 10018 46/// ///// 10165 4//// 52004=
####018000428####
SNVD45 KWNB 222000 RRC
BBXX
45007 22201 99427 70870 46/// /2505 10145 20096 39977 40189 54000
91950 22200 00181 10401 20401 70005 333 91207 555 11056 22058
31909 42507 61949 252054 256051 248051 249056 251056 258055=
45003 22201 99454 70828 46/// /2002 10149 39959 40172 53003 91950
22200 00141 10401 20401 317// 40401 70006 333 91202 555 11021
22026 31854 42104 61949 198018 210022 213022 212028 209031 207033=
####018000107####
SNVA25 LFPW 222000
BBXX
BATFR08 22204 99201 30575 46/// /3001 10227 20159 40208 58008
22200 00239=
####018000101####
SNVD25 LFPW 222000
BBXX
BATEU00 22204 99658 70538 46/// /3421 10025 21048 40069 53007
22283=
####018000107####
SNVF25 LFPW 222000
BBXX
BATFR60 22204 99534 10047 46/// /2717 10150 20075 40181 55003
22223 04154=
####018000089####
SNVF25 LFPW 222000
BBXX
BAREU00 22204 99486 70317 46/// ///// 40047 52001
22263=
####018000089####
SNVD25 LFPW 222000
BBXX
BAREU11 22204 99264 70596 46/// ///// 40221 57016
22254=
####018000107####
SNVF25 LFPW 222000
BBXX
BATFR53 22204 99377 70302 46/// /2709 10229 20192 40212 54000
22262 04242=
####018000095####
SNVF25 LFPW 222000
BBXX
BATFR21 22204 99428 10081 46/// /2404 10202 20184 40160
22263=
####018000158####
SNVF11 BIRK 222000
BBXX
TFBLK nil=
TFDRN nil=
TFGRS nil=
TFGRV nil=
TFGSK nil=
TFHFN nil=
TFKGR nil=
TFSRT nil=
TFSTD nil=
TFBKF nil=
####018000233####
SNVD45 KWNB 222000 RRD
BBXX
45006 22201 99473 70898 46/// /3504 10091 39964 40187 51011 91950
22200 00116 10401 20401 3//// 40801 70006 333 91205 555 11036
22037 31914 43505 61949 351036 355033 352034 351041 353040 358043=
####018000215####
SNVD20 KWNB 222000 RRD
BBXX
44020 22201 99414 70702 46/// /1704 10197 20197 40193 56007 91950
22200 00199 10301 70003 333 91205 555 11045 22048 31853 41705
61949 172043 172042 177042 177044 167042 169046=
####018001282####
SNVD15 KWNB 222000 RRD
BBXX
42040 22201 99292 70882 46/// /0404 10266 20208 40151 58005 91950
22200 00280 10602 20301 315// 40602 70010 333 91205 555 11038
22039 31948 40505 50149 61949 041037 040032 042024 036017 024020
346011 71950 80504 91948=
42002 22201 99258 70937 46/// /0207 10263 20232 40145 57013 91950
22200 00297 10601 20601 70006 333 91210 555 11074 22077 31853
43513 61949 018073 022044 024041 011075 349085 351076=
42059 22201 99151 70675 46/// /1108 10291 20241 40116 56024 91950
22200 00297 10503 20502 3//// 41001 70013 333 91210 555 11085
22090 31910 41012 61949 104080 099088 097080 089091 106086 103088
81010 91911=
41047 22201 99275 70715 46/// /1409 10273 20260 40192 57013 91950
22200 00289 10603 20603 304// 41001 70017 333 91212 555 11094
22099 31852 41415 61949 140094 139093 141102 141093 138118 138131
81414 91852=
41043 22201 99211 70650 46/// /1306 10279 20243 40174 56011 91950
22200 00283 10804 20502 300// 40803 70020 333 91207 555 11060
22063 31921 41110 61949 124057 126061 127071 110060 118063 116065
81108 91921=
41036 22201 99342 70770 46/// /0000 10272 20232 40192 56019 91950
22200 00275 10602 20401 313// 40602 70009 333 91202 555 11004
22004 61949 188006 195014 213007 246009 245012 252018=
####018000121####
SNVF25 LFPW 222000
BBXX
BATFR32 22204 99420 10081 46/// /2405 10206 20178 40158 5//// 7////
8////
2229/ 00236=
####018000101####
SNVF25 LFPW 222000
BBXX
BATFR31 22204 99421 10079 46/// /2205 10204 20157 40159
22273 04232=
####018000107####
SNVF25 LFPW 222000
BBXX
BATFR13 22204 99391 70283 46/// /2511 10222 20192 40203 58002
22214 04234=
####018000107####
SNVF25 LFPW 222000
BBXX
BATFR11 22204 99403 10023 46/// /2006 10242 20177 40181 52007
22214 04264=
####018000101####
SNVF25 LFPW 222000
BBXX
BATFR03 22204 99508 70011 46/// /2710 10149 20127 40219 55000
22200=
####018000107####
SNVF25 LFPW 222000
BBXX
BATFR49 22204 99436 70020 46/// /0311 10197 20147 40213 58001
22200 04214=
####018000107####
SNVF25 LFPW 222000
BBXX
BATFR52 22204 99503 70042 46/// /3015 10145 20110 40228 56005
22284 04149=
####018000101####
SNVF25 LFPW 222000
BBXX
BATFR29 22204 99507 70011 46/// /2712 10147 20119 40212
22253 00169=
####018000107####
SNVE25 LFPW 222000
BBXX
BATFR56 22204 99085 30748 46/// /1119 10254 20237 40108 58021
22213 04279=
####018000101####
SNVF25 LFPW 222000
BBXX
BATEU06 22204 99461 70292 46/// /2729 10169 20117 4////
22264 04199=
####018000101####
SNVF25 LFPW 222000
BBXX
BATFR20 22204 99416 10085 46/// /2608 10212 20167 40159 50021
22273=
####018000101####
SNVF25 LFPW 222000
BBXX
BATEU08 22204 99575 10017 46/// /2417 10127 20087 40102 51022
22262=
####018000107####
SNVD25 LFPW 222000
BBXX
BATFR15 22204 99295 70416 46/// /0611 10275 20215 40228 53001
22253 04279=
####018000107####
SNVF25 LFPW 222000
BBXX
BATFR10 22204 99376 10016 46/// /0803 10232 20182 40171 53008
22222 04240=
####018000101####
SNVF25 LFPW 222000
BBXX
BATEU04 22204 99586 70250 46/// /0905 10107 20082 49963 57007
22223=
####018000101####
SNVE25 LFPW 222000
BBXX
BATEU07 22204 99225 31102 46/// /1522 10199 20145 40202 56012
22283=
####018000101####
SNVE25 LFPW 222000
BBXX
BATFR36 22204 99174 51452 46/// /0817 10254 20192 40177
22222 04267=
####018000107####
SNVF25 LFPW 222000
BBXX
BATFR34 22204 99466 70022 46/// /3416 10169 20130 40226 53002
22231 04194=
####018000107####
SNVF25 LFPW 222000
BBXX
BATFR28 22204 99328 10276 46/// /3520 10249 20169 40083 50001
22223 04272=
####018000107####
SNVA25 LFPW 222000
BBXX
BATFR05 22204 99041 10011 46/// /2207 10269 20229 40138 53015
22221 04240=
####018000104####
SNVD25 LFPW 222000
BBXX
FVNM 22204 99213 71579 46/// /1005 10287 20179 40173 51010
22200 04269=
####018000107####
SNVA25 LFPW 222000
BBXX
BATFR45 22204 99143 10653 46/// ///// 10267 20235 40099 58009
22244 00289=
####018000131####
SNVD17 CWVR 222000
BBXX
45144 22201 99532 70983 46/// /0000 10127 39902 40167 57024
22200 00129 10700 70002 333 912// =

####018000442####
SNVD15 KWNB 222000 RRE
BBXX
42039 22201 99288 70860 46/// /1008 10273 40146 56018 91950 22200
00283 10604 20604 70018 333 91210 555 11088 22093 31854 40811
61949 097085 089088 088093 084092 081095 080099 80810 91853=
41040 22201 99145 70530 46/// /0611 10266 20247 40121 56006 91950
22200 00290 11208 20805 3//// 41207 70042 333 91214 555 11112
22118 31928 40615 61949 059106 061110 049106 043107 040105 047101
80614 91929=
####018000866####
SNVD17 KWNB 222000 RRA
BBXX
46001 22201 99563 71480 46/// /1805 10104 49896 53014 91950 22200
00101 11005 20502 300// 41005 70025 333 91207 555 11058 22063
31856 41908 61949 182055 175062 178057 197050 204058 187065=
46082 22201 99597 71434 46/// /1106 10103 20085 49957 52035 91950
22200 00110 11105 20502 300// 41105 70027 333 91208 555 11065
22068 31912 41209 61949 111062 104064 109060 124059 132063 128068
81207 91913=
46072 22201 99517 71722 46/// /2904 10075 20050 40122 51022 91950
22200 00073 10904 20401 3//// 40904 70022 333 91206 555 11047
22051 31903 43007 61949 292044 292043 296042 301050 303055 296054
83006 91904=
46077 22201 99579 71543 46/// /2102 10083 20068 49871 53021 91950
22200 00099 10802 3//// 40802 70009 333 91203 555 11024 22024
31851 42104 61949 212023 204026 209024 208023 200024 206028 82103
91851=
####018000247####
SNVD19 KWNB 222000 RRB
BBXX
46072 22201 99517 71722 46/// /2904 10075 20050 40122 51022 91950
22200 00073 10904 20401 3//// 40904 70022 333 91206 555 11047
22051 31903 43007 61949 292044 292043 296042 301050 303055 296054
83006 91904=
####018000593####
SNVE15 KWNB 222000 RRA
BBXX
51004 22201 99175 71524 46/// /0708 10251 20194 40150 51010 91950
22200 00257 11404 20603 331// 41403 70021 333 91209 555 11081
22085 31902 40710 61949 067076 073076 073078 067076 073082 067081=
51002 22201 99171 71578 46/// /0807 10256 40162 51014 91950 22200
00261 333 91208 555 11071 22075 31910 40808 61949 078068 080067
086062 073062 076066 075063=
51100 22201 99236 71539 46/// /0705 10245 40196 51011 91950 22200
00257 11304 20401 334// 41304 70022 333 91206 555 11048 22050
31913 40706 61949 073045 072048 064047 062049 060049 060050=
####018000812####
SNVD22 KWNB 222000 RRG
BBXX
46026 22201 99378 71228 46/// /3601 10125 40156 51004 91950 22200
00144 11505 20401 329// 41505 70025 333 91202 555 11013 22014
31900 42603 61949 345014 259010 267010 275008 265018 261014=
46015 22201 99427 71248 46/// /1703 10138 30183 40183 51003 91950
22200 00136 11506 20301 330// 41506 70029 333 91204 555 11029
22033 31915 41804 61949 172028 180030 182031 184029 186027 187028=
46041 22201 99474 71247 46/// /1607 10144 40144 51012 91950 22200
00138 11406 20603 3//// 41405 70030 333 91208 555 11072 22079
31852 41609 61949 164068 164070 167071 167068 168068 166067=
46041 22201 99474 71247 46/// /1607 10144 40144 91950 22200 00138
11406 20603 3//// 41405 70030 333 91208 555 11072 22079 31852
41609 61949 164068 164070 167071 167068 168068 166067=
####018000797####
SNVD45 KWNB 222000 RRE
BBXX
45008 22201 99443 70824 46/// /2405 10173 39965 40177 50000 91950
22200 00177 10401 20401 70007 333 91206 555 11053 22055 61949
242049 239048 244056 244060 241058 241062=
45012 22201 99436 70774 46/// /3007 10200 30084 40173 58003 91950
22200 00193 10301 20301 70005 333 91208 555 11075 22081 31940
43008 61949 295070 292069 291071 294062 297062 293055=
45025 22201 99470 70884 46/// /2904 10110 20076 40170 53010 92000
22200 00161 1//00 70002 333 91206=
45026 22201 99420 70866 46/// /2405 10160 20095 92000 22200 00190
10402 70010 333 91207=
45002 22201 99453 70864 46/// /2604 10120 20057 39970 40183 52004
91950 22200 10501 20401 320// 40501 70005 333 91205 555 11046
22048 31940 42506 61949 259044 249037 249018 274021 271023 271026=
####018000422####
SNVD20 KWNB 222000 RRE
BBXX
44007 22201 99435 70701 46/// /0601 10172 40193 56011 91950 22200
00169 10801 20401 3//// 40801 70005 333 91201 555 11013 22016
31931 40702 61949 058012 069016 062017 047014 062018 069016=
44013 22201 99423 70707 46/// /1703 10184 20183 40188 56013 91950
22200 00170 10801 300// 40801 70004 333 91204 555 11034 22040
31944 41704 61949 165029 165031 159028 160025 161028 160030=
