####018000702####
SNVD15 KWNB 220200 RRE
BBXX
42039 22021 99288 70860 46/// /0808 10273 40156 52010 90150 22200
00286 10401 20401 70007 333 91210 555 11084 22088 30146 40910
60149 080078 068076 057080 053073 051075 040063 80809 90147=
41040 22021 99145 70530 46/// /0610 10285 20248 40148 53010 90150
22200 00289 10805 20805 70026 333 91212 555 11103 22109 30111
40613 60149 062097 063094 062100 065103 063102 065104 80711 90057=
41010 22021 99289 70785 46/// /1207 10282 40186 53014 90150 22200
00289 10703 20502 300// 40702 70014 333 91209 555 11073 22077=
41009 22021 99285 70802 46/// /1008 10288 20243 40176 53007 90150
22200 00289 10402 20402 300// 41001 70012 333 91210 555 11090
22096=
####018001572####
SNVD17 KWNB 220200 RRB
BBXX
46001 22021 99563 71480 46/// /2506 10111 49816 51011 90150 22200
00107 11105 20502 300// 41105 70026 333 91208 555 11066 22071
30124 42508 60149 247061 248059 246067 248055 248056 229050=
46082 22021 99597 71434 46/// /0000 10099 20084 49795 53014 90150
22200 00107 11106 20401 300// 41106 70028 333 91201 555 11003
22003 30106 43403 60149 002003 354009 351010 338011 341015 339018
83402 90053=
46072 22021 99517 71722 46/// /2302 10074 20054 40000 56013 90150
22200 00064 10905 20301 3//// 40904 70023 333 91203 555 11023
22027 30051 42405 60149 232020 237031 241032 244035 245033 250041
82505 90051=
46085 22021 99559 71425 46/// /2414 10089 20076 49847 53032 90150
22200 00104 333 91217 555 11150 22159=
46077 22021 99579 71543 46/// /2302 10091 20081 49772 56028 90150
22200 00087 10801 3//// 40801 70007 333 91203 555 11027 22031
30102 42304 60149 233024 234026 231027 230028 230030 230030 82303
90104=
46035 22021 99571 71778 46/// /3009 1//// 40011 53007 90150 22200
10904 20503 300// 40903 70019 333 91211 555 11093 22099 30147
43011 60149 302093 301084 304088 306088 317087 300085 82910 90147=
51101 22021 99243 71621 46/// /0605 10262 20193 40182 56013 90150
22200 00270 11205 20401 333// 41204 70023 333 91207 555 11056
22058 30105 40607 60149 061053 061057 065055 062057 057055 057052=
46061 22021 99602 71468 46/// /2201 10111 49789 53006 90150 22200
00112 11104 20401 300// 41104 70019 333 91202 555 11011 22012
30137 42002 60149 223012 218012 227011 238009 278007 260008=
####018000247####
SNVD19 KWNB 220200 RRC
BBXX
46072 22021 99517 71722 46/// /2302 10074 20054 40000 56013 90150
22200 00064 10905 20301 3//// 40904 70023 333 91203 555 11023
22027 30051 42405 60149 232020 237031 241032 244035 245033 250041
82505 90051=
####018000422####
SNVD20 KWNB 220200 RRD
BBXX
44007 22021 99435 70701 46/// /1703 10172 40231 51004 90150 22200
00162 10901 3//// 40901 70005 333 91204 555 11031 22037 30050
41704 60149 169027 185023 182024 181026 182023 194017=
44013 22021 99423 70707 46/// /1805 10176 20161 40232 51009 90150
22200 00165 10901 20301 300// 40901 70004 333 91206 555 11054
22062 30143 41806 60149 177049 177048 176044 176046 179045 180048=
####018000587####
SNVD45 KWNB 220200 RRD
BBXX
45008 22021 99443 70824 46/// /2612 10188 39907 40117 51017 90150
22200 00178 10402 20402 70011 333 91214 555 11125 22135 60149
262115 260113 259112 256110 246110 240094=
45012 22021 99436 70774 46/// /1607 10207 30064 40154 54000 90150
22200 00192 10301 20301 70006 333 91208 555 11078 22086 30106
41608 60149 157071 157071 158070 160071 161071 165069=
45002 22021 99453 70864 46/// /2410 10155 20120 39892 40102 53013
90150 22200 10705 20705 70023 333 91212 555 11110 22118 30057
42514 60149 242102 242099 241110 248112 248118 246119=
####018001013####
SNVD22 KWNB 220200 RRF
BBXX
46026 22021 99378 71228 46/// /3108 10126 40127 57005 90150 22200
00144 11903 20502 330// 41902 70015 333 91209 555 11084 22088
30136 42810 60149 307078 281084 281078 287077 287074 289069=
46015 22021 99427 71248 46/// /0305 10134 30161 40161 58003 90150
22200 00124 11609 20401 330// 41609 70044 333 91206 555 11054
22061 30144 40406 60149 027048 017048 013047 010045 010044 010044=
46041 22021 99474 71247 46/// /1607 10143 40129 56008 90150 22200
00140 11607 20602 3//// 41607 70035 333 91208 555 11073 22079
30122 41610 60149 156068 152076 150079 153081 153078 151083=
46041 22021 99474 71247 46/// /1607 10143 40129 90150 22200 00140
11607 20602 3//// 41607 70035 333 91208 555 11073 22079 30122
41610 60149 156068 152076 150079 153081 153078 151083=
46042 22021 99368 71224 46/// /3305 10136 30129 40129 54000 90150
22200 00147 11904 20401 330// 41904 70019 333 91206 555 11050
22052 30132 43307 60149 327048 329056 323056 335052 327050 319056=
####018000593####
SNVE15 KWNB 220200 RRA
BBXX
51004 22021 99175 71524 46/// /0407 10251 20189 40118 56013 90150
22200 00258 10804 20602 309// 40803 70019 333 91208 555 11069
22072 30116 40508 60149 044064 053064 049066 052068 049065 051069=
51002 22021 99171 71578 46/// /0808 10257 40133 56015 90150 22200
00262 333 91209 555 11083 22088 30052 41010 60149 077078 083077
084078 090077 091078 094079=
51100 22021 99236 71539 46/// /0805 10248 40173 56014 90150 22200
00259 11405 20401 332// 41405 70026 333 91206 555 11052 22055
30059 40707 60149 077050 083054 082055 079056 078056 077057=
####018000083####
SNVF25 LFPW 220200
BBXX
IDDUK02 22024 99536 70002 46/// ///// 40136
222//=
####018000126####
SNVD02 CWAO 220200
BBXX
CG2960 22024 99453 70800 46/// /1708 10198 20177 40123 53001 7//// 8//// 22200 0//// 2//// =

####018000124####
SNVD02 CWAO 220200
BBXX
VOKJ 22024 99474 70704 46/// /2906 10156 20097 40206 53005 7//// 8//// 22254 0//// 2//// =

####018000125####
SNVD02 CWAO 220200
BBXX
3FZK3 22024 99356 11398 46/// /2502 10286 20165 49969 52014 7//// 8//// 22281 0//// 2//// =

####018000125####
SNVD02 CWAO 220200
BBXX
VRYO3 22024 99501 70012 46/// /2719 10151 20120 40206 56006 7//// 8//// 22224 00170 2//// =

####018000126####
SNVD02 CWAO 220200
BBXX
CG2958 22024 99487 71235 46/// /2702 10155 20150 40134 50002 7//// 8//// 22200 0//// 2//// =

####018000124####
SNVD02 CWAO 220200
BBXX
CGBN 22024 99777 71382 46/// /0607 10001 21001 40034 58001 7//// 8//// 22251 0//// 2//// =

####018000124####
SNVD02 CWAO 220200
BBXX
CGHL 22024 99747 70951 46/// /1225 11000 21012 40042 56024 7//// 8//// 22200 0//// 2//// =

####018000124####
SNVD02 CWAO 220200
BBXX
VCLM 22024 99468 70712 46/// /0102 10154 20120 40210 50001 7//// 8//// 22200 0//// 2//// =

####018000127####
SNVD02 CWAO 220200
BBXX
CFN5537 22024 99637 70685 46/// /3109 10016 20015 40200 51002 7//// 8//// 22200 0//// 2//// =

####018000124####
SNVD02 CWAO 220200
BBXX
CGTF 22024 99685 70899 46/// /1721 10050 20031 40045 58041 7//// 8//// 22200 0//// 2//// =

####018000124####
SNVD02 CWAO 220200
BBXX
VAAZ 22024 99642 70219 46/// /2303 10061 20047 49949 52016 7//// 8//// 22200 0//// 2//// =

####018000124####
SNVD02 CWAO 220200
BBXX
CGSB 22024 99588 70941 46/// /1818 10094 20064 40190 58009 7//// 8//// 22200 0//// 2//// =

####018000124####
SNVD02 CWAO 220200
BBXX
VOPP 22024 99498 70656 46/// /2605 10110 20081 40208 53029 7//// 8//// 22253 00095 2//// =

####018000126####
SNVD02 CWAO 220200
BBXX
CG2965 22024 99492 71237 46/// /0818 10159 20137 40127 58003 7//// 8//// 22251 00132 2//// =

####018000126####
SNVD02 CWAO 220200
BBXX
VC6750 22024 99695 70935 46/// /2316 10053 20039 4//// 5//// 7//// 8//// 22200 0//// 2//// =

####018000126####
SNVD02 CWAO 220200
BBXX
CZ9742 22024 99538 70985 46/// /1904 10114 20028 4//// 5//// 7//// 8//// 22281 00153 2//// =

####018000124####
SNVD02 CWAO 220200
BBXX
CGBR 22024 99541 71303 46/// /1713 10145 20076 40046 52010 7//// 8//// 22241 00111 2//// =

####018000124####
SNVD02 CWAO 220200
BBXX
CGCC 22024 99468 70712 46/// /0604 10159 20131 40212 50000 7//// 8//// 22200 0//// 2//// =

####018000124####
SNVD02 CWAO 220200
BBXX
VOFG 22024 99694 70791 46/// /1210 10001 21002 40142 58021 7//// 8//// 22242 00013 2//// =

####018000126####
SNVD02 CWAO 220200
BBXX
CG2350 22024 99478 70877 46/// /3518 10098 20088 40085 51015 7//// 8//// 22232 00134 2//// =

####018000124####
SNVD02 CWAO 220200
BBXX
CGBY 22024 99505 71277 46/// /0000 10126 20122 40107 51005 7//// 8//// 22200 0//// 2//// =

####018000124####
SNVD02 CWAO 220200
BBXX
VCBW 22024 99498 70669 46/// /2809 10130 20038 4//// 53233 7//// 8//// 22213 00102 2//// =

####018000124####
SNVD02 CWAO 220200
BBXX
VXKF 22024 99462 70602 46/// /2306 10147 20114 40222 51015 7//// 8//// 22200 0//// 2//// =

####018000124####
SNVD02 CWAO 220200
BBXX
CGCX 22024 99476 70527 46/// /2007 10132 20097 40162 53015 7//// 8//// 22200 0//// 2//// =

####018000124####
SNVD02 CWAO 220200
BBXX
CGDT 22024 99683 71135 46/// /2608 10097 20074 49871 53014 7//// 8//// 22232 00052 2//// =

####018000124####
SNVD02 CWAO 220200
BBXX
VCRG 22024 99474 70619 46/// /2102 10138 20116 40233 51011 7//// 8//// 22200 0//// 2//// =

####018000124####
SNVD02 CWAO 220200
BBXX
VCWL 22024 99698 70662 46/// /2508 10007 20002 40147 57010 7//// 8//// 22232 00023 2//// =

####018000126####
SNVD02 CWAO 220200
BBXX
CG2992 22024 99669 71302 46/// /3511 10106 20071 4//// 5//// 7//// 8//// 22200 0//// 2//// =

####018000124####
SNVD02 CWAO 220200
BBXX
VOLG 22024 99/// ///// 46/// /3310 10122 20115 40196 51005 7//// 8//// 22200 0//// 2//// =

####018000124####
SNVD02 CWAO 220200
BBXX
CGDR 22024 99553 71316 46/// /1211 10122 20097 40010 53017 7//// 8//// 22200 0//// 2//// =

####018000124####
SNVD02 CWAO 220200
BBXX
CGDX 22024 99617 70707 46/// /3115 10013 21004 40219 58006 7//// 8//// 22223 00033 2//// =

####018000126####
SNVD02 CWAO 220200
BBXX
CG3029 22024 99447 70636 46/// /0000 10142 20129 40250 53016 7//// 8//// 22200 0//// 2//// =

####018000126####
SNVD02 CWAO 220200
BBXX
CG2522 22024 99619 71214 46/// /1604 10159 20074 4//// 5//// 7//// 8//// 22200 0//// 2//// =

####018000124####
SNVD02 CWAO 220200
BBXX
CGDG 22024 99447 70636 46/// /3201 10142 20128 40252 53018 7//// 8//// 22200 0//// 2//// =

####018000124####
SNVD02 CWAO 220200
BBXX
CGJK 22024 99686 71018 46/// /2124 10067 20051 49876 58004 7//// 8//// 22221 00024 2//// =

####018000124####
SNVD02 CWAO 220200
BBXX
VAAP 22024 99482 70615 46/// /3015 10144 20093 40204 53023 7//// 8//// 22233 0//// 2//// =

####018000462####
SNVD15 KWNB 220200 RRF
BBXX
41046 22021 99238 70683 46/// /0909 10275 20244 40183 52008 90150
22200 00285 10903 20603 300// 40902 70017 333 91211 555 11100
22106 30135 40912 60149 088095 090100 086099 086089 091081 096063
80811 90127=
41041 22021 99142 70460 46/// /0719 10276 20205 40093 50004 90150
22200 00272 11315 20610 3//// 41311 70074 333 91226 555 11203
22218 30145 40726 60149 070183 068183 068188 067198 066188 067185
80722 90145=
####018000170####
SNVD15 KWNB 220100 RRX
BBXX
42392 22011 99272 70900 46/// ///// 1//// 90100 22200 10402 70010=
42887 22011 99282 70885 46/// /0103 10255 90100 22200 10602 70011=
####018000233####
SNVD22 KWNB 220200 RRG
BBXX
46089 22021 99459 71258 46/// /2108 10180 20180 40137 56005 90150
22200 00173 11108 20703 327// 41107 70038 333 91209 555 11085
22092 30147 42209 60149 205078 203076 202074 204076 203073 203070=
####018000462####
SNVD17 KWNB 220200 RRC
BBXX
46076 22021 99595 71480 46/// /1601 10106 20081 49789 52005 90150
22200 00110 11105 20401 300// 41105 70027 333 91202 555 11014
22015 30100 41603 60149 158014 164018 166019 167019 164018 147016
81602 90130=
46083 22021 99582 71380 46/// /2208 10112 20094 49818 53126 90150
22200 00114 11310 20705 300// 41309 70051 333 91210 555 11088
22093 30050 42716 60149 220081 230087 242098 248106 250115 262121
82714 90051=
####018000422####
SNVE15 KWNB 220200 RRB
BBXX
51000 22021 99235 71541 46/// /0805 10250 40169 56013 90150 22200
00259 11505 20501 333// 41505 70024 333 91207 555 11056 22058
30146 40907 60149 081055 075054 072053 073053 079050 077053=
51003 22021 99193 71606 46/// /0805 10255 40147 56012 90150 22200
00274 11404 20502 3//// 41403 70018 333 91207 555 11057 22059
30059 41210 60149 088052 108060 120068 118074 118081 099071=
####018000105####
SNVX22 EDZW 220200
BBXX
62086 22021 99550 10063 46/// /2611 10140 20106 40088 54000
22230 00158=
####018000287####
SNVD20 KWNB 220200 RRE
BBXX
44008 22021 99405 70692 46/// ///// 10202 40245 54000 90150 22200
00191 10901 70006=
44172 22021 99445 70634 46/// ///// 1//// 90202 22200 00165 10402
20402 70008=
44097 22021 99410 70711 46/// ///// 1//// 90202 22200 00189 10801
20801 70006=
####018000124####
SNVD02 CWAO 220200
BBXX
VCSZ 22024 99491 70638 46/// /3014 10101 20103 40208 53012 7//// 8//// 22224 0//// 2//// =

####018000127####
SNVD22 KWNB 220200 RRI
BBXX
46218 22021 99345 71208 46/// ///// 1//// 90202 22200 00159 11002
21002 319// 41401 70012=
####018000887####
SNVD22 KWNB 220200 RRH
BBXX
46247 22021 99378 71228 46/// ///// 1//// 90151 22200 00144 11803
20703 326// 41802 70017=
46138 22021 99524 71298 46/// ///// 1//// 90154 22200 00123 10805
20804 320// 41303 70026=
46244 22021 99409 71244 46/// ///// 1//// 90150 22200 00126 11707
21003 329// 41707 70037=
46243 22021 99462 71241 46/// ///// 1//// 90159 22200 00145 11305
20903 326// 41304 70027=
46236 22021 99368 71219 46/// ///// 1//// 90150 22200 00148 10802
20802 328// 42001 70012=
46229 22021 99438 71246 46/// ///// 1//// 90151 22200 00161 11308
21003 328// 41308 70042=
46225 22021 99329 71174 46/// ///// 1//// 90136 22200 00189 11501
21001 321// 41501 70007=
46213 22021 99403 71247 46/// ///// 1//// 90154 22200 00109 11506
21003 330// 41506 70032=
46215 22021 99352 71209 46/// ///// 1//// 90138 22200 00168 11502
20802 322// 41501 70009=
####018000115####
SNVD20 KWNB 220200 RRF
BBXX
44099 22021 99369 70757 46/// ///// 1//// 90152 22200 00217 11002
21002 70009=
####018000483####
SNVD15 KWNB 220200 RRG
BBXX
44100 22021 99363 70756 46/// ///// 1//// 90152 22200 00233 11002
21002 306// 41101 70011=
41110 22021 99341 70777 46/// ///// 1//// 90151 22200 00256 11102
20801 309// 41101 70008=
42099 22021 99273 70842 46/// ///// 1//// 90157 22200 00289 10601
20601 70007=
41113 22021 99284 70805 46/// ///// 1//// 90151 22200 00291 10402
20402 70009=
41112 22021 99307 70813 46/// ///// 1//// 90151 22200 00271 11102
20502 308// 41101 70008=
####018001078####
SNVD01 PANC 220200 RRC
BBXX
NWS0028 22024 99415 70707
43/// /1606 10194 20174 40243 5//// 7//// 8////
222// 04200 2//// 3//// 4//// 5//// 6//// 8//// ICE /////=
NWS0003 22024 99777 71382
43/// /0609 11014 21015 40024 5//// 7//// 8////
222// 05013 2//// 3//// 4//// 5//// 6//// 8//// ICE /////=
KAOU 22024 99055 10864
43/// /2011 10265 20240 40114 5//// 7//// 8////
222// 04285 2//// 3//// 4//// 5//// 6//// 8//// ICE /////=
WDC6698 22024 99754 71609
43/// /0220 10001 2//// 40020 5//// 7//// 8////
222// 04005 2//// 3//// 4//// 5//// 6//// 8//// ICE /////=
NWS0020 22024 99341 71196
43/// /2707 10153 20153 40121 5//// 7//// 8////
222// 04170 2//// 3//// 4//// 5//// 6//// 8//// ICE /////=
ZCDF4 22023 99578 71339
41296 81740 10100 20086 49831 52013 70362 887//
22234 00090 20103 300// 4//// 5//// 80093=
PBIG 22024 99579 71348
41/97 81840 10107 20039 49890 54000 70362 8////
22244 20403 80077=
9HXC9 22023 99397 10186
41797 40626 10240 20226 40140 54000 7//22 84//2
22234 04210 20203 3//// 4//// 5//// 6//// 80230 ICE /////=
####018000027####
SNVJ20 EHDB 220200
NIL
####018000027####
SNVE20 EHDB 220200
NIL
####018000085####
SNVE01 KWBC 212300 RRC
BBXX
MINFR09 2123/ 99393 31463 46/// ///// 40171 57010=
####018000192####
SMVE01 KWBC 220000 RRG
BBXX
MINFR09 2200/ 99393 31466 46/// ///// 40165 57013=
VNVF 22003 99048 11255 41498 31316 10267 20231 40124 51030 70200
 82105 22243 00276 20301 30000 80242=
####018000151####
SMVD01 KWBC 220000 RRV
BBXX
SHIP 22004 99342 71314 41598 60111 10220 20158 40191 57012 70222
 85361 92355 22234 00230 20200 329// 40804 80220=
####018000408####
SNVD80 KWBC 220100 RRG
BBXX
45028 22011 99468 70918 46/// /3307 10088 20067 39919 40141 90120
 22200 00093 333 91210=
45028 22011 99468 70918 46/// /3306 10094 20064 39919 40141 90110
 22200 00093 333 91209=
45027 22011 99469 70919 46/// /3205 10085 20056 39933 40156 90120
 22200 00084 333 91208=
45027 22011 99469 70919 46/// /3306 10092 20051 39931 40154 90110
 22200 00084 333 91208=
####018000164####
SNVC01 KWBC 220200 RRA
BBXX
WBP3210 22024 99535 50449 43/// /2120 11045 2//// 40016 5////
 7//// 8//// 22222 01001 2//// 3//// 4//// 5//// 6//// ICE /////=
####018000128####
SNVB01 KWBC 220200 RRA
BBXX
3FZK3 22024 99356 11398 46/// /2502 10286 20165 49969 52014 7////
 8//// 22281 0//// 2////=
####018000170####
SNVD01 KWBC 220100 RRN
BBXX
42887 22011 99282 70885 46/// /0103 10255 90100 22200 10602 70011=
42392 22011 99272 70900 46/// ///// 1//// 90100 22200 10402 70010=
####018000182####
SNVA01 KWBC 220200
BBXX
BATFR08 22024 99201 30575 46/// /1005 10224 20182 40213 53006
 22200 00229=
BATFR55 22024 99203 30565 46/// /0907 10227 20194 40216 22262
 04235=
####018003704####
SNVD01 KWBC 220200 RRA
BBXX
46225 22021 99329 71174 46/// ///// 1//// 90136 22200 00189 11501
 21001 321// 41501 70007=
46215 22021 99352 71209 46/// ///// 1//// 90138 22200 00168 11502
 20802 322// 41501 70009=
46229 22021 99438 71246 46/// ///// 1//// 90151 22200 00161 11308
 21003 328// 41308 70042=
46213 22021 99403 71247 46/// ///// 1//// 90154 22200 00109 11506
 21003 330// 41506 70032=
46236 22021 99368 71219 46/// ///// 1//// 90150 22200 00148 10802
 20802 328// 42001 70012=
46244 22021 99409 71244 46/// ///// 1//// 90150 22200 00126 11707
 21003 329// 41707 70037=
46247 22021 99378 71228 46/// ///// 1//// 90151 22200 00144 11803
 20703 326// 41802 70017=
46243 22021 99462 71241 46/// ///// 1//// 90159 22200 00145 11305
 20903 326// 41304 70027=
46218 22021 99345 71208 46/// ///// 1//// 90202 22200 00159 11002
 21002 319// 41401 70012=
46138 22021 99524 71298 46/// ///// 1//// 90154 22200 00123 10805
 20804 320// 41303 70026=
VCSZ 22024 99491 70638 46/// /3014 10101 20103 40208 53012 7////
 8//// 22224 0//// 2////=
44172 22021 99445 70634 46/// ///// 1//// 90202 22200 00165 10402
 20402 70008=
44097 22021 99410 70711 46/// ///// 1//// 90202 22200 00189 10801
 20801 70006=
44008 22021 99405 70692 46/// ///// 10202 40245 54000 90150 22200
 00191 10901 70006=
46076 22021 99595 71480 46/// /1601 10106 20081 49789 52005 90150
 22200 00110 11105 20401 300// 41105 70027 333 91202 555 11014
 22015 30100 41603 60149 158014 164018 166019 167019 164018 147016
 81602 90130=
46083 22021 99582 71380 46/// /2208 10112 20094 49818 53126 90150
 22200 00114 11310 20705 300// 41309 70051 333 91210 555 11088
 22093 30050 42716 60149 220081 230087 242098 248106 250115 262121
 82714 90051=
46089 22021 99459 71258 46/// /2108 10180 20180 40137 56005 90150
 22200 00173 11108 20703 327// 41107 70038 333 91209 555 11085
 22092 30147 42209 60149 205078 203076 202074 204076 203073
 203070=
WTEF 22023 99553 71332 41296 81737 10120 20083 40019 51007 75855
 889// 22200 00100 2//02 3//// 4//02 5//02 6//// 80100 ICE /////=
41041 22021 99142 70460 46/// /0719 10276 20205 40093 50004 90150
 22200 00272 11315 20610 3//// 41311 70074 333 91226 555 11203
 22218 30145 40726 60149 070183 068183 068188 067198 066188 067185
 80722 90145=
41046 22021 99238 70683 46/// /0909 10275 20244 40183 52008 90150
 22200 00285 10903 20603 300// 40902 70017 333 91211 555 11100
 22106 30135 40912 60149 088095 090100 086099 086089 091081 096063
 80811 90127=
VAAP 22024 99482 70615 46/// /3015 10144 20093 40204 53023 7////
 8//// 22233 0//// 2////=
VCRG 22024 99474 70619 46/// /2102 10138 20116 40233 51011 7////
 8//// 22200 0//// 2////=
CG2992 22024 99669 71302 46/// /3511 10106 20071 4//// 5//// 7////
 8//// 22200 0//// 2////=
CGDR 22024 99553 71316 46/// /1211 10122 20097 40010 53017 7////
 8//// 22200 0//// 2////=
CGDT 22024 99683 71135 46/// /2608 10097 20074 49871 53014 7////
 8//// 22232 00052 2////=
CGDG 22024 99447 70636 46/// /3201 10142 20128 40252 53018 7////
 8//// 22200 0//// 2////=
VCBW 22024 99498 70669 46/// /2809 10130 20038 4//// 53233 7////
 8//// 22213 00102 2////=
CG2522 22024 99619 71214 46/// /1604 10159 20074 4//// 5//// 7////
 8//// 22200 0//// 2////=
CGDX 22024 99617 70707 46/// /3115 10013 21004 40219 58006 7////
 8//// 22223 00033 2////=
VXKF 22024 99462 70602 46/// /2306 10147 20114 40222 51015 7////
 8//// 22200 0//// 2////=
CG3029 22024 99447 70636 46/// /0000 10142 20129 40250 53016 7////
 8//// 22200 0//// 2////=
CGCX 22024 99476 70527 46/// /2007 10132 20097 40162 53015 7////
 8//// 22200 0//// 2////=
####018003621####
SNVD01 KWBC 220200 RRB
BBXX
VCWL 22024 99698 70662 46/// /2508 10007 20002 40147 57010 7////
 8//// 22232 00023 2////=
CGCC 22024 99468 70712 46/// /0604 10159 20131 40212 50000 7////
 8//// 22200 0//// 2////=
VOFG 22024 99694 70791 46/// /1210 10001 21002 40142 58021 7////
 8//// 22242 00013 2////=
CZ9742 22024 99538 70985 46/// /1904 10114 20028 4//// 5//// 7////
 8//// 22281 00153 2////=
VC6750 22024 99695 70935 46/// /2316 10053 20039 4//// 5//// 7////
 8//// 22200 0//// 2////=
CGBY 22024 99505 71277 46/// /0000 10126 20122 40107 51005 7////
 8//// 22200 0//// 2////=
CFN5537 22024 99637 70685 46/// /3109 10016 20015 40200 51002
 7//// 8//// 22200 0//// 2////=
VCLM 22024 99468 70712 46/// /0102 10154 20120 40210 50001 7////
 8//// 22200 0//// 2////=
CGSB 22024 99588 70941 46/// /1818 10094 20064 40190 58009 7////
 8//// 22200 0//// 2////=
CGHL 22024 99747 70951 46/// /1225 11000 21012 40042 56024 7////
 8//// 22200 0//// 2////=
CGBR 22024 99541 71303 46/// /1713 10145 20076 40046 52010 7////
 8//// 22241 00111 2////=
CGTF 22024 99685 70899 46/// /1721 10050 20031 40045 58041 7////
 8//// 22200 0//// 2////=
CGJK 22024 99686 71018 46/// /2124 10067 20051 49876 58004 7////
 8//// 22221 00024 2////=
CGBN 22024 99777 71382 46/// /0607 10001 21001 40034 58001 7////
 8//// 22251 0//// 2////=
VOPP 22024 99498 70656 46/// /2605 10110 20081 40208 53029 7////
 8//// 22253 00095 2////=
CG2965 22024 99492 71237 46/// /0818 10159 20137 40127 58003 7////
 8//// 22251 00132 2////=
CG2958 22024 99487 71235 46/// /2702 10155 20150 40134 50002 7////
 8//// 22200 0//// 2////=
VOKJ 22024 99474 70704 46/// /2906 10156 20097 40206 53005 7////
 8//// 22254 0//// 2////=
PBIG 22024 99579 71348 41/97 81840 10107 20039 49890 54000 70362
 8//// 22244 20403 80077=
ZCDF4 22023 99578 71339 41296 81740 10100 20086 49831 52013 70362
 887// 22234 00090 20103 300// 4//// 5//// 80093=
46041 22021 99474 71247 46/// /1607 10143 40129 56008 90150 22200
 00140 11607 20602 3//// 41607 70035 333 91208 555 11073 22079
 30122 41610 60149 156068 152076 150079 153081 153078 151083=
46026 22021 99378 71228 46/// /3108 10126 40127 57005 90150 22200
 00144 11903 20502 330// 41902 70015 333 91209 555 11084 22088
 30136 42810 60149 307078 281084 281078 287077 287074 289069=
46041 22021 99474 71247 46/// /1607 10143 40129 90150 22200 00140
 11607 20602 3//// 41607 70035 333 91208 555 11073 22079 30122
 41610 60149 156068 152076 150079 153081 153078 151083=
46015 22021 99427 71248 46/// /0305 10134 30161 40161 58003 90150
 22200 00124 11609 20401 330// 41609 70044 333 91206 555 11054
 22061 30144 40406 60149 027048 017048 013047 010045 010044
 010044=
46042 22021 99368 71224 46/// /3305 10136 30129 40129 54000 90150
 22200 00147 11904 20401 330// 41904 70019 333 91206 555 11050
 22052 30132 43307 60149 327048 329056 323056 335052 327050
 319056=
41009 22021 99285 70802 46/// /1008 10288 20243 40176 53007 90150
 22200 00289 10402 20402 300// 41001 70012 333 91210 555 11090
 22096=
46061 22021 99602 71468 46/// /2201 10111 49789 53006 90150 22200
 00112 11104 20401 300// 41104 70019 333 91202 555 11011 22012
 30137 42002 60149 223012 218012 227011 238009 278007 260008=
46035 22021 99571 71778 46/// /3009 1//// 40011 53007 90150 22200
 10904 20503 300// 40903 70019 333 91211 555 11093 22099 30147
 43011 60149 302093 301084 304088 306088 317087 300085 82910
 90147=
46085 22021 99559 71425 46/// /2414 10089 20076 49847 53032 90150
 22200 00104 333 91217 555 11150 22159=
####018003649####
SNVD01 KWBC 220200 RRD
BBXX
44040 22021 99410 70736 46/// /1304 10205 20205 40236 90145 22200
 1//00 70001 333 91205 555 11051 22057=
46054 22021 99342 71204 46/// /2905 10148 40124 55000 90150 22200
 00158 10902 20401 300// 40902 70012 333 91206 555 11047 22049
 30127 42906 60149 293046 288043 294041 304046 302045 299041=
44014 22021 99366 70748 46/// /1902 1//// 40207 53008 90150 22200
 00215 10802 20401 308// 40802 70012 333 91202 555 11018 22018
 30108 41303 60149 187017 182017 166020 150022 144023 143017=
46025 22021 99337 71191 46/// /2602 10175 40124 57004 90150 22200
 00193 11601 319// 41601 70007 333 91203 555 11021 22021 30057
 43004 60149 263020 258020 271019 284012 262019 314023=
41004 22021 99325 70791 46/// /1406 10274 20237 40201 53017 90150
 22200 00278 10701 20401 3//// 40701 70007 333 91207 555 11063
 22066 30114 41507 60149 142058 148059 148059 152060 154059
 149058=
44009 22021 99385 70747 46/// /1203 10212 40198 54000 90150 22200
 00204 11002 20301 300// 41002 70010 333 91204 555 11038 22044
 30134 41105 60149 117034 112039 108037 110034 115033 116029=
46029 22021 99461 71245 46/// /1706 10149 20149 40144 56007 90150
 22200 00150 11207 20502 330// 41207 70037 333 91208 555 11067
 22071 30133 41609 60149 174064 173067 175067 174064 172060
 177061=
46087 22021 99485 71247 46/// /1204 10150 20142 40122 56011 90150
 22200 00112 333 91206 555 11042 22050=
46088 22021 99483 71232 46/// /2503 10119 40118 90150 22200 00107
 1//00 70001 333 91204 555 11033 22039 30131 42406 60149 246029
 238045 224032 250005 307010 316036=
46047 22021 99324 71195 46/// /3006 10171 40129 57003 90150 22200
 00178 11503 20401 320// 41502 70013 333 91208 555 11067 22070
 30123 43008 60149 298062 301060 301064 294060 296064 299061=
46014 22021 99394 71240 46/// /3204 10130 40140 56008 90150 22200
 00123 11708 20401 3//// 41708 70040 333 91206 555 11047 22053
 30149 43306 60149 323041 326035 326032 322036 316036 317038=
46050 22021 99442 71246 46/// /1504 10135 40157 56009 90150 22200
 00143 11108 20401 329// 41108 70038 333 91205 555 11040 22041
 30107 41206 60149 150038 147040 137043 134044 132040 132033=
46086 22021 99325 71180 46/// /3105 10170 40127 52003 90150 22200
 00183 11102 20301 329// 41102 70011 333 91206 555 11048 22050
 30129 43207 60149 308046 308046 311054 303047 304051 309052=
46027 22021 99419 71244 46/// /3303 10123 40164 53003 90150 22200
 00117 11506 20301 329// 41505 70028 333 91204 555 11031 22035
 30113 43105 60149 330029 322036 325029 316034 304034 300029=
46011 22021 99350 71210 46/// /3303 10145 40130 54000 90150 22200
 00172 11502 319// 41502 70011 333 91204 555 11030 22031 30131
 43204 60149 325028 324030 307028 291025 304024 296027=
46028 22021 99357 71219 46/// /3307 10144 20136 30129 40129 57004
 90150 22200 00161 11603 20601 317// 41603 70015 333 91209 555
 11071 22074 30134 43209 60149 326067 324071 326067 327065 324056
 331057=
46013 22021 99382 71233 46/// /3111 10122 40121 56008 90150 22200
 00114 11704 20803 3//// 41702 70021 333 91214 555 11116 22125
 30146 43114 60149 313107 313098 314097 313101 313099 315100=
46012 22021 99374 71229 46/// /3208 10127 40132 54000 90150 22200
 00142 11705 20502 329// 41704 70023 333 91210 555 11086 22090
 30050 43311 60149 321080 325080 325078 324085 325082 326089=
41036 22021 99342 70770 46/// /1506 10272 20223 40204 52012 90150
 22200 00273 11102 20401 309// 41101 70009 333 91207 555 11059
 22063 60149 150057 150055 150057 146051 147054 154056=
42362 22021 99278 70907 46/// /0905 10278 20217 90145=
####018002875####
SNVD01 KWBC 220200 RRF
BBXX
41048 22021 99320 70696 46/// /1006 10270 20237 40237 51011 90150
 22200 00277 10903 20501 3//// 40903 70015 333 91207 555 11060
 22063 30142 41007 60149 098061 097062 097061 096060 099062 099060
 81007 90108=
42020 22021 99270 70967 46/// /0908 10280 20223 40142 53009 90150
 22200 00292 10702 20301 309// 40701 70008 333 91209 555 11083
 22087 30111 40910 60149 091079 090081 090080 089083 087082
 083079=
42065 22021 99149 70751 46/// /0808 10291 20253 90150 22200 10502
 20502 70012 333 91209 555 11080 22085 30133 40809 60149 084076
 082076 083067 085070 087074 090078 80908 90053=
41049 22021 99275 70630 46/// /1007 10273 20239 40228 51013 90150
 22200 00273 10803 20502 300// 40802 70014 333 91208 555 11077
 22082 30130 40910 60149 095071 093077 093081 089078 085077 088073
 80909 90129=
41001 22021 99347 70727 46/// /2006 10255 20215 40223 54000 90150
 22200 00271 11002 20502 3//// 41002 70012 333 91207 555 11061
 22064 30118 41809 60149 195058 193064 191072 184072 181067
 173062=
46059 22021 99380 71300 46/// /3103 10203 40191 56004 90150 22200
 00197 11607 20401 3//// 41607 70034 333 91205 555 11035 22040
 30125 43106 60149 308031 307035 315037 309039 311036 315040=
46075 22021 99539 71608 46/// /2811 10085 20050 49888 54000 90150
 22200 00086 10806 20806 70030 333 91214 555 11119 22127 30051
 42814 60149 281112 282109 283113 280116 280116 286115 82913
 90051=
46078 22021 99561 71526 46/// /2608 10107 20072 49802 52005 90150
 333 91210 555 11080 22085 30059 42712 60149 263076 266075 265075
 257081 263088 264093 82710 90059=
46080 22021 99580 71500 46/// /2001 10102 20088 49793 52004 90150
 22200 00104 10905 20401 3//// 40905 70027 333 91202 555 11008
 22008 30144 42002 60149 195008 201005 232002 217006 225003 000000
 81901 90145=
46005 22021 99461 71310 46/// /3204 10152 40098 52004 90150 22200
 00170 11409 20401 3//// 41409 70046 333 91207 555 11045 22046
 30107 43010 60149 319044 303054 303053 295052 291070 286071=
46006 22021 99408 71375 46/// /2404 10193 40126 57005 90150 22200
 00201 11108 20401 3//// 41108 70041 333 91206 555 11044 22046
 30146 42606 60149 238042 216031 215033 214033 207035 202037=
46002 22021 99426 71305 46/// ///08 10197 40139 54000 90150 22200
 00188 11608 20603 3//// 41607 70038 333 91209 555 11082 22090=
46084 22021 99566 71361 46/// /2113 10112 20092 49907 51052 90150
 22200 00118 11313 20808 300// 41310 70064 333 91218 555 11144
 22153 30117 42120 60149 210136 210137 203137 205155 203142
 205120=
NWS0001 22024 99568 71649 43/// /3127 10081 20036 49868 5////
 7//// 8//// 222// 04082 2//// 3//// 4//// 5//// 6//// 8//// ICE
 /////=
NWS0022 22024 99379 70717 43/// /1312 10251 20226 40222 5////
 7//// 8//// 222// 04269 2//// 3//// 4//// 5//// 6//// 8//// ICE
 /////=
####018003678####
SNVD01 KWBC 220200 RRC
BBXX
41010 22021 99289 70785 46/// /1207 10282 40186 53014 90150 22200
 00289 10703 20502 300// 40702 70014 333 91209 555 11073 22077=
46077 22021 99579 71543 46/// /2302 10091 20081 49772 56028 90150
 22200 00087 10801 3//// 40801 70007 333 91203 555 11027 22031
 30102 42304 60149 233024 234026 231027 230028 230030 230030 82303
 90104=
51101 22021 99243 71621 46/// /0605 10262 20193 40182 56013 90150
 22200 00270 11205 20401 333// 41204 70023 333 91207 555 11056
 22058 30105 40607 60149 061053 061057 065055 062057 057055
 057052=
42039 22021 99288 70860 46/// /0808 10273 40156 52010 90150 22200
 00286 10401 20401 70007 333 91210 555 11084 22088 30146 40910
 60149 080078 068076 057080 053073 051075 040063 80809 90147=
41040 22021 99145 70530 46/// /0610 10285 20248 40148 53010 90150
 22200 00289 10805 20805 70026 333 91212 555 11103 22109 30111
 40613 60149 062097 063094 062100 065103 063102 065104 80711
 90057=
46072 22021 99517 71722 46/// /2302 10074 20054 40000 56013 90150
 22200 00064 10905 20301 3//// 40904 70023 333 91203 555 11023
 22027 30051 42405 60149 232020 237031 241032 244035 245033 250041
 82505 90051=
46001 22021 99563 71480 46/// /2506 10111 49816 51011 90150 22200
 00107 11105 20502 300// 41105 70026 333 91208 555 11066 22071
 30124 42508 60149 247061 248059 246067 248055 248056 229050=
46082 22021 99597 71434 46/// /0000 10099 20084 49795 53014 90150
 22200 00107 11106 20401 300// 41106 70028 333 91201 555 11003
 22003 30106 43403 60149 002003 354009 351010 338011 341015 339018
 83402 90053=
44013 22021 99423 70707 46/// /1805 10176 20161 40232 51009 90150
 22200 00165 10901 20301 300// 40901 70004 333 91206 555 11054
 22062 30143 41806 60149 177049 177048 176044 176046 179045
 180048=
44007 22021 99435 70701 46/// /1703 10172 40231 51004 90150 22200
 00162 10901 3//// 40901 70005 333 91204 555 11031 22037 30050
 41704 60149 169027 185023 182024 181026 182023 194017=
FVNM 22024 99213 71579 46/// /0207 10287 20179 40152 56015 22200
 04272=
45144 22021 99532 70983 46/// /0000 10116 39960 40227 57012 22200
 00120 10700 70001 333 912//=
WTER 22024 99245 70818 43/// /1116 10290 2//// 40145 5//// 7////
 8//// 90200 22200 04305 2//// 3//// 4//// 5//// 6//// 80000 ICE
 /////=
WTDF 22024 99402 70720 43/// /1413 10194 20000 40241 5//// 7////
 8//// 90200 2221/ 04194 2//// 3//// 4//// 5//// 6//// 80000 ICE
 /////=
WTEO 22024 99265 70845 43/// /0717 10287 20233 40156 5//// 7////
 8//// 90200 2224/ 04292 2//// 3//// 4//// 5//// 6//// 80248 ICE
 /////=
WTDL 22024 99270 70905 43/// /1011 10276 2023/ 40122 5//// 7////
 8//// 22211 0//// 2//// 3//// 4//// 5//// 6//// 80245 ICE /////=
BAREU04 22024 99388 70746 46/// ///// 40207 57007 22253=
BAREU11 22024 99302 70548 46/// ///// 40262 57003 22254=
41008 22021 99314 70809 46/// /1103 10272 20248 40198 53025 90150
 22200 00270 11002 20301 300// 41001 70008 333 91203 555 11029
 22033 30100 41306 60149 109027 112031 116033 126039 127045
 135048=
44060 22021 99413 70721 46/// ///04 10190 40238 90145 22200 00196
 333 91205 555 11036 22036=
44022 22021 99409 70737 46/// /2403 10204 20186 40227 90145 22200
 00210 333 91204 555 11026 22026=
41013 22021 99334 70777 46/// /1506 10267 20229 40200 51011 90150
 22200 00270 10902 20501 308// 40901 70008 333 91206 555 11058
 22061 30137 41407 60149 147054 143055 144053 139047 138049
 140052=
44020 22021 99414 70702 46/// /1405 10190 20189 40243 52003 90150
 22200 00195 1//00 70002 333 91206 555 11051 22053 30100 41606
 60149 141048 145048 147047 149049 152049 155050=
####018000897####
SNVD80 KWBC 220200 RRA
BBXX
CG2350 22024 99478 70877 46/// /3518 10098 20088 40085 51015 7////
 8//// 22232 00134 2////=
CG2960 22024 99453 70800 46/// /1708 10198 20177 40123 53001 7////
 8//// 22200 0//// 2////=
45012 22021 99436 70774 46/// /1607 10207 30064 40154 54000 90150
 22200 00192 10301 20301 70006 333 91208 555 11078 22086 30106
 41608 60149 157071 157071 158070 160071 161071 165069=
45008 22021 99443 70824 46/// /2612 10188 39907 40117 51017 90150
 22200 00178 10402 20402 70011 333 91214 555 11125 22135 60149
 262115 260113 259112 256110 246110 240094=
45002 22021 99453 70864 46/// /2410 10155 20120 39892 40102 53013
 90150 22200 10705 20705 70023 333 91212 555 11110 22118 30057
 42514 60149 242102 242099 241110 248112 248118 246119=
45006 22021 99473 70898 46/// /3210 10086 39891 40113 53040 90150
 22200 00112 333 91212 555 11104 22109=
####018003579####
SNVD01 KWBC 220200 RRE
BBXX
41043 22021 99211 70650 46/// /1008 10282 20249 40182 51020 90150
 22200 00283 10603 20603 300// 41002 70016 333 91209 555 11083
 22089 30051 41112 60149 095079 092076 094073 096072 098076 104090
 81110 90053=
41047 22021 99275 70715 46/// /1008 10282 20264 40205 53012 90150
 22200 00289 10703 20703 303// 41002 70016 333 91209 555 11081
 22086 30139 40910 60149 097081 096083 099077 096075 096079 098078
 81009 90140=
42059 22021 99151 70675 46/// /0906 10292 20250 40137 51018 90150
 22200 00296 10502 20502 3//// 40601 70010 333 91208 555 11068
 22072 30113 40808 60149 090063 088062 083060 083064 086065 087061
 80907 90142=
42002 22021 99258 70937 46/// /0606 10286 20229 40143 51008 90150
 22200 00297 10501 20501 3//// 40601 70005 333 91207 555 11064
 22067 30134 40508 60149 060064 058065 060060 063056 060053
 055052=
42036 22021 99285 70845 46/// /0404 10283 20245 40164 51019 90150
 22200 00287 10501 20401 315// 40501 70006 333 91205 555 11044
 22046 30136 40505 60149 044042 046043 054044 062042 069034
 073028=
42040 22021 99292 70882 46/// /0304 10271 40158 51011 90150 22200
 00278 10401 20401 70003 333 91205 555 11042 22044 30128 40307
 50152 60149 027043 027053 031057 033052 039052 043040 70123 80306
 90128=
42003 22021 99260 70856 46/// /0707 10289 40147 52027 90150 22200
 00298 10602 20602 70010 333 91208 555 11073 22077 30111 40709
 60149 075069 081070 079072 078075 079071 080071 80808 90112=
42001 22021 99259 70897 46/// /0605 10281 20245 40152 53009 90150
 22200 00289 10401 20401 3//// 40501 70006 333 91208 555 11054
 22056 30149 40308 60149 058049 059043 049048 051052 050063
 045064=
42012 22021 99301 70876 46/// /0605 10271 20239 40166 52008 90150
 22200 00282 10301 20301 70003 333 91206 555 11052 22055 30136
 40707 60149 058050 054055 045052 030047 022043 039037 80606
 90139=
42055 22021 99222 70940 46/// /0305 10292 20229 40134 53014 90150
 22200 00295 10701 305// 40701 70004 333 91205 555 11047 22050
 30104 40406 60149 027044 015042 017044 028044 030044 017042 80205
 90118=
42057 22021 99170 70815 46/// /1005 10292 20241 40129 53019 90150
 22200 00298 10701 20501 70004 333 91206 555 11054 22056 30139
 41006 60149 095051 099050 101048 103048 101050 106049 81006
 90139=
42056 22021 99198 70849 46/// /1304 10292 20240 40128 53019 90150
 22200 00302 10601 20401 308// 40601 70004 333 91205 555 11046
 22048 30149 41205 60149 127043 129039 124037 130037 136037 137038
 81205 90149=
42060 22021 99163 70635 46/// /0906 10289 20244 40154 53019 90150
 22200 00296 10702 20501 300// 40702 70011 333 91207 555 11060
 22063 30127 41007 60149 092057 098049 098055 101051 102048 097048
 81006 90127=
42058 22021 99149 70749 46/// /0808 10293 20248 40124 52023 90150
 22200 00294 10602 20602 304// 41201 70011 333 91209 555 11081
 22086 30050 40909 60149 083077 083072 086076 087077 085074 092070
 80908 90150=
42035 22021 99292 70944 46/// /1205 10269 20210 40156 53005 90150
 22200 00279 10301 70003 333 91205 555 11048 22050 30104 41306
 60149 119046 124047 120047 115049 115049 113049=
44005 22021 99432 70691 46/// /2104 10153 90150 22200 00145 10801
 20301 3//// 40801 70006 333 91205 555 11048 22054 30138 42205
 60149 212042 215041 202031 194022 200032 205038=
41044 22021 99217 70587 46/// /1108 10285 20243 40197 51016 90150
 22200 00284 11004 20703 300// 41002 70020 333 91209 555 11084
 22089 30121 41110 60149 113079 113082 107083 106069 099069 110075
 81109 90121=
####018000416####
SNVE01 KWBC 220200
BBXX
BATFR36 22024 99174 51472 46/// /0920 10254 20189 40142 55011
 22221 04267=
BATFR56 22024 99108 30715 46/// /1225 10254 20212 40142 53010
 22213 04265=
BATFR35 22024 99167 51513 46/// /0818 10259 20202 40123 22222
 04274=
BATEU07 22024 99276 31120 46/// /1617 10179 20117 40234 50006
 22283=
BATFR59 22024 99199 31658 46/// /1316 10239 20187 40157 57015
 22281 04250=
####018002788####
SNVF01 KWBC 220200 RRA
BBXX
62086 22021 99550 10063 46/// /2611 10140 20106 40088 54000 22230
 00158=
9HXC9 22023 99397 10186 41797 40626 10240 20226 40140 54000 7//22
 84//2 22234 04210 20203 3//// 4//// 5//// 6//// 80230 ICE /////=
VAAZ 22024 99642 70219 46/// /2303 10061 20047 49949 52016 7////
 8//// 22200 0//// 2////=
VRYO3 22024 99501 70012 46/// /2719 10151 20120 40206 56006 7////
 8//// 22224 00170 2////=
IDDUK02 22024 99536 70002 46/// ///// 40136 222//=
BATFR28 22024 99342 10217 46/// /3319 10237 20169 40086 58012
 22223 04267=
BATFR33 22024 99393 10042 46/// /0708 10232 20160 40183 50005
 22284 04254=
BATFR01 22024 99404 10268 46/// /0214 10199 20154 40076 58007
 22222 00234=
BATFR42 22024 99484 70054 46/// /3115 10152 20110 40223 58010
 22284 04169=
BATEU04 22024 99589 70338 46/// /2514 10082 20042 49998 58001
 22223=
BATFR02 22024 99499 70006 46/// /2721 10154 20114 40182 51022
 22243 00159=
BATFR31 22024 99420 10080 46/// /2612 10210 20167 40175 58004
 22233 04230=
BATFR19 22024 99478 70067 46/// /2910 10152 20117 40240 57005
 22221 04162=
BATFR62 22024 99490 70037 46/// /2514 10145 20130 40225 57004
 22222 04164=
BATFR20 22024 99416 10084 46/// /3107 10210 20162 40178 58001
 22234=
BATFR49 22024 99458 70019 46/// /0012 10179 20129 40229 55001
 22200 04195=
BATFR06 22024 99452 70013 46/// /0316 10182 20124 40221 51002
 22200 04212=
BATEU08 22024 99576 10078 46/// /2425 10129 20084 40026 52007
 22262=
BATEU06 22024 99461 70211 46/// /2316 10167 20124 40231 58014
 22264 04187=
BATEU03 22024 99528 70061 46/// /2414 10127 20097 40165 51011
 22241 04144=
BATFR52 22024 99498 70040 46/// /2620 10147 20122 40212 56011
 22283 04150=
BATFR29 22024 99495 70022 46/// /2723 10152 20114 40207 52012
 22243 00169=
BATFR60 22024 99503 70003 46/// /2717 10154 20114 40201 56004
 22223 04155=
BATFR16 22024 99495 70001 46/// /2612 10162 20112 40208 51006
 22241 04177=
BATFR50 22024 99328 10287 46/// /2613 10257 20192 40079 58016
 22251 04267=
BAREU00 22024 99493 70250 46/// ///// 40153 57045 22263=
BATFR09 22024 99360 70059 46/// /0801 10202 20189 40193 56003
 22273 04217=
BATFR21 22024 99428 10079 46/// /2111 10204 20159 40169 57005
 22223=
BATFR32 22024 99421 10079 46/// /3014 10209 20181 40175 57002
 7//// 8//// 22234 00249=
BATFR27 22024 99460 70045 46/// /0315 10159 20127 40228 53003
 22285 04189=
BATFR03 22024 99501 70007 46/// /2723 10154 20124 40200 57013
 22282=
BAREU51 22024 99426 10102 46/// ///// 40160 57008 22245=
BATFR13 22024 99364 70346 46/// /1616 10240 20195 40227 58008
 22214 04254=
BAREU60 22024 99422 10176 46/// ///// 40136 52002 22213=
BAREU06 22024 99431 10069 46/// ///// 40164 57002 22254=
####018000160####
SNVJ01 KWBC 220200
BBXX
WCX7445 22024 99647 50640 43/// /1001 11090 2//// 49976 5////
 7//// 8//// 22200 01017 2//// 3//// 4//// 5//// 6//// ICE /////=
####018000222####
SNVD17 KWNB 220200 RRD
BBXX
46238 22021 99334 71195 46/// ///// 1//// 90150 22200 00182 11102
21001 327// 41101 70009=
46239 22021 99363 71221 46/// ///// 1//// 90151 22200 00151 11503
20803 318// 41502 70015=
####018000239####
SNVD15 KWNB 220200 RRH
BBXX
42362 22021 99278 70907 46/// /0904 10278 20222 90200=
42363 22021 99282 70892 46/// /0706 10267 20206 40163 51007 90200
333 91206=
42364 22021 99291 70881 46/// /0205 10267 20217 40169 53006 90200=
####018000115####
SNVD19 KWNB 220200 RRD
BBXX
46108 22021 99598 71521 46/// ///// 1//// 90201 22200 00103 11101
20301 70004=
