####018003515####
SMVD15 KWNB 221800 RRC
BBXX
41012 22181 99300 70805 46/// /1605 10273 40178 58009 91750 22200
00286 10702 20501 310// 40702 70011 333 91206 555 11051 22053
31740 41806 61749 161050 173051 225024 236031 212043 106012=
41001 22181 99347 70727 46/// /1707 10273 20226 40225 58006 91750
22200 00278 10702 20402 3//// 40702 70012 333 91208 555 11070
22074 31725 41708 61749 173065 174062 168067 166066 170065 168066=
41049 22181 99275 70630 46/// /1008 10277 20235 40216 58012 91750
22200 00274 11104 20703 300// 41102 70020 333 91211 555 11089
22096 31710 41011 61749 095083 092092 091094 093091 094090 094090
80910 91708=
42020 22181 99270 70967 46/// /0404 10279 20215 40163 50000 91750
22200 00294 10501 20401 309// 40501 70005 333 91205 555 11041
22042 31720 40405 61749 037039 041039 037043 043041 045040 050039=
41044 22181 99217 70587 46/// /1108 10284 20237 40192 56011 91750
22200 00285 10805 20703 300// 40803 70023 333 91209 555 11081
22086 31653 41110 61749 114076 112080 111083 108085 108084 111084
81109 91703=
41048 22181 99320 70696 46/// /1609 10273 20231 40225 58010 91750
22200 00278 11103 20702 3//// 41102 70014 333 91210 555 11085
22090 31725 41610 61749 156086 156082 155088 153083 148079 148079
81509 91728=
42065 22181 99149 70751 46/// /0606 10290 20256 91750 22200 10603
20602 3//// 40601 70013 333 91208 555 11067 22071 31706 41010
61749 064066 076062 082060 084055 085069 079050 81009 91706=
44005 22181 99432 70691 46/// /1803 10176 91750 22200 00148 10801
20301 3//// 40801 70007 333 91204 555 11040 22048 31713 42005
61749 183033 198033 208031 198040 197039 200037=
42035 22181 99292 70944 46/// /0504 10263 20222 40172 50000 91750
22200 00279 10301 20301 70004 333 91205 555 11042 22043 31715
40505 61749 050039 051036 054039 054043 053041 049044=
42060 22181 99163 70635 46/// /0908 10290 20242 40149 58014 91750
22200 00294 10603 20603 300// 41001 70015 333 91209 555 11082
22087 31741 40810 61749 089077 085079 089070 076076 084070 086071
80809 91738=
42058 22181 99149 70749 46/// /0707 10293 20249 40117 58020 91750
22200 00294 10603 20603 312// 41101 70014 333 91208 555 11075
22079 31748 40808 61749 073069 071063 072064 078067 083064 086067
80808 91722=
42036 22181 99285 70845 46/// /0507 10259 20228 40166 58005 91750
22200 00282 10502 20502 70009 333 91209 555 11078 22082 31650
40409 61749 047073 062062 077068 083067 100068 126076=
42056 22181 99198 70849 46/// /1604 10296 20240 40144 58008 91750
22200 00303 10301 20301 308// 40501 70005 333 91205 555 11042
22043 31655 41707 61749 165039 166043 162047 157053 156055 164060
81606 91657=
42057 22181 99170 70815 46/// /1006 10291 20256 40136 58009 91750
22200 00301 10401 20401 70006 333 91207 555 11058 22060 31718
41007 61749 095055 091055 095058 093063 089061 089060 80907 91718=
42012 22181 99301 70876 46/// /0405 10237 20224 40175 50004 91750
22200 00275 10502 20401 314// 40501 70008 333 91206 555 11055
22057 31746 40306 61749 034053 040047 013038 354043 002032 047017
80306 91743=
42055 22181 99222 70940 46/// /2903 10291 20230 40146 58007 91750
22200 00301 10401 20301 304// 40401 70004 333 91204 555 11029
22030 31745 42904 61749 285026 285025 294021 292023 299023 302025
82903 91745=
42003 22181 99260 70856 46/// /1804 10284 40149 51003 91750 22200
00296 10602 20401 312// 40601 70008 333 91205 555 11041 22042
31654 41606 61749 178039 171040 163040 159045 160042 159045 81605
91655=
####018001282####
SMVD15 KWNB 221800 RRD
BBXX
42040 22181 99292 70882 46/// /3004 10265 40153 56015 91750 22200
00278 10603 20401 314// 40602 70013 333 91205 555 11039 22040
31650 42309 50152 61749 297040 279042 272048 264051 255072 235076
71745 82308 91651=
42002 22181 99258 70937 46/// /0204 10284 20235 40153 58003 91750
22200 00300 10501 3//// 40501 70005 333 91206 555 11041 22042
31749 40306 61749 020040 000028 342018 349027 012016 003013=
42059 22181 99151 70675 46/// /1007 10282 20237 40130 58018 91750
22200 00297 10502 20502 3//// 41001 70012 333 91212 555 11077
22081 31703 41213 61749 098078 100071 098069 106061 114076 098067
81212 91704=
41047 22181 99275 70715 46/// /1107 10276 20254 40199 58013 91750
22200 00290 10703 20603 313// 40702 70016 333 91209 555 11071
22074 31730 41213 61749 111071 119094 123094 120089 118087 124085
81213 91731=
41043 22181 99211 70650 46/// /1108 10283 20246 40179 58013 91750
22200 00283 10804 20603 300// 40803 70019 333 91209 555 11080
22085 31655 41213 61749 111076 110075 110078 116071 115059 106089
81110 91653=
41036 22181 99342 70770 46/// /0000 10262 20220 40198 58017 91750
22200 00274 10602 20401 312// 40602 70010 333 91202 555 11005
22005 61749 194010 173041 196040 256025 236007 241001=
####018001637####
SMVD17 KWNB 221800 RRA
BBXX
32012 22181 99197 50856 46/// ///// 1//// 91750 22200 10704 70019=
46081 22181 99608 71483 46/// /0208 10085 20077 49912 52025 91750
22200 00097 10301 20301 70005 333 91209 555 11082 22086 31718
40210 61749 023078 022077 022078 019081 020081 018076 80209 91718=
46006 22181 99408 71375 46/// /2012 10214 40078 58007 91750 22200
00200 11307 20605 3//// 41305 70034 333 91216 555 11134 22145
31749 42016 61749 197124 198125 199126 201125 201127 198123=
46002 22181 99426 71305 46/// ///10 10197 40136 52006 91750 22200
00188 11306 20703 3//// 41305 70030 333 91212 555 11103 22111=
46084 22181 99566 71361 46/// /1709 10108 20075 40018 51012 91750
22200 00119 11007 20805 300// 41005 70035 333 91211 555 11093
22098 31745 41711 61749 172085 170061 175055 173059 178061 186070=
46075 22181 99539 71608 46/// /3111 10076 20047 49937 53018 91750
22200 00088 10806 20806 70031 333 91214 555 11120 22127 31709
43015 61749 309111 309112 307117 305122 302120 300119 83113 91726=
46005 22181 99461 71310 46/// /1810 10167 40070 56012 91750 22200
00170 11207 20602 3//// 41207 70037 333 91213 555 11111 22118
31709 40513 61749 167105 062102 058098 057094 059097 058099=
46059 22181 99380 71300 46/// /2504 10200 40206 51013 91750 22200
00196 11405 20401 3//// 41405 70025 333 91205 555 11044 22048
31653 42706 61749 247039 252037 262039 274044 261042 268044=
46080 22181 99580 71500 46/// /1507 10100 20083 49871 53019 91750
22200 00101 10905 20602 3//// 40904 70023 333 91208 555 11074
22078 31747 41508 61749 153069 150070 149067 151061 150062 150062
81508 91734=
####018001208####
SMVD20 KWNB 221800 RRC
BBXX
41008 22181 99314 70809 46/// /0603 10273 20228 40188 58011 91750
22200 00274 10602 20401 300// 40602 70009 333 91203 555 11029
22031 31703 40804 61749 063028 056019 049016 074021 084029 082031=
44014 22181 99366 70748 46/// /1604 1//// 40213 58005 91750 22200
00220 10802 20301 309// 40802 70011 333 91205 555 11041 22041
31736 41505 61749 155041 151043 144042 143042 149033 145030=
41004 22181 99325 70791 46/// /3603 10263 20233 40195 58014 91750
22200 00278 10802 20401 3//// 40801 70008 333 91204 555 11031
22032 31730 40105 61749 355031 002041 004037 000033 005032 009034=
44009 22181 99385 70747 46/// /1904 10216 40196 57005 91750 22200
00211 10602 20401 300// 40601 70008 333 91205 555 11046 22051
31703 42005 61749 192041 200036 202032 197036 199042 204043=
41013 22181 99334 70777 46/// /1205 10261 20230 40195 58012 91750
22200 00270 10802 20401 310// 40802 70009 333 91206 555 11047
22049 31748 41206 61749 124042 122037 115032 111042 107041 114046=
44020 22181 99414 70702 46/// /1504 10200 20199 40197 58008 91750
22200 00197 10301 70003 333 91205 555 11044 22049 31720 41307
61749 149041 140048 129055 122057 112052 113043=
####018002917####
SMVD22 KWNB 221800 RRF
BBXX
46053 22181 99342 71198 46/// /0000 10146 40149 52011 91750 22200
00168 333 91201 555 11005 22005 31706 40802 61749 026005 055006
055003 041006 066008 128003=
46014 22181 99394 71240 46/// /3406 10132 40163 51012 91750 22200
00119 11608 20502 3//// 41608 70042 333 91207 555 11063 22071
31652 43410 61749 341057 341058 339061 340062 342069 342078=
46011 22181 99350 71210 46/// /3302 10144 40157 52013 91750 22200
00166 11604 20401 331// 41604 70021 333 91203 555 11016 22017
31728 43103 61749 328016 299013 343020 000012 341015 344010=
46047 22181 99324 71195 46/// /3203 10160 40156 51011 91750 22200
00179 11604 20401 331// 41604 70018 333 91204 555 11026 22026
31725 43305 61749 324025 328028 320032 321025 320030 310027=
46088 22181 99483 71232 46/// /2001 10116 40130 91750 22200 00110
1//00 70002 333 91201 555 11013 22016 31705 40602 61749 195013
154016 131010 100012 069016 039018=
46028 22181 99357 71219 46/// /3307 10133 20129 30157 40157 52017
91750 22200 00156 11305 20602 330// 41305 70025 333 91208 555
11071 22074 31712 43309 61749 330067 326065 332069 328068 337060
330059=
46027 22181 99419 71244 46/// /2202 10132 40185 51008 91750 22200
00121 11506 20301 329// 41506 70029 333 91202 555 11018 22022
31739 42503 61749 217016 216011 209010 217011 218013 209016=
46086 22181 99325 71180 46/// /3102 10172 40147 51009 91750 22200
00187 11702 327// 41702 70011 333 91204 555 11023 22023 31740
43204 61749 310023 322022 309021 320019 327018 337017=
46050 22181 99442 71246 46/// /1805 10143 40171 53008 91750 22200
00142 11206 20401 329// 41206 70030 333 91207 555 11056 22059
31650 41707 61749 178052 179051 177054 179053 181053 173057=
46069 22181 99337 71202 46/// /3301 10151 40153 51011 91750 22200
00183 11604 20401 331// 41604 70021 333 91203 555 11010 22010
31731 43304 61749 336010 343020 299018 318020 305014 310018=
46013 22181 99382 71233 46/// /3402 10110 40159 52017 91750 22200
00122 11505 20401 3//// 41505 70027 333 91203 555 11020 22020
31703 42904 61749 335018 331016 305015 289018 291025 307021=
46012 22181 99374 71229 46/// /3006 10121 40156 51011 91750 22200
00142 11507 20502 329// 41507 70035 333 91207 555 11060 22062
31722 43108 61749 304058 309059 312061 313060 317060 317058=
46087 22181 99485 71247 46/// /1908 10152 20152 40127 53006 91750
22200 00105 11306 20703 327// 41305 70031 333 91210 555 11091
22105 31742 41910 61749 186080 186083 186079 180062 175008 136009=
46029 22181 99461 71245 46/// /1708 10152 20152 40155 52010 91750
22200 00146 11507 20603 331// 41507 70036 333 91210 555 11087
22094 31738 41710 61749 171080 174082 176080 178078 176083 177079=
46025 22181 99337 71191 46/// /1402 10173 40155 51011 91750 22200
00191 11401 323// 41401 70006 333 91203 555 11021 22021 31741
41503 61749 142020 141017 142008 138013 137016 129002=
####018000247####
SMVD19 KWNB 221800 RRA
BBXX
46070 22181 99551 11753 46/// /3006 10093 20047 40125 53009 91750
22200 00111 11304 20602 3//// 41303 70021 333 91207 555 11063
22066 31702 42912 61749 298060 296060 292060 288061 280074 326086
82910 91702=
####018000473####
SNVD45 KWNB 221700 RRJ
BBXX
45027 22171 99469 70919 46/// /3206 10085 20038 39983 40207 91710
333 91207=
45027 22171 99469 70919 46/// /3305 10087 20038 39983 40207 91720
333 91207=
45028 22171 99468 70918 46/// /3305 10083 20054 39967 40190 91710
22200 00089 333 91206=
45028 22171 99468 70918 46/// /3305 10085 20052 39967 40190 91720
22200 00089 333 91206=
45028 22171 99468 70918 46/// /3304 10086 20053 39967 40190 91730
22200 00089 333 91205=
####018000221####
SMVD45 KWNB 221800 RRC
BBXX
45006 22181 99473 70898 46/// /3606 10086 39958 40181 53010 91750
22200 00109 10402 20402 70008 333 91207 555 11060 22062 31730
43509 61749 357058 352064 349066 353064 353062 352064=
####018000089####
SMVD11 LFPW 221800
BBXX
BAREU11 22184 99268 70591 46/// ///// 40231 57015
22254=
####018000089####
SMVF11 LFPW 221800
BBXX
BAREU00 22184 99487 70310 46/// ///// 40044 57004
22263=
####018000091####
SMVX76 LFPW 221200 RRC
BBXX
MINFR03 2212/ 99036 30640 46/// ///// 10278 40092 57014=
####018001751####
SMXX16 KAWN 221800
BBXX
46002 22181 99426 71305 46/// ///10 10197 40136 52006 91750 22200
 00188 11306 20703 3//// 41305 70030 333 91212 555 11103 22111=
46005 22181 99461 71310 46/// /1810 10167 40070 56012 91750 22200
 00170 11207 20602 3//// 41207 70037 333 91213 555 11111 22118
 31709 40513 61749 167105 062102 058098 057094 059097 058099=
46006 22181 99408 71375 46/// /2012 10214 40078 58007 91750 22200
 00200 11307 20605 3//// 41305 70034 333 91216 555 11134 22145
 31749 42016 61749 197124 198125 199126 201125 201127 198123=
46013 22181 99382 71233 46/// /3402 10110 40159 52017 91750 22200
 00122 11505 20401 3//// 41505 70027 333 91203 555 11020 22020
 31703 42904 61749 335018 331016 305015 289018 291025 307021=
46014 22181 99394 71240 46/// /3406 10132 40163 51012 91750 22200
 00119 11608 20502 3//// 41608 70042 333 91207 555 11063 22071
 31652 43410 61749 341057 341058 339061 340062 342069 342078=
46028 22181 99357 71219 46/// /3307 10133 20129 30157 40157 52017
 91750 22200 00156 11305 20602 330// 41305 70025 333 91208 555
 11071 22074 31712 43309 61749 330067 326065 332069 328068 337060
 330059=
46050 22181 99442 71246 46/// /1805 10143 40171 53008 91750 22200
 00142 11206 20401 329// 41206 70030 333 91207 555 11056 22059
 31650 41707 61749 178052 179051 177054 179053 181053 173057=
KTDQ 22183 99478 71283 41498 81719 10160 20140 40088 54/// 70222
 887// 22233 00170 20202 328// 40506 5//// 6//// 80150 ICE /////=
WDC8583 22183 99554 71321 41/96 81503 10111 2//// 40080 5////
 761// 8//// 222// 0//// 2//01 3//// 4//// 6////=
WSM5364 22183 99564 71331 41798 61809 10150 2//// 40045 54000
 70122 8/331 22253 04111 20101 3//// 40000 5//// 6//// 8//// ICE
 /////=
####018000422####
SMVD20 KWNB 221800 RRD
BBXX
44007 22181 99435 70701 46/// /1403 10170 40200 58010 91750 22200
00164 10801 20401 3//// 40801 70005 333 91204 555 11033 22038
31723 41405 61749 136029 142036 143045 141035 133032 133025=
44013 22181 99423 70707 46/// /1303 10178 20176 40193 58013 91750
22200 00167 10801 300// 40801 70003 333 91204 555 11036 22042
31745 41304 61749 132031 128024 125023 127026 127030 130030=
####018000136####
SMVD02 CWAO 221800
BBXX
CGDX 22184 99605 70642 41498 82815 10019 21023 40201 56008 71522 888// 22223 00031 20000 305// 40503 =

####018000101####
SMVF11 LFPW 221800
BBXX
BATFR03 22184 99503 70007 46/// /2620 10155 20124 40213 58013
22284=
####018000107####
SMVD11 LFPW 221800
BBXX
BATFR15 22184 99298 70411 46/// /0510 10277 20214 40225 56009
22254 04277=
####018000107####
SMVE11 LFPW 221800
BBXX
BATFR59 22184 99198 31655 46/// /1416 10224 20157 40158 53003
22211 04245=
####018000095####
SMVF11 LFPW 221800
BBXX
BATFR21 22184 99427 10087 46/// /2411 10217 20174 40154
22263=
####018000104####
SMVD11 LFPW 221800
BBXX
FVNM 22184 99213 71579 46/// /1105 10267 20175 40168 53012
22200 04269=
####018000107####
SMVF11 LFPW 221800
BBXX
BATFR39 22184 99473 70025 46/// /3010 10169 20117 40227 56006
22200 04184=
####018000139####
SMVF11 LFPW 221800
BBXX
BATFR49 22184 99436 70020 44/97 70011 10205 20149 40216 55004 70322
877//
22241 04214 330// 407// 5////=
####018000107####
SMVF11 LFPW 221800
BBXX
BATEU03 22184 99528 70061 46/// /2213 10157 20120 40177 56006
22281 04144=
####018000091####
SNVX19 LFVW 221600 RRD
BBXX
MINFR00 2216/ 99320 70809 46/// ///// 10258 40204 52007=
####018000101####
SMVF11 LFPW 221800
BBXX
BATFR30 22184 99417 10088 46/// /3105 10219 20174 40162
22263 00214=
####018000101####
SMVE11 LFPW 221800
BBXX
BATEU07 22184 99231 31104 46/// /1520 10197 20144 40210 57010
22283=
####018000107####
SMVF11 LFPW 221800
BBXX
BATFR13 22184 99387 70289 46/// /2311 10235 20190 40205 56007
22224 04239=
####018000107####
SMVF11 LFPW 221800
BBXX
BATFR09 22184 99367 70083 46/// /3019 10214 20152 40174 56005
22263 04232=
####018000145####
SMVE11 LFPW 221800
BBXX
BATFR56 22184 99088 30745 44597 61222 10252 20244 40124 58003 70200
85423
22213 04272 20608 30912 40608 50404=
####018000107####
SMVF11 LFPW 221800
BBXX
BATFR10 22184 99375 10012 46/// /0803 10234 20182 40164 55002
22222 04254=
####018000107####
SMVF11 LFPW 221800
BBXX
BATFR60 22184 99531 10044 46/// /2515 10149 20069 40181 58005
22283 04154=
####018000101####
SMVF11 LFPW 221800
BBXX
BATFR22 22184 99431 10054 46/// /3015 10212 20129 40150
22234 04160=
####018000095####
SMVF11 LFPW 221800
BBXX
BATFR20 22184 99413 10091 46/// /2618 10222 20177 40151
22263=
####018000101####
SMVF11 LFPW 221800
BBXX
BATFR31 22184 99418 10085 46/// /1905 10220 20177 40159
22263 04229=
####018000139####
SMVF11 LFPW 221800
BBXX
BATFR53 22184 99379 70298 44497 22609 10230 20192 40212 56001 70000
8113/
22252 04242 31800 407// 505//=
####018000101####
SMVD11 LFPW 221800
BBXX
BATEU00 22184 99654 70534 46/// /3421 10025 21058 40062 56003
22283=
####018000107####
SMVF11 LFPW 221800
BBXX
BATFR52 22184 99497 70041 46/// /2617 10149 20117 40231 56011
22283 04152=
####018000101####
SMVE11 LFPW 221800
BBXX
BATFR36 22184 99173 51455 46/// /0815 10254 20182 40181
22221 04267=
####018000145####
SMVF11 LFPW 221800
BBXX
BATFR50 22184 99328 10283 44297 63013 10249 20195 40075 53013 70222
86270
22262 04272 20502 324// 40502 5////=
####018000107####
SMVF11 LFPW 221800
BBXX
BATFR11 22184 99398 10018 46/// /2006 10242 20187 40176 53001
22214 04264=
####018000107####
SMVA11 LFPW 221800
BBXX
BATFR08 22184 99201 30575 46/// /1205 10230 20159 40215 50011
22200 00247=
####018000158####
SMVF11 BIRK 221800
BBXX
TFBLK nil=
TFDRN nil=
TFGRS nil=
TFGRV nil=
TFGSK nil=
TFHFN nil=
TFKGR nil=
TFSRT nil=
TFSTD nil=
TFBKF nil=
####018000149####
SNVF25 LFPW 221700
BBXX
OXHY2 22173 99493 70040 41298 62605 10162 20130 40233 57007 70222
8667/
22214 00153 20301 3//// 4//// 5//// 80143=
####018000147####
SNVX19 LFVW 221700 RRB
BBXX
FLAO 2217/ 99764 70831 46/// ///// 11015 40079 57006=
MINFR05 2217/ 99227 10697 46/// ///// 10270 40104 52008=
####018000091####
SNVX19 LFVW 221600 RRE
BBXX
MINFR05 2216/ 99227 10697 46/// ///// 10273 40105 52017=
####018000131####
SMVD17 CWVR 221800
BBXX
45144 22181 99532 70983 46/// /0000 10118 39917 40183 57014
22200 00118 10700 70002 333 912// =

####018000128####
SMVD17 CWVR 221800
BBXX
45144 22181 99532 70983 46/// /0000 10118 39917 40183 57014
22200 00118 10700 70002 333 912// =
