####018000127####
SNVD22 KWNB 221000 RRX
BBXX
46221 22101 99339 71186 46/// ///// 1//// 91015 22200 00189 11301
21001 320// 41301 70006=
####018000227####
SNVD15 KWNB 221100 RRB
BBXX
42362 22111 99278 70907 46/// /0806 10272 20222 91045=
42363 22111 99282 70892 46/// /1514 10244 20211 40159 91045 333
91214=
42364 22111 99291 70881 46/// /0905 10261 20217 40159 91045=
####018000125####
SNVD17 KWNB 221100
BBXX
46060 22111 99606 71468 46/// /1106 10104 49862 91050 22200 00113
333 91207 555 11066 22069=
####018000216####
SNVD20 KWNB 221100 RRB
BBXX
44060 22111 99413 70721 46/// ///02 10191 40204 91045 22200 00196
333 91203 555 11021 22026=
44022 22111 99409 70737 46/// /0000 10207 20200 40195 91045 22200
00209 333 91201=
####018000224####
SNVD45 KWNB 221100 RRA
BBXX
45025 22111 99470 70884 46/// /2506 10077 20057 40140 91050 22200
00162 1//00 70002 333 91207=
45026 22111 99420 70866 46/// /2405 10174 20123 91050 22200 00191
10502 70009 333 91207=
####018000218####
SNVE15 KWNB 221100
BBXX
51203 22111 99208 71570 46/// ///// 1//// 91043 22200 00264 11302
21001 326// 41301 70009=
52200 22111 99134 11448 46/// ///// 1//// 91045 22200 00293 10703
20703 311// 41101 70014=
####018000031####
SIVX20 VHHH 220900
NIL=

####018000473####
SNVD45 KWNB 221000 RRK
BBXX
45027 22101 99469 70919 46/// /3202 10061 20026 39962 40186 91010
333 91203=
45027 22101 99469 70919 46/// /3102 10061 20026 39962 40187 91020
333 91203=
45028 22101 99468 70918 46/// /3205 10067 20037 39955 40179 91010
22200 00095 333 91206=
45028 22101 99468 70918 46/// /3305 10067 20037 39955 40179 91020
22200 00095 333 91207=
45028 22101 99468 70918 46/// /3305 10067 20036 39955 40179 91030
22200 00094 333 91207=
####018000221####
SNVD45 KWNB 221100 RRB
BBXX
45004 22111 99476 70866 46/// /2907 10100 39899 40120 53016 91050
22200 00127 10602 20602 70011 333 91208 555 11072 22075 31008
43109 61049 292068 302067 304066 301065 305064 295064=
####018000125####
SNVD17 CWVR 221000
BBXX
46208 22101 99525 71327 46/// /2004 10126 40078 52004
22200 00124 11209 70044 333 91206 =

####018000125####
SNVD17 CWVR 221000
BBXX
46183 22101 99536 71311 46/// /1706 10116 40085 52012
22200 00112 10802 70012 333 91208 =

####018000083####
SNVD25 LFPW 221100
BBXX
BAREU08 22114 99094 70799 46/// ///// 40126
22200=
####018000101####
SNVF25 LFPW 221100
BBXX
TESTFR9 22114 99492 70040 46/// /2513 10144 29093 40245 52018
22244=
####018000089####
SNVC25 LFPW 221100
BBXX
BAREU54 22114 99157 50753 46/// ///// 4//// 54000
22274=
####018001025####
SNVD20 KWNB 221100 RRC
BBXX
41008 22111 99314 70809 46/// /1901 10271 20255 40184 53003 91050
22200 00269 10801 20301 300// 40801 70007 333 91202 555 11015
22018 30956 41603 61049 198014 197017 178018 173017 165020 159026=
44014 22111 99366 70748 46/// /2102 1//// 40208 53012 91050 22200
00210 10902 20401 309// 40902 70010 333 91202 555 11016 22016
31031 41903 61049 205016 190022 182023 190024 208021 201022=
41004 22111 99325 70791 46/// /1606 10259 20217 40187 50000 91050
22200 00274 10702 20501 3//// 40701 70009 333 91207 555 11059
22061 31004 41410 61049 161059 158072 143071 136059 136071 157024=
44009 22111 99385 70747 46/// /1802 10204 40193 53009 91050 22200
00203 10602 20401 300// 40602 70009 333 91203 555 11026 22028
30951 42203 61049 180024 195023 218020 225019 235018 220028=
41013 22111 99334 70777 46/// /1802 10267 20242 40191 52007 91050
22200 00268 10802 20401 311// 40802 70010 333 91203 555 11021
22022 31045 41503 61049 175018 173014 165016 161018 183020 192018=
####018000141####
SNVD20 KWNB 221000 RRX
BBXX
44040 22101 99410 70736 46/// /1602 10209 20209 40202 91030 22200
1//00 70001 333 91203 555 11026 22031=
####018000176####
SNVD01 PANC 221000 RRG
BBXX
WC5932 22104 99448 70874
43/// /3315 00/// 10109 20061 40135 5//// 7//// 8////
22200 0//// 2//// 3//// 4//// 5//// 6//// 80084 ICE /////=
####018000310####
SNVD01 PANC 221100 RRB
BBXX
NWS0001 22114 99568 71644
43/// /3127 10063 20039 49891 5//// 7//// 8////
222// 04078 2//// 3//// 4//// 5//// 6//// 8//// ICE /////=
WDE8761 22114 99433 70824
41/99 12217 10155 2//// 40146 54000 70000 80001
22242 0//// 20501 3//// 4//// 5//// 6//// 8//// ICE /////=
####018003668####
SNVD15 KWNB 221100 RRC
BBXX
41012 22111 99300 70805 46/// /1304 10281 40175 53006 91050 22200
00284 10702 20401 310// 40702 70011 333 91204 555 11037 22038
31014 41205 61049 129036 128035 129040 126043 122041 124037=
41001 22111 99347 70727 46/// /1806 10268 20221 40220 53006 91050
22200 00271 10502 20502 3//// 41002 70012 333 91207 555 11062
22065 31009 41808 61049 180059 176063 175064 183065 183064 185065=
41049 22111 99275 70630 46/// /1007 10274 20234 40221 53011 91050
22200 00272 10803 20603 300// 40802 70017 333 91209 555 11077
22083 30954 41009 61049 094071 095070 097071 096073 097069 098074
80908 90956=
42020 22111 99270 70967 46/// /0000 10280 20213 40145 57003 91050
22200 00290 10501 20401 309// 40501 70007 333 91201 555 11005
22005 30951 41203 61049 075005 124007 143010 125012 126012 121019=
42065 22111 99149 70751 46/// /0808 10287 20248 91050 22200 10602
20602 70012 333 91209 555 11085 22090 31043 40809 61049 082079
079078 086082 088078 087077 082079 80809 90956=
41044 22111 99217 70587 46/// /1110 10282 20237 40190 53013 91050
22200 00283 10704 20704 300// 40802 70022 333 91211 555 11104
22111 31016 41112 61049 111097 110094 110092 109096 109098 108095
81111 91004=
41048 22111 99320 70696 46/// /1006 10271 20231 40227 53009 91050
22200 00277 11103 20401 3//// 41102 70013 333 91208 555 11064
22067 31042 41008 61049 100063 104063 102059 104063 102061 105066
81107 90956=
42058 22111 99149 70749 46/// /0807 10290 20246 40117 53016 91050
22200 00293 10602 20602 70012 333 91209 555 11079 22084 31027
40809 61049 079073 084080 082075 082076 083072 086075 80808 91032=
42001 22111 99259 70897 46/// /1306 10282 20239 40139 57004 91050
22200 00288 10502 20502 3//// 41101 70009 333 91207 555 11060
22063 31027 41208 61049 133057 126058 119063 108058 108056 107054=
42035 22111 99292 70944 46/// /0703 10264 20215 40153 57003 91050
22200 00276 1//00 70002 333 91203 555 11027 22028 31017 40704
61049 067026 069024 083027 078026 086020 087018=
42056 22111 99198 70849 46/// /1505 10291 20241 40125 53003 91050
22200 00301 10301 20301 70005 333 91207 555 11057 22059 30954
41607 61049 144052 141054 153058 164052 160054 161055 81606 91024=
42060 22111 99163 70635 46/// /0809 10288 20238 40149 53015 91050
22200 00293 10503 20502 300// 40801 70014 333 91210 555 11091
22096 31045 40910 61049 075084 077078 076079 073080 074081 072079
80709 91048=
42057 22111 99170 70815 46/// /0705 10289 20254 40127 53008 91050
22200 00297 10301 20301 70005 333 91206 555 11056 22058 30956
40708 61049 072054 074052 070048 068044 065045 065056 80707 90956=
42036 22111 99285 70845 46/// /1306 10283 20253 40150 51006 91050
22200 00285 10402 20402 70009 333 91207 555 11061 22064 30955
41308 61049 127057 125057 122060 127059 132064 132066=
42012 22111 99301 70876 46/// /0206 10253 20243 40162 91050 22200
00277 10401 20401 70007 333 91207 555 11065 22068 31031 40308
61049 019062 024063 030058 031045 026040 024036 80307 91034=
41047 22111 99275 70715 46/// /1007 10278 20265 40197 53009 91050
22200 00289 10703 20502 312// 40702 70015 333 91208 555 11072
22076 31020 41008 61049 095071 100068 099071 102070 105067 104070
81008 91020=
42003 22111 99260 70856 46/// /0611 10258 40145 51012 91050 22200
00294 10602 20602 70012 333 91213 555 11111 22117 31043 40713
61049 063106 064104 051086 051082 049085 059086 80711 91037=
42055 22111 99222 70940 46/// /0202 10285 20229 40131 55000 91050
22200 00295 10601 20301 304// 40601 70004 333 91203 555 11022
22022 31002 40103 61049 015021 004021 357022 354017 355018 358018
83603 91023=
####018000872####
SNVD15 KWNB 221100 RRD
BBXX
42059 22111 99151 70675 46/// /0906 10287 20250 40132 53016 91050
22200 00296 10502 20502 3//// 40601 70010 333 91207 555 11063
22066 31038 40808 61049 088059 089063 085058 086061 088062 096060
80807 91038=
42040 22111 99292 70882 46/// /0906 10271 20215 40149 55000 91050
22200 00278 10402 20402 70008 333 91207 555 11063 22066 31046
40907 50147 61049 086062 089057 091055 094054 103055 110055 71013
80906 91046=
42002 22111 99258 70937 46/// /1102 10280 20240 40138 56006 91050
22200 00296 10501 305// 40501 70006 333 91202 555 11015 22015
31037 41203 61049 110015 121017 129006 066004 105006 127013=
41043 22111 99211 70650 46/// /1008 10279 20246 40172 53012 91050
22200 00282 10804 20703 300// 40803 70022 333 91210 555 11086
22092 30959 41011 61049 103081 101083 103081 103080 103088 099092
81010 90959=
####018001736####
SNVD17 KWNB 221100 RRA
BBXX
32012 22111 99197 50856 46/// ///// 1//// 91050 22200 10604 70019=
46081 22111 99608 71483 46/// /3605 10080 20078 49861 51026 91050
22200 00088 1//00 70001 333 91206 555 11048 22050 31008 40206
61049 355045 353050 015040 023041 021045 012037 83505 91034=
46006 22111 99408 71375 46/// /1909 10204 40103 58023 91050 22200
00200 11207 20603 3//// 41206 70034 333 91212 555 11098 22105
31043 41912 61049 189092 186087 189088 193088 198083 199085=
46002 22111 99426 71305 46/// ///08 10194 40134 56011 91050 22200
00188 11407 20602 3//// 41407 70036 333 91210 555 11091 22098=
46084 22111 99566 71361 46/// /2011 10112 20079 49994 51020 91050
22200 00119 11208 20806 300// 41206 70042 333 91212 555 11112
22119 30952 41914 61049 195105 194102 197110 197113 195113 191120=
46078 22111 99561 71526 46/// /2808 10106 20060 49844 91050 333
91209 555 11082 22088=
46005 22111 99461 71310 46/// /1701 10151 40109 57004 91050 22200
00169 11407 20301 3//// 41407 70036 333 91202 555 11007 22007
31041 42902 61049 182008 028005 018007 026004 229005 178007=
46075 22111 99539 71608 46/// /2808 10079 20049 49912 51008 91050
22200 00085 10806 20704 300// 40805 70032 333 91211 555 11090
22095 31003 42912 61049 282085 282085 281082 290089 286092 279087
82910 91003=
46059 22111 99380 71300 46/// /2503 10196 40188 58007 91050 22200
00195 11506 20401 3//// 41506 70032 333 91205 555 11032 22035
30959 42806 61049 247030 251029 249031 255034 265036 273036=
46080 22111 99580 71500 46/// /1704 10100 20083 49838 51015 91050
22200 00101 11004 20301 3//// 41004 70020 333 91205 555 11040
22042 30950 41705 61049 171038 172037 174038 175034 172033 172031
81705 91050=
####018000338####
SNVD19 KWNB 221100 RRA
BBXX
46070 22111 99551 11753 46/// /3208 10100 20053 40098 52018 91050
22200 00111 11405 20603 3//// 41403 70023 333 91210 555 11088
22093 31012 43211 61049 320082 319085 319087 321091 323089 324092
83310 91015=
46078 22111 99561 71526 46/// /2808 10106 20060 49844 91050 333
91209 555 11082 22088=
####018000776####
SNVD45 KWNB 221100 RRC
BBXX
45005 22111 99417 70824 46/// /1401 10190 39966 40172 51009 91050
22200 00196 1//00 70001 333 91201 555 11006 22006 31049 41701
61049 141006 127005 130003 180001 180001 180001=
45001 22111 99481 70878 46/// /3306 10086 39906 40127 51016 91050
22200 00124 10501 20501 70007 333 91207 555 11063 22065 61049
332062 336061 333063 327062 329062 329064=
45007 22111 99427 70870 46/// /2706 10149 20101 39946 40157 53005
91050 22200 00182 10401 20401 70007 333 91208 555 11067 22070
31011 42609 61049 264065 265066 262072 264073 266071 271068=
45003 22111 99454 70828 46/// /2407 10145 39923 40136 53009 91050
22200 00149 10501 20501 70007 333 91208 555 11070 22074 31030
42508 61049 242065 244062 252064 256059 249057 244062=
####018000221####
SNVD20 KWNB 221100 RRD
BBXX
44020 22111 99414 70702 46/// /1303 10196 20195 40211 56005 91050
22200 00196 10301 20301 70003 333 91204 555 11034 22036 30953
41508 61049 135033 136036 137041 144050 145059 151063=
####018003295####
SNVD22 KWNB 221100 RRD
BBXX
46088 22111 99483 71232 46/// /2001 10116 40121 52003 91050 22200
00106 1//00 70001 333 91201 555 11008 22010 31019 42003 61049
196007 219009 188010 175019 201016 190021=
46053 22111 99342 71198 46/// /2502 10143 40127 54000 91050 22200
00168 333 91203 555 11022 22022 31021 42504 61049 247021 265011
247018 237021 235019 266012=
46014 22111 99394 71240 46/// /3603 10122 40143 58007 91050 22200
00113 11507 20301 3//// 41507 70037 333 91204 555 11034 22040
31021 43505 61049 357031 350039 350041 348040 346039 352035=
46011 22111 99350 71210 46/// /3204 10141 40135 57006 91050 22200
00168 11703 20301 329// 41703 70015 333 91206 555 11046 22047
31041 43306 61049 323046 324041 334038 339046 341046 336040=
46047 22111 99324 71195 46/// /3204 10157 40137 54000 91050 22200
00179 11902 20301 332// 41902 70012 333 91205 555 11040 22042
31031 43306 61049 316039 317044 318039 312035 315041 321038=
46028 22111 99357 71219 46/// /3508 10131 20128 30138 40138 57003
91050 22200 00156 11605 20602 330// 41604 70023 333 91209 555
11079 22083 31007 43410 61049 344075 335073 342072 342076 334074
329071=
46086 22111 99325 71180 46/// /3403 10163 40132 57003 91050 22200
00185 11402 20401 316// 41402 70009 333 91205 555 11035 22036
31044 43305 61049 338033 322023 307027 320032 310032 292033=
46027 22111 99419 71244 46/// /0901 10124 40169 56004 91050 22200
00118 11606 20401 329// 41606 70029 333 91203 555 11011 22013
31027 41103 61049 090010 092012 088012 037006 345007 349004=
46088 22111 99483 71232 46/// /2001 10116 40121 91050 22200 00106
1//00 70001 333 91201 555 11008 22010 31019 42003 61049 196007
219009 188010 175019 201016 190021=
46050 22111 99442 71246 46/// /1905 10143 40158 57004 91050 22200
00136 11607 20401 329// 41607 70037 333 91205 555 11049 22055
31001 41508 61049 189045 184050 189051 176058 171062 176059=
46069 22111 99337 71202 46/// /3104 10152 40133 57004 91050 22200
00181 11904 20401 330// 41904 70018 333 91206 555 11044 22045
31002 42907 61049 308041 313047 307048 296040 287049 306047=
46013 22111 99382 71233 46/// /3304 10121 40130 56003 91050 22200
00119 11705 20401 3//// 41705 70026 333 91205 555 11047 22051
30951 43307 61049 334044 333047 327054 328054 325059 326057=
46012 22111 99374 71229 46/// /3207 10128 40138 58005 91050 22200
00137 11606 20502 330// 41606 70032 333 91209 555 11074 22078
31039 43209 61049 316070 315070 323060 325059 322062 325068=
46087 22111 99485 71247 46/// /0903 10132 20132 40122 50000 91050
22200 00109 11307 20401 326// 41307 70037 333 91205 555 11039
22047 31027 41006 61049 093032 104030 095031 078024 067017 065022=
46029 22111 99461 71245 46/// /1809 10152 20151 40136 56009 91050
22200 00146 11508 20703 331// 41508 70041 333 91211 555 11094
22101 31028 41811 61049 178087 177090 176089 175086 178081 178086=
46054 22111 99342 71204 46/// /3204 10138 40129 54000 91050 22200
00157 11702 20401 300// 41702 70012 333 91205 555 11045 22046
31002 43306 61049 318042 316040 323042 321041 319051 324053=
46025 22111 99337 71191 46/// /0000 10163 40134 54000 91050 22200
00187 11401 316// 41401 70007 333 91201 555 11005 22005 30952
43003 61049 341005 011011 319005 257005 281012 295015=
####018000624####
SNVD80 KWBC 221000 RRF
BBXX
45027 22101 99469 70919 46/// /3102 10061 20026 39962 40187 91020
 333 91203=
45028 22101 99468 70918 46/// /3205 10067 20037 39955 40179 91010
 22200 00095 333 91206=
45028 22101 99468 70918 46/// /3305 10067 20037 39955 40179 91020
 22200 00095 333 91207=
45027 22101 99469 70919 46/// /3202 10061 20026 39962 40186 91010
 333 91203=
45028 22101 99468 70918 46/// /3305 10067 20036 39955 40179 91030
 22200 00094 333 91207=
WC5932 22104 99448 70874 43/// /3315 00/// 10109 20061 40135 5////
 7//// 8//// 22200 0//// 2//// 3//// 4//// 5//// 6//// 80084 ICE
 /////=
####018000105####
SNVA01 KWBC 221100
BBXX
DBBT 22111 99230 30145 46/// /2009 10171 20120 40167 57018 22220
 00138=
####018000087####
SNVC01 KWBC 221100
BBXX
BAREU54 22114 99157 50753 46/// ///// 4//// 54000 22274=
####018002156####
SNVD01 KWBC 221000 RRM
BBXX
44040 22101 99410 70736 46/// /1602 10209 20209 40202 91030 22200
 1//00 70001 333 91203 555 11026 22031=
46183 22101 99536 71311 46/// /1706 10116 40085 52012 22200 00112
 10802 70012 333 91208=
46208 22101 99525 71327 46/// /2004 10126 40078 52004 22200 00124
 11209 70044 333 91206=
46221 22101 99339 71186 46/// ///// 1//// 91015 22200 00189 11301
 21001 320// 41301 70006=
42023 22101 99261 70831 46/// /1105 1//// 91030 333 91206=
44024 22101 99423 70659 46/24 /1303 10163 40248 57003 91004 22200
 00154 10801 70005 333 91204 555 11042 22048=
44037 22101 99435 70679 46/28 /1604 10156 40224 57010 91004 22200
 00150 11101 70005 333 91205 555 11055 22062=
44039 22101 99411 70727 46/// /1503 10212 20207 40209 91030 22200
 00213 1//00 70001 333 91205=
46242 22101 99332 71174 46/// ///// 1//// 91026 22200 00180 11401
 20901 321// 41401 70007=
46216 22101 99343 71198 46/// ///// 1//// 91027 22200 00168 11001
 21001 70007=
46231 22101 99327 71174 46/// ///// 1//// 91019 22200 00183 11401
 21001 320// 41401 70007=
46223 22101 99335 71178 46/// ///// 1//// 91030 22200 00186 11401
 20901 319// 41401 70006=
46241 22101 99330 71173 46/// ///// 1//// 91010 22200 00174 11401
 21001 324// 41401 70005=
46232 22101 99325 71174 46/// ///// 1//// 91008 22200 00193 11402
 20901 320// 41401 70008=
42085 22101 99179 70665 46/// /1007 10266 40133 91010 333 91209=
42085 22101 99179 70665 46/// /1307 10274 40134 91030 333 91209=
41033 22101 99323 70804 46/// ///04 10253 40178 57005 91000 555
 11047 22054=
42085 22101 99179 70665 46/// /1108 10272 40134 91020 333 91210=
41052 22101 99183 70648 46/// /0909 10288 40131 91010 333 91211=
41052 22101 99183 70648 46/// /1009 10288 40132 91020 333 91210=
41052 22101 99183 70648 46/// /1009 10289 40133 91030 333 91211=
41053 22101 99185 70661 46/// /1108 10285 40131 91010 333 91210=
41053 22101 99185 70661 46/// /1206 10284 40135 91020 333 91207=
41053 22101 99185 70661 46/// /1206 10283 40135 91030 333 91208=
42360 22101 99267 70905 46/// /0406 10277 91000 22200 00303 10502
 70010 333 91208=
####018002611####
SNVD01 KWBC 221100
BBXX
41004 22111 99325 70791 46/// /1606 10259 20217 40187 50000 91050
 22200 00274 10702 20501 3//// 40701 70009 333 91207 555 11059
 22061 31004 41410 61049 161059 158072 143071 136059 136071
 157024=
44009 22111 99385 70747 46/// /1802 10204 40193 53009 91050 22200
 00203 10602 20401 300// 40602 70009 333 91203 555 11026 22028
 30951 42203 61049 180024 195023 218020 225019 235018 220028=
41013 22111 99334 70777 46/// /1802 10267 20242 40191 52007 91050
 22200 00268 10802 20401 311// 40802 70010 333 91203 555 11021
 22022 31045 41503 61049 175018 173014 165016 161018 183020
 192018=
41008 22111 99314 70809 46/// /1901 10271 20255 40184 53003 91050
 22200 00269 10801 20301 300// 40801 70007 333 91202 555 11015
 22018 30956 41603 61049 198014 197017 178018 173017 165020
 159026=
44014 22111 99366 70748 46/// /2102 1//// 40208 53012 91050 22200
 00210 10902 20401 309// 40902 70010 333 91202 555 11016 22016
 31031 41903 61049 205016 190022 182023 190024 208021 201022=
BAREU08 22114 99094 70799 46/// ///// 40126 22200=
42364 22111 99291 70881 46/// /0905 10261 20217 40159 91045=
42362 22111 99278 70907 46/// /0806 10272 20222 91045=
42363 22111 99282 70892 46/// /1514 10244 20211 40159 91045 333
 91214=
44022 22111 99409 70737 46/// /0000 10207 20200 40195 91045 22200
 00209 333 91201=
44060 22111 99413 70721 46/// ///02 10191 40204 91045 22200 00196
 333 91203 555 11021 22026=
46060 22111 99606 71468 46/// /1106 10104 49862 91050 22200 00113
 333 91207 555 11066 22069=
44098 22111 99428 70702 46/// ///// 1//// 91037 22200 00171 10801
 20801 70006=
41115 22111 99184 70673 46/// ///// 1//// 91035 22200 10602 20602
 335// 41101 70012=
46211 22111 99469 71242 46/// ///// 1//// 91036 22200 00139 11407
 21003 328// 41407 70037=
41114 22111 99276 70802 46/// ///// 1//// 91046 22200 00286 11002
 21002 304// 41101 70011=
46218 22111 99345 71208 46/// ///// 1//// 91032 22200 00154 11804
 20802 331// 41803 70019=
46222 22111 99336 71183 46/// ///// 1//// 91034 22200 00190 11501
 21001 319// 41501 70006=
46240 22111 99366 71219 46/// ///// 1//// 91042 22200 00151 11702
 21001 301// 41702 70010=
46237 22111 99378 71226 46/// ///// 1//// 91040 22200 00162 11505
 21003 325// 41504 70026=
46217 22111 99342 71194 46/// ///// 1//// 91042 22200 00175 11401
 21001 319// 41401 70005=
46248 22111 99461 71247 46/// ///// 1//// 91034 22200 00152 11508
 21004 329// 41507 70040=
46249 22111 99338 71197 46/// ///// 1//// 91040 22200 00188 11501
 20901 320// 41501 70007=
####018000545####
SNVD80 KWBC 221100
BBXX
45004 22111 99476 70866 46/// /2907 10100 39899 40120 53016 91050
 22200 00127 10602 20602 70011 333 91208 555 11072 22075 31008
 43109 61049 292068 302067 304066 301065 305064 295064=
45026 22111 99420 70866 46/// /2405 10174 20123 91050 22200 00191
 10502 70009 333 91207=
45025 22111 99470 70884 46/// /2506 10077 20057 40140 91050 22200
 00162 1//00 70002 333 91207=
WZD2465 22114 99445 70828 41/// /2420 10150 2//// 4//// 70211
 8//// 22273 0//// 20302 3//// 4//// 5//// 6//// 8//// ICE /////=
####018000330####
SNVF01 KWBC 221100
BBXX
TESTFR9 22114 99492 70040 46/// /2513 10144 29093 40245 52018
 22244=
BAREU61 22114 99331 10329 46/// /2512 10278 29061 40086 57012
 22224=
DBBU 22111 99542 10117 46/// /2513 10148 20131 40130 52005 22261
 00151=
DBKV 22111 99636 10094 46/// /2504 10128 20074 49930 52003 22260
 00130=
####018000108####
SNVX21 EUMS 221100 RRI
BBXX
DBBA 22111 99549 10138 46/// /2512 10111 20106 40111 52004
22240 00118=
####018000108####
SNVX21 EUMS 221100 RRE
BBXX
DBEA 22111 99540 10085 46/// /2810 10139 20097 40147 52021
22221 00148=
####018000108####
SNVX21 EUMS 221100 RRF
BBXX
DBFH 22111 99549 10137 46/// /2511 10125 20111 40113 52003
22221 00130=
####018000108####
SNVX21 EUMS 221100 RRJ
BBXX
DBBC 22111 99541 10089 46/// /2610 10143 2//// 40142 52018
22210 00146=
####018000108####
SNVX21 EUMS 221100 RRD
BBXX
DBJM 22111 99541 10079 46/// /2614 10186 20096 40141 52013
22271 00165=
####018000115####
SNVX21 EUMS 221100 RRG
BBXX
DBEB 22111 99538 10081 41/// /2814 10149 20149 40146 52019
7//// 22231 00151 =
####018000108####
SNVX21 EUMS 221100 RRL
BBXX
DBBI 22111 99535 10100 46/// /2808 10156 20083 40147 52010
22240 00163=
####018000108####
SNVX21 EUMS 221100 RRK
BBXX
DBND 22111 99543 10101 46/// /2506 10154 20078 40129 52010
22240 00143=
####018000108####
SNVX21 EUMS 221100 RRC
BBXX
DBFR 22111 99546 10072 46/// /2714 10140 20098 40131 52011
22272 00162=
####018000108####
SNVX21 EUMS 221100 RRH
BBXX
DBKR 22111 99541 10121 46/// /2406 10162 20113 40127 52001
22200 00154=
####018000131####
SNVD41 LFPW 221100
BBXX
41101 22114 99146 70562 46/// /0720 10284 20245 40138 52018
22200 00286 10705 70023
  555 1/026=
####018000108####
SNVX21 EUMS 221100 RRM
BBXX
DBCK 22111 99539 10080 46/// /2714 10150 20085 40137 52012
22241 00158=
