####018000085####
SIVE30 KWBC 220300 RRE
BBXX
MINFR09 2203/ 99390 31474 46/// ///// 40143 57022=
####018000105####
SNVA01 KWBC 220400
BBXX
DBBT 22041 99230 30145 46/// /0501 10099 20081 40164 52003 22200
 00137=
####018000087####
SNVC01 KWBC 220400
BBXX
BAREU54 22044 99165 50733 46/// ///// 4//// 54000 22264=
####018000561####
SNVF01 KWBC 220400
BBXX
TESTFR9 22044 99503 70041 46/// ///// 10142 29084 40212 57005
 22282=
DBJM 22041 99540 10085 46/// /2211 10142 20118 40116 57008 22230
 00153=
DBEA 22041 99540 10082 46/// /2313 10145 20120 40111 57012 22260
 00156=
DBFR 22041 99542 10080 46/// /2612 10148 20136 40108 57006 22200
 00161=
DBBU 22041 99542 10119 46/// /2209 10143 20132 40125 57009 22221
 00152=
DBKV 22041 99636 10094 46/// /1403 10126 20060 49918 57010 22270
 00129=
BAREU61 22044 99324 10309 46/// /2509 10254 29076 40091 57002
 22224=
####018001785####
SNVD01 KWBC 220400
BBXX
44022 22041 99409 70737 46/// /2002 10204 20194 40221 90345 22200
 00210 333 91203 555 11021 22021=
44060 22041 99413 70721 46/// ///03 10192 40232 90345 22200 00199
 333 91204 555 11031 22036=
42364 22041 99291 70881 46/// /0406 10272 20228 40169 90345=
42363 22041 99282 70892 46/// /0810 10267 20206 40169 53006 90400
 333 91210=
44098 22041 99428 70702 46/// ///// 1//// 90337 22200 00171 10801
 20801 70007=
C6FR3 22043 99586 71351 41799 11835 10100 2//// 49950 52010 78166
 817// 22245 0//// 20105 31819 40104 50104 6//// 8//// ICE /////=
46211 22041 99469 71242 46/// ///// 1//// 90336 22200 00137 11707
 21004 327// 41705 70033=
46222 22041 99336 71183 46/// ///// 1//// 90334 22200 00194 11001
 21001 329// 41101 70007=
46217 22041 99342 71194 46/// ///// 1//// 90342 22200 00178 11501
 21001 318// 41501 70005=
46237 22041 99378 71226 46/// ///// 1//// 90340 22200 00153 11704
 20703 325// 41703 70019=
46240 22041 99366 71219 46/// ///// 1//// 90342 22200 00142 12001
 21001 301// 42001 70007=
41114 22041 99276 70802 46/// ///// 1//// 90346 22200 00287 10402
 20402 304// 41101 70012=
41115 22041 99184 70673 46/// ///// 1//// 90335 22200 11102 21001
 335// 41101 70008=
46248 22041 99461 71247 46/// ///// 1//// 90334 22200 00146 11507
 20904 328// 41505 70035=
46249 22041 99338 71197 46/// ///// 1//// 90340 22200 00188 11402
 20801 319// 41401 70008=
ZCDG8 22043 99431 70658 41/92 91812 10150 20150 40264 52010 74522
 89/// 22225 00140 20303 3//// 4//// 5//// 80150=
3EBL5 22043 99188 70791 41898 21212 10290 20220 40120 54000 70188
 82888 22234 00290 20402 31212 40402 50402 6//// 80240 ICE /////=
42363 22041 99282 70892 46/// /0809 10267 20206 40169 90345 333
 91209=
####018000222####
SNVD80 KWBC 220400
BBXX
45026 22041 99420 70866 46/// /2507 10187 20114 90350 22200 00192
 10502 70012 333 91209=
45025 22041 99470 70884 46/// /2706 10098 20087 40110 90350 22200
 00164 10201 70003 333 91208=
####018002019####
SIVD30 KWBC 220300 RRM
BBXX
CGSB 22034 99588 70941 41/// /1919 10087 20060 40180 50011 7////
 8//// 22280 0//// 2////=
46221 22031 99339 71186 46/// ///// 1//// 90315 22200 00190 11401
 20801 321// 41401 70007=
44039 22031 99411 70727 46/// /1403 10209 20204 40239 90330 22200
 00214 1//00 70002 333 91204=
41112 22031 99307 70813 46/// ///// 1//// 90322 22200 00270 11102
 20901 307// 41101 70008=
H3VR 22034 99165 70870 41398 20715 10290 2023/ 40110 53010 7//00
 8286/ 22273 00300 20201 30707 40301 50301 6//// 80250 ICE /////=
46242 22031 99332 71174 46/// ///// 1//// 90326 22200 00186 11401
 21001 321// 41401 70007=
46216 22031 99343 71198 46/// ///// 1//// 90327 22200 00169 11002
 21001 326// 41101 70008=
46223 22031 99335 71178 46/// ///// 1//// 90330 22200 00190 11502
 21001 319// 41501 70008=
46231 22031 99327 71174 46/// ///// 1//// 90319 22200 00189 11502
 21001 321// 41501 70008=
46241 22031 99330 71173 46/// ///// 1//// 90310 22200 00181 11501
 21001 324// 41501 70006=
46232 22031 99325 71174 46/// ///// 1//// 90308 22200 00191 11402
 20901 319// 41401 70009=
C6FR3 22033 99589 71352 41596 82240 10100 2//// 49890 54/// 78066
 88723 22244 00100 20403 3//// 4//// 5//// 6//// 8//// ICE /////=
41053 22031 99185 70661 46/// /0605 10265 40144 90310 333 91207=
41052 22031 99183 70648 46/// /1209 10283 40133 90310 333 91211=
41053 22031 99185 70661 46/// /0405 10273 40139 90330 333 91207=
41053 22031 99185 70661 46/// /0505 10270 40140 90320 333 91206=
44024 22031 99423 70659 46/30 /2203 10162 40260 51006 90304 22200
 00161 10801 70006 333 91203 555 11032 22035=
41052 22031 99183 70648 46/// /1110 10282 40133 90320 333 91212=
44037 22031 99435 70679 46/14 /1703 10152 40246 51004 90304 22200
 00149 10801 70006 333 91203 555 11035 22039=
41052 22031 99183 70648 46/// /1110 10279 40135 90330 333 91213=
SHIP 22034 99361 71730 41197 63029 10250 20207 40205 51/// 70222
 8634/ 22274 04260 20307 327// 40307 80220 .....=
####018001268####
SNVD15 KWNB 220400 RRF
BBXX
42059 22041 99151 70675 46/// /0906 10291 20250 40136 51003 90350
22200 00296 10502 20502 3//// 40901 70010 333 91208 555 11068
22071 30301 40908 60349 092064 086063 088062 085066 087069 087067
80907 90303=
42002 22041 99258 70937 46/// /0706 10286 20226 40150 52009 90350
22200 00297 10401 20401 3//// 40601 70006 333 91207 555 11058
22061 30303 40708 60349 067057 058059 062065 061069 059071 061070=
42040 22041 99292 70882 46/// /0406 10269 20209 40160 51005 90350
22200 00278 10501 20501 70003 333 91207 555 11058 22061 30305
40308 50158 60349 037059 039062 029064 028066 028071 021060 70331
80308 90306=
41047 22041 99275 70715 46/// /1108 10280 20265 40206 51004 90350
22200 00289 10703 20702 304// 41002 70017 333 91209 555 11082
22086 30317 41110 60349 108083 108081 108082 110084 104080 103081
81109 90317=
41043 22041 99211 70650 46/// /1008 10280 20247 40176 50000 90350
22200 00282 10603 20603 70017 333 91209 555 11081 22086 30314
40910 60349 097076 097077 095082 092082 093082 096078 80909 90315=
41036 22041 99342 70770 46/// /1407 10266 20233 40208 52004 90350
22200 00273 11102 20601 307// 41101 70009 333 91209 555 11075
22079 60349 143071 140073 138072 137074 143071 143069=
####018003658####
SNVD15 KWNB 220400 RRE
BBXX
41012 22041 99300 70805 46/// /1306 10285 40182 51006 90350 22200
00285 10802 20401 309// 40801 70009 333 91208 555 11067 22071
30314 41408 60349 130062 137060 132063 132066 129066 133066=
41049 22041 99275 70630 46/// /1006 10273 20241 40226 54000 90350
22200 00273 10903 20502 300// 40902 70015 333 91208 555 11061
22065 30251 41009 60349 096057 100056 101053 107055 110062 105068
81008 90251=
41001 22041 99347 70727 46/// /1806 10261 20225 40220 57004 90350
22200 00270 11102 20501 3//// 41102 70012 333 91207 555 11060
22063 30347 41707 60349 176057 179042 183039 183042 177046 178050=
42020 22041 99270 70967 46/// /1007 10285 20222 40152 51016 90350
22200 00291 10402 20402 309// 40701 70008 333 91208 555 11075
22080 30316 41009 60349 098072 093072 095072 096074 097073 100074=
42065 22041 99149 70751 46/// /0808 10290 20253 90350 22200 10503
20503 70013 333 91209 555 11083 22089 30253 40910 60349 078079
074082 077075 078074 079079 079084 80909 90300=
41044 22041 99217 70587 46/// /1109 10283 20240 40185 58007 90350
22200 00283 10604 20604 300// 41102 70021 333 91211 555 11098
22105 30259 41112 60349 114093 113089 115089 114094 115088 111090
81210 90341=
41048 22041 99320 70696 46/// /1006 10270 20236 40232 58004 90350
22200 00277 10803 20501 3//// 40803 70014 333 91207 555 11059
22062 30257 41007 60349 097060 094061 095060 096061 097063 098061
81007 90257=
44005 22041 99432 70691 46/// /1803 10152 90350 22200 00144 10901
20301 3//// 40901 70006 333 91203 555 11033 22039 30331 41803
60349 180029 178029 182030 178027 177026 180023=
42058 22041 99149 70749 46/// /0808 10293 20247 40127 51011 90350
22200 00294 10602 20602 70012 333 91209 555 11081 22086 30319
40709 60349 078076 077076 077080 073082 075068 079074 80809 90318=
42001 22041 99259 70897 46/// /0607 10281 20240 40156 51014 90350
22200 00289 10502 20501 70008 333 91208 555 11073 22077 30312
40710 60349 061069 064073 068083 069087 065085 063086=
42035 22041 99292 70944 46/// /1203 10269 20211 40163 51011 90350
22200 00278 1//00 70002 333 91204 555 11029 22030 30307 41304
60349 116028 120031 113032 117029 119034 118035=
42060 22041 99163 70635 46/// /0806 10288 20241 40147 50000 90350
22200 00295 10903 20501 300// 40902 70013 333 91208 555 11066
22069 30322 40808 60349 080062 077064 078064 080065 079054 075051
80807 90322=
42036 22041 99285 70845 46/// /0407 10281 20253 40176 53017 90350
22200 00286 10601 20601 316// 40601 70007 333 91208 555 11069
22073 30333 40308 60349 039065 035064 039057 035053 040054 040059=
42056 22041 99198 70849 46/// /1205 10293 20245 40141 51021 90350
22200 00302 10601 20501 308// 40601 70005 333 91206 555 11054
22056 30342 41306 60349 125052 129054 130049 132049 135046 136044
81306 90338=
42057 22041 99170 70815 46/// /0905 10290 20245 40136 51012 90350
22200 00298 10601 307// 40601 70004 333 91205 555 11048 22050
30323 40806 60349 087046 085047 081051 083038 088038 092034 80806
90324=
42012 22041 99301 70876 46/// /0604 10268 20235 40168 50004 90350
22200 00281 10301 20301 70003 333 91205 555 11042 22043 30336
40606 60349 060042 060051 074049 038037 030040 029041 80606 90336=
42055 22041 99222 70940 46/// /0405 10292 20233 40143 51017 90350
22200 00295 10601 20301 306// 40601 70004 333 91206 555 11047
22050 30335 40306 60349 035046 027047 010038 019043 014044 017042
80206 90334=
42003 22041 99260 70856 46/// /0808 10290 40146 90350 22200 00298
10602 20602 70011 333 91210 555 11083 22087 30346 40710 60349
081078 085084 080075 077077 077078 080073 80909 90336=
####018000897####
SNVD45 KWNB 220400 RRB
BBXX
45004 22041 99476 70866 46/// /2001 10125 39860 40080 51014 90350
22200 00128 10502 20401 300// 40501 70008 333 91202 555 11014
22015 30322 42502 60349 197014 227011 249013 254010 237008 297004=
45005 22041 99417 70824 46/// /1907 10202 39945 40150 51011 90350
22200 00197 10301 20301 70004 333 91208 555 11077 22083 30341
41909 60349 190071 186071 185069 185067 186067 185071=
45001 22041 99481 70878 46/// /3310 10090 39870 40091 53021 90350
22200 00125 333 91212 555 11105 22110 60349 326097 324095 325094
328094 329099 328104=
45007 22041 99427 70870 46/// /2609 10173 20123 39940 40150 51007
90350 22200 00184 333 91211 555 11100 22106=
45003 22041 99454 70828 46/// /2405 10159 39909 40121 52013 90350
22200 00139 10602 20401 316// 40601 70009 333 91208 555 11059
22068 30250 42408 60349 238052 236040 239034 244042 249054 247049=
####018001828####
SNVD17 KWNB 220400
BBXX
32012 22041 99197 50856 46/// ///// 1//// 90350 22200 11503 70016=
46060 22041 99606 71468 46/// /1904 10112 49796 53015 90350 22200
00114 11101 318// 41101 70006 333 91204 555 11037 22038 30341
41904 60349 187035 192033 195032 202033 206032 204032 81904 90341=
46081 22041 99608 71483 46/// /0402 10096 20080 49797 53011 90350
22200 00094 1//00 70000 333 91203 555 11026 22029 30250 40403
60349 042024 042022 043022 036023 035019 031018 80403 90350=
46002 22041 99426 71305 46/// ///08 10195 40140 54000 90350 22200
00188 11608 20703 3//// 41608 70042 333 91209 555 11086 22094=
46006 22041 99408 71375 46/// /2204 10196 40131 52005 90350 22200
00201 11508 20301 3//// 41507 70038 333 91206 555 11045 22047
30256 42406 60349 220043 221045 220046 226043 238046 237046=
46084 22041 99566 71361 46/// /2013 10120 20086 49934 52040 90350
22200 00118 11110 20806 300// 41108 70052 333 91215 555 11136
22146 30324 42118 60349 199128 200130 203139 199133 197130 200143=
46075 22041 99539 71608 46/// /2912 10082 20057 49889 54000 90350
22200 00085 10807 20807 70035 333 91214 555 11125 22134 30300
42915 60349 289118 286111 284117 281118 281120 280112 82813 90300=
46005 22041 99461 71310 46/// /3503 10148 40111 53012 90350 22200
00170 11309 20301 3//// 41309 70045 333 91204 555 11026 22026
30252 43206 60349 338025 299035 306039 300037 303039 306046=
46059 22041 99380 71300 46/// /2302 10196 40196 53004 90350 22200
00196 11607 20401 3//// 41607 70034 333 91202 555 11016 22017
30250 42804 60349 231015 240015 253017 262019 275023 286023=
46080 22041 99580 71500 46/// /2103 10099 20087 49799 53008 90350
22200 00105 11105 20301 3//// 41105 70023 333 91204 555 11027
22028 30340 42004 60349 207027 206028 189014 190016 186014 182014
82004 90340=
####018003094####
SNVD22 KWNB 220400 RRE
BBXX
46088 22041 99483 71232 46/// /2602 10119 40126 55000 90350 22200
00108 1//00 70001 333 91202 555 11018 22022 30320 42804 60349
259015 246019 275031 278015 277025 277031=
46053 22041 99342 71198 46/// /2702 10152 40126 53009 90350 22200
00170 333 91203 555 11017 22018 30305 42804 60349 270018 268022
280024 286026 284030 288030=
46014 22041 99394 71240 46/// /3408 10128 40145 53004 90350 22200
00121 11707 20703 3//// 41706 70033 333 91209 555 11083 22090
30340 43410 60349 341077 339076 340075 341074 339073 338072=
46011 22041 99350 71210 46/// /3202 10141 40139 53009 90350 22200
00172 11502 321// 41502 70010 333 91203 555 11020 22021 30328
43304 60349 314021 314030 335028 350029 323024 322029=
46047 22041 99324 71195 46/// /3104 10169 40138 53009 90350 22200
00177 11002 20301 331// 41002 70012 333 91206 555 11043 22045
30329 43107 60349 312042 317043 312050 309050 314056 300052=
46028 22041 99357 71219 46/// /3307 10141 20136 30135 40135 53004
90350 22200 00160 11703 20602 329// 41703 70015 333 91209 555
11073 22076 30300 43109 60349 333069 330069 333068 331065 327070
324069=
46088 22041 99483 71232 46/// /2602 10119 40126 90350 22200 00108
1//00 70001 333 91202 555 11018 22022 30320 42804 60349 259015
246019 275031 278015 277025 277031=
46086 22041 99325 71180 46/// /0104 10171 40133 53008 90350 22200
00184 11502 20401 318// 41502 70010 333 91206 555 11039 22040
30252 43307 60349 008038 353040 336044 329047 323049 319048=
46027 22041 99419 71244 46/// /2703 10124 40167 52006 90350 22200
00118 11406 20401 329// 41405 70028 333 91204 555 11035 22040
30349 42804 60349 272032 267033 265030 266027 268026 276027=
46050 22041 99442 71246 46/// /1704 10135 40164 53005 90350 22200
00139 11607 20301 329// 41607 70034 333 91205 555 11038 22039
30257 41406 60349 169036 164031 165034 166035 165037 167039=
46013 22041 99382 71233 46/// /3110 10119 40126 53003 90350 22200
00113 11605 20704 3//// 41604 70026 333 91212 555 11103 22111
30302 43214 60349 313097 313094 313094 316098 315097 313097=
46012 22041 99374 71229 46/// /3307 10124 40139 53008 90350 22200
00138 11705 20602 331// 41705 70025 333 91209 555 11076 22080
30313 43210 60349 329071 329075 325071 321080 325077 328069=
46087 22041 99485 71247 46/// /1103 10144 20144 40124 55000 90350
22200 00108 11305 20401 327// 41305 70026 333 91205 555 11038
22046 30258 41006 60349 111031 116022 101021 097020 110025 102034=
46029 22041 99461 71245 46/// /1706 10148 20148 40148 54000 90350
22200 00147 11607 20502 330// 41606 70033 333 91207 555 11066
22071 30250 41608 60349 172062 172061 172064 173062 173063 174063=
46054 22041 99342 71204 46/// /3007 10147 40128 53006 90350 22200
00157 10902 20501 300// 40902 70010 333 91208 555 11071 22074
30345 43008 60349 301067 301062 291064 299059 295061 293055=
46025 22041 99337 71191 46/// /0202 10174 40133 53008 90350 22200
00192 11501 321// 41501 70007 333 91203 555 11020 22020 30344
40103 60349 013019 341018 348016 350022 320015 312007=
####018000247####
SNVD19 KWNB 220400 RRA
BBXX
46070 22041 99551 11753 46/// /3008 10102 20049 40054 51010 90350
22200 00112 11003 20402 3//// 41002 70016 333 91210 555 11086
22091 30331 43010 60349 296082 299082 299080 299080 301078 304074
83009 90331=
####018001208####
SNVD20 KWNB 220400 RRC
BBXX
41008 22041 99314 70809 46/// /1105 10273 20250 40189 50004 90350
22200 00270 10801 20501 300// 40801 70007 333 91206 555 11057
22062 30349 41106 60349 113051 115047 113046 116044 118044 122044=
44014 22041 99366 70748 46/// /2003 1//// 40208 52004 90350 22200
00215 10802 20401 309// 40802 70012 333 91204 555 11034 22034
30341 42104 60349 202034 201027 200026 193030 178026 167028=
41004 22041 99325 70791 46/// /1405 10272 20233 40197 50006 90350
22200 00278 10702 20401 3//// 40701 70008 333 91205 555 11047
22049 30251 41606 60349 138046 150047 167046 165041 164047 163049=
44009 22041 99385 70747 46/// /1503 10210 40196 57004 90350 22200
00206 11002 20401 300// 41002 70010 333 91203 555 11028 22032
30317 41303 60349 149026 145027 134027 129027 124022 141023=
41013 22041 99334 70777 46/// /1605 10270 20240 40200 51004 90350
22200 00270 10702 20501 313// 40701 70008 333 91206 555 11056
22060 30308 41608 60349 163053 164058 161059 159058 157064 159063=
44020 22041 99414 70702 46/// /1407 10186 20185 40238 57007 90350
22200 00191 10201 70003 333 91208 555 11069 22073 30338 41408
60349 143066 145071 147060 145059 140057 138056=
####018000089####
SNVF25 LFPW 220400
BBXX
BAREU06 22044 99429 10062 46/// ///// 40161 57005
22254=
####018000085####
SNVX19 LFVW 220100 RRE
BBXX
MINFR09 2201/ 99392 31468 46/// ///// 40161 57010=
####018000221####
SNVD45 KWNB 220400 RRC
BBXX
45006 22041 99473 70898 46/// /3308 10073 39911 40134 51035 90350
22200 00116 10503 20503 70014 333 91209 555 11082 22086 30313
43410 60349 326076 314070 325076 326087 319085 321081=
####018000590####
SNVD45 KWNB 220400 RRD
BBXX
45008 22041 99443 70824 46/// /2610 10180 39922 40132 53020 90350
22200 00178 10503 20503 70014 333 91211 555 11102 22109 60349
255094 254095 254094 255098 256093 260099=
45012 22041 99436 70774 46/// /1805 10203 30069 40159 53003 90350
22200 00192 10401 20401 70005 333 91206 555 11060 22067 30252
41708 60349 177054 174056 171060 175063 178065 177070=
45025 22041 99470 70884 46/// /2706 10098 20086 40110 90400 22200
00163 10201 70003 333 91208=
45026 22041 99420 70866 46/// /2507 10186 20116 90400 22200 00192
10403 70013 333 91209=
####018000282####
SMVX40 KAWN 220200 RRB
BBXX
AGRF 22024 99160 31458 46/// /1512 10236 40165=
CBGR 22024 99193 31474 46/// /0912 10241 40165=
DVRF 22024 99188 31477 46/// /1117 10231 40161=
HRRF 22024 99197 31492 46/// /1320 10230 40171=
MYRF 22024 99183 31474 46/// /1315 10235 40172=
####018000115####
SMVX40 KAWN 220300 RRB
BBXX
VLHJ 22031 99274 31128 46/// /1510 10178 20121 40215 52003 22231
 06204 85145=
####018000089####
SNVD25 LFPW 220400
BBXX
BAREU11 22044 99298 70554 46/// ///// 40255 57015
22254=
####018000089####
SNVD25 LFPW 220400
BBXX
BAREU04 22044 99388 70744 46/// ///// 40207 57006
22200=
####018000089####
SNVF25 LFPW 220400
BBXX
BAREU60 22044 99426 10180 46/// ///// 40137 52001
22213=
####018000089####
SNVF25 LFPW 220400
BBXX
BAREU00 22044 99493 70257 46/// ///// 40115 57055
22263=
####018000089####
SNVF25 LFPW 220400
BBXX
BAREU58 22044 99353 10252 46/// ///// 40077 52005
22251=
####018000121####
SNVF25 LFPW 220400
BBXX
BATFR32 22044 99419 10084 46/// /2805 10210 20180 40175 55001 7////
8////
22233 00246=
####018000089####
SNVF25 LFPW 220400
BBXX
BAREU51 22044 99419 10107 46/// ///// 40162 57005
22235=
####018000428####
SNVD20 KWNB 220400 RRD
BBXX
44007 22041 99435 70701 46/// /1804 10172 40227 58005 90350 22200
00161 10801 20301 3//// 40801 70005 333 91205 555 11046 22053
30317 41706 60349 179041 177046 178053 175054 162039 153037=
44013 22041 99423 70707 46/// /1704 10174 20166 40231 54000 90350
22200 00165 10801 20301 300// 40801 70004 333 91205 555 11045
22051 30312 41805 60349 170040 175038 179039 181047 182047 181045=
####018000158####
SNVF11 BIRK 220400
BBXX
TFBLK nil=
TFDRN nil=
TFGRS nil=
TFGRV nil=
TFGSK nil=
TFHFN nil=
TFKGR nil=
TFSRT nil=
TFSTD nil=
TFBKF nil=
####018000299####
SIVD45 KWNB 220300 RRJ
BBXX
45027 22031 99469 70919 46/// /3404 10077 20033 39950 40174 90310
22200 00084 333 91205=
45027 22031 99469 70919 46/// /3404 10076 20033 39952 40175 90320
333 91205=
45028 22031 99468 70918 46/// /2907 10084 20042 39943 40166 90320
22200 00091 333 91209=
####018000115####
SNVX21 EUMS 220400 RRG
BBXX
DBEB 22041 99538 10079 41/// /2211 10137 20137 40114 57005
7//// 22241 00158 =
####018000108####
SNVX21 EUMS 220400 RRF
BBXX
DBFH 22041 99546 10135 46/// /2309 10144 20124 40114 57010
22220 00149=
####018000108####
SNVX21 EUMS 220400 RRK
BBXX
DBBI 22041 99535 10100 46/// /2405 10144 20128 40131 57001
22220 00166=
####018000108####
SNVX21 EUMS 220400 RRI
BBXX
DBBA 22041 99549 10137 46/// /2210 10140 20122 40107 57013
22220 00122=
####018000108####
SNVX21 EUMS 220400 RRH
BBXX
DBKR 22041 99541 10121 46/// /2104 10148 20121 40123 57008
22200 00155=
####018000105####
SNVX22 EDZW 220400
BBXX
62086 22041 99550 10063 46/// /2712 10142 20093 40089 57002
22270 00158=
####018000108####
SNVX21 EUMS 220400 RRL
BBXX
DBND 22041 99543 10101 46/// /2205 10137 20120 40117 57002
22260 00144=
####018000108####
SNVX21 EUMS 220400 RRJ
BBXX
DBBC 22041 99541 10089 46/// /2311 10145 2//// 40114 57009
22200 00146=
####018000108####
SNVX21 EUMS 220400 RRM
BBXX
DBCK 22041 99546 10081 46/// /2712 10157 20120 40093 52003
22242 00154=
####018000131####
SNVD41 LFPW 220400
BBXX
41101 22044 99146 70562 46/// /0821 10283 20242 40134 54000
22200 00287 10604 70020
  555 1/026=
####018000107####
SNVF25 LFPW 220400
BBXX
BATFR49 22044 99457 70019 46/// /0607 10179 20122 40228 51001
22242 04200=
####018000101####
SNVF25 LFPW 220400
BBXX
BATEU08 22044 99576 10070 46/// /2426 10127 20079 40022 58004
22262=
####018000107####
SNVF25 LFPW 220400
BBXX
BATFR30 22044 99417 10089 46/// /1010 10169 20114 40178 55003
22222 00212=
####018000101####
SNVF25 LFPW 220400
BBXX
BATFR03 22044 99506 70009 46/// /2624 10157 20120 40194 56011
22283=
####018000101####
SNVF25 LFPW 220400
BBXX
BATFR11 22044 99358 70002 46/// /0601 10234 20187 40186
22221 04257=
####018000107####
SNVF25 LFPW 220400
BBXX
BATFR52 22044 99503 70041 46/// /2815 10144 20110 40212 55004
22200 04149=
####018000107####
SNVF25 LFPW 220400
BBXX
BATFR27 22044 99467 70047 46/// /0005 10160 20084 40232 50008
22284 04174=
####018000107####
SNVF25 LFPW 220400
BBXX
BATFR13 22044 99367 70339 46/// /1613 10232 20192 40225 56007
22214 04254=
####018000107####
SNVF25 LFPW 220400
BBXX
BATFR29 22044 99491 70024 46/// /2821 10155 20114 40216 53014
22243 00170=
####018000095####
SNVD25 LFPW 220400
BBXX
BATEU05 22044 99686 70536 46/// /1911 10014 21035 40123
22243=
####018000101####
SNVE25 LFPW 220400
BBXX
BATEU07 22044 99270 31118 46/// /1511 10202 20117 40228 56012
22283=
####018000107####
SNVF25 LFPW 220400
BBXX
BATFR06 22044 99452 70013 46/// /0313 10184 20122 40224 53003
22200 04214=
####018000107####
SNVF25 LFPW 220400
BBXX
BATFR33 22044 99400 10044 46/// /0204 10229 20177 40181 55004
22284 04254=
####018000107####
SNVF25 LFPW 220400
BBXX
BATFR22 22044 99432 10053 46/// /3416 10167 20120 40167 53001
22274 04154=
####018000107####
SNVF25 LFPW 220400
BBXX
BATEU03 22044 99528 70061 46/// /2314 10120 20092 40166 50001
22241 04144=
####018000107####
SNVF25 LFPW 220400
BBXX
BATFR19 22044 99479 70063 46/// /2910 10152 20110 40240 55002
22221 04165=
####018000107####
SNVF25 LFPW 220400
BBXX
BATFR60 22044 99504 10006 46/// /2716 10155 20119 40196 57006
22223 04155=
####018000101####
SNVF25 LFPW 220400
BBXX
BATFR20 22044 99413 10091 46/// /2911 10207 20157 40172 56009
22233=
####018000107####
SNVF25 LFPW 220400
BBXX
BATFR62 22044 99491 70032 46/// /2912 10152 20125 40224 55002
22222 04179=
####018000107####
SNVE25 LFPW 220400
BBXX
BATFR59 22044 99199 31658 46/// /1317 10242 20174 40144 57018
22262 04250=
####018000107####
SNVF25 LFPW 220400
BBXX
BATFR09 22044 99363 70063 46/// /1302 10212 20192 40186 58008
22283 04232=
####018000107####
SNVA25 LFPW 220400
BBXX
BATFR05 22044 99040 10006 46/// /1611 10259 20230 40132 56004
22200 04239=
####018000107####
SNVF25 LFPW 220400
BBXX
BATFR28 22044 99340 10224 46/// /3318 10235 20162 40084 56008
22223 04267=
####018000101####
SNVF25 LFPW 220400
BBXX
BATEU04 22044 99589 70328 46/// /2514 10082 20040 49995 58004
22223=
####018000107####
SNVF25 LFPW 220400
BBXX
BATFR01 22044 99405 10269 46/// ///// 10199 20155 40085 53002
22200 00234=
####018000107####
SNVF25 LFPW 220400
BBXX
BATFR31 22044 99418 10086 46/// /0610 10192 20112 40173 57005
22223 04227=
####018000101####
SNVA25 LFPW 220400
BBXX
BATFR55 22044 99205 30561 46/// /0808 10234 20197 40224
22262 04237=
####018000101####
SNVF25 LFPW 220400
BBXX
BATFR21 22044 99427 10086 46/// /2215 10205 20149 40170 54000
22223=
####018000107####
SNVF25 LFPW 220400
BBXX
BATEU06 22044 99461 70220 46/// /2220 10172 20117 40212 58026
22264 04189=
####018000107####
SNVE25 LFPW 220400
BBXX
BATFR36 22044 99174 51469 46/// /1019 10254 20187 40155 53016
22221 04267=
####018000104####
SNVD25 LFPW 220400
BBXX
FVNM 22044 99213 71579 46/// /0207 10280 20192 40158 53005
22200 04272=
####018000131####
SNVD17 CWVR 220400
BBXX
45144 22041 99532 70983 46/// /0000 10118 39957 40224 57006
22200 00116 10700 70001 333 912// =

####018001256####
SNVD17 KWNB 220400 RRA
BBXX
46001 22041 99563 71480 46/// /2206 10109 49826 53013 90350 22200
00106 10905 20502 300// 40905 70026 333 91208 555 11059 22064
30250 42208 60349 216056 222047 227053 230059 237058 243052=
46082 22041 99597 71434 46/// /1901 10098 20083 49812 52026 90350
22200 00106 11105 20401 300// 41105 70026 333 91202 555 11010
22010 30329 42002 60349 192010 198012 189009 195008 197003 189002
82002 90332=
46072 22041 99517 71722 46/// /0801 10069 20060 49994 58008 90350
22200 00065 10804 20301 3//// 40804 70021 333 91202 555 11017
22020 30346 40802 60349 084014 093012 087011 083011 071009 092007
80702 90350=
46085 22041 99559 71425 46/// /2311 10106 20072 49870 51039 90350
22200 00103 333 91213 555 11113 22121 30347 42313 60349 230105
235105 234093 237075 237087 240097 82311 90331=
46077 22041 99579 71543 46/// /2304 10088 20079 49769 56010 90350
22200 00088 10701 20301 3//// 40701 70007 333 91205 555 11045
22047 30319 42406 60349 226042 229043 234044 231041 225034 226034
82405 90320=
46035 22041 99571 71778 46/// /3109 1//// 40017 52010 90350 22200
10904 20503 300// 40903 70020 333 91211 555 11091 22097 30302
43011 60349 308091 305089 307089 301088 312092 312094 83110 90303=
####018000247####
SNVD19 KWNB 220400 RRB
BBXX
46072 22041 99517 71722 46/// /0801 10069 20060 49994 58008 90350
22200 00065 10804 20301 3//// 40804 70021 333 91202 555 11017
22020 30346 40802 60349 084014 093012 087011 083011 071009 092007
80702 90350=
####018000141####
SNVD20 KWNB 220400 RRE
BBXX
44040 22041 99410 70736 46/// /1303 10205 20205 40230 90345 22200
1//00 70001 333 91203 555 11031 22036=
####018000428####
SNVD15 KWNB 220400 RRG
BBXX
42039 22041 99288 70860 46/// /0909 10274 40168 51019 90350 22200
00285 10502 20502 70009 333 91210 555 11093 22098 30348 40910
60349 092086 092082 088075 093078 091079 085078 80909 90348=
41040 22041 99145 70530 46/// /0610 10284 20248 40138 58007 90350
22200 00289 10805 20805 70026 333 91212 555 11105 22111 30337
40713 60349 057097 056103 056101 057105 060103 059092 80611 90306=
####018000221####
SNVD45 KWNB 220400 RRE
BBXX
45002 22041 99453 70864 46/// /2510 10154 20119 39899 40110 52014
90350 22200 10704 20704 70018 333 91212 555 11108 22115 30320
42414 60349 248101 250105 249105 247113 242109 242103=
####018000593####
SNVE15 KWNB 220400 RRA
BBXX
51004 22041 99175 71524 46/// /0608 10252 20188 40126 53008 90350
22200 00257 11604 20503 302// 41603 70021 333 91209 555 11081
22086 30337 40609 60349 059076 057076 056075 060070 059072 063071=
51002 22041 99171 71578 46/// /0807 10256 40143 53010 90350 22200
00262 333 91208 555 11078 22082 30259 40810 60349 076074 076075
080079 075077 079078 081078=
51100 22041 99236 71539 46/// /0705 10248 40180 52006 90350 22200
00258 11405 20501 333// 41405 70025 333 91206 555 11057 22059
30340 40807 60349 070055 068052 071051 070051 068051 070051=
####018000812####
SNVD22 KWNB 220400 RRF
BBXX
46026 22041 99378 71228 46/// /3108 10124 40135 53007 90350 22200
00143 11603 20602 328// 41602 70017 333 91209 555 11085 22089
30344 43109 60349 309078 284075 286077 286078 283077 283073=
46015 22041 99427 71248 46/// /3603 10134 30169 40169 53004 90350
22200 00119 11508 20401 329// 41508 70039 333 91204 555 11035
22042 30303 40405 60349 359030 008030 013030 019033 023033 027033=
46041 22041 99474 71247 46/// /1608 10144 40126 57003 90350 22200
00140 11607 20603 3//// 41606 70033 333 91210 555 11088 22095
30345 41610 60349 159083 162076 158077 158080 157079 159074=
46041 22041 99474 71247 46/// /1608 10144 40126 90350 22200 00140
11607 20603 3//// 41606 70033 333 91210 555 11088 22095 30345
41610 60349 159083 162076 158077 158080 157079 159074=
